#!ascii label  , from subject 3063 vox2ras=TkReg
814
80340  17.458  -13.712  -9.162 0.2500000000
79295  17.805  -14.547  -9.865 0.7500000000
82393  16.614  -11.511  -8.578 0.2500000000
83468  17.006  -10.872  -9.313 0.3750000000
81381  16.937  -12.204  -8.743 0.2500000000
80341  17.083  -12.877  -8.503 0.2500000000
81379  17.968  -13.477  -9.811 0.7500000000
79314  17.946  -14.698  -10.126 0.8750000000
80339  17.909  -14.187  -9.758 0.8750000000
79313  18.838  -14.628  -10.390 0.8750000000
82392  17.296  -11.767  -9.333 0.3750000000
81380  17.536  -12.714  -9.473 0.3750000000
81396  18.452  -12.855  -10.470 0.8750000000
80357  19.873  -13.884  -10.668 1.0000000000
80358  19.303  -13.672  -10.569 1.0000000000
79312  19.865  -14.514  -10.601 1.0000000000
80359  18.461  -13.913  -10.125 0.8750000000
82414  17.739  -11.269  -9.936 0.7500000000
82413  18.158  -11.791  -10.704 0.8750000000
81416  18.581  -12.189  -11.103 0.8750000000
81397  17.708  -12.105  -10.109 0.7500000000
80375  19.994  -13.445  -11.072 1.0000000000
80376  19.397  -13.241  -11.031 1.0000000000
81415  19.283  -12.581  -11.275 1.0000000000
79328  21.425  -14.181  -11.084 1.0000000000
79329  20.523  -14.070  -10.949 1.0000000000
79311  20.724  -14.816  -10.706 1.0000000000
83469  16.472  -10.452  -8.454 0.1250000000
82439  18.918  -11.345  -11.135 1.0000000000
83486  18.238  -10.778  -10.502 0.8750000000
80373  21.976  -13.262  -11.453 1.0000000000
80374  20.956  -13.378  -11.436 1.0000000000
81414  20.439  -12.520  -11.574 1.0000000000
79326  23.346  -13.968  -11.382 1.0000000000
78255  21.992  -14.688  -11.015 1.0000000000
87804  15.665  -6.567  -8.483 0.2500000000
84569  16.717  -9.898  -9.405 0.2500000000
83487  17.464  -10.337  -10.000 0.5000000000
84586  18.071  -9.788  -10.473 1.0000000000
82438  19.975  -11.496  -11.561 1.0000000000
81412  22.516  -12.380  -11.813 1.0000000000
81413  21.479  -12.465  -11.781 1.0000000000
82437  20.980  -11.610  -11.975 1.0000000000
80372  22.970  -13.223  -11.677 1.0000000000
81411  23.500  -12.336  -11.910 1.0000000000
80371  23.975  -13.053  -11.471 1.0000000000
87815  16.370  -6.526  -9.520 0.5000000000
86772  16.133  -7.450  -9.039 0.3750000000
85727  16.539  -8.095  -9.492 0.3750000000
85709  16.677  -8.895  -9.425 0.5000000000
85726  17.144  -8.301  -10.185 0.5000000000
85725  17.869  -8.865  -10.626 0.8750000000
84602  18.454  -9.301  -10.955 1.0000000000
85740  18.481  -8.369  -11.139 1.0000000000
83504  20.620  -10.518  -12.023 1.0000000000
84601  19.054  -9.331  -11.442 1.0000000000
82460  21.925  -10.840  -12.395 1.0000000000
83503  21.444  -10.938  -12.218 1.0000000000
82434  23.984  -11.568  -12.398 1.0000000000
80370  24.695  -12.649  -11.457 0.8750000000
86785  16.664  -7.405  -9.963 0.5000000000
86784  17.271  -7.404  -10.677 0.6250000000
86801  17.858  -7.404  -11.311 0.6250000000
85741  17.746  -8.061  -10.796 1.0000000000
85739  19.464  -8.343  -11.456 1.0000000000
84616  23.634  -9.111  -12.657 1.0000000000
84618  22.073  -9.176  -12.653 1.0000000000
83522  21.671  -10.087  -12.359 1.0000000000
83523  20.816  -9.629  -12.294 1.0000000000
83519  23.992  -9.914  -12.395 1.0000000000
82459  22.575  -10.655  -12.430 1.0000000000
83518  24.799  -9.929  -12.505 0.8750000000
82457  24.410  -10.725  -12.488 1.0000000000
82433  24.819  -11.374  -12.220 0.8750000000
87826  16.895  -6.540  -10.424 0.5000000000
87825  17.426  -6.668  -11.063 0.8750000000
86798  20.762  -7.476  -11.989 1.0000000000
86799  19.747  -7.380  -11.778 1.0000000000
84617  22.864  -9.157  -12.845 1.0000000000
86817  21.348  -7.861  -12.493 1.0000000000
84620  20.619  -8.966  -12.325 1.0000000000
86814  23.733  -7.471  -12.905 1.0000000000
84615  24.366  -9.053  -12.376 1.0000000000
85751  24.146  -8.338  -13.054 1.0000000000
84599  25.022  -9.083  -12.238 1.0000000000
88832  16.615  -5.555  -10.020 0.5000000000
88831  17.329  -5.616  -10.864 0.8750000000
87840  18.054  -6.305  -11.562 1.0000000000
88843  20.683  -5.379  -11.730 1.0000000000
87838  20.158  -6.418  -11.853 1.0000000000
87839  19.108  -6.367  -11.810 1.0000000000
87850  23.303  -6.476  -12.630 1.0000000000
87835  22.623  -6.854  -12.344 1.0000000000
87848  24.751  -6.475  -12.625 1.0000000000
87849  24.138  -6.455  -12.811 1.0000000000
86815  22.822  -7.555  -12.638 1.0000000000
86812  25.062  -7.393  -12.532 1.0000000000
85737  25.257  -8.196  -12.133 0.8750000000
92806  19.149  -1.420  -11.047 1.0000000000
92808  17.479  -1.389  -10.329 0.3750000000
91821  18.781  -2.370  -11.207 0.8750000000
89863  20.004  -4.297  -11.649 1.0000000000
88856  23.116  -5.368  -12.326 1.0000000000
88842  22.022  -5.495  -11.707 1.0000000000
93810  19.501  -0.518  -10.746 0.8750000000
92805  20.110  -1.391  -10.756 1.0000000000
91820  19.707  -2.336  -11.166 1.0000000000
91819  20.652  -2.283  -10.840 1.0000000000
89862  21.207  -4.160  -11.302 1.0000000000
88857  22.705  -4.954  -11.808 1.0000000000
89875  23.231  -4.433  -11.906 1.0000000000
88868  24.457  -4.598  -13.270 1.0000000000
94812  19.860  0.388  -10.786 0.7500000000
92804  21.286  -1.269  -10.763 1.0000000000
91818  21.700  -2.326  -10.678 1.0000000000
90879  23.051  -3.495  -11.414 1.0000000000
91839  22.753  -2.478  -11.073 1.0000000000
93808  21.550  -0.220  -10.689 1.0000000000
92825  22.416  -1.497  -10.910 1.0000000000
99841  21.115  6.569  -10.610 0.1250000000
100809  21.423  7.083  -11.252 0.1250000000
100823  21.125  7.071  -12.578 0.2500000000
100839  20.934  6.366  -13.892 0.3750000000
100824  20.581  7.687  -13.131 0.2500000000
100840  20.436  7.321  -13.784 0.2500000000
100854  20.497  6.768  -15.137 0.3750000000
101769  20.697  8.176  -12.713 0.2500000000
101785  20.236  8.101  -14.653 0.2500000000
102791  19.975  9.091  -14.157 0.2500000000
103679  20.290  10.050  -14.704 0.2500000000
101796  19.904  7.890  -15.766 0.2500000000
102814  20.134  8.876  -15.907 0.2500000000
102807  19.911  9.015  -15.201 0.2500000000
101805  20.375  7.601  -16.238 0.3750000000
102813  20.647  8.913  -16.006 0.2500000000
80326  16.894  -13.587  -8.223 0.1250000000
81382  16.413  -12.023  -8.417 0.1250000000
86796  22.225  -7.246  -12.339 1.0000000000
79284  17.006  -14.605  -8.179 0.1250000000
78240  17.746  -15.130  -9.978 0.6250000000
77169  18.870  -16.079  -9.995 0.7500000000
80327  16.263  -12.826  -8.182 0.1250000000
78237  20.125  -15.557  -10.517 1.0000000000
78236  20.974  -15.610  -10.626 1.0000000000
78254  22.720  -14.770  -11.224 1.0000000000
84570  16.388  -9.322  -8.527 0.3750000000
85710  16.253  -8.333  -8.658 0.2500000000
80356  24.605  -13.157  -11.330 0.8750000000
82432  25.530  -10.896  -11.840 0.8750000000
81409  25.157  -11.894  -11.519 0.8750000000
84598  25.502  -8.987  -11.489 0.8750000000
92787  16.967  -1.240  -9.832 0.1250000000
91801  16.815  -1.824  -9.674 0.1250000000
89853  16.498  -4.784  -9.491 0.3750000000
89866  17.477  -4.614  -11.067 0.6250000000
86813  24.512  -7.447  -12.919 1.0000000000
92807  18.282  -1.461  -10.782 0.5000000000
91800  17.053  -2.305  -10.123 0.3750000000
90867  18.370  -3.372  -11.357 0.8750000000
88855  23.948  -5.262  -13.163 1.0000000000
88867  24.615  -4.866  -13.316 1.0000000000
89887  24.411  -4.190  -13.175 1.0000000000
93809  20.531  -0.391  -10.670 1.0000000000
90878  23.693  -3.587  -12.363 1.0000000000
94811  20.923  0.672  -10.790 0.8750000000
94809  22.806  0.354  -11.363 1.0000000000
93831  22.895  -0.630  -11.363 1.0000000000
91838  23.500  -2.619  -11.987 1.0000000000
99857  20.574  5.648  -10.462 0.1250000000
98854  21.916  4.624  -11.615 0.6250000000
99871  21.727  5.609  -12.835 0.6250000000
99897  20.834  5.497  -15.519 0.5000000000
99898  20.404  5.996  -16.113 0.5000000000
102776  21.240  9.031  -12.439 0.2500000000
103665  20.308  9.816  -13.816 0.2500000000
100864  20.302  6.779  -16.201 0.5000000000
100876  20.658  6.481  -16.593 0.5000000000
103678  20.766  10.487  -14.076 0.1250000000
104495  20.699  10.289  -15.655 0.2500000000
102805  21.580  9.187  -15.078 0.2500000000
100863  21.111  7.052  -16.319 0.3750000000
101794  21.653  8.002  -14.570 0.2500000000
104494  21.412  11.133  -15.321 0.1250000000
80325  17.258  -14.381  -8.756 0.3750000000
79296  17.634  -14.735  -9.559 0.5000000000
80342  16.515  -12.447  -8.387 0.1250000000
78239  18.310  -15.460  -10.132 0.7500000000
78238  19.259  -15.463  -10.338 1.0000000000
79310  21.417  -14.957  -10.791 1.0000000000
79327  22.431  -13.988  -11.180 1.0000000000
84587  17.274  -9.357  -10.072 0.5000000000
83506  18.690  -10.163  -11.067 1.0000000000
83505  19.510  -10.383  -11.589 1.0000000000
82436  21.998  -11.528  -12.208 1.0000000000
82435  23.054  -11.503  -12.083 1.0000000000
81410  24.380  -12.188  -11.896 1.0000000000
84600  20.091  -9.357  -11.787 1.0000000000
82456  25.083  -10.619  -12.395 0.8750000000
86800  18.774  -7.358  -11.522 1.0000000000
85738  20.281  -8.317  -11.918 1.0000000000
83521  22.503  -9.803  -12.569 1.0000000000
84619  21.248  -9.126  -12.596 1.0000000000
85754  21.646  -8.450  -12.715 1.0000000000
83502  25.370  -9.956  -12.095 0.8750000000
87837  21.229  -6.502  -11.752 1.0000000000
86797  21.614  -7.294  -12.113 1.0000000000
85753  22.446  -8.421  -12.801 1.0000000000
85755  20.915  -8.352  -12.497 1.0000000000
85750  24.895  -8.307  -12.833 1.0000000000
88846  17.797  -5.250  -11.496 0.7500000000
88845  18.539  -5.338  -11.758 1.0000000000
88844  19.555  -5.362  -11.810 1.0000000000
88854  24.587  -5.602  -12.952 1.0000000000
88841  22.597  -6.181  -12.261 1.0000000000
87836  22.089  -6.658  -11.935 1.0000000000
91822  17.887  -2.395  -10.787 0.7500000000
89864  18.951  -4.344  -11.685 1.0000000000
90866  19.351  -3.317  -11.496 1.0000000000
90865  20.305  -3.248  -11.232 1.0000000000
90880  22.034  -3.121  -10.833 1.0000000000
89876  22.412  -4.333  -11.390 1.0000000000
90864  21.033  -3.023  -10.784 1.0000000000
89874  23.796  -4.439  -12.745 1.0000000000
93832  22.112  -0.753  -10.905 1.0000000000
92824  23.224  -1.614  -11.644 1.0000000000
93807  22.339  -0.141  -10.928 1.0000000000
99856  21.268  6.031  -11.163 0.1250000000
99842  20.292  6.258  -10.142 0.1250000000
101757  21.294  8.034  -11.835 0.2500000000
100853  20.833  6.012  -14.737 0.5000000000
99885  21.479  5.483  -14.351 0.7500000000
103705  21.016  10.003  -16.079 0.2500000000
101795  21.217  8.318  -15.386 0.2500000000
79271  16.963  -14.883  -7.615 0.1250000000
78221  17.773  -15.787  -9.289 0.6250000000
91785  16.660  -2.416  -9.302 0.5000000000
89852  17.020  -4.337  -10.165 0.6250000000
89865  18.026  -4.389  -11.497 0.8750000000
91784  16.860  -2.793  -9.799 0.7500000000
90868  17.529  -3.516  -10.776 0.8750000000
94810  22.056  0.585  -10.809 1.0000000000
94832  23.353  0.044  -11.994 1.0000000000
93830  23.297  -0.835  -12.351 1.0000000000
99870  22.103  4.832  -13.019 0.7500000000
99884  22.001  5.051  -13.648 0.7500000000
101803  21.356  7.500  -15.399 0.2500000000
100862  21.485  6.726  -16.238 0.3750000000
73005  19.591  -20.482  -8.675 0.7500000000
73004  20.538  -20.425  -9.068 0.7500000000
74037  17.898  -19.742  -8.404 0.7500000000
74036  18.967  -19.385  -8.846 0.7500000000
74034  20.494  -19.775  -9.231 0.7500000000
74035  19.934  -19.705  -9.004 0.7500000000
74057  19.667  -19.035  -9.242 0.7500000000
75051  18.714  -18.846  -9.194 0.7500000000
74055  21.192  -19.728  -9.520 0.7500000000
74056  20.373  -19.219  -9.338 0.7500000000
77145  17.890  -16.894  -9.516 0.7500000000
78220  18.331  -16.210  -9.753 0.6250000000
75072  20.073  -18.435  -9.608 0.7500000000
76097  19.760  -17.511  -10.086 0.8750000000
76098  18.937  -17.641  -9.809 0.8750000000
75070  21.796  -18.871  -9.862 0.7500000000
75071  20.978  -18.635  -9.540 0.7500000000
76096  20.756  -17.723  -9.817 0.7500000000
77168  19.573  -16.489  -10.200 0.8750000000
76095  21.659  -18.019  -9.851 0.7500000000
76121  20.579  -17.051  -10.428 0.8750000000
77167  20.414  -16.368  -10.492 0.8750000000
77165  22.326  -16.462  -10.540 0.7500000000
77166  21.263  -16.386  -10.553 0.8750000000
77164  23.463  -16.560  -10.843 0.8750000000
78234  23.051  -15.588  -11.080 0.8750000000
78253  23.559  -14.760  -11.420 0.8750000000
78232  25.506  -15.518  -11.093 0.3750000000
79308  25.356  -14.301  -10.954 0.6250000000
79307  26.393  -14.537  -10.602 0.5000000000
80354  26.296  -13.375  -10.589 0.7500000000
80355  25.377  -12.964  -11.220 0.7500000000
80338  28.033  -13.666  -9.697 0.1250000000
80353  27.136  -13.608  -9.968 0.3750000000
81394  25.732  -11.927  -11.008 0.6250000000
81377  28.744  -12.873  -9.408 0.1250000000
82387  27.672  -11.682  -9.497 0.1250000000
83461  28.407  -10.845  -9.289 0.1250000000
83484  26.869  -10.469  -10.061 0.6250000000
83485  26.400  -10.213  -10.752 0.6250000000
83501  25.814  -10.034  -11.358 0.7500000000
83460  29.429  -11.058  -9.296 0.1250000000
84561  29.176  -10.010  -9.260 0.1250000000
84563  27.424  -9.699  -9.603 0.1250000000
84584  26.762  -9.483  -10.073 0.5000000000
84585  26.171  -9.251  -10.720 0.6250000000
85724  26.038  -8.227  -10.802 0.7500000000
83459  30.486  -11.333  -9.796 0.1250000000
85703  27.313  -8.757  -9.606 0.5000000000
86782  27.558  -7.792  -9.322 0.5000000000
85736  25.675  -8.011  -11.501 0.7500000000
94795  20.170  1.147  -11.050 0.6250000000
96865  20.260  2.579  -10.545 0.5000000000
95853  20.983  1.253  -11.018 0.7500000000
87833  26.266  -6.324  -10.659 0.6250000000
87834  25.733  -6.383  -11.456 0.6250000000
87847  25.253  -6.434  -12.183 0.8750000000
88829  27.581  -5.167  -10.020 0.5000000000
88830  26.649  -5.278  -10.467 0.6250000000
88839  25.953  -5.418  -11.027 0.6250000000
88840  25.542  -5.506  -11.892 0.7500000000
95837  21.851  2.023  -10.772 0.7500000000
88853  25.128  -5.513  -12.657 0.8750000000
90891  24.244  -3.575  -13.161 0.8750000000
89861  25.399  -4.662  -12.368 0.7500000000
89886  24.733  -4.214  -13.452 0.8750000000
90890  24.674  -3.596  -13.646 0.8750000000
91850  24.920  -2.897  -13.879 0.8750000000
91851  24.473  -2.786  -13.681 0.8750000000
89851  26.369  -4.541  -10.761 0.5000000000
90863  25.638  -3.740  -11.982 0.6250000000
89849  28.054  -4.296  -10.201 0.2500000000
89850  27.149  -4.478  -10.449 0.3750000000
90862  26.344  -3.602  -11.069 0.5000000000
96864  21.305  2.809  -10.651 0.6250000000
96876  22.667  2.642  -10.957 0.7500000000
95852  21.575  1.307  -10.886 0.8750000000
95836  22.417  2.203  -10.811 0.7500000000
95851  22.848  1.516  -11.191 0.8750000000
92823  23.628  -1.727  -12.744 0.7500000000
92839  24.134  -1.634  -13.820 0.8750000000
90877  25.271  -3.876  -12.999 0.6250000000
91849  25.247  -2.914  -13.459 0.7500000000
90851  27.352  -3.535  -10.545 0.3750000000
90861  26.910  -3.064  -10.918 0.5000000000
92837  25.145  -1.930  -13.806 0.7500000000
90850  28.373  -3.460  -10.399 0.2500000000
97878  21.686  3.687  -10.705 0.6250000000
95850  23.360  1.846  -11.980 0.8750000000
95870  23.368  0.717  -11.702 0.8750000000
94831  23.350  -0.155  -12.827 0.8750000000
95869  23.656  0.992  -12.591 0.7500000000
93845  23.617  -0.853  -13.345 0.8750000000
92849  24.337  -1.216  -14.426 0.7500000000
92801  28.001  -1.707  -10.961 0.2500000000
93806  26.588  -1.237  -11.587 0.5000000000
91835  26.021  -2.399  -11.850 0.5000000000
91798  28.575  -2.634  -10.504 0.2500000000
98853  22.485  4.079  -11.851 0.5000000000
97896  22.761  3.663  -12.156 0.6250000000
97895  23.128  3.070  -12.449 0.7500000000
96893  23.354  1.911  -13.617 0.7500000000
97922  23.234  2.535  -14.146 0.7500000000
96905  23.132  1.959  -14.772 0.7500000000
94859  23.005  0.025  -14.793 0.7500000000
95888  23.184  0.899  -14.127 0.7500000000
96906  22.520  2.348  -15.341 0.7500000000
93856  23.929  -0.598  -15.129 0.7500000000
93866  23.324  -0.327  -15.247 0.7500000000
93844  25.450  -0.718  -13.955 0.5000000000
93855  24.587  -0.620  -14.656 0.3750000000
93805  27.218  -0.997  -11.479 0.2500000000
93828  26.192  -0.765  -12.441 0.3750000000
93843  25.949  -0.124  -13.300 0.3750000000
98885  22.323  4.305  -13.695 0.6250000000
97911  22.781  3.598  -13.138 0.7500000000
97935  22.267  2.824  -15.540 0.7500000000
96920  22.476  1.623  -15.484 0.7500000000
94872  22.430  0.817  -16.119 0.7500000000
93865  23.507  -0.181  -15.610 0.6250000000
94857  25.060  0.512  -14.920 0.3750000000
94858  24.309  -0.134  -15.195 0.3750000000
93827  27.639  -0.412  -12.112 0.1250000000
95868  27.211  1.140  -12.944 0.1250000000
94845  26.497  0.443  -13.070 0.2500000000
98894  21.981  4.095  -14.533 0.6250000000
97924  21.890  3.818  -15.038 0.7500000000
95917  22.273  1.068  -15.878 0.7500000000
94870  24.111  0.276  -16.084 0.3750000000
94871  22.859  0.237  -15.875 0.3750000000
95887  25.906  1.202  -14.317 0.2500000000
95884  28.797  1.158  -13.539 0.1250000000
95885  27.835  1.571  -13.531 0.1250000000
95866  28.634  0.578  -12.986 0.1250000000
98895  21.455  4.487  -15.133 0.6250000000
96922  21.659  2.971  -16.619 0.3750000000
97936  21.589  3.406  -15.770 0.3750000000
96941  22.302  2.420  -16.952 0.3750000000
95931  24.557  1.227  -17.031 0.2500000000
94882  23.925  0.908  -16.803 0.3750000000
94884  22.641  0.840  -16.342 0.3750000000
95901  26.665  1.688  -14.716 0.1250000000
95915  25.463  1.484  -15.781 0.3750000000
94869  24.851  0.779  -15.829 0.3750000000
95898  29.517  1.212  -14.415 0.1250000000
99921  21.283  5.756  -17.158 0.3750000000
98905  21.091  4.491  -16.216 0.3750000000
96942  21.776  3.358  -17.386 0.3750000000
97953  21.347  3.763  -16.892 0.3750000000
96956  23.418  2.842  -17.684 0.3750000000
95944  24.545  2.229  -17.499 0.3750000000
96940  23.081  2.121  -17.126 0.3750000000
96917  27.383  2.574  -15.708 0.1250000000
95930  25.257  1.673  -16.682 0.2500000000
96902  28.031  2.249  -14.749 0.1250000000
98921  22.121  5.048  -17.159 0.2500000000
97969  23.023  3.862  -17.858 0.2500000000
97970  22.107  3.994  -18.190 0.3750000000
98937  21.879  4.505  -17.976 0.3750000000
96955  24.557  3.049  -17.888 0.1250000000
96957  22.354  3.412  -17.728 0.3750000000
96954  25.328  2.975  -17.520 0.1250000000
95945  24.057  2.433  -17.705 0.2500000000
96952  26.700  3.143  -17.078 0.1250000000
95943  25.080  2.078  -17.218 0.1250000000
99920  21.898  6.080  -17.119 0.3750000000
98920  23.189  4.664  -17.023 0.2500000000
97968  24.395  3.924  -17.843 0.1250000000
98934  24.258  4.268  -17.476 0.1250000000
97967  25.438  3.777  -17.631 0.1250000000
97952  24.788  4.062  -16.966 0.1250000000
97948  27.715  3.511  -17.028 0.1250000000
98933  26.158  4.086  -17.513 0.1250000000
97934  24.640  3.839  -15.930 0.1250000000
98917  26.525  4.335  -17.187 0.1250000000
97933  25.574  3.707  -15.990 0.1250000000
131799  26.817  4.742  -19.120 0.1250000000
97984  27.534  4.474  -18.855 0.1250000000
78233  24.295  -15.363  -11.335 0.6250000000
86783  26.442  -7.341  -10.173 0.6250000000
89873  25.189  -4.741  -13.010 0.8750000000
91836  25.658  -2.834  -12.503 0.5000000000
91799  27.931  -2.886  -10.441 0.3750000000
97877  22.548  3.492  -11.376 0.6250000000
96875  23.101  2.611  -11.700 0.8750000000
96886  23.320  2.215  -12.607 0.7500000000
94847  23.427  -0.006  -13.709 0.7500000000
93857  23.712  -0.651  -14.445 0.7500000000
92850  24.024  -1.093  -14.565 0.7500000000
92822  25.462  -1.931  -12.956 0.5000000000
93829  25.428  -1.309  -13.311 0.5000000000
96938  26.217  2.771  -16.622 0.1250000000
98935  23.611  4.294  -17.617 0.2500000000
97951  25.693  4.210  -17.138 0.1250000000
98932  26.753  4.250  -17.538 0.1250000000
82410  26.939  -11.473  -10.026 0.5000000000
82411  26.343  -11.220  -10.752 0.6250000000
82412  25.783  -11.354  -11.297 0.7500000000
87824  27.019  -6.307  -9.885 0.3750000000
88828  28.651  -5.145  -9.780 0.2500000000
89848  29.184  -4.193  -10.459 0.1250000000
71909  19.257  -21.415  -8.246 0.7500000000
73007  18.106  -20.359  -8.032 0.7500000000
71908  20.335  -21.434  -8.630 0.7500000000
71924  21.042  -21.164  -9.078 0.7500000000
75074  18.608  -18.113  -9.520 0.7500000000
76094  22.170  -18.354  -10.066 0.6250000000
76119  22.620  -17.708  -10.398 0.6250000000
77162  25.687  -16.641  -11.140 0.3750000000
77163  24.626  -16.557  -10.987 0.5000000000
78231  26.558  -15.673  -10.891 0.1250000000
81376  29.619  -13.095  -9.728 0.1250000000
83483  30.953  -10.424  -9.993 0.1250000000
84560  30.163  -10.234  -9.507 0.1250000000
95838  20.787  1.795  -11.076 0.3750000000
85700  29.889  -9.220  -9.373 0.1250000000
85701  28.885  -8.937  -9.159 0.1250000000
86781  28.619  -7.243  -9.297 0.1250000000
87823  28.056  -6.193  -9.425 0.2500000000
96878  20.640  3.266  -10.486 0.5000000000
90860  29.753  -3.411  -11.110 0.1250000000
90849  29.097  -3.221  -10.565 0.2500000000
92820  29.886  -1.799  -12.395 0.1250000000
94828  29.031  -0.032  -12.737 0.1250000000
94843  29.544  -0.053  -13.356 0.1250000000
94856  29.806  0.227  -14.360 0.1250000000
94855  30.134  0.053  -15.144 0.1250000000
96936  28.111  3.018  -16.313 0.1250000000
97947  28.700  3.371  -17.188 0.1250000000
99906  22.618  5.693  -15.184 0.2500000000
98903  22.844  5.154  -15.948 0.1250000000
98892  23.651  4.592  -14.612 0.1250000000
97950  26.361  4.326  -16.814 0.1250000000
97983  28.621  4.023  -19.205 0.1250000000
98916  27.415  4.834  -17.327 0.1250000000
86795  25.419  -7.293  -11.806 0.7500000000
94814  18.151  -0.003  -10.354 0.3750000000
91837  23.886  -2.708  -13.086 0.8750000000
78235  21.957  -15.507  -10.854 0.8750000000
77144  18.730  -16.876  -9.862 0.7500000000
77143  19.246  -17.139  -10.030 0.8750000000
79309  24.374  -13.951  -11.337 0.7500000000
82431  26.002  -10.763  -11.232 0.6250000000
88866  24.989  -5.123  -13.139 0.8750000000
99909  20.639  6.001  -16.750 0.3750000000
100874  21.381  6.232  -17.029 0.3750000000
100852  22.159  6.911  -14.998 0.1250000000
99907  22.207  6.016  -15.925 0.2500000000
73006  18.687  -20.459  -8.254 0.7500000000
73022  21.284  -20.628  -9.341 0.7500000000
75053  17.334  -18.886  -8.403 0.7500000000
75052  18.207  -18.665  -9.181 0.7500000000
75073  19.091  -18.458  -9.462 0.7500000000
76099  18.278  -17.673  -9.536 0.7500000000
76122  20.059  -16.907  -10.441 0.8750000000
76120  21.520  -17.195  -10.246 0.7500000000
79306  27.472  -14.694  -10.270 0.1250000000
81378  27.804  -12.721  -9.437 0.2500000000
81392  27.040  -12.520  -10.018 0.3750000000
81393  26.294  -12.252  -10.606 0.6250000000
82385  29.598  -12.112  -9.467 0.1250000000
82386  28.593  -11.870  -9.326 0.1250000000
83462  27.523  -10.669  -9.514 0.5000000000
84562  28.221  -9.848  -9.310 0.1250000000
85702  27.963  -8.964  -9.278 0.1250000000
85723  26.560  -8.451  -9.962 0.6250000000
86765  28.270  -8.180  -9.273 0.1250000000
86794  25.898  -7.267  -11.044 0.6250000000
89860  25.805  -4.569  -11.471 0.6250000000
92838  24.701  -1.971  -13.922 0.7500000000
91817  26.023  -3.024  -11.733 0.5000000000
97876  22.940  3.234  -11.869 0.6250000000
92802  26.983  -1.781  -11.244 0.3750000000
92848  24.878  -1.392  -14.326 0.6250000000
92821  25.868  -1.908  -12.257 0.5000000000
93804  28.260  -1.007  -11.682 0.1250000000
92800  29.124  -1.541  -11.406 0.1250000000
92786  28.358  -2.128  -10.614 0.2500000000
91797  29.268  -2.499  -10.871 0.1250000000
97923  22.619  3.234  -14.605 0.7500000000
95903  22.808  0.897  -15.215 0.7500000000
94846  25.835  0.483  -13.803 0.3750000000
96921  21.840  2.105  -15.965 0.3750000000
94830  27.288  0.300  -12.571 0.1250000000
95886  26.775  1.241  -13.793 0.1250000000
95867  28.026  1.042  -12.801 0.1250000000
95916  24.902  0.949  -16.394 0.3750000000
94883  23.328  0.795  -16.583 0.3750000000
95914  26.212  1.839  -15.300 0.2500000000
95900  27.572  1.847  -14.366 0.1250000000
95899  28.612  1.881  -14.557 0.1250000000
94844  29.078  0.462  -13.283 0.1250000000
96903  27.493  2.194  -15.017 0.1250000000
96918  26.358  2.377  -15.865 0.1250000000
98922  21.618  4.681  -17.049 0.3750000000
95932  23.723  1.687  -17.234 0.3750000000
96916  28.387  2.472  -15.399 0.1250000000
96937  27.109  2.877  -16.588 0.1250000000
96919  25.696  2.242  -16.309 0.1250000000
96939  25.547  2.553  -16.892 0.1250000000
95913  28.944  2.208  -15.237 0.1250000000
98904  22.222  5.593  -16.659 0.2500000000
97966  26.092  3.757  -17.433 0.1250000000
96953  26.115  3.217  -17.167 0.1250000000
97965  27.012  3.876  -17.529 0.1250000000
98919  24.096  4.354  -16.917 0.1250000000
98918  25.935  4.126  -17.425 0.1250000000
97964  28.164  3.850  -18.006 0.1250000000
97909  24.335  4.247  -14.065 0.1250000000
98902  23.797  4.388  -15.894 0.1250000000
71887  19.126  -21.723  -7.918 0.7500000000
70746  19.931  -22.031  -8.232 0.7500000000
72988  18.269  -20.885  -7.779 0.7500000000
71888  18.720  -21.587  -7.723 0.7500000000
76079  17.507  -17.843  -9.119 0.5000000000
76118  23.890  -17.583  -10.689 0.5000000000
85722  29.595  -8.388  -9.386 0.1250000000
85721  30.406  -8.415  -9.862 0.1250000000
86764  29.023  -8.020  -9.279 0.1250000000
93825  29.296  -0.829  -12.300 0.1250000000
96935  29.238  2.593  -16.325 0.1250000000
74038  17.449  -19.551  -8.118 0.5000000000
69666  20.174  -23.249  -7.822 0.6250000000
70745  20.677  -22.556  -8.393 0.6250000000
70743  22.257  -22.678  -8.557 0.3750000000
71907  21.433  -21.913  -8.698 0.6250000000
71906  22.385  -21.751  -8.859 0.2500000000
71923  21.775  -21.212  -9.220 0.3750000000
97879  20.895  3.861  -10.451 0.2500000000
98855  20.988  4.775  -10.435 0.2500000000
73021  21.998  -20.454  -9.490 0.5000000000
75069  22.621  -18.773  -10.118 0.5000000000
69677  21.765  -23.118  -8.576 0.5000000000
70744  21.486  -22.729  -8.609 0.6250000000
68613  20.527  -24.306  -7.661 0.6250000000
74020  17.250  -19.660  -7.542 0.3750000000
71890  17.258  -20.838  -7.159 0.3750000000
70730  19.398  -22.222  -7.760 0.6250000000
68611  22.347  -24.477  -7.591 0.3750000000
69665  21.021  -23.733  -8.178 0.5000000000
75039  16.914  -18.682  -7.524 0.2500000000
70728  22.674  -23.221  -8.152 0.3750000000
71922  22.608  -21.073  -9.311 0.2500000000
70742  22.808  -22.106  -8.532 0.2500000000
73020  22.894  -20.321  -9.529 0.2500000000
74053  23.449  -19.427  -9.969 0.3750000000
75091  24.323  -18.417  -10.395 0.2500000000
76117  24.919  -17.578  -10.941 0.2500000000
85692  16.035  -8.584  -7.750 0.1250000000
88808  15.560  -5.435  -8.210 0.2500000000
90839  16.754  -3.339  -9.602 0.3750000000
89842  16.005  -4.434  -8.727 0.2500000000
93811  18.612  -0.608  -10.709 0.2500000000
86758  15.678  -7.537  -7.910 0.1250000000
78212  17.015  -16.084  -8.617 0.2500000000
89841  16.561  -4.039  -9.364 0.3750000000
74054  22.317  -19.609  -9.755 0.5000000000
72989  17.643  -20.396  -7.672 0.5000000000
74019  17.530  -19.845  -7.964 0.5000000000
76080  16.982  -17.819  -8.306 0.3750000000
75092  23.467  -18.491  -10.295 0.2500000000
69679  20.780  -23.228  -8.303 0.6250000000
69678  21.284  -23.219  -8.493 0.5000000000
69664  22.019  -23.683  -8.314 0.5000000000
72990  17.272  -20.313  -7.296 0.3750000000
69667  19.204  -23.133  -7.179 0.6250000000
68612  21.453  -24.375  -7.742 0.3750000000
74072  23.876  -18.911  -10.219 0.2500000000
69650  18.188  -23.665  -6.617 0.5000000000
67530  20.961  -24.971  -7.331 0.2500000000
67509  20.408  -25.569  -6.955 0.3750000000
67531  20.094  -25.005  -7.350 0.5000000000
68615  18.779  -23.776  -6.994 0.5000000000
68599  17.729  -24.373  -6.131 0.3750000000
69669  17.911  -23.150  -6.800 0.5000000000
69668  18.369  -23.126  -6.988 0.5000000000
71889  17.692  -21.586  -7.257 0.3750000000
70731  18.523  -22.360  -7.277 0.5000000000
68576  16.579  -24.346  -5.128 0.1250000000
71873  17.386  -21.719  -6.792 0.2500000000
66340  17.188  -26.845  -5.188 0.1250000000
67485  17.276  -25.178  -5.605 0.2500000000
67511  18.273  -25.210  -6.373 0.3750000000
67510  19.250  -25.385  -6.770 0.3750000000
67486  16.669  -25.188  -5.142 0.1250000000
67512  17.774  -25.127  -6.068 0.3750000000
69633  16.739  -23.154  -5.350 0.1250000000
70708  16.964  -22.265  -5.700 0.1250000000
68614  19.482  -24.325  -7.264 0.5000000000
72980  17.026  -20.329  -6.849 0.2500000000
67529  21.878  -25.066  -7.372 0.2500000000
68598  18.715  -24.518  -6.715 0.5000000000
68597  19.175  -24.773  -6.920 0.5000000000
69651  17.506  -23.117  -6.376 0.1250000000
70717  17.186  -22.363  -6.175 0.1250000000
70716  17.437  -22.137  -6.672 0.1250000000
70732  17.810  -22.621  -6.993 0.5000000000
68575  17.125  -24.397  -5.635 0.2500000000
69632  17.051  -23.707  -5.738 0.1250000000
71874  17.111  -21.436  -6.468 0.1250000000
67467  16.275  -25.458  -4.556 0.1250000000
66363  16.867  -25.789  -5.197 0.1250000000
66381  17.808  -25.652  -6.105 0.3750000000
67483  19.898  -25.782  -6.183 0.2500000000
69652  17.002  -22.920  -5.863 0.1250000000
66361  18.495  -26.596  -6.039 0.2500000000
66360  19.315  -26.428  -5.762 0.2500000000
66362  17.557  -26.510  -5.664 0.1250000000
66379  18.920  -26.166  -6.411 0.2500000000
66380  18.342  -25.994  -6.362 0.2500000000
77134  16.712  -16.831  -8.151 0.1250000000
94796  19.356  0.999  -10.767 0.1250000000
94813  18.845  0.310  -10.578 0.1250000000
95839  19.693  1.741  -10.636 0.1250000000
95840  18.539  1.268  -10.256 0.1250000000
96866  19.255  2.651  -10.093 0.1250000000
96879  20.045  3.174  -10.236 0.1250000000
96853  18.701  2.806  -9.211 0.1250000000
98836  20.143  4.390  -10.245 0.1250000000
95841  17.833  0.548  -10.176 0.1250000000
97865  19.794  3.673  -10.013 0.1250000000
97854  19.324  3.568  -9.430 0.1250000000
98813  19.467  4.390  -8.948 0.1250000000
93786  17.352  -0.521  -10.076 0.1250000000
95855  17.892  0.304  -10.260 0.1250000000
89825  15.359  -4.502  -7.803 0.1250000000
74013  16.780  -19.462  -6.726 0.1250000000
76072  16.891  -17.704  -7.451 0.1250000000
91766  15.802  -2.655  -8.163 0.1250000000
93767  17.328  -0.461  -9.820 0.1250000000
95827  17.750  0.848  -9.904 0.1250000000
95826  18.223  1.403  -9.552 0.1250000000
96854  18.507  2.047  -9.023 0.1250000000
97839  18.659  3.438  -7.419 0.1250000000
98804  19.384  4.266  -7.909 0.1250000000
98819  19.818  5.310  -9.481 0.1250000000
93812  17.887  -0.644  -10.370 0.1250000000
79283  17.177  -15.218  -8.734 0.1250000000
78213  16.696  -15.748  -8.025 0.1250000000
77133  17.281  -16.879  -8.841 0.1250000000
75033  16.805  -18.542  -6.677 0.1250000000
90819  15.520  -3.514  -8.151 0.1250000000
77127  16.780  -16.759  -7.387 0.1250000000
76058  16.978  -17.644  -6.689 0.1250000000
96844  18.587  2.682  -8.271 0.1250000000
98820  19.719  4.450  -9.777 0.1250000000
97849  18.905  3.548  -8.529 0.1250000000
96845  18.798  1.944  -8.411 0.1250000000
98803  19.634  5.211  -7.222 0.1250000000
69663  23.113  -23.847  -7.579 0.1250000000
70727  23.285  -22.589  -7.984 0.1250000000
71905  23.302  -21.390  -8.718 0.1250000000
71921  23.167  -20.847  -9.292 0.1250000000
73019  23.769  -20.381  -9.352 0.1250000000
74051  24.974  -19.289  -9.148 0.1250000000
74052  24.365  -19.481  -9.904 0.1250000000
75067  25.149  -18.856  -10.170 0.1250000000
75089  25.917  -18.249  -10.641 0.1250000000
76116  25.870  -17.607  -11.109 0.1250000000
66359  20.379  -26.272  -5.536 0.1250000000
67484  19.336  -26.009  -6.388 0.1250000000
67482  20.919  -25.911  -6.226 0.1250000000
67508  21.415  -25.443  -6.813 0.1250000000
67507  22.367  -25.378  -6.820 0.1250000000
69649  23.511  -24.483  -7.230 0.1250000000
68610  23.092  -24.811  -7.353 0.1250000000
70726  24.366  -22.415  -7.409 0.1250000000
71904  24.101  -21.070  -8.164 0.1250000000
73003  23.868  -20.769  -8.715 0.1250000000
74033  25.007  -19.688  -8.285 0.1250000000
75066  25.902  -18.541  -9.746 0.1250000000
77161  26.701  -16.759  -11.231 0.1250000000
76115  26.825  -17.603  -11.060 0.1250000000
75090  25.142  -18.326  -10.684 0.1250000000
71886  23.848  -21.747  -7.858 0.1250000000
75068  24.624  -18.871  -10.297 0.1250000000
67481  21.944  -25.677  -6.055 0.1250000000
67506  23.060  -25.288  -7.065 0.1250000000
73018  24.358  -19.891  -9.329 0.1250000000
75088  26.575  -18.118  -10.456 0.1250000000
66338  20.866  -26.827  -4.885 0.1250000000
66358  21.431  -26.292  -5.474 0.1250000000
69662  24.104  -23.337  -7.207 0.1250000000
76114  27.760  -17.277  -10.961 0.1250000000
65303  18.779  -26.937  -5.700 0.1250000000
67527  22.956  -25.112  -7.299 0.1250000000
67528  22.642  -25.090  -7.319 0.1250000000
70729  20.053  -22.508  -8.046 0.6250000000
71910  18.758  -21.056  -7.954 0.7500000000
74071  24.145  -19.091  -10.231 0.2500000000
79315  17.710  -14.876  -9.989 0.6250000000
79330  20.126  -13.963  -10.736 1.0000000000
81375  30.287  -13.525  -10.098 0.1250000000
81395  19.044  -13.161  -10.975 1.0000000000
82369  16.181  -11.860  -8.191 0.1250000000
82394  16.348  -11.830  -8.565 0.1250000000
82458  23.558  -10.743  -12.469 1.0000000000
83520  23.202  -9.923  -12.646 1.0000000000
85752  23.290  -8.359  -12.905 1.0000000000
86766  27.736  -8.367  -9.362 0.5000000000
86816  21.985  -7.781  -12.648 1.0000000000
88809  15.034  -5.360  -7.529 0.1250000000
88821  16.170  -5.558  -9.070 0.5000000000
89826  14.537  -4.663  -7.361 0.1250000000
89885  25.023  -4.448  -13.416 1.0000000000
90840  16.230  -3.340  -8.884 0.1250000000
90852  26.776  -4.030  -10.647 0.5000000000
90853  17.103  -3.242  -10.069 0.8750000000
90889  25.057  -3.725  -13.726 0.8750000000
91814  28.035  -2.323  -10.515 0.3750000000
91815  27.374  -2.536  -10.776 0.3750000000
91816  26.529  -2.574  -11.273 0.5000000000
92785  28.733  -2.024  -10.750 0.2500000000
92803  26.270  -1.719  -11.669 0.5000000000
93803  28.861  -0.935  -11.869 0.1250000000
93826  28.601  -0.469  -12.174 0.1250000000
94794  20.695  1.223  -11.035 0.7500000000
94797  17.677  0.022  -10.197 0.1250000000
94829  28.247  0.206  -12.520 0.1250000000
95854  18.172  0.521  -10.337 0.1250000000
95883  29.388  0.651  -13.762 0.1250000000
95902  25.756  1.458  -14.926 0.2500000000
95918  22.194  1.341  -16.319 0.7500000000
95933  22.899  1.550  -16.652 0.3750000000
96863  22.113  2.668  -10.680 0.7500000000
96877  21.144  3.405  -10.544 0.5000000000
96904  26.824  2.154  -15.295 0.1250000000
96958  21.911  3.710  -17.879 0.3750000000
97863  22.255  3.149  -10.772 0.6250000000
97864  21.887  3.100  -10.636 0.6250000000
97880  20.311  3.771  -10.309 0.1250000000
97910  23.233  2.831  -13.441 0.7500000000
97921  24.493  4.045  -14.809 0.1250000000
97949  27.131  3.304  -17.093 0.1250000000
97971  21.679  3.986  -17.734 0.3750000000
97982  29.188  3.797  -19.626 0.1250000000
97993  29.275  3.734  -20.186 0.1250000000
97994  28.914  3.561  -20.163 0.1250000000
98002  29.190  3.828  -20.407 0.1250000000
98003  28.988  3.914  -20.556 0.1250000000
98856  20.557  4.206  -10.341 0.2500000000
98871  22.392  4.318  -12.530 0.7500000000
98872  22.017  4.839  -12.475 0.6250000000
98886  21.889  4.717  -14.294 0.6250000000
98936  22.592  4.403  -17.810 0.3750000000
98970  26.386  4.679  -19.311 0.1250000000
99908  20.911  5.416  -16.536 0.3750000000
99922  20.809  6.041  -17.069 0.3750000000
99930  21.460  5.908  -17.378 0.3750000000
99931  21.137  5.987  -17.327 0.3750000000
99932  20.953  6.105  -17.225 0.3750000000
100875  21.005  6.554  -16.665 0.3750000000
100885  21.355  6.095  -17.266 0.3750000000
100886  21.160  6.166  -17.126 0.3750000000
100887  20.947  6.224  -16.976 0.3750000000
101770  20.322  8.235  -13.586 0.2500000000
101804  20.954  7.816  -16.070 0.2500000000
101814  20.761  7.126  -16.362 0.3750000000
101815  20.619  6.887  -16.463 0.5000000000
102777  20.482  9.076  -13.269 0.2500000000
102806  21.134  9.128  -15.833 0.2500000000
103696  20.366  9.784  -15.488 0.2500000000
103706  20.626  9.763  -15.851 0.2500000000
104482  20.983  11.246  -14.748 0.1250000000
104483  20.593  10.598  -15.301 0.2500000000
104506  20.832  10.249  -15.828 0.2500000000
104507  20.676  10.071  -15.806 0.2500000000
