#!ascii label  , from subject 3765 vox2ras=TkReg
914
99985  -52.665  14.286  26.201 0.0000000000
109955  -43.992  28.732  22.949 0.0000000000
103295  -42.714  18.635  28.392 0.0000000000
104842  -51.078  21.445  24.081 0.0000000000
109340  -48.811  27.185  18.206 0.0000000000
106526  -47.385  23.069  20.995 0.0000000000
103414  -50.335  20.151  17.501 0.0000000000
104072  -45.415  20.098  21.350 0.0000000000
96505  -47.394  11.217  28.091 0.0000000000
98265  -51.556  12.317  30.768 0.0000000000
111311  -37.843  30.130  19.362 0.0000000000
111988  -43.005  31.210  16.770 0.0000000000
111355  -48.456  30.645  13.253 0.0000000000
101985  -49.210  17.845  30.057 0.0000000000
105627  -42.327  23.487  24.059 0.0000000000
104809  -46.978  22.057  26.715 0.0000000000
102666  -51.214  18.775  27.788 0.0000000000
102034  -46.880  17.685  25.413 0.0000000000
101427  -42.151  16.407  23.589 0.0000000000
99994  -51.805  14.916  24.785 0.0000000000
107359  -50.812  25.128  15.252 0.0000000000
105708  -49.635  22.537  17.101 0.0000000000
104936  -48.691  21.468  14.797 0.0000000000
104157  -46.468  20.324  16.007 0.0000000000
97355  -50.133  11.756  29.630 0.0000000000
97307  -50.217  11.605  32.136 0.0000000000
111298  -35.102  31.136  20.692 0.0000000000
111347  -45.234  30.435  14.876 0.0000000000
100720  -47.257  15.586  29.773 0.0000000000
102002  -45.511  17.813  28.859 0.0000000000
109300  -40.557  27.935  22.040 0.0000000000
107953  -42.830  25.840  22.377 0.0000000000
105643  -49.856  22.550  22.479 0.0000000000
105632  -47.224  22.723  24.269 0.0000000000
105580  -49.829  22.282  26.297 0.0000000000
104003  -49.174  21.044  27.666 0.0000000000
104019  -50.306  20.927  26.368 0.0000000000
102021  -48.534  17.934  26.885 0.0000000000
104031  -48.976  19.982  25.272 0.0000000000
102715  -44.006  18.458  23.193 0.0000000000
109973  -46.253  28.312  19.975 0.0000000000
107969  -44.705  25.630  20.349 0.0000000000
107321  -47.246  24.740  18.628 0.0000000000
104892  -50.092  21.746  19.394 0.0000000000
104078  -51.084  21.094  21.028 0.0000000000
104058  -48.660  20.441  22.322 0.0000000000
104109  -47.809  20.621  19.349 0.0000000000
104123  -44.560  20.676  18.588 0.0000000000
97378  -48.814  11.489  26.079 0.0000000000
97373  -51.357  12.588  27.442 0.0000000000
99134  -52.392  13.106  28.615 0.0000000000
110615  -34.623  29.621  22.601 0.0000000000
110632  -37.511  29.345  22.026 0.0000000000
111293  -40.841  30.433  21.368 0.0000000000
110666  -43.167  30.148  19.627 0.0000000000
109991  -45.459  27.942  17.210 0.0000000000
109362  -48.348  27.534  15.081 0.0000000000
109391  -49.352  27.507  13.490 0.0000000000
110701  -48.500  29.691  12.467 0.0000000000
99118  -48.623  13.495  31.076 0.0000000000
100705  -49.766  15.154  30.247 0.0000000000
100734  -51.504  16.123  28.618 0.0000000000
104029  -42.203  20.856  25.689 0.0000000000
106499  -44.241  23.309  22.951 0.0000000000
105593  -44.767  22.355  25.308 0.0000000000
103999  -44.958  20.482  27.141 0.0000000000
103300  -48.178  19.593  28.873 0.0000000000
102633  -50.892  18.909  29.824 0.0000000000
102025  -52.233  17.259  27.243 0.0000000000
100752  -50.403  15.624  26.166 0.0000000000
100761  -47.598  15.353  26.025 0.0000000000
100779  -45.556  15.447  24.899 0.0000000000
103353  -46.077  18.939  23.989 0.0000000000
102040  -44.785  17.387  24.510 0.0000000000
100028  -43.894  14.429  23.269 0.0000000000
99151  -53.481  13.184  26.376 0.0000000000
100017  -53.731  13.570  24.825 0.0000000000
100765  -52.334  14.883  25.709 0.0000000000
107358  -49.758  24.339  14.494 0.0000000000
105728  -50.254  22.881  14.935 0.0000000000
106593  -48.061  23.321  15.226 0.0000000000
105725  -46.848  21.875  15.374 0.0000000000
102648  -43.960  18.335  28.528 0.0000000000
109953  -42.038  28.968  22.763 0.0000000000
105620  -51.383  22.140  23.680 0.0000000000
105619  -50.564  22.627  24.168 0.0000000000
105599  -51.206  22.135  24.824 0.0000000000
104812  -50.459  21.688  26.411 0.0000000000
104033  -50.617  21.270  25.656 0.0000000000
103340  -49.396  20.234  25.966 0.0000000000
104043  -49.634  20.756  24.302 0.0000000000
109329  -47.792  27.833  19.028 0.0000000000
108632  -46.726  26.829  19.718 0.0000000000
107987  -48.559  25.545  18.123 0.0000000000
104917  -50.643  21.062  16.851 0.0000000000
105697  -49.495  22.217  18.043 0.0000000000
104905  -50.657  21.068  17.880 0.0000000000
105673  -51.266  21.704  20.135 0.0000000000
104112  -50.620  20.704  19.277 0.0000000000
104093  -49.830  20.484  20.177 0.0000000000
104127  -48.959  20.291  18.151 0.0000000000
104914  -46.164  20.899  17.715 0.0000000000
97341  -51.137  11.914  30.538 0.0000000000
97364  -50.201  11.922  28.446 0.0000000000
97357  -52.153  12.115  28.970 0.0000000000
97358  -52.232  12.489  28.599 0.0000000000
98281  -52.383  12.608  29.022 0.0000000000
111967  -36.435  31.361  19.538 0.0000000000
111292  -36.294  29.670  21.351 0.0000000000
110657  -37.511  29.760  20.188 0.0000000000
110634  -39.391  29.647  22.003 0.0000000000
111303  -39.387  30.042  20.114 0.0000000000
111980  -42.185  31.260  17.322 0.0000000000
111323  -42.165  31.120  18.950 0.0000000000
111325  -43.343  30.213  18.068 0.0000000000
109981  -44.082  28.935  18.342 0.0000000000
111334  -44.178  30.061  16.899 0.0000000000
111349  -47.020  30.315  14.208 0.0000000000
110686  -46.296  29.305  15.177 0.0000000000
110693  -48.669  29.212  14.123 0.0000000000
109377  -49.255  27.549  14.266 0.0000000000
110031  -49.231  28.920  13.396 0.0000000000
109405  -49.065  28.046  12.783 0.0000000000
111363  -49.005  30.040  12.657 0.0000000000
98260  -44.569  12.502  30.414 0.0000000000
98242  -45.785  12.029  31.344 0.0000000000
98262  -46.269  12.539  30.893 0.0000000000
99099  -48.107  12.623  31.734 0.0000000000
99939  -47.158  13.693  30.430 0.0000000000
101356  -47.602  16.637  29.875 0.0000000000
100721  -48.294  15.617  30.175 0.0000000000
100722  -49.259  15.900  30.066 0.0000000000
99959  -50.779  14.960  29.326 0.0000000000
101359  -50.685  17.009  29.697 0.0000000000
105610  -41.272  23.008  24.555 0.0000000000
104821  -41.267  21.586  25.254 0.0000000000
104840  -41.958  22.539  24.766 0.0000000000
106539  -45.972  23.841  20.089 0.0000000000
107289  -44.110  24.300  21.414 0.0000000000
106508  -45.446  23.338  21.881 0.0000000000
105595  -46.741  22.950  25.746 0.0000000000
105615  -46.204  22.836  25.163 0.0000000000
105594  -45.774  22.518  25.733 0.0000000000
104807  -44.773  21.564  26.197 0.0000000000
104000  -46.023  20.917  27.216 0.0000000000
103318  -45.718  19.987  27.648 0.0000000000
104001  -47.044  21.139  27.711 0.0000000000
104005  -51.206  20.861  28.044 0.0000000000
103302  -50.300  20.570  29.006 0.0000000000
103303  -51.881  19.931  28.648 0.0000000000
102654  -52.345  17.992  28.308 0.0000000000
102667  -52.058  18.464  27.854 0.0000000000
101381  -51.538  16.319  26.387 0.0000000000
102011  -50.381  17.768  27.281 0.0000000000
102020  -47.839  17.850  26.388 0.0000000000
100750  -48.114  16.098  26.365 0.0000000000
101387  -47.170  16.519  26.112 0.0000000000
100780  -46.291  15.128  25.194 0.0000000000
100759  -46.127  15.978  25.382 0.0000000000
104074  -47.638  20.267  21.360 0.0000000000
103368  -47.075  19.673  22.909 0.0000000000
103367  -46.159  19.466  22.865 0.0000000000
102698  -43.340  18.013  23.615 0.0000000000
102699  -44.310  17.997  23.929 0.0000000000
102053  -43.596  17.352  24.042 0.0000000000
100777  -43.947  15.803  24.365 0.0000000000
100797  -42.532  15.453  23.602 0.0000000000
100040  -42.576  14.186  22.410 0.0000000000
98307  -52.174  12.283  25.308 0.0000000000
100014  -51.091  14.310  23.938 0.0000000000
108017  -50.596  25.651  16.281 0.0000000000
108002  -49.253  25.246  17.422 0.0000000000
106581  -50.490  23.808  16.288 0.0000000000
104937  -49.871  21.374  15.305 0.0000000000
103443  -49.466  20.175  15.680 0.0000000000
104144  -49.036  19.989  17.048 0.0000000000
104173  -47.351  20.275  14.968 0.0000000000
97362  -48.083  11.339  28.749 0.0000000000
97354  -48.954  11.336  29.764 0.0000000000
98248  -50.924  12.369  31.355 0.0000000000
111971  -36.765  31.955  18.671 0.0000000000
111997  -44.254  30.572  15.603 0.0000000000
112018  -46.690  31.561  13.104 0.0000000000
112033  -48.058  31.282  12.149 0.0000000000
99955  -45.680  14.588  29.535 0.0000000000
101982  -46.018  17.209  29.289 0.0000000000
102004  -47.203  17.863  29.180 0.0000000000
107270  -42.513  24.421  23.262 0.0000000000
106511  -48.712  22.837  21.802 0.0000000000
106502  -47.471  22.977  22.582 0.0000000000
106471  -49.069  23.079  23.713 0.0000000000
105617  -48.126  22.890  24.761 0.0000000000
105579  -48.511  22.514  26.499 0.0000000000
104797  -48.591  21.966  27.319 0.0000000000
105569  -49.288  22.124  26.800 0.0000000000
104004  -50.359  20.766  27.523 0.0000000000
103320  -50.408  20.011  27.483 0.0000000000
102665  -50.114  19.039  27.399 0.0000000000
103333  -49.605  19.782  26.797 0.0000000000
103339  -48.342  19.368  25.846 0.0000000000
103338  -47.724  18.875  25.386 0.0000000000
103383  -45.243  19.465  21.993 0.0000000000
103314  -40.855  19.046  27.472 0.0000000000
110640  -45.322  29.209  21.493 0.0000000000
109311  -44.799  27.410  21.646 0.0000000000
108626  -46.120  27.002  20.377 0.0000000000
107975  -46.221  25.687  19.465 0.0000000000
106540  -46.739  23.628  19.648 0.0000000000
106567  -48.204  23.886  17.839 0.0000000000
105695  -47.913  22.938  19.038 0.0000000000
105670  -48.564  22.562  20.491 0.0000000000
105654  -50.588  22.279  21.052 0.0000000000
105645  -51.175  21.838  21.518 0.0000000000
104051  -51.210  20.871  22.603 0.0000000000
104049  -49.827  20.565  23.288 0.0000000000
104059  -49.734  20.503  22.150 0.0000000000
104075  -48.728  20.337  21.262 0.0000000000
104090  -46.642  20.423  20.409 0.0000000000
104126  -47.808  20.564  18.286 0.0000000000
104108  -46.729  20.558  19.344 0.0000000000
97371  -49.010  11.678  27.396 0.0000000000
97372  -50.182  12.301  27.012 0.0000000000
98291  -51.108  12.563  26.664 0.0000000000
98293  -52.459  12.472  27.225 0.0000000000
98294  -52.959  12.797  27.272 0.0000000000
99149  -52.148  13.728  27.489 0.0000000000
109944  -35.771  28.608  23.332 0.0000000000
110617  -36.401  29.617  22.943 0.0000000000
109946  -37.124  28.758  23.066 0.0000000000
109950  -38.770  28.668  22.542 0.0000000000
110621  -40.133  29.413  22.487 0.0000000000
111285  -42.366  30.265  22.691 0.0000000000
111320  -39.214  30.716  18.469 0.0000000000
111314  -40.856  30.466  19.796 0.0000000000
111306  -42.277  30.537  20.904 0.0000000000
110650  -44.030  30.185  21.246 0.0000000000
110662  -44.944  29.183  20.056 0.0000000000
109336  -45.414  28.240  19.093 0.0000000000
109345  -47.324  27.342  17.411 0.0000000000
110685  -45.372  29.264  15.758 0.0000000000
109359  -46.125  27.767  16.157 0.0000000000
108649  -48.300  26.958  16.935 0.0000000000
108687  -49.610  26.821  15.229 0.0000000000
108037  -50.227  25.912  14.053 0.0000000000
108711  -48.000  26.505  13.485 0.0000000000
109404  -48.185  28.009  12.788 0.0000000000
111379  -48.190  31.023  11.394 0.0000000000
99101  -49.477  12.896  31.584 0.0000000000
99102  -50.389  12.991  31.392 0.0000000000
99957  -47.876  14.827  30.069 0.0000000000
99942  -49.656  14.321  30.351 0.0000000000
99121  -51.450  13.256  30.263 0.0000000000
99944  -51.215  14.050  29.576 0.0000000000
99967  -51.594  14.707  28.354 0.0000000000
99968  -52.014  15.031  27.717 0.0000000000
103330  -42.397  19.761  26.988 0.0000000000
107962  -43.356  25.705  21.677 0.0000000000
107282  -43.221  24.453  22.628 0.0000000000
106486  -43.177  23.891  23.654 0.0000000000
105642  -45.910  22.713  23.393 0.0000000000
105630  -44.830  22.847  24.174 0.0000000000
105612  -43.273  22.724  24.404 0.0000000000
104823  -43.346  21.816  25.334 0.0000000000
104016  -43.300  20.698  26.289 0.0000000000
103316  -43.374  19.561  27.626 0.0000000000
103298  -45.355  19.174  28.138 0.0000000000
102651  -47.267  18.537  28.918 0.0000000000
102630  -48.129  18.760  29.321 0.0000000000
103989  -48.683  20.610  28.428 0.0000000000
103286  -49.167  19.387  29.369 0.0000000000
101986  -50.312  17.967  30.259 0.0000000000
101360  -51.376  17.412  29.381 0.0000000000
101373  -52.207  16.822  28.422 0.0000000000
100755  -52.232  15.344  26.533 0.0000000000
100754  -51.947  15.879  26.172 0.0000000000
100763  -51.023  15.183  25.575 0.0000000000
99984  -50.254  15.172  25.743 0.0000000000
101379  -49.390  17.431  27.158 0.0000000000
100751  -49.218  16.023  26.324 0.0000000000
100012  -48.619  14.216  24.609 0.0000000000
100011  -47.583  14.283  24.606 0.0000000000
100031  -46.458  14.116  23.884 0.0000000000
104048  -48.605  20.321  23.445 0.0000000000
103354  -47.152  19.616  23.832 0.0000000000
102690  -46.395  18.317  24.815 0.0000000000
103366  -44.948  18.986  23.052 0.0000000000
102689  -45.465  18.060  24.450 0.0000000000
102041  -45.750  17.540  24.892 0.0000000000
100778  -44.779  15.676  24.563 0.0000000000
100799  -44.304  15.028  24.017 0.0000000000
99153  -53.342  13.571  26.009 0.0000000000
99160  -53.727  13.450  25.474 0.0000000000
99995  -53.130  13.953  25.320 0.0000000000
107364  -48.645  24.668  14.339 0.0000000000
106594  -49.135  23.467  14.930 0.0000000000
102000  -43.717  17.642  28.693 0.0000000000
103296  -43.238  18.921  28.392 0.0000000000
109954  -42.896  28.831  23.005 0.0000000000
109302  -42.660  28.067  22.336 0.0000000000
109303  -43.484  28.013  22.396 0.0000000000
104843  -51.368  21.708  23.798 0.0000000000
105600  -51.462  21.998  24.234 0.0000000000
104828  -51.354  21.813  24.431 0.0000000000
105582  -51.180  21.924  25.451 0.0000000000
104827  -51.095  21.576  25.015 0.0000000000
104826  -50.352  21.127  24.947 0.0000000000
104841  -50.455  21.131  24.215 0.0000000000
109330  -48.352  27.417  18.669 0.0000000000
108634  -48.203  27.279  19.003 0.0000000000
108640  -48.695  26.706  18.475 0.0000000000
103415  -50.486  20.318  17.304 0.0000000000
104129  -50.459  20.569  18.011 0.0000000000
104128  -50.085  20.010  18.085 0.0000000000
104111  -49.924  20.401  19.173 0.0000000000
97370  -47.937  11.494  27.655 0.0000000000
97342  -51.545  11.979  30.809 0.0000000000
97356  -51.465  11.884  29.500 0.0000000000
98279  -51.886  11.796  30.225 0.0000000000
98280  -52.383  12.184  29.996 0.0000000000
111968  -37.167  30.705  19.185 0.0000000000
111310  -36.928  30.119  19.737 0.0000000000
111301  -38.111  29.781  20.421 0.0000000000
111312  -38.875  30.325  19.404 0.0000000000
111987  -41.880  31.485  16.350 0.0000000000
111981  -42.747  31.179  17.466 0.0000000000
111331  -42.488  31.066  18.040 0.0000000000
111332  -43.188  30.898  17.659 0.0000000000
111333  -43.788  30.381  17.377 0.0000000000
111336  -43.694  31.051  17.094 0.0000000000
111350  -47.871  30.349  13.717 0.0000000000
110692  -47.972  29.627  14.102 0.0000000000
110696  -48.375  30.117  13.676 0.0000000000
110697  -48.902  29.680  13.624 0.0000000000
110702  -49.109  29.467  12.922 0.0000000000
111356  -48.999  30.167  13.005 0.0000000000
98278  -43.906  12.931  29.759 0.0000000000
99114  -45.152  12.894  30.247 0.0000000000
98261  -45.436  12.491  30.670 0.0000000000
99115  -45.765  13.047  30.288 0.0000000000
99116  -46.694  13.192  30.542 0.0000000000
101357  -48.652  16.821  30.150 0.0000000000
101358  -49.727  16.910  30.142 0.0000000000
106468  -41.324  23.546  24.154 0.0000000000
105611  -42.207  23.067  24.354 0.0000000000
106525  -46.834  23.226  20.698 0.0000000000
106524  -45.489  23.620  20.826 0.0000000000
106509  -46.546  23.209  21.727 0.0000000000
105578  -47.361  22.641  26.367 0.0000000000
105577  -46.516  22.488  26.266 0.0000000000
104808  -45.870  21.811  26.489 0.0000000000
104795  -46.708  21.506  27.079 0.0000000000
103321  -51.286  20.091  27.879 0.0000000000
103992  -51.381  20.517  28.485 0.0000000000
102652  -52.009  19.336  28.162 0.0000000000
102012  -51.522  17.885  27.417 0.0000000000
102035  -47.420  17.794  25.766 0.0000000000
101400  -47.316  17.331  25.874 0.0000000000
101399  -46.791  16.635  25.779 0.0000000000
101398  -46.155  16.552  25.326 0.0000000000
104073  -46.510  20.105  21.465 0.0000000000
104056  -46.667  19.784  22.308 0.0000000000
103384  -46.032  19.659  21.932 0.0000000000
102052  -42.735  17.270  23.736 0.0000000000
101428  -43.250  16.332  24.017 0.0000000000
98308  -53.206  12.481  25.390 0.0000000000
99993  -51.400  14.799  24.865 0.0000000000
108018  -50.756  25.635  15.660 0.0000000000
107347  -50.583  24.798  16.390 0.0000000000
106582  -50.866  24.123  15.817 0.0000000000
105727  -48.989  22.463  15.075 0.0000000000
104945  -49.615  20.937  14.890 0.0000000000
104169  -50.308  20.847  15.704 0.0000000000
104175  -49.104  20.403  14.871 0.0000000000
104166  -47.971  20.253  15.450 0.0000000000
104174  -48.225  20.444  15.033 0.0000000000
104934  -46.628  20.639  14.981 0.0000000000
96494  -48.371  10.918  30.197 0.0000000000
97325  -50.653  11.740  31.488 0.0000000000
112661  -36.325  32.579  18.926 0.0000000000
112710  -46.356  32.221  11.668 0.0000000000
112709  -45.443  32.128  11.766 0.0000000000
102001  -44.571  17.724  28.696 0.0000000000
101981  -45.075  17.128  29.024 0.0000000000
101983  -46.963  17.349  29.502 0.0000000000
102003  -46.499  17.887  29.060 0.0000000000
109299  -39.288  27.753  22.065 0.0000000000
107280  -42.119  24.955  23.031 0.0000000000
106504  -49.186  23.056  22.137 0.0000000000
106491  -49.128  22.896  22.969 0.0000000000
105598  -50.212  22.550  25.230 0.0000000000
105618  -49.370  22.947  24.458 0.0000000000
105597  -48.965  22.656  25.506 0.0000000000
104020  -50.666  21.429  26.089 0.0000000000
104799  -50.248  21.241  26.804 0.0000000000
109965  -45.960  28.426  20.348 0.0000000000
109318  -45.668  27.646  20.715 0.0000000000
109319  -46.331  27.729  20.227 0.0000000000
107976  -46.823  25.751  18.884 0.0000000000
107310  -46.637  24.727  19.158 0.0000000000
107309  -45.994  24.647  19.642 0.0000000000
106552  -47.064  23.973  18.946 0.0000000000
106569  -49.749  23.564  16.812 0.0000000000
107334  -49.160  24.413  17.220 0.0000000000
106568  -48.901  23.533  17.438 0.0000000000
105685  -49.427  22.079  18.993 0.0000000000
105696  -48.568  22.693  18.475 0.0000000000
105684  -48.632  22.503  19.477 0.0000000000
105671  -49.801  22.117  20.057 0.0000000000
104095  -51.215  20.956  20.217 0.0000000000
105655  -51.205  21.810  20.628 0.0000000000
104857  -51.455  21.430  21.812 0.0000000000
104061  -51.300  20.904  21.899 0.0000000000
104060  -50.671  20.585  21.975 0.0000000000
104077  -50.623  20.700  21.071 0.0000000000
104092  -48.801  20.433  20.263 0.0000000000
104091  -47.722  20.525  20.350 0.0000000000
104143  -47.757  20.336  17.129 0.0000000000
104142  -46.512  20.629  17.418 0.0000000000
104124  -45.322  21.147  18.339 0.0000000000
104890  -46.077  21.085  18.797 0.0000000000
97363  -49.025  11.645  28.616 0.0000000000
97365  -51.264  12.195  28.329 0.0000000000
98292  -51.865  12.358  26.891 0.0000000000
97374  -51.928  12.462  27.448 0.0000000000
98289  -52.344  12.813  28.254 0.0000000000
98288  -52.299  12.775  27.828 0.0000000000
99144  -52.443  13.146  27.825 0.0000000000
110614  -33.643  29.672  22.710 0.0000000000
109942  -33.783  28.090  23.950 0.0000000000
110607  -34.232  28.970  23.205 0.0000000000
109943  -34.877  28.305  23.392 0.0000000000
110608  -35.221  29.095  23.172 0.0000000000
111960  -34.896  31.629  20.818 0.0000000000
111290  -34.808  30.805  21.286 0.0000000000
110644  -36.881  29.558  21.277 0.0000000000
110630  -35.937  29.645  22.383 0.0000000000
110631  -36.537  29.490  22.095 0.0000000000
110610  -36.694  29.219  23.214 0.0000000000
110618  -37.198  29.245  22.760 0.0000000000
109949  -37.827  28.657  22.623 0.0000000000
110619  -38.161  29.117  22.460 0.0000000000
110635  -40.375  29.876  21.845 0.0000000000
110622  -41.185  29.729  22.775 0.0000000000
110636  -41.182  30.102  22.044 0.0000000000
111321  -40.301  30.761  18.778 0.0000000000
111316  -42.625  30.772  19.804 0.0000000000
111315  -41.772  30.922  19.890 0.0000000000
110660  -43.186  30.315  20.570 0.0000000000
110649  -43.120  30.326  21.637 0.0000000000
110651  -44.754  29.539  20.912 0.0000000000
110661  -43.875  29.569  20.121 0.0000000000
109990  -44.662  28.409  17.532 0.0000000000
109982  -44.700  28.316  18.748 0.0000000000
109343  -45.268  27.947  18.477 0.0000000000
109344  -45.938  27.742  17.905 0.0000000000
111342  -44.764  30.152  15.593 0.0000000000
111343  -45.632  29.908  15.066 0.0000000000
110004  -47.176  28.597  15.067 0.0000000000
110003  -46.117  28.448  15.646 0.0000000000
109361  -47.703  27.683  15.394 0.0000000000
108665  -47.407  27.005  16.562 0.0000000000
108666  -48.051  26.926  16.080 0.0000000000
108667  -49.079  27.042  16.280 0.0000000000
108686  -48.756  27.268  15.559 0.0000000000
110018  -49.387  28.056  13.858 0.0000000000
108702  -49.775  26.736  14.205 0.0000000000
108713  -49.598  26.441  13.671 0.0000000000
108045  -49.737  25.942  13.621 0.0000000000
108712  -48.945  26.636  13.407 0.0000000000
110044  -48.702  28.786  12.712 0.0000000000
110043  -47.759  28.812  12.550 0.0000000000
109403  -47.173  27.952  12.760 0.0000000000
98229  -48.213  12.117  32.568 0.0000000000
99117  -47.699  13.106  31.153 0.0000000000
99100  -48.605  12.755  31.635 0.0000000000
99119  -49.545  13.581  30.873 0.0000000000
100719  -46.233  15.494  29.400 0.0000000000
99956  -46.865  14.453  29.922 0.0000000000
100704  -49.028  15.068  30.217 0.0000000000
100703  -48.579  15.005  30.160 0.0000000000
99120  -50.457  13.535  30.623 0.0000000000
99943  -50.542  14.452  30.068 0.0000000000
100733  -50.781  16.020  29.079 0.0000000000
99966  -51.108  15.238  28.805 0.0000000000
100735  -52.057  15.860  28.051 0.0000000000
104014  -41.730  20.204  26.286 0.0000000000
108624  -44.448  26.619  20.973 0.0000000000
108623  -43.755  26.365  21.364 0.0000000000
107968  -43.880  25.671  20.853 0.0000000000
106507  -44.354  23.654  22.036 0.0000000000
107288  -43.477  24.600  21.909 0.0000000000
106506  -43.701  23.911  22.487 0.0000000000
106498  -43.458  23.818  23.028 0.0000000000
106487  -43.775  23.394  23.436 0.0000000000
106489  -47.381  22.749  23.484 0.0000000000
106501  -46.403  22.972  22.778 0.0000000000
106488  -46.638  22.625  23.672 0.0000000000
105614  -45.334  22.674  24.911 0.0000000000
105613  -44.301  22.639  24.614 0.0000000000
105592  -43.803  22.271  24.986 0.0000000000
104824  -44.307  21.857  25.556 0.0000000000
104018  -45.212  21.109  26.678 0.0000000000
104017  -44.370  20.847  26.473 0.0000000000
103998  -43.964  20.174  26.955 0.0000000000
103317  -44.606  19.664  27.551 0.0000000000
103297  -44.226  19.012  28.145 0.0000000000
103299  -46.662  19.542  28.348 0.0000000000
104002  -48.063  21.275  27.910 0.0000000000
103287  -50.292  19.841  29.529 0.0000000000
102632  -49.803  18.746  29.713 0.0000000000
101987  -51.167  18.054  29.652 0.0000000000
102668  -52.378  17.993  27.953 0.0000000000
102006  -52.460  17.445  28.119 0.0000000000
101382  -52.388  16.654  27.765 0.0000000000
100743  -52.211  15.715  27.338 0.0000000000
101393  -52.252  16.579  26.966 0.0000000000
101391  -51.124  16.315  26.608 0.0000000000
101380  -51.342  16.219  26.413 0.0000000000
100762  -50.539  15.157  25.700 0.0000000000
102664  -49.423  18.660  26.986 0.0000000000
101378  -49.026  17.521  27.183 0.0000000000
99982  -48.621  15.140  26.135 0.0000000000
99990  -48.100  14.716  25.347 0.0000000000
99989  -47.152  14.915  25.286 0.0000000000
100010  -46.734  14.535  24.599 0.0000000000
100009  -45.954  14.713  24.443 0.0000000000
100030  -45.666  14.317  23.708 0.0000000000
103348  -46.584  18.739  24.527 0.0000000000
103365  -43.675  18.966  22.466 0.0000000000
102054  -44.164  17.421  24.213 0.0000000000
102688  -44.934  18.003  24.205 0.0000000000
101409  -45.449  16.519  24.978 0.0000000000
101408  -44.444  16.439  24.582 0.0000000000
100798  -43.383  15.184  23.908 0.0000000000
98301  -53.560  12.929  26.337 0.0000000000
99161  -54.242  13.261  25.077 0.0000000000
99178  -53.651  13.542  23.816 0.0000000000
106607  -50.218  24.202  14.763 0.0000000000
105734  -50.540  24.083  15.052 0.0000000000
106595  -49.942  23.714  14.656 0.0000000000
104935  -47.630  21.221  14.879 0.0000000000
105726  -47.866  22.220  15.249 0.0000000000
102649  -44.935  18.395  28.446 0.0000000000
109952  -40.912  28.882  22.507 0.0000000000
109301  -41.754  28.098  22.172 0.0000000000
108606  -42.293  26.936  22.390 0.0000000000
105635  -50.728  22.457  23.110 0.0000000000
105634  -49.842  22.857  23.505 0.0000000000
105581  -50.819  22.121  25.781 0.0000000000
104813  -50.908  21.697  25.795 0.0000000000
104032  -49.806  20.654  25.326 0.0000000000
104042  -48.869  20.260  24.531 0.0000000000
109328  -46.722  28.099  19.594 0.0000000000
108633  -47.578  27.284  19.328 0.0000000000
108638  -47.315  26.486  18.976 0.0000000000
107986  -47.612  25.658  18.528 0.0000000000
104927  -50.272  21.704  16.418 0.0000000000
104916  -50.152  21.640  17.455 0.0000000000
104904  -50.113  21.581  18.511 0.0000000000
104880  -50.339  21.768  19.714 0.0000000000
104893  -50.685  21.240  19.290 0.0000000000
104113  -51.194  21.051  19.763 0.0000000000
104094  -50.716  20.623  20.140 0.0000000000
104110  -48.872  20.437  19.241 0.0000000000
97366  -51.906  12.607  28.080 0.0000000000
111962  -35.860  30.889  20.179 0.0000000000
111299  -35.457  30.673  20.675 0.0000000000
111300  -36.246  30.136  20.529 0.0000000000
110656  -37.013  29.668  20.509 0.0000000000
110645  -37.750  29.530  21.110 0.0000000000
110633  -38.458  29.484  22.040 0.0000000000
110646  -38.696  29.554  21.148 0.0000000000
110647  -39.562  29.769  20.959 0.0000000000
110648  -40.262  30.130  20.920 0.0000000000
111979  -41.241  31.352  17.187 0.0000000000
111322  -41.257  31.073  18.953 0.0000000000
111330  -41.685  31.150  18.073 0.0000000000
111324  -42.881  30.558  18.714 0.0000000000
110667  -43.531  29.637  18.870 0.0000000000
109989  -44.044  29.069  17.738 0.0000000000
109997  -44.764  28.755  16.719 0.0000000000
111348  -46.001  30.460  14.573 0.0000000000
111344  -46.367  29.894  14.685 0.0000000000
110691  -47.042  29.467  14.586 0.0000000000
110015  -47.579  29.098  14.549 0.0000000000
110016  -48.139  28.671  14.505 0.0000000000
109376  -48.641  27.936  14.556 0.0000000000
110017  -49.168  28.639  14.083 0.0000000000
109406  -49.417  28.230  13.076 0.0000000000
110045  -49.212  28.675  12.945 0.0000000000
98277  -43.044  12.973  29.724 0.0000000000
98244  -47.686  12.340  31.942 0.0000000000
98263  -47.024  12.665  31.238 0.0000000000
99940  -47.803  14.005  30.499 0.0000000000
100723  -50.157  15.781  29.723 0.0000000000
101371  -51.301  16.738  29.238 0.0000000000
104839  -41.278  22.307  24.789 0.0000000000
104822  -42.264  21.854  25.214 0.0000000000
107298  -45.252  24.592  20.121 0.0000000000
107297  -44.433  24.592  20.730 0.0000000000
106523  -44.727  23.851  21.336 0.0000000000
105616  -46.995  23.297  24.989 0.0000000000
104825  -45.035  22.170  25.977 0.0000000000
103319  -46.613  20.407  27.810 0.0000000000
103988  -47.534  20.476  28.219 0.0000000000
103991  -50.838  20.835  28.426 0.0000000000
103990  -49.855  20.658  28.372 0.0000000000
103984  -51.565  20.288  28.931 0.0000000000
103288  -51.505  19.771  29.373 0.0000000000
102634  -51.931  18.850  29.588 0.0000000000
102653  -52.334  18.662  28.597 0.0000000000
102013  -52.122  17.713  27.520 0.0000000000
102024  -51.995  17.300  26.965 0.0000000000
102023  -51.288  17.217  26.839 0.0000000000
102022  -50.679  17.045  26.818 0.0000000000
101388  -47.562  16.805  26.260 0.0000000000
100749  -47.223  16.149  26.260 0.0000000000
100760  -46.769  15.648  25.790 0.0000000000
104057  -47.539  20.105  22.437 0.0000000000
102039  -43.978  16.903  24.369 0.0000000000
101407  -43.878  16.362  24.371 0.0000000000
100027  -43.019  14.777  22.972 0.0000000000
100026  -42.059  14.734  23.057 0.0000000000
108651  -49.417  26.648  17.533 0.0000000000
107988  -49.293  25.977  17.987 0.0000000000
108003  -49.890  25.752  17.109 0.0000000000
107335  -49.901  24.602  16.841 0.0000000000
105719  -50.620  23.386  15.623 0.0000000000
105718  -50.258  22.676  16.036 0.0000000000
104928  -50.560  21.059  15.934 0.0000000000
104161  -50.400  20.536  16.351 0.0000000000
103426  -49.611  20.042  16.596 0.0000000000
104159  -48.807  19.960  16.060 0.0000000000
104158  -47.790  20.126  16.092 0.0000000000
104926  -46.036  20.167  15.221 0.0000000000
97353  -48.009  11.127  29.533 0.0000000000
97339  -49.024  11.148  30.869 0.0000000000
97340  -50.018  11.450  30.708 0.0000000000
97326  -51.278  12.003  31.098 0.0000000000
111966  -35.851  31.928  19.865 0.0000000000
111972  -37.550  31.376  18.246 0.0000000000
111989  -43.590  30.931  16.656 0.0000000000
111352  -45.338  30.733  14.265 0.0000000000
111353  -46.250  30.934  13.857 0.0000000000
111354  -47.456  31.013  13.608 0.0000000000
112020  -48.369  31.061  12.731 0.0000000000
112019  -47.870  31.396  12.887 0.0000000000
112032  -47.308  31.940  12.028 0.0000000000
101354  -45.612  16.390  29.235 0.0000000000
101355  -46.616  16.462  29.505 0.0000000000
101984  -47.971  17.815  29.599 0.0000000000
106484  -41.467  24.005  23.695 0.0000000000
106485  -42.300  23.900  23.727 0.0000000000
106510  -47.659  22.863  21.509 0.0000000000
106503  -48.431  22.931  22.424 0.0000000000
106490  -48.308  23.036  23.374 0.0000000000
105633  -47.953  22.838  24.050 0.0000000000
106470  -48.583  23.009  24.106 0.0000000000
105596  -47.766  22.899  25.679 0.0000000000
104810  -47.780  22.303  26.947 0.0000000000
104796  -47.516  21.775  27.365 0.0000000000
104811  -49.999  21.918  26.635 0.0000000000
104798  -49.733  21.559  26.899 0.0000000000
102673  -49.519  19.023  26.900 0.0000000000
103332  -48.932  19.277  26.390 0.0000000000
102672  -48.751  18.696  26.569 0.0000000000
102671  -47.987  18.461  26.212 0.0000000000
102681  -47.561  18.414  25.586 0.0000000000
102680  -46.988  18.215  25.201 0.0000000000
104071  -44.465  20.029  21.364 0.0000000000
103382  -44.209  19.450  21.946 0.0000000000
102714  -43.036  18.545  22.958 0.0000000000
110626  -45.065  29.181  22.215 0.0000000000
109304  -44.350  27.862  22.273 0.0000000000
109305  -45.116  28.022  22.104 0.0000000000
109317  -45.133  27.217  21.069 0.0000000000
108625  -45.375  26.579  20.504 0.0000000000
108631  -45.977  26.372  19.975 0.0000000000
107970  -45.515  25.600  19.899 0.0000000000
105682  -47.157  23.099  20.278 0.0000000000
108001  -48.818  24.976  17.515 0.0000000000
107333  -48.516  24.519  17.619 0.0000000000
107322  -47.891  24.674  18.102 0.0000000000
105707  -48.939  22.792  17.754 0.0000000000
106554  -48.351  23.217  17.897 0.0000000000
106553  -47.716  23.622  18.431 0.0000000000
106541  -47.414  23.418  19.181 0.0000000000
105683  -47.672  22.944  19.821 0.0000000000
105669  -47.625  22.939  20.759 0.0000000000
105652  -48.297  22.689  21.231 0.0000000000
105653  -49.422  22.548  21.525 0.0000000000
104867  -50.070  22.249  21.817 0.0000000000
105672  -50.858  21.938  20.030 0.0000000000
105644  -50.521  22.097  22.144 0.0000000000
105636  -51.335  21.989  22.519 0.0000000000
104852  -51.465  21.460  22.820 0.0000000000
104851  -51.211  21.132  23.330 0.0000000000
104850  -50.708  20.939  23.587 0.0000000000
104050  -50.642  20.684  22.854 0.0000000000
104076  -49.762  20.456  21.154 0.0000000000
104903  -46.450  20.863  17.985 0.0000000000
104125  -46.924  20.537  18.494 0.0000000000
98297  -50.654  12.224  25.976 0.0000000000
98298  -51.566  12.341  26.036 0.0000000000
98299  -52.466  12.392  26.227 0.0000000000
98300  -53.214  12.651  26.347 0.0000000000
98295  -53.334  13.007  26.755 0.0000000000
99150  -52.803  13.435  26.832 0.0000000000
111291  -35.667  29.923  21.563 0.0000000000
111283  -35.537  29.758  22.246 0.0000000000
110616  -35.582  29.617  22.766 0.0000000000
110609  -36.067  29.264  23.315 0.0000000000
109945  -36.501  28.780  23.346 0.0000000000
109292  -36.842  28.309  23.046 0.0000000000
109297  -37.472  27.938  22.645 0.0000000000
109951  -39.800  28.749  22.474 0.0000000000
110620  -39.130  29.295  22.555 0.0000000000
110623  -42.381  29.760  23.015 0.0000000000
110624  -43.471  29.555  22.991 0.0000000000
111319  -38.337  30.555  18.587 0.0000000000
111313  -39.848  30.302  19.582 0.0000000000
111304  -40.693  30.431  20.635 0.0000000000
111305  -41.302  30.698  20.745 0.0000000000
111294  -41.625  30.425  21.633 0.0000000000
111295  -42.351  30.325  22.022 0.0000000000
110637  -42.949  30.155  22.573 0.0000000000
110638  -43.883  30.110  22.345 0.0000000000
110639  -44.628  29.655  21.870 0.0000000000
110652  -45.502  29.098  20.653 0.0000000000
110663  -45.563  28.815  20.071 0.0000000000
109970  -44.312  28.937  19.294 0.0000000000
109971  -45.239  28.533  19.516 0.0000000000
109327  -45.840  28.342  19.407 0.0000000000
109337  -46.084  28.115  18.891 0.0000000000
109338  -47.077  28.008  18.592 0.0000000000
109339  -48.051  27.668  18.338 0.0000000000
111338  -44.316  30.021  16.316 0.0000000000
110677  -44.446  29.348  16.711 0.0000000000
109998  -45.356  28.339  16.484 0.0000000000
109350  -46.084  27.585  16.932 0.0000000000
109351  -46.762  27.272  16.431 0.0000000000
108650  -49.077  26.886  17.097 0.0000000000
108668  -50.058  26.566  16.462 0.0000000000
108669  -50.556  26.057  15.999 0.0000000000
108688  -50.475  26.247  15.528 0.0000000000
108703  -50.379  26.282  14.733 0.0000000000
108038  -50.548  25.860  14.605 0.0000000000
107366  -50.059  24.941  14.374 0.0000000000
107365  -49.264  24.756  14.120 0.0000000000
109390  -48.597  27.292  13.039 0.0000000000
109389  -47.665  27.258  13.023 0.0000000000
111362  -48.485  30.565  12.539 0.0000000000
110712  -47.955  30.363  12.171 0.0000000000
98231  -49.582  11.789  32.493 0.0000000000
98245  -48.464  12.357  32.164 0.0000000000
98246  -49.237  12.323  32.160 0.0000000000
98247  -50.186  12.219  32.040 0.0000000000
99103  -51.136  12.998  31.085 0.0000000000
99132  -46.713  13.760  30.182 0.0000000000
99958  -48.334  14.953  30.125 0.0000000000
99941  -48.668  14.429  30.433 0.0000000000
99133  -52.073  13.470  29.238 0.0000000000
99960  -51.324  14.435  29.044 0.0000000000
99143  -51.980  13.631  28.230 0.0000000000
99976  -51.841  14.282  27.719 0.0000000000
99977  -52.222  14.545  27.068 0.0000000000
103329  -41.367  19.551  26.867 0.0000000000
103315  -42.160  18.958  27.836 0.0000000000
108608  -43.798  27.243  22.239 0.0000000000
107296  -43.763  24.957  21.244 0.0000000000
107961  -43.052  25.266  21.992 0.0000000000
107287  -42.921  24.959  22.263 0.0000000000
107271  -43.030  24.358  23.136 0.0000000000
105628  -42.860  23.387  24.068 0.0000000000
106500  -45.233  23.054  22.728 0.0000000000
105631  -46.063  22.674  24.305 0.0000000000
105641  -45.099  22.866  23.525 0.0000000000
105640  -44.342  23.088  23.615 0.0000000000
105629  -43.776  23.078  23.964 0.0000000000
105591  -42.800  22.387  24.858 0.0000000000
104030  -43.012  21.282  25.637 0.0000000000
104806  -43.866  21.327  25.894 0.0000000000
103331  -43.113  20.121  26.899 0.0000000000
102650  -46.020  18.573  28.681 0.0000000000
103301  -49.380  20.251  29.099 0.0000000000
103285  -48.565  19.091  29.285 0.0000000000
102631  -48.809  18.606  29.549 0.0000000000
101988  -51.776  18.019  29.101 0.0000000000
101372  -51.829  17.131  28.989 0.0000000000
100764  -51.814  15.201  25.294 0.0000000000
100742  -51.770  16.237  26.321 0.0000000000
100753  -51.340  15.823  25.933 0.0000000000
99992  -50.386  14.779  25.214 0.0000000000
101390  -49.955  16.725  26.840 0.0000000000
101389  -48.659  17.125  26.934 0.0000000000
99983  -49.679  15.169  25.878 0.0000000000
99991  -49.189  14.641  25.311 0.0000000000
99175  -48.073  13.849  23.990 0.0000000000
100032  -47.089  14.116  24.127 0.0000000000
104047  -47.695  19.889  23.295 0.0000000000
103355  -48.044  20.035  23.981 0.0000000000
103350  -48.082  19.738  24.736 0.0000000000
103349  -47.283  18.873  24.788 0.0000000000
102691  -47.095  18.428  25.046 0.0000000000
102716  -44.592  18.540  23.534 0.0000000000
102700  -45.200  18.484  23.867 0.0000000000
102701  -45.787  18.470  24.276 0.0000000000
102042  -46.275  17.707  25.164 0.0000000000
102033  -46.228  17.105  25.237 0.0000000000
100008  -45.140  14.863  24.265 0.0000000000
97367  -52.152  12.682  28.261 0.0000000000
98232  -49.985  11.722  32.331 0.0000000000
98264  -51.838  11.918  30.533 0.0000000000
99154  -53.940  13.194  25.855 0.0000000000
99174  -47.485  13.953  24.065 0.0000000000
99996  -53.742  13.527  25.162 0.0000000000
100741  -51.547  16.133  26.258 0.0000000000
101392  -51.814  16.621  26.506 0.0000000000
102005  -52.175  17.710  28.590 0.0000000000
102010  -49.193  18.033  27.240 0.0000000000
102014  -52.358  17.309  27.589 0.0000000000
102682  -48.122  18.753  26.070 0.0000000000
103289  -52.251  19.452  29.116 0.0000000000
103304  -52.275  19.433  28.639 0.0000000000
103352  -45.414  18.821  23.624 0.0000000000
103427  -50.268  20.130  16.956 0.0000000000
103428  -50.493  20.335  16.939 0.0000000000
103437  -49.418  20.074  15.971 0.0000000000
103438  -49.982  20.229  16.258 0.0000000000
103439  -50.312  20.323  16.691 0.0000000000
103444  -49.665  20.218  15.864 0.0000000000
103983  -51.037  20.430  29.024 0.0000000000
104145  -49.966  19.997  17.247 0.0000000000
104146  -50.650  20.574  17.220 0.0000000000
104160  -50.088  20.375  16.058 0.0000000000
104165  -46.886  19.889  15.115 0.0000000000
104167  -48.994  20.072  15.406 0.0000000000
104168  -49.783  20.432  15.586 0.0000000000
104176  -49.545  20.711  14.978 0.0000000000
104855  -49.944  22.501  22.253 0.0000000000
104856  -50.052  22.265  22.214 0.0000000000
104866  -49.868  22.441  22.078 0.0000000000
104868  -51.313  21.379  21.032 0.0000000000
104879  -50.103  21.894  19.723 0.0000000000
104881  -51.363  21.362  20.250 0.0000000000
104891  -46.460  20.806  18.561 0.0000000000
104894  -51.228  21.361  19.910 0.0000000000
104902  -46.025  21.171  18.125 0.0000000000
104915  -46.381  20.777  17.703 0.0000000000
104938  -50.321  21.078  15.630 0.0000000000
104942  -47.602  20.623  14.866 0.0000000000
104943  -48.426  20.787  14.722 0.0000000000
104944  -49.284  20.856  14.717 0.0000000000
105570  -49.743  22.013  26.703 0.0000000000
105651  -47.857  22.806  21.175 0.0000000000
105668  -47.211  23.125  20.583 0.0000000000
105686  -51.116  21.574  19.902 0.0000000000
105687  -51.348  21.576  19.971 0.0000000000
105729  -50.652  23.699  15.241 0.0000000000
105733  -50.395  23.647  14.883 0.0000000000
106469  -41.917  23.555  23.970 0.0000000000
106512  -49.149  22.949  21.814 0.0000000000
106596  -50.777  24.410  15.365 0.0000000000
106608  -50.573  24.656  14.883 0.0000000000
107281  -42.619  24.938  22.764 0.0000000000
107348  -50.977  24.945  15.840 0.0000000000
107357  -49.186  24.188  14.580 0.0000000000
107367  -50.564  25.378  14.678 0.0000000000
107989  -49.451  26.286  17.699 0.0000000000
108028  -50.743  25.803  15.050 0.0000000000
108036  -49.529  25.456  13.808 0.0000000000
108044  -49.205  25.969  13.460 0.0000000000
108613  -38.942  27.394  21.857 0.0000000000
108615  -44.188  26.953  21.833 0.0000000000
108639  -48.021  26.549  18.767 0.0000000000
108641  -49.254  26.679  18.083 0.0000000000
108648  -47.761  26.948  16.792 0.0000000000
108685  -48.215  27.339  15.536 0.0000000000
109307  -38.801  27.594  22.047 0.0000000000
109308  -39.036  27.587  21.975 0.0000000000
109309  -42.259  28.522  22.560 0.0000000000
109310  -42.537  28.653  22.732 0.0000000000
109312  -45.291  27.919  21.430 0.0000000000
109326  -45.495  28.391  19.347 0.0000000000
109341  -49.288  26.992  18.030 0.0000000000
109346  -48.502  27.247  17.681 0.0000000000
109347  -49.147  27.071  17.765 0.0000000000
109348  -49.325  26.899  17.800 0.0000000000
109352  -47.307  27.213  15.987 0.0000000000
109360  -46.789  27.727  15.674 0.0000000000
109363  -48.921  27.374  14.897 0.0000000000
109375  -48.083  27.988  14.847 0.0000000000
109956  -44.823  28.653  22.495 0.0000000000
109957  -45.334  28.601  21.890 0.0000000000
109960  -42.327  28.774  22.778 0.0000000000
109961  -42.514  28.869  22.911 0.0000000000
109962  -45.557  28.525  21.096 0.0000000000
109966  -46.359  28.184  20.077 0.0000000000
109972  -45.953  28.470  19.835 0.0000000000
110005  -47.742  28.222  14.915 0.0000000000
110032  -49.396  28.350  13.516 0.0000000000
110046  -49.382  28.566  13.208 0.0000000000
110625  -44.426  29.407  22.699 0.0000000000
110658  -39.921  29.910  20.333 0.0000000000
110659  -40.353  30.137  20.235 0.0000000000
110671  -43.686  29.583  17.907 0.0000000000
110672  -44.064  29.492  17.308 0.0000000000
110678  -44.930  29.089  16.356 0.0000000000
110684  -44.766  29.612  16.154 0.0000000000
111284  -41.812  30.247  22.540 0.0000000000
111302  -38.740  29.965  20.256 0.0000000000
111337  -43.943  30.595  16.633 0.0000000000
111341  -44.092  30.337  15.959 0.0000000000
111961  -35.530  31.536  20.287 0.0000000000
