#!ascii label  , from subject 3765 vox2ras=TkReg
871
67293  -22.532  -18.912  -13.864 0.5555555820
67313  -23.456  -18.625  -14.302 0.6666666865
68487  -24.028  -17.812  -14.771 0.7777777910
68506  -24.509  -17.222  -15.303 0.7777777910
69611  -23.796  -16.043  -16.033 0.8888888955
70652  -26.507  -15.887  -15.958 0.8888888955
67312  -22.476  -18.100  -14.214 0.5555555820
68486  -23.126  -17.632  -14.658 0.6666666865
68504  -22.851  -17.049  -15.166 0.8888888955
68507  -25.398  -17.293  -15.284 0.8888888955
69612  -24.472  -16.045  -16.266 0.8888888955
70667  -25.643  -15.294  -16.669 1.0000000000
70653  -27.096  -15.457  -15.781 0.8888888955
71680  -26.875  -14.722  -17.171 1.0000000000
68484  -21.595  -17.291  -13.946 0.7777777910
70649  -21.812  -15.755  -15.132 1.0000000000
71665  -21.827  -14.606  -15.445 1.0000000000
70664  -23.175  -15.146  -16.146 1.0000000000
71677  -24.356  -14.507  -16.513 1.0000000000
71666  -22.711  -14.557  -16.067 1.0000000000
71678  -25.230  -14.492  -16.624 1.0000000000
72706  -23.880  -13.769  -16.583 1.0000000000
72707  -24.746  -13.650  -16.900 1.0000000000
72708  -25.471  -13.972  -16.858 1.0000000000
71695  -27.143  -14.011  -17.961 1.0000000000
72716  -24.960  -13.081  -17.279 1.0000000000
72717  -25.679  -13.465  -17.293 1.0000000000
72709  -27.421  -13.086  -16.814 1.0000000000
73761  -26.274  -12.430  -17.456 1.0000000000
73747  -27.101  -12.182  -17.030 0.7777777910
71664  -21.305  -14.046  -15.308 0.8888888955
73745  -24.105  -13.254  -16.809 1.0000000000
73731  -22.089  -13.113  -15.832 1.0000000000
73744  -23.516  -13.023  -16.679 1.0000000000
73760  -25.228  -12.465  -17.445 1.0000000000
74865  -25.563  -11.629  -17.781 1.0000000000
73746  -26.640  -11.795  -17.308 1.0000000000
74852  -27.475  -11.240  -16.762 0.8888888955
74851  -26.893  -11.365  -17.182 1.0000000000
74853  -28.373  -11.020  -16.444 0.7777777910
73729  -20.621  -12.535  -15.195 0.5555555820
75938  -22.481  -10.979  -17.253 0.7777777910
73742  -21.942  -12.085  -16.317 0.8888888955
73758  -23.157  -12.311  -17.176 1.0000000000
73759  -24.224  -12.662  -17.293 1.0000000000
74862  -22.831  -11.493  -17.323 0.8888888955
74863  -23.653  -11.547  -17.574 1.0000000000
74864  -24.671  -11.610  -17.741 1.0000000000
74874  -25.701  -11.024  -18.416 1.0000000000
75939  -26.967  -10.415  -17.236 0.8888888955
75955  -26.589  -10.234  -17.954 1.0000000000
77014  -26.994  -9.695  -17.764 0.8888888955
77015  -27.362  -9.208  -17.040 0.7777777910
77002  -28.676  -9.309  -16.114 0.6666666865
78069  -28.778  -8.741  -16.192 0.6666666865
75922  -19.678  -10.429  -15.100 0.4444444478
74848  -20.665  -11.177  -15.882 0.7777777910
75936  -20.927  -10.441  -16.315 0.6666666865
75951  -22.155  -9.955  -17.713 0.7777777910
75952  -22.948  -10.392  -17.837 0.8888888955
75953  -24.110  -10.889  -18.084 0.8888888955
74873  -25.124  -11.215  -18.237 1.0000000000
75965  -23.886  -10.062  -18.346 1.0000000000
77042  -25.250  -9.602  -18.203 1.0000000000
75968  -26.153  -10.054  -18.065 1.0000000000
77031  -26.499  -9.339  -17.999 0.8888888955
77032  -26.967  -9.193  -17.677 0.7777777910
78081  -27.749  -8.232  -17.122 0.7777777910
78070  -29.232  -8.515  -15.873 0.5555555820
78083  -29.160  -8.078  -16.490 0.6666666865
78080  -20.796  -8.507  -16.540 0.6666666865
77012  -20.372  -9.435  -15.888 0.6666666865
77028  -21.768  -9.413  -17.504 0.7777777910
78094  -21.501  -8.510  -17.120 0.7777777910
77029  -22.339  -9.370  -17.996 0.8888888955
77040  -23.651  -9.263  -18.520 0.8888888955
77039  -22.950  -9.330  -18.410 1.0000000000
78107  -24.923  -8.596  -18.153 1.0000000000
78097  -26.109  -8.346  -17.982 0.8888888955
78098  -26.944  -8.483  -17.554 0.8888888955
79190  -25.379  -7.507  -17.979 0.8888888955
79191  -26.266  -7.586  -17.367 0.7777777910
79192  -27.222  -7.464  -16.842 0.7777777910
79180  -28.899  -7.391  -16.242 0.7777777910
79168  -29.297  -7.108  -16.051 0.6666666865
77011  -19.864  -8.908  -15.598 0.5555555820
78095  -21.976  -8.522  -17.792 0.8888888955
78104  -22.509  -8.513  -18.324 0.8888888955
78105  -23.250  -8.425  -18.560 1.0000000000
79209  -25.090  -7.946  -18.146 1.0000000000
78096  -25.461  -8.273  -18.079 0.8888888955
80369  -27.231  -6.604  -16.693 0.7777777910
80353  -28.604  -6.568  -16.032 0.6666666865
80342  -29.158  -6.512  -15.852 0.5555555820
79178  -21.159  -7.783  -16.905 0.7777777910
79177  -20.481  -7.473  -16.512 0.6666666865
79206  -22.673  -7.503  -18.600 1.0000000000
79207  -23.647  -7.486  -18.764 1.0000000000
80366  -24.887  -6.643  -18.068 0.8888888955
79189  -24.956  -7.191  -18.152 0.8888888955
81548  -24.789  -6.085  -18.076 0.8888888955
81551  -27.216  -5.742  -16.672 0.7777777910
82675  -28.047  -5.178  -16.770 0.7777777910
81533  -27.846  -5.763  -16.302 0.7777777910
81522  -29.011  -5.695  -15.784 0.5555555820
82697  -26.513  -4.763  -16.589 0.7777777910
82661  -29.081  -4.987  -15.877 0.5555555820
82699  -28.192  -4.679  -17.148 0.6666666865
80338  -19.324  -6.577  -15.549 0.4444444478
80350  -20.029  -6.533  -16.276 0.5555555820
80364  -20.952  -6.545  -17.695 0.7777777910
80379  -22.246  -6.486  -18.577 1.0000000000
80365  -21.490  -6.536  -18.242 0.8888888955
80380  -23.120  -6.544  -18.994 1.0000000000
80381  -24.063  -6.573  -18.990 0.8888888955
81566  -24.462  -5.809  -18.413 0.8888888955
81549  -25.072  -5.853  -17.668 0.8888888955
81550  -26.077  -5.716  -17.116 0.8888888955
82698  -27.611  -4.721  -16.988 0.6666666865
82676  -28.758  -4.483  -16.711 0.5555555820
83841  -20.228  -3.986  -17.639 0.6666666865
82674  -20.568  -5.120  -17.192 0.6666666865
82712  -21.544  -4.544  -18.798 0.7777777910
81564  -22.481  -5.582  -18.769 0.8888888955
82713  -22.724  -4.696  -18.638 0.7777777910
82714  -23.717  -4.943  -18.348 0.7777777910
83866  -23.972  -4.452  -17.789 0.7777777910
81567  -24.773  -5.236  -17.773 0.8888888955
82695  -24.604  -4.405  -17.582 0.7777777910
82696  -25.305  -4.780  -17.176 0.7777777910
83845  -25.036  -3.821  -17.349 0.6666666865
83846  -25.953  -3.678  -16.650 0.6666666865
83847  -27.183  -3.926  -17.035 0.6666666865
83822  -26.929  -3.010  -16.727 0.6666666865
83823  -27.859  -3.263  -16.857 0.5555555820
83848  -28.104  -4.107  -17.176 0.4444444478
85847  -19.514  -2.487  -17.047 0.3333333433
85865  -19.626  -2.623  -17.236 0.3333333433
84888  -20.339  -2.862  -17.758 0.5555555820
83863  -21.092  -3.462  -18.421 0.6666666865
84889  -21.142  -2.433  -18.408 0.5555555820
83864  -22.103  -3.298  -18.481 0.7777777910
83865  -23.218  -4.054  -18.007 0.7777777910
83843  -23.045  -3.007  -17.796 0.6666666865
83844  -24.074  -3.637  -17.439 0.6666666865
84875  -25.052  -2.853  -17.164 0.6666666865
84876  -26.065  -2.565  -16.680 0.6666666865
84856  -27.591  -2.372  -16.767 0.5555555820
84855  -26.825  -2.199  -16.778 0.6666666865
85848  -20.005  -1.928  -17.111 0.4444444478
85867  -20.504  -1.939  -17.748 0.4444444478
85849  -20.736  -1.049  -17.142 0.5555555820
84890  -21.806  -2.140  -18.491 0.5555555820
83842  -22.384  -2.363  -18.220 0.6666666865
85854  -25.435  -2.078  -16.654 0.6666666865
85832  -26.211  -1.560  -16.822 0.6666666865
85833  -27.247  -1.526  -16.812 0.5555555820
85834  -28.136  -1.650  -16.819 0.6666666865
85851  -22.496  -1.280  -17.048 0.6666666865
84873  -22.780  -2.114  -17.412 0.6666666865
85852  -23.443  -1.466  -16.783 0.6666666865
84874  -23.809  -2.536  -17.174 0.6666666865
69595  -24.112  -16.584  -15.724 0.8888888955
69593  -22.249  -16.482  -15.165 1.0000000000
70651  -23.356  -15.677  -15.910 1.0000000000
70665  -23.909  -15.343  -16.305 1.0000000000
71679  -26.051  -14.426  -17.002 1.0000000000
76999  -19.908  -9.958  -15.497 0.5555555820
77030  -25.716  -8.978  -18.097 0.8888888955
78079  -20.138  -8.365  -15.928 0.5555555820
81531  -19.710  -5.591  -16.099 0.5555555820
79187  -21.531  -7.496  -17.668 0.7777777910
81516  -18.832  -5.900  -14.533 0.2222222239
83824  -28.747  -3.444  -16.965 0.4444444478
84872  -22.102  -1.634  -18.000 0.6666666865
76998  -19.476  -9.414  -15.212 0.4444444478
78078  -19.492  -8.421  -15.403 0.4444444478
85835  -28.891  -1.781  -16.458 0.5555555820
85828  -20.228  -1.748  -16.574 0.2222222239
86768  -28.699  -0.891  -16.927 0.5555555820
66160  -22.843  -19.631  -13.617 0.5555555820
66161  -23.753  -19.591  -14.021 0.5555555820
67314  -24.441  -18.550  -14.632 0.5555555820
67315  -25.510  -18.309  -14.705 0.5555555820
68508  -26.221  -17.035  -15.180 0.7777777910
69598  -26.731  -16.326  -15.519 0.8888888955
68488  -24.793  -17.845  -14.929 0.6666666865
71681  -27.558  -14.501  -16.895 0.8888888955
66159  -21.833  -19.412  -13.272 0.4444444478
68465  -21.076  -17.764  -13.475 0.5555555820
71689  -27.350  -14.152  -17.522 1.0000000000
69554  -20.480  -16.427  -13.268 0.2222222239
69574  -21.744  -16.503  -14.694 0.6666666865
73748  -28.025  -12.232  -16.551 0.6666666865
74836  -28.831  -11.129  -16.053 0.6666666865
71652  -20.862  -14.491  -14.830 0.5555555820
75924  -28.905  -10.422  -15.955 0.6666666865
72681  -20.406  -13.349  -14.627 0.4444444478
77003  -29.212  -9.642  -15.645 0.5555555820
78058  -29.797  -8.591  -15.269 0.5555555820
74816  -19.665  -11.707  -14.369 0.2222222239
78071  -29.996  -8.029  -15.535 0.5555555820
79169  -29.685  -7.362  -16.009 0.5555555820
78051  -18.754  -8.522  -14.452 0.3333333433
80343  -29.742  -6.450  -15.339 0.5555555820
81524  -30.049  -5.443  -14.808 0.4444444478
80324  -18.608  -6.466  -14.184 0.3333333433
82678  -30.089  -4.060  -15.832 0.5555555820
83825  -29.553  -3.564  -16.636 0.4444444478
84854  -19.347  -2.994  -16.529 0.3333333433
83821  -19.518  -3.798  -16.655 0.4444444478
85850  -21.779  -1.030  -17.334 0.6666666865
85853  -24.545  -1.922  -16.724 0.6666666865
85831  -25.201  -1.266  -16.581 0.6666666865
86765  -25.818  -0.594  -16.739 0.6666666865
86766  -26.785  -0.707  -16.860 0.6666666865
86767  -27.760  -0.719  -17.114 0.6666666865
86785  -22.566  -0.211  -16.951 0.5555555820
67294  -23.160  -19.188  -13.882 0.6666666865
66179  -24.091  -19.095  -14.425 0.6666666865
68505  -23.662  -17.097  -15.161 0.8888888955
69596  -24.969  -16.608  -15.870 0.8888888955
69594  -23.245  -16.352  -15.526 1.0000000000
69614  -25.845  -15.868  -16.586 1.0000000000
69597  -25.942  -16.404  -16.064 0.8888888955
66158  -21.221  -18.938  -13.273 0.4444444478
67292  -21.626  -18.381  -13.746 0.5555555820
67311  -21.981  -17.769  -14.138 0.6666666865
68485  -22.223  -17.240  -14.659 0.8888888955
69613  -25.301  -15.994  -16.438 1.0000000000
70668  -26.403  -15.445  -16.582 1.0000000000
70666  -24.850  -15.265  -16.383 1.0000000000
70669  -27.111  -14.968  -16.511 1.0000000000
71688  -26.669  -14.176  -17.657 1.0000000000
68483  -20.955  -17.084  -13.486 0.5555555820
69573  -21.020  -16.411  -13.987 0.6666666865
71653  -21.388  -15.133  -15.037 0.8888888955
69592  -21.899  -16.273  -15.040 1.0000000000
70650  -22.624  -15.510  -15.619 1.0000000000
71676  -23.487  -14.521  -16.382 1.0000000000
72705  -23.029  -13.736  -16.425 1.0000000000
71687  -26.244  -13.909  -17.357 1.0000000000
72720  -27.646  -13.680  -17.201 0.8888888955
72718  -26.541  -13.526  -17.465 1.0000000000
73762  -26.828  -12.964  -17.023 1.0000000000
72694  -21.730  -13.565  -15.511 1.0000000000
72693  -21.036  -13.438  -15.234 0.5555555820
72695  -22.357  -13.703  -15.899 1.0000000000
73743  -22.495  -12.705  -16.456 1.0000000000
74866  -26.347  -11.182  -17.693 1.0000000000
75940  -27.719  -10.218  -16.642 0.7777777910
75941  -28.360  -10.078  -16.334 0.6666666865
73719  -20.072  -12.407  -14.505 0.5555555820
74835  -20.888  -11.840  -15.635 0.6666666865
73730  -21.588  -12.558  -15.715 0.7777777910
74849  -21.468  -11.440  -16.233 0.7777777910
75937  -21.806  -10.514  -17.176 0.8888888955
74850  -22.257  -11.600  -16.806 0.8888888955
73757  -22.633  -12.067  -17.024 1.0000000000
75967  -25.671  -10.280  -18.251 1.0000000000
77016  -28.128  -9.444  -16.552 0.7777777910
78082  -28.518  -8.486  -16.590 0.6666666865
75923  -20.298  -10.482  -15.621 0.5555555820
74833  -19.565  -10.984  -14.529 0.3333333433
77013  -21.166  -9.480  -16.798 0.6666666865
75964  -23.327  -9.795  -18.387 0.8888888955
75966  -24.877  -10.495  -18.415 1.0000000000
77041  -24.441  -9.427  -18.386 1.0000000000
79179  -28.130  -7.637  -16.722 0.7777777910
78106  -24.089  -8.443  -18.538 1.0000000000
80352  -27.892  -6.628  -16.281 0.7777777910
79188  -22.127  -7.843  -18.152 0.8888888955
79208  -24.597  -7.430  -18.364 0.8888888955
80368  -26.602  -6.626  -17.000 0.7777777910
81534  -28.497  -5.689  -16.094 0.6666666865
81523  -29.391  -5.609  -15.458 0.5555555820
79176  -19.684  -7.508  -15.799 0.5555555820
79186  -20.919  -7.164  -17.180 0.6666666865
79205  -21.951  -7.197  -18.343 0.8888888955
80367  -25.665  -6.670  -17.469 0.8888888955
80351  -20.638  -6.492  -16.947 0.5555555820
81563  -21.656  -5.659  -18.535 0.7777777910
81546  -20.687  -5.699  -17.478 0.7777777910
81565  -23.453  -5.691  -18.823 0.8888888955
82677  -29.622  -4.238  -16.228 0.5555555820
82692  -20.155  -4.271  -17.438 0.5555555820
82673  -20.102  -4.643  -16.856 0.5555555820
84871  -20.071  -3.477  -17.566 0.4444444478
82693  -20.649  -4.686  -17.920 0.6666666865
82711  -20.914  -4.079  -18.450 0.6666666865
82694  -21.206  -5.138  -18.417 0.7777777910
81532  -20.435  -5.629  -16.707 0.7777777910
82715  -24.386  -4.953  -17.944 0.7777777910
84857  -28.433  -2.558  -16.703 0.4444444478
84870  -19.560  -3.064  -17.225 0.4444444478
85868  -21.277  -1.548  -18.098 0.5555555820
81517  -19.265  -5.616  -15.121 0.3333333433
75905  -19.058  -10.155  -14.460 0.4444444478
78066  -18.872  -8.675  -15.138 0.4444444478
68509  -27.142  -17.130  -15.130 0.6666666865
65015  -22.521  -20.224  -13.050 0.5555555820
71690  -27.896  -14.035  -17.124 0.7777777910
66144  -21.548  -19.712  -12.727 0.3333333433
67291  -20.864  -18.427  -13.118 0.4444444478
73732  -28.765  -11.782  -16.096 0.6666666865
74834  -20.176  -11.449  -15.093 0.3333333433
73718  -19.564  -12.351  -13.926 0.1111111119
74815  -19.188  -11.274  -13.952 0.1111111119
76985  -18.700  -9.335  -14.132 0.4444444478
79164  -18.930  -7.671  -15.001 0.3333333433
82656  -19.703  -4.653  -15.857 0.3333333433
66164  -27.727  -19.827  -13.711 0.4444444478
65022  -29.216  -20.037  -13.207 0.2222222239
65017  -24.142  -20.384  -13.728 0.4444444478
65018  -24.997  -20.526  -13.665 0.4444444478
66180  -24.758  -19.346  -14.297 0.4444444478
65036  -25.423  -19.903  -13.962 0.4444444478
66163  -26.806  -19.901  -13.889 0.4444444478
66183  -27.387  -19.323  -14.237 0.4444444478
66185  -29.135  -18.841  -14.251 0.2222222239
66181  -25.841  -19.267  -14.343 0.4444444478
67316  -26.537  -18.623  -14.498 0.4444444478
67317  -27.179  -18.857  -14.449 0.4444444478
67295  -29.775  -18.465  -14.095 0.1111111119
67296  -30.535  -18.296  -13.744 0.1111111119
67335  -27.520  -18.108  -14.724 0.4444444478
67318  -28.794  -18.467  -14.772 0.3333333433
66197  -28.177  -18.530  -14.752 0.3333333433
67337  -29.058  -18.103  -15.137 0.3333333433
67320  -30.120  -18.110  -14.271 0.2222222239
67336  -28.509  -18.066  -15.154 0.3333333433
67333  -25.875  -17.599  -14.946 0.5555555820
67334  -26.466  -17.773  -14.751 0.4444444478
69576  -29.762  -16.424  -14.887 0.2222222239
69578  -31.129  -16.191  -14.014 0.1111111119
69600  -28.737  -16.337  -15.271 0.3333333433
69615  -28.391  -15.937  -15.327 0.4444444478
70654  -28.145  -15.384  -15.492 0.5555555820
71668  -28.576  -14.429  -15.742 0.6666666865
71654  -29.828  -14.634  -14.888 0.4444444478
71682  -28.204  -14.210  -16.583 0.6666666865
72683  -30.199  -13.412  -14.665 0.3333333433
72696  -28.664  -13.786  -16.276 0.6666666865
73734  -29.832  -12.637  -15.202 0.5555555820
72710  -28.238  -13.419  -16.708 0.6666666865
73733  -29.363  -12.218  -15.744 0.5555555820
74838  -30.105  -11.429  -15.310 0.3333333433
73749  -28.834  -12.751  -16.305 0.5555555820
75926  -30.111  -10.687  -15.116 0.4444444478
75925  -29.619  -10.481  -15.379 0.5555555820
74837  -29.241  -11.258  -15.703 0.4444444478
76993  -29.788  -9.500  -15.046 0.4444444478
85830  -24.290  -1.047  -16.576 0.5555555820
86788  -26.315  0.078  -16.845 0.5555555820
65020  -27.085  -20.688  -13.512 0.4444444478
67319  -29.559  -18.076  -14.689 0.2222222239
68489  -29.716  -17.355  -14.763 0.2222222239
68490  -30.479  -17.454  -14.335 0.1111111119
70655  -29.007  -15.382  -15.078 0.4444444478
70636  -29.785  -15.495  -14.972 0.3333333433
70670  -28.623  -15.706  -15.288 0.4444444478
72682  -29.504  -13.781  -14.971 0.4444444478
75912  -29.988  -10.319  -14.999 0.4444444478
86764  -24.773  -0.278  -16.109 0.5555555820
87757  -23.951  0.715  -16.384 0.5555555820
71655  -30.648  -14.502  -14.468 0.2222222239
62749  -25.363  -22.090  -13.414 0.4444444478
63885  -26.313  -21.646  -13.396 0.4444444478
63886  -27.385  -21.475  -13.183 0.4444444478
65003  -28.716  -20.985  -12.694 0.2222222239
65004  -29.280  -20.726  -12.337 0.2222222239
63882  -23.642  -21.164  -13.368 0.4444444478
63884  -25.265  -21.312  -13.557 0.4444444478
66145  -29.881  -19.651  -12.821 0.1111111119
66167  -30.323  -18.979  -13.163 0.1111111119
65005  -30.275  -20.001  -12.252 0.1111111119
67297  -31.027  -18.188  -13.253 0.1111111119
68466  -30.956  -17.890  -14.035 0.1111111119
68468  -32.151  -16.810  -13.257 0.1111111119
70616  -31.719  -15.449  -13.697 0.1111111119
70638  -31.199  -15.413  -14.154 0.1111111119
71656  -31.317  -14.358  -14.161 0.2222222239
73720  -30.594  -12.186  -14.915 0.1111111119
72684  -30.973  -13.688  -14.271 0.2222222239
74822  -30.681  -11.412  -14.911 0.2222222239
75914  -30.895  -10.901  -14.188 0.2222222239
75913  -30.471  -10.518  -14.522 0.3333333433
78059  -30.310  -8.451  -14.709 0.3333333433
79156  -30.673  -7.385  -14.285 0.3333333433
79170  -30.242  -7.206  -15.097 0.4444444478
82662  -29.730  -4.717  -15.542 0.4444444478
84858  -29.251  -2.703  -16.517 0.3333333433
86784  -21.692  -0.290  -16.878 0.4444444478
86790  -27.795  0.061  -17.450 0.5555555820
86762  -22.972  0.117  -17.011 0.5555555820
86787  -25.588  0.156  -16.414 0.5555555820
87756  -22.847  0.651  -16.948 0.5555555820
65035  -24.732  -19.954  -13.841 0.4444444478
69599  -27.755  -16.250  -15.386 0.6666666865
71667  -27.713  -14.735  -16.078 0.6666666865
80344  -30.046  -6.397  -14.802 0.4444444478
68510  -28.155  -17.281  -15.334 0.3333333433
65021  -28.347  -20.778  -13.196 0.3333333433
63883  -24.416  -21.148  -13.532 0.4444444478
65019  -26.002  -20.568  -13.776 0.4444444478
65037  -26.143  -19.837  -14.118 0.4444444478
66182  -26.651  -19.345  -14.308 0.4444444478
66165  -28.702  -19.588  -13.685 0.4444444478
66184  -28.235  -19.052  -14.293 0.4444444478
66196  -27.719  -18.791  -14.510 0.4444444478
66166  -29.631  -19.106  -13.557 0.1111111119
67277  -30.733  -18.529  -13.020 0.1111111119
68511  -29.125  -17.436  -15.194 0.3333333433
69577  -30.714  -16.309  -14.412 0.1111111119
70637  -30.367  -15.478  -14.718 0.1111111119
71669  -29.151  -14.302  -15.169 0.4444444478
73721  -31.000  -12.725  -14.277 0.1111111119
72698  -29.625  -13.278  -15.064 0.4444444478
72711  -28.785  -13.353  -16.306 0.5555555820
72697  -29.231  -13.414  -15.723 0.5555555820
76994  -30.225  -9.474  -14.460 0.4444444478
86763  -23.464  -0.284  -16.629 0.5555555820
68491  -31.186  -16.784  -14.110 0.1111111119
63887  -28.002  -21.525  -12.979 0.4444444478
63872  -28.469  -21.369  -12.440 0.2222222239
58017  -27.337  -26.311  -7.988 0.1111111119
59205  -24.460  -25.063  -10.774 0.3333333433
59184  -25.896  -25.271  -9.299 0.2222222239
59162  -26.568  -25.746  -8.434 0.2222222239
59163  -27.526  -25.525  -8.489 0.1111111119
61510  -22.291  -23.434  -11.558 0.3333333433
60368  -22.805  -24.372  -11.400 0.3333333433
59223  -23.037  -25.141  -11.127 0.3333333433
60343  -25.096  -24.503  -11.102 0.3333333433
60344  -26.025  -24.045  -10.706 0.3333333433
60320  -25.370  -24.775  -10.188 0.2222222239
59185  -26.904  -24.932  -8.963 0.2222222239
59186  -27.851  -24.706  -8.786 0.1111111119
60321  -26.481  -24.652  -9.911 0.2222222239
62717  -21.730  -22.434  -11.678 0.2222222239
62718  -22.441  -22.868  -11.963 0.2222222239
60369  -23.807  -24.186  -11.724 0.3333333433
59225  -24.352  -24.636  -11.389 0.3333333433
60345  -27.014  -23.878  -10.223 0.1111111119
62731  -22.042  -21.789  -12.154 0.2222222239
62732  -22.700  -22.237  -12.411 0.3333333433
61526  -23.376  -22.585  -12.510 0.3333333433
62733  -23.726  -22.027  -12.999 0.3333333433
61527  -23.983  -22.808  -12.568 0.3333333433
61511  -23.174  -23.297  -12.103 0.3333333433
61514  -25.969  -23.477  -11.966 0.3333333433
61528  -24.866  -22.977  -12.533 0.3333333433
61530  -26.384  -23.105  -12.341 0.3333333433
61515  -26.775  -23.253  -11.816 0.3333333433
61491  -27.666  -23.392  -10.631 0.1111111119
61516  -27.523  -23.081  -11.342 0.2222222239
65001  -21.513  -20.288  -12.333 0.2222222239
63868  -22.401  -21.045  -12.457 0.2222222239
63869  -23.088  -21.507  -12.921 0.3333333433
62747  -24.055  -21.568  -13.378 0.3333333433
62734  -24.641  -22.430  -13.056 0.3333333433
62735  -25.502  -22.614  -12.993 0.3333333433
62736  -26.484  -22.498  -12.830 0.3333333433
65002  -22.108  -20.362  -12.623 0.3333333433
65016  -23.296  -20.359  -13.547 0.3333333433
62748  -24.549  -21.812  -13.420 0.3333333433
62737  -27.033  -22.442  -12.427 0.3333333433
63870  -26.925  -21.928  -13.026 0.3333333433
63871  -27.479  -21.994  -12.577 0.3333333433
76976  -30.667  -9.391  -13.831 0.2222222239
60322  -27.370  -24.274  -9.461 0.1111111119
61512  -24.250  -23.577  -12.247 0.3333333433
60371  -25.490  -23.840  -11.455 0.3333333433
61490  -26.839  -23.500  -10.986 0.3333333433
63881  -22.995  -20.902  -13.131 0.3333333433
63855  -27.573  -22.097  -12.147 0.3333333433
58016  -26.399  -26.873  -7.803 0.1111111119
57995  -27.275  -27.069  -7.603 0.1111111119
60342  -22.591  -24.941  -11.020 0.3333333433
59204  -23.613  -25.393  -10.603 0.3333333433
59183  -24.506  -25.437  -9.538 0.3333333433
58018  -28.078  -26.032  -8.186 0.1111111119
60367  -22.127  -24.012  -11.185 0.3333333433
59164  -28.400  -25.338  -8.413 0.1111111119
59187  -28.798  -24.580  -8.753 0.1111111119
63854  -20.915  -21.475  -11.164 0.2222222239
60346  -27.885  -23.635  -9.854 0.1111111119
61517  -28.126  -23.013  -10.973 0.1111111119
63867  -21.507  -21.323  -11.979 0.2222222239
62697  -28.570  -22.685  -10.931 0.1111111119
62721  -28.183  -22.458  -11.402 0.1111111119
65000  -20.872  -19.878  -11.763 0.1111111119
78040  -30.902  -8.063  -13.939 0.2222222239
82650  -30.698  -4.511  -14.238 0.2222222239
81510  -30.626  -5.426  -14.242 0.2222222239
70635  -21.256  -15.594  -14.537 0.5555555820
65014  -21.900  -19.982  -12.800 0.3333333433
80316  -30.933  -6.863  -13.717 0.2222222239
57996  -28.195  -26.678  -7.518 0.1111111119
59224  -23.674  -24.949  -11.324 0.3333333433
60370  -24.684  -24.085  -11.698 0.3333333433
60323  -28.288  -24.113  -9.297 0.1111111119
61513  -25.151  -23.530  -12.078 0.3333333433
61529  -25.733  -23.097  -12.506 0.3333333433
61489  -26.169  -23.539  -11.334 0.3333333433
62719  -26.823  -22.790  -12.305 0.3333333433
64987  -21.026  -20.654  -11.652 0.2222222239
62720  -27.373  -22.463  -11.961 0.3333333433
63856  -27.955  -21.929  -11.943 0.1111111119
59161  -25.473  -25.980  -8.556 0.2222222239
59203  -22.691  -25.415  -10.603 0.3333333433
59182  -23.398  -25.878  -9.877 0.3333333433
61488  -21.587  -23.511  -10.916 0.2222222239
78041  -31.259  -8.351  -13.253 0.1111111119
78042  -31.698  -8.525  -12.621 0.1111111119
79140  -31.280  -7.410  -13.473 0.1111111119
80318  -32.040  -6.464  -12.566 0.1111111119
80331  -30.581  -6.315  -14.272 0.1111111119
80317  -31.536  -6.365  -13.170 0.1111111119
80332  -31.090  -6.258  -13.735 0.1111111119
81493  -31.656  -5.455  -12.997 0.1111111119
81511  -31.166  -5.408  -13.661 0.1111111119
84859  -30.051  -2.830  -16.038 0.1111111119
85836  -29.426  -1.971  -15.795 0.1111111119
83813  -30.377  -3.473  -15.605 0.1111111119
85821  -30.920  -1.735  -14.943 0.1111111119
86786  -22.934  -0.815  -16.719 0.4444444478
87773  -21.758  0.294  -16.520 0.4444444478
87775  -22.629  0.278  -16.995 0.4444444478
86769  -29.508  -0.815  -16.042 0.1111111119
87758  -24.980  0.814  -16.209 0.4444444478
87759  -28.350  -0.194  -17.275 0.2222222239
87760  -29.082  0.084  -17.074 0.1111111119
87761  -29.981  0.396  -16.480 0.1111111119
88658  -25.293  1.726  -16.749 0.4444444478
87776  -25.850  0.827  -16.666 0.4444444478
88673  -26.152  1.405  -16.848 0.4444444478
87777  -26.583  0.772  -17.123 0.4444444478
87778  -27.365  0.783  -17.757 0.4444444478
87779  -28.308  0.519  -17.752 0.2222222239
87780  -29.007  0.830  -17.617 0.2222222239
90647  -27.807  3.574  -20.834 0.1111111119
88706  -28.597  2.530  -19.577 0.1111111119
88677  -29.473  1.675  -17.987 0.1111111119
88655  -22.211  1.682  -16.248 0.4444444478
88656  -23.204  1.732  -16.371 0.4444444478
88657  -24.249  1.710  -16.548 0.4444444478
88659  -26.046  2.013  -16.816 0.4444444478
88674  -26.542  1.581  -17.417 0.4444444478
88675  -26.965  1.237  -18.118 0.4444444478
89647  -26.353  2.557  -17.584 0.3333333433
88692  -27.262  1.109  -18.784 0.3333333433
87791  -27.872  0.773  -18.394 0.1111111119
88693  -28.285  1.295  -18.858 0.1111111119
88676  -28.692  0.969  -18.157 0.2222222239
88694  -28.970  2.215  -19.111 0.1111111119
89636  -21.647  2.122  -16.052 0.2222222239
89639  -24.494  2.653  -16.580 0.3333333433
89641  -26.182  2.416  -17.017 0.3333333433
88691  -26.660  1.665  -18.372 0.4444444478
89662  -26.604  2.580  -18.482 0.2222222239
88703  -26.869  1.799  -19.243 0.2222222239
88704  -27.452  1.801  -19.732 0.2222222239
89675  -26.804  2.541  -19.505 0.1111111119
89685  -26.814  2.411  -20.417 0.1111111119
89676  -27.877  2.163  -20.093 0.1111111119
89686  -27.455  2.529  -20.470 0.1111111119
89638  -23.715  2.570  -16.115 0.3333333433
90597  -23.909  3.492  -16.051 0.3333333433
90598  -24.605  3.614  -16.410 0.3333333433
89640  -25.367  2.712  -16.928 0.3333333433
90631  -26.601  3.292  -20.024 0.1111111119
90646  -26.809  3.479  -21.265 0.1111111119
91684  -27.449  4.463  -23.374 0.1111111119
91587  -22.799  4.181  -14.391 0.1111111119
91601  -23.151  4.697  -15.175 0.1111111119
91614  -23.854  4.398  -15.937 0.2222222239
91615  -24.532  4.604  -16.232 0.2222222239
90599  -25.347  3.760  -16.903 0.3333333433
90600  -25.408  4.496  -16.930 0.2222222239
90605  -25.978  3.207  -17.276 0.3333333433
90618  -26.468  4.221  -17.575 0.2222222239
91631  -25.797  5.447  -18.923 0.1111111119
91642  -26.350  4.423  -19.416 0.1111111119
91641  -25.668  4.863  -20.168 0.1111111119
90645  -25.914  3.497  -21.716 0.1111111119
90671  -25.304  3.637  -23.086 0.1111111119
91656  -27.838  4.265  -21.633 0.1111111119
90648  -28.332  3.557  -20.527 0.1111111119
92570  -23.229  5.165  -14.693 0.1111111119
92572  -24.637  5.355  -15.040 0.1111111119
91602  -23.936  5.221  -15.668 0.1111111119
91603  -24.745  5.390  -15.784 0.1111111119
91617  -25.066  5.490  -16.365 0.1111111119
91625  -25.386  5.028  -16.904 0.1111111119
90607  -25.717  4.421  -17.290 0.2222222239
91624  -25.318  5.420  -17.682 0.1111111119
92621  -25.546  5.042  -17.473 0.1111111119
93575  -24.539  6.321  -18.424 0.1111111119
92633  -25.061  5.873  -19.472 0.1111111119
92632  -24.584  6.228  -20.197 0.1111111119
92665  -24.433  4.958  -22.023 0.1111111119
92573  -25.544  5.344  -14.984 0.1111111119
91605  -25.798  5.667  -15.762 0.1111111119
92607  -25.272  5.970  -16.469 0.1111111119
93558  -25.077  6.434  -17.009 0.1111111119
93574  -24.326  6.690  -18.029 0.1111111119
92574  -26.445  5.552  -15.072 0.1111111119
93529  -27.339  6.200  -15.015 0.1111111119
92590  -26.310  6.053  -15.841 0.1111111119
79141  -31.841  -7.406  -12.635 0.1111111119
79120  -32.443  -7.388  -12.143 0.1111111119
85820  -30.127  -1.953  -15.352 0.1111111119
86789  -27.124  0.034  -17.205 0.4444444478
86770  -30.621  -0.190  -15.750 0.1111111119
88705  -28.249  2.048  -19.635 0.1111111119
89687  -27.959  3.057  -20.498 0.1111111119
91632  -25.856  4.979  -18.071 0.1111111119
91604  -25.375  5.506  -15.752 0.1111111119
93541  -24.531  6.275  -17.073 0.1111111119
93584  -24.293  6.726  -19.104 0.1111111119
92608  -26.286  6.554  -16.325 0.1111111119
92591  -26.812  6.801  -15.959 0.1111111119
79121  -33.015  -7.381  -11.772 0.1111111119
82663  -30.286  -4.248  -15.155 0.2222222239
83826  -30.061  -3.641  -16.199 0.2222222239
86754  -29.767  -1.441  -15.500 0.1111111119
87774  -22.294  0.300  -16.886 0.4444444478
92558  -25.440  5.082  -14.258 0.1111111119
78020  -32.414  -8.251  -12.103 0.1111111119
76977  -31.481  -9.387  -13.120 0.1111111119
79122  -33.976  -7.326  -11.514 0.1111111119
78021  -33.366  -8.329  -11.565 0.1111111119
80300  -33.493  -6.485  -11.670 0.1111111119
81475  -32.622  -5.952  -12.076 0.1111111119
81494  -32.330  -5.563  -12.413 0.1111111119
83801  -31.457  -3.543  -14.015 0.1111111119
82651  -31.317  -4.325  -13.606 0.1111111119
82634  -31.809  -4.502  -12.940 0.1111111119
84836  -31.435  -2.704  -14.413 0.1111111119
86755  -30.280  -1.091  -15.266 0.1111111119
87755  -22.029  0.889  -16.447 0.4444444478
88662  -30.959  1.654  -16.807 0.1111111119
89648  -30.112  2.634  -17.820 0.1111111119
89630  -22.020  2.402  -15.782 0.2222222239
88650  -22.488  2.096  -16.045 0.3333333433
89631  -22.984  2.445  -15.609 0.2222222239
90586  -23.051  2.891  -15.103 0.2222222239
89663  -29.848  3.141  -18.615 0.1111111119
90585  -22.901  3.301  -14.664 0.1111111119
91613  -23.578  4.083  -15.628 0.2222222239
90632  -28.824  4.148  -20.084 0.1111111119
91643  -29.354  4.349  -20.744 0.1111111119
91554  -22.770  4.070  -13.211 0.1111111119
92541  -24.529  4.664  -14.083 0.1111111119
91590  -24.815  4.797  -13.898 0.1111111119
91673  -28.815  4.801  -22.309 0.1111111119
91591  -25.229  4.838  -13.717 0.1111111119
91574  -26.276  5.035  -12.812 0.1111111119
93622  -23.409  6.867  -21.599 0.1111111119
92663  -22.812  6.056  -23.391 0.1111111119
92687  -25.069  5.301  -24.927 0.1111111119
92688  -26.416  5.252  -25.017 0.1111111119
92559  -26.604  5.129  -13.781 0.1111111119
94416  -24.757  7.450  -17.565 0.1111111119
95277  -23.320  8.746  -18.482 0.1111111119
79139  -30.924  -7.425  -13.824 0.1111111119
80299  -32.590  -6.550  -12.127 0.1111111119
83800  -30.764  -3.399  -14.729 0.1111111119
84847  -30.599  -2.640  -15.159 0.1111111119
84835  -30.941  -2.769  -14.743 0.1111111119
87792  -28.279  0.843  -18.327 0.1111111119
88660  -29.521  0.891  -17.169 0.1111111119
91655  -27.160  4.057  -21.895 0.1111111119
89677  -28.295  2.817  -20.106 0.1111111119
89678  -29.021  3.192  -19.515 0.1111111119
88678  -30.493  2.122  -17.392 0.1111111119
88661  -30.231  1.315  -16.939 0.1111111119
88715  -27.086  1.970  -20.309 0.1111111119
90592  -23.343  3.411  -15.378 0.1111111119
89646  -25.863  2.926  -17.140 0.3333333433
90606  -26.278  3.637  -17.466 0.2222222239
90617  -26.738  3.845  -18.471 0.1111111119
90630  -26.140  3.878  -20.717 0.1111111119
90662  -26.076  3.491  -22.593 0.1111111119
91671  -26.909  4.065  -22.528 0.1111111119
90672  -25.863  3.999  -23.473 0.1111111119
91672  -27.726  4.525  -22.535 0.1111111119
91700  -26.068  4.635  -25.252 0.1111111119
91569  -22.597  4.190  -13.812 0.1111111119
91600  -23.069  3.765  -14.790 0.1111111119
91588  -22.959  4.770  -14.387 0.1111111119
91654  -25.418  4.292  -21.556 0.1111111119
91682  -24.671  4.398  -23.526 0.1111111119
91670  -24.751  4.000  -22.616 0.1111111119
92571  -23.753  5.350  -14.961 0.1111111119
92556  -24.036  5.020  -14.356 0.1111111119
91616  -24.965  4.945  -16.430 0.1111111119
92606  -25.154  5.508  -17.190 0.1111111119
90601  -25.341  4.787  -16.907 0.1111111119
92604  -24.574  6.131  -17.616 0.1111111119
92620  -24.888  5.878  -18.325 0.1111111119
93585  -24.746  6.238  -18.787 0.1111111119
94433  -23.790  7.406  -18.383 0.1111111119
92649  -24.928  5.361  -20.787 0.1111111119
92648  -24.332  6.143  -21.328 0.1111111119
91592  -25.882  4.936  -13.482 0.1111111119
93559  -26.038  6.837  -16.812 0.1111111119
94415  -24.028  7.475  -17.613 0.1111111119
94432  -23.408  8.195  -18.144 0.1111111119
76978  -32.103  -9.184  -12.538 0.1111111119
94448  -23.284  7.828  -19.424 0.1111111119
93560  -26.887  7.264  -16.457 0.1111111119
85811  -31.455  -2.017  -14.571 0.1111111119
90591  -23.233  3.853  -14.894 0.1111111119
90573  -22.296  3.230  -13.891 0.1111111119
91589  -23.375  4.854  -14.090 0.1111111119
93621  -22.868  6.847  -22.632 0.1111111119
91681  -23.685  4.579  -24.350 0.1111111119
95243  -23.811  8.227  -17.575 0.1111111119
95260  -23.635  8.733  -17.759 0.1111111119
94447  -23.103  8.368  -18.810 0.1111111119
71651  -20.119  -14.060  -13.830 0.2222222239
72660  -19.699  -13.186  -13.417 0.2222222239
70634  -20.440  -15.374  -13.821 0.3333333433
86783  -21.196  -0.209  -16.371 0.2222222239
87754  -21.605  0.711  -15.890 0.1111111119
88654  -21.526  1.625  -15.971 0.1111111119
83807  -19.730  -3.778  -15.948 0.2222222239
82644  -19.494  -4.751  -14.720 0.1111111119
85816  -19.969  -2.292  -16.081 0.1111111119
85817  -20.484  -1.938  -16.239 0.1111111119
86761  -21.274  -0.158  -15.715 0.1111111119
87751  -21.742  0.916  -15.270 0.1111111119
88648  -21.301  1.644  -15.326 0.1111111119
89629  -21.313  2.197  -15.539 0.1111111119
68464  -20.615  -17.460  -12.855 0.2222222239
85829  -20.681  -0.991  -16.205 0.1111111119
74814  -19.056  -10.840  -13.761 0.1111111119
75904  -18.751  -10.292  -13.863 0.3333333433
85818  -21.030  -1.244  -15.549 0.1111111119
58029  -23.295  -26.981  -9.437 0.1111111119
58030  -23.918  -26.228  -9.188 0.1111111119
59160  -24.605  -26.258  -8.803 0.1111111119
58028  -22.124  -26.662  -9.619 0.1111111119
59181  -22.503  -26.037  -10.008 0.1111111119
59202  -21.991  -25.442  -10.386 0.1111111119
60341  -21.915  -24.637  -10.733 0.1111111119
60340  -21.222  -24.096  -10.531 0.1111111119
67276  -20.339  -18.398  -12.277 0.1111111119
71639  -19.798  -14.042  -12.838 0.1111111119
79148  -18.647  -7.817  -14.320 0.2222222239
79163  -18.625  -7.175  -14.440 0.2222222239
79147  -18.596  -7.228  -13.874 0.2222222239
79115  -18.285  -6.206  -13.074 0.2222222239
59180  -21.527  -25.720  -9.900 0.1111111119
72680  -19.962  -13.070  -14.038 0.1111111119
58027  -21.213  -26.512  -9.608 0.1111111119
58014  -24.075  -26.965  -8.653 0.1111111119
59179  -20.563  -25.682  -9.443 0.1111111119
60318  -20.849  -24.688  -10.066 0.1111111119
61487  -20.687  -23.546  -10.365 0.1111111119
62696  -21.022  -22.549  -10.695 0.1111111119
67260  -19.867  -18.435  -11.353 0.1111111119
68449  -20.363  -17.543  -12.021 0.1111111119
70615  -20.036  -15.588  -12.873 0.1111111119
78033  -18.845  -7.741  -13.705 0.2222222239
81471  -18.536  -5.346  -12.698 0.2222222239
82628  -18.840  -4.878  -13.632 0.1111111119
57020  -23.084  -27.587  -9.020 0.1111111119
81502  -18.692  -5.569  -14.046 0.2222222239
81503  -18.946  -5.323  -14.511 0.1111111119
78050  -18.648  -8.356  -13.984 0.2222222239
63833  -20.689  -21.862  -10.392 0.1111111119
60319  -21.526  -25.134  -10.307 0.1111111119
70633  -19.929  -14.806  -13.157 0.1111111119
68421  -20.358  -17.862  -11.448 0.1111111119
79133  -18.903  -6.794  -13.290 0.1111111119
67259  -19.158  -18.501  -11.217 0.1111111119
69536  -20.325  -16.477  -12.529 0.1111111119
81489  -19.578  -5.245  -13.184 0.1111111119
82629  -19.391  -4.796  -13.433 0.1111111119
76969  -18.917  -9.328  -13.773 0.1111111119
84843  -19.621  -2.880  -15.829 0.1111111119
85827  -19.703  -2.350  -16.528 0.1111111119
61492  -28.610  -23.216  -10.396 0.1111111119
62750  -25.932  -22.278  -13.256 0.3333333433
66162  -24.331  -19.802  -13.948 0.4444444478
69575  -22.002  -16.801  -14.925 0.8888888955
69616  -28.658  -15.971  -15.267 0.4444444478
70671  -28.830  -15.817  -15.202 0.4444444478
71694  -26.805  -14.047  -18.019 1.0000000000
72719  -27.166  -13.566  -17.508 1.0000000000
72725  -26.595  -13.875  -17.820 1.0000000000
72726  -26.898  -13.718  -17.870 1.0000000000
74875  -26.084  -10.592  -18.117 1.0000000000
75954  -24.684  -11.100  -18.230 1.0000000000
76986  -18.978  -9.212  -14.580 0.4444444478
77043  -25.870  -9.667  -18.109 1.0000000000
79116  -18.480  -6.329  -12.985 0.2222222239
79132  -18.642  -6.626  -13.260 0.2222222239
79181  -29.351  -7.836  -16.299 0.5555555820
80294  -18.418  -5.980  -12.966 0.2222222239
80295  -18.665  -5.993  -12.702 0.2222222239
80310  -18.525  -6.226  -13.548 0.2222222239
80311  -19.238  -6.054  -12.968 0.2222222239
80337  -18.877  -6.577  -14.805 0.4444444478
80382  -24.491  -6.599  -18.523 1.0000000000
81470  -18.417  -5.460  -12.922 0.2222222239
81487  -18.537  -5.518  -13.296 0.2222222239
81488  -19.068  -5.184  -12.601 0.1111111119
81547  -21.021  -5.726  -18.141 0.7777777910
82615  -18.518  -5.107  -13.014 0.1111111119
82616  -18.807  -4.891  -12.923 0.1111111119
82630  -19.887  -4.807  -13.552 0.1111111119
82643  -18.885  -5.035  -14.209 0.1111111119
82716  -24.765  -4.827  -17.644 0.7777777910
83840  -19.731  -3.891  -17.319 0.4444444478
83862  -20.546  -3.731  -18.007 0.4444444478
84848  -31.034  -2.348  -14.696 0.1111111119
84887  -19.807  -2.699  -17.375 0.3333333433
85866  -19.923  -2.383  -17.366 0.3333333433
88649  -22.110  2.134  -16.095 0.3333333433
88714  -26.903  1.925  -19.982 0.2222222239
89637  -21.895  2.143  -16.098 0.2222222239
90661  -25.448  3.538  -22.342 0.1111111119
90679  -25.347  4.317  -23.646 0.1111111119
90680  -25.655  4.445  -23.976 0.1111111119
91570  -23.042  4.486  -13.681 0.1111111119
91572  -24.772  4.472  -13.441 0.1111111119
91623  -25.380  5.495  -18.071 0.1111111119
91633  -25.847  4.627  -17.572 0.2222222239
91644  -29.535  4.345  -20.446 0.1111111119
91669  -23.770  4.536  -23.164 0.1111111119
91680  -22.868  5.024  -24.867 0.1111111119
91683  -26.626  4.110  -23.466 0.1111111119
91691  -23.862  4.960  -25.092 0.1111111119
91692  -25.160  4.696  -24.721 0.1111111119
91693  -26.183  4.464  -24.331 0.1111111119
91694  -27.193  4.594  -24.285 0.1111111119
91695  -27.725  4.605  -23.692 0.1111111119
91699  -25.686  4.599  -25.490 0.1111111119
91701  -26.553  4.727  -24.845 0.1111111119
92540  -24.313  4.356  -14.036 0.1111111119
92555  -23.243  5.003  -14.436 0.1111111119
92557  -24.612  5.053  -14.353 0.1111111119
92587  -24.604  6.214  -17.254 0.1111111119
92588  -24.621  6.015  -17.140 0.1111111119
92589  -24.770  5.882  -16.977 0.1111111119
92605  -24.892  5.696  -17.513 0.1111111119
92619  -24.535  6.206  -18.062 0.1111111119
92622  -25.356  5.179  -17.102 0.1111111119
92664  -23.372  5.694  -22.552 0.1111111119
92674  -22.637  5.865  -24.183 0.1111111119
92675  -22.689  4.905  -23.794 0.1111111119
92677  -26.918  5.455  -24.115 0.1111111119
92695  -25.377  4.772  -25.523 0.1111111119
92696  -25.966  4.906  -25.657 0.1111111119
92697  -26.684  4.856  -25.153 0.1111111119
93540  -24.659  6.412  -17.144 0.1111111119
93542  -24.748  6.186  -16.995 0.1111111119
93556  -24.521  6.535  -17.428 0.1111111119
93557  -24.623  6.684  -17.303 0.1111111119
93604  -24.327  7.234  -20.500 0.1111111119
94414  -23.630  8.113  -17.702 0.1111111119
95242  -23.530  8.451  -17.743 0.1111111119
95244  -24.127  7.890  -17.602 0.1111111119
95259  -23.373  8.756  -17.962 0.1111111119
95261  -24.319  8.372  -17.785 0.1111111119
96083  -23.538  9.021  -18.050 0.1111111119
96097  -23.388  8.962  -18.248 0.1111111119
