#!ascii label  , from subject 3826 vox2ras=TkReg
2018
77016  -36.037  -15.380  87.288 0.0000000000
87696  -52.035  -7.739  66.478 0.0000000000
73697  -43.807  -17.655  72.765 0.0000000000
56311  -7.032  -34.770  84.151 0.0000000000
63672  -22.716  -27.826  88.494 0.0000000000
59792  -5.088  -28.759  86.958 0.0000000000
62282  -7.175  -28.179  96.101 0.0000000000
79840  -48.266  -14.190  68.675 0.0000000000
67554  -7.724  -25.099  81.942 0.0000000000
56203  -5.020  -34.829  91.298 0.0000000000
70178  -37.942  -21.063  80.667 0.0000000000
74690  -31.524  -18.255  86.501 0.0000000000
70036  -30.786  -22.160  89.506 0.0000000000
88808  -54.613  -6.494  64.755 0.0000000000
74897  -46.608  -17.419  70.746 0.0000000000
57470  -17.185  -31.137  84.993 0.0000000000
72356  -4.341  -20.992  84.693 0.0000000000
59825  -10.886  -30.073  85.796 0.0000000000
59913  -8.416  -30.263  80.793 0.0000000000
55221  -8.049  -34.391  79.461 0.0000000000
52657  -10.257  -34.605  95.877 0.0000000000
56159  -6.804  -34.011  96.838 0.0000000000
73623  -42.456  -18.921  76.536 0.0000000000
67446  -26.726  -23.689  91.477 0.0000000000
62475  -25.315  -26.396  84.585 0.0000000000
61004  -6.733  -27.754  91.554 0.0000000000
59760  -10.770  -30.394  90.499 0.0000000000
84559  -49.557  -9.985  68.895 0.0000000000
53854  -12.899  -34.533  92.273 0.0000000000
55094  -15.430  -33.166  88.721 0.0000000000
65042  -4.405  -27.044  84.073 0.0000000000
63814  -4.753  -28.165  78.354 0.0000000000
60930  -8.643  -29.251  99.484 0.0000000000
58581  -8.876  -32.396  94.662 0.0000000000
57402  -5.236  -34.455  87.708 0.0000000000
75821  -38.333  -16.404  86.115 0.0000000000
74676  -36.006  -17.159  85.770 0.0000000000
73502  -37.373  -17.763  83.752 0.0000000000
75801  -33.801  -16.424  87.607 0.0000000000
74709  -33.527  -17.206  84.606 0.0000000000
74622  -31.994  -17.485  89.878 0.0000000000
86657  -53.752  -7.382  65.535 0.0000000000
86661  -49.530  -8.351  65.368 0.0000000000
133186  -50.958  -8.293  63.763 0.0000000000
86681  -52.366  -7.613  62.856 0.0000000000
73720  -45.058  -17.618  71.571 0.0000000000
74875  -41.196  -18.016  72.756 0.0000000000
73717  -42.046  -17.789  71.483 0.0000000000
73760  -43.540  -17.787  69.868 0.0000000000
57450  -9.821  -32.240  85.188 0.0000000000
57524  -9.595  -32.929  82.019 0.0000000000
55190  -7.491  -35.289  82.341 0.0000000000
51695  -6.238  -36.837  80.280 0.0000000000
51652  -6.074  -37.389  81.771 0.0000000000
51540  -9.723  -35.328  93.079 0.0000000000
51525  -8.385  -35.596  94.172 0.0000000000
74793  -41.712  -18.345  78.508 0.0000000000
72442  -40.053  -19.885  80.228 0.0000000000
70229  -38.116  -21.102  78.506 0.0000000000
72497  -40.433  -19.610  78.688 0.0000000000
73621  -39.873  -18.626  77.233 0.0000000000
72282  -28.186  -20.578  92.524 0.0000000000
67519  -28.740  -23.859  85.620 0.0000000000
64986  -28.768  -25.106  87.270 0.0000000000
88840  -53.426  -5.835  60.585 0.0000000000
90006  -53.636  -4.294  59.916 0.0000000000
60985  -6.822  -27.880  93.500 0.0000000000
62340  -9.802  -27.899  91.266 0.0000000000
62308  -10.102  -28.228  94.082 0.0000000000
82340  -48.689  -12.153  69.758 0.0000000000
76078  -45.057  -16.880  67.906 0.0000000000
79837  -45.840  -14.318  67.660 0.0000000000
82353  -46.821  -11.991  67.816 0.0000000000
55028  -13.582  -32.832  95.098 0.0000000000
55041  -14.926  -31.974  92.966 0.0000000000
65000  -3.866  -25.887  87.553 0.0000000000
67506  -3.824  -24.898  86.674 0.0000000000
62465  -3.924  -27.327  85.375 0.0000000000
58760  -7.971  -30.928  77.656 0.0000000000
59910  -6.849  -28.774  79.815 0.0000000000
59962  -6.669  -30.426  77.306 0.0000000000
59686  -10.088  -30.175  99.999 0.0000000000
56182  -4.885  -33.661  93.947 0.0000000000
58572  -7.226  -32.811  95.673 0.0000000000
57333  -5.506  -33.171  92.871 0.0000000000
58625  -7.105  -32.547  90.733 0.0000000000
56218  -5.507  -34.018  89.594 0.0000000000
74745  -38.825  -18.334  82.584 0.0000000000
73398  -30.579  -19.589  92.412 0.0000000000
74607  -32.167  -18.754  91.234 0.0000000000
71228  -30.447  -19.904  88.725 0.0000000000
88819  -55.364  -5.546  63.157 0.0000000000
86689  -52.589  -6.606  61.242 0.0000000000
76050  -47.590  -15.997  69.548 0.0000000000
73789  -44.596  -17.230  68.441 0.0000000000
61143  -20.977  -28.096  84.174 0.0000000000
59814  -19.264  -28.767  86.635 0.0000000000
70123  -6.683  -22.594  83.620 0.0000000000
61114  -8.116  -28.692  86.393 0.0000000000
61136  -7.075  -28.507  84.675 0.0000000000
61182  -9.951  -29.680  82.643 0.0000000000
58763  -9.591  -31.888  79.252 0.0000000000
56371  -7.311  -33.427  77.356 0.0000000000
55004  -10.968  -34.061  98.432 0.0000000000
56138  -9.316  -33.064  99.063 0.0000000000
52643  -8.088  -34.630  97.263 0.0000000000
53835  -6.942  -34.609  94.433 0.0000000000
74850  -43.497  -17.974  74.636 0.0000000000
75994  -40.454  -17.507  74.687 0.0000000000
63646  -25.067  -25.631  90.428 0.0000000000
70019  -29.161  -22.470  90.458 0.0000000000
63660  -27.048  -24.882  88.716 0.0000000000
62437  -23.927  -26.508  86.512 0.0000000000
62386  -3.586  -27.000  88.796 0.0000000000
62335  -4.062  -26.501  90.624 0.0000000000
61047  -5.920  -27.940  88.817 0.0000000000
62369  -9.348  -28.265  89.277 0.0000000000
59780  -11.028  -30.031  88.454 0.0000000000
56266  -8.687  -32.958  87.210 0.0000000000
86642  -50.648  -8.450  67.905 0.0000000000
84575  -47.446  -10.064  66.716 0.0000000000
55017  -12.104  -33.170  97.199 0.0000000000
53842  -11.910  -34.304  94.033 0.0000000000
52685  -10.716  -35.175  91.164 0.0000000000
57390  -18.083  -30.169  88.221 0.0000000000
56212  -17.443  -31.368  90.213 0.0000000000
55059  -16.587  -32.424  91.851 0.0000000000
53870  -14.166  -33.682  90.711 0.0000000000
53900  -12.296  -34.925  88.715 0.0000000000
70076  -4.307  -22.378  86.902 0.0000000000
67516  -5.385  -24.161  85.099 0.0000000000
65045  -6.151  -26.129  82.829 0.0000000000
61180  -6.165  -28.292  82.857 0.0000000000
63767  -4.852  -27.148  81.570 0.0000000000
66320  -6.171  -26.446  80.089 0.0000000000
60956  -7.982  -29.180  97.669 0.0000000000
58558  -8.368  -32.132  98.475 0.0000000000
58567  -9.575  -31.195  96.932 0.0000000000
59717  -10.332  -29.547  96.050 0.0000000000
58596  -9.819  -31.704  92.671 0.0000000000
58644  -7.988  -32.179  89.532 0.0000000000
57445  -6.341  -34.414  86.436 0.0000000000
52711  -3.785  -37.030  88.548 0.0000000000
52737  -4.089  -37.556  87.100 0.0000000000
52781  -5.338  -37.198  83.732 0.0000000000
77026  -36.997  -15.530  86.775 0.0000000000
79465  -36.146  -14.235  87.771 0.0000000000
75818  -36.168  -16.487  86.464 0.0000000000
74658  -37.234  -16.506  86.052 0.0000000000
75787  -34.776  -15.928  87.416 0.0000000000
74643  -35.085  -16.282  86.762 0.0000000000
76989  -35.054  -14.965  88.058 0.0000000000
75775  -34.031  -15.989  87.782 0.0000000000
87703  -52.473  -7.546  65.708 0.0000000000
86662  -51.171  -8.350  65.496 0.0000000000
133180  -50.638  -8.513  64.559 0.0000000000
133179  -51.621  -7.894  65.272 0.0000000000
86668  -52.252  -7.524  65.007 0.0000000000
73698  -44.914  -17.678  72.467 0.0000000000
73699  -45.917  -17.684  72.291 0.0000000000
73679  -45.616  -17.593  73.079 0.0000000000
73695  -41.614  -18.072  72.154 0.0000000000
73718  -43.029  -17.668  71.528 0.0000000000
73719  -44.025  -17.683  71.582 0.0000000000
56300  -8.106  -33.937  84.422 0.0000000000
56313  -8.568  -33.673  83.864 0.0000000000
55177  -7.601  -34.880  83.727 0.0000000000
54024  -7.008  -35.876  82.129 0.0000000000
55176  -6.856  -35.462  83.579 0.0000000000
51554  -9.410  -36.212  91.058 0.0000000000
51546  -8.569  -36.725  92.042 0.0000000000
73561  -40.456  -18.765  80.258 0.0000000000
72482  -40.241  -19.694  79.371 0.0000000000
73562  -40.860  -18.967  79.730 0.0000000000
73593  -41.186  -19.242  78.316 0.0000000000
88831  -54.497  -5.002  61.992 0.0000000000
90000  -53.689  -4.699  60.705 0.0000000000
91054  -54.213  -3.375  60.612 0.0000000000
60975  -6.748  -27.578  94.726 0.0000000000
62306  -8.218  -28.143  93.627 0.0000000000
62294  -8.302  -27.922  94.850 0.0000000000
81092  -48.483  -13.459  69.206 0.0000000000
82342  -50.034  -12.693  70.066 0.0000000000
78487  -47.001  -15.157  68.380 0.0000000000
78486  -45.829  -15.135  67.770 0.0000000000
79857  -47.427  -14.117  68.388 0.0000000000
81118  -47.462  -13.611  68.478 0.0000000000
56177  -15.510  -31.827  95.077 0.0000000000
55037  -15.738  -30.831  93.854 0.0000000000
62356  -23.104  -27.213  90.394 0.0000000000
61054  -21.850  -27.738  89.642 0.0000000000
70143  -8.168  -23.129  82.530 0.0000000000
61087  -4.430  -27.074  87.444 0.0000000000
62443  -4.083  -27.313  86.122 0.0000000000
59820  -4.434  -28.298  86.100 0.0000000000
57597  -6.589  -32.308  77.012 0.0000000000
59963  -6.921  -30.499  77.522 0.0000000000
58772  -6.436  -31.584  76.998 0.0000000000
60915  -9.743  -28.866  100.299 0.0000000000
58534  -10.859  -30.745  100.555 0.0000000000
56189  -4.351  -33.772  93.049 0.0000000000
57326  -4.837  -33.195  93.487 0.0000000000
57332  -5.064  -33.655  92.253 0.0000000000
57344  -5.513  -33.774  90.973 0.0000000000
56209  -5.023  -34.815  90.413 0.0000000000
74697  -38.865  -17.307  84.788 0.0000000000
133111  -38.139  -17.909  83.112 0.0000000000
73503  -39.692  -17.280  83.720 0.0000000000
74747  -39.683  -17.880  82.157 0.0000000000
74640  -31.430  -16.875  88.543 0.0000000000
74631  -31.224  -17.741  89.488 0.0000000000
72364  -30.803  -19.266  87.324 0.0000000000
71268  -29.710  -20.709  86.385 0.0000000000
88818  -54.880  -5.664  63.585 0.0000000000
86670  -53.420  -7.295  64.043 0.0000000000
86682  -52.894  -7.044  62.218 0.0000000000
87721  -53.642  -6.584  62.830 0.0000000000
88829  -54.044  -6.013  62.635 0.0000000000
76042  -46.815  -16.685  69.868 0.0000000000
76044  -48.101  -16.497  70.194 0.0000000000
73746  -47.983  -18.208  70.771 0.0000000000
73761  -44.274  -17.486  69.863 0.0000000000
73774  -43.694  -17.555  69.096 0.0000000000
74905  -45.247  -17.255  69.403 0.0000000000
76048  -46.138  -16.869  68.872 0.0000000000
133090  -4.949  -21.066  83.364 0.0000000000
71288  -5.785  -21.669  83.636 0.0000000000
71276  -5.105  -21.611  84.485 0.0000000000
62446  -10.190  -28.671  85.855 0.0000000000
62467  -9.427  -28.543  84.508 0.0000000000
61140  -10.726  -29.358  84.502 0.0000000000
56339  -8.510  -33.931  80.703 0.0000000000
57543  -9.833  -32.492  80.577 0.0000000000
56355  -8.783  -33.507  79.578 0.0000000000
56373  -8.470  -33.645  78.378 0.0000000000
55239  -7.918  -34.373  78.538 0.0000000000
54075  -7.124  -35.679  78.488 0.0000000000
52646  -10.011  -34.168  97.321 0.0000000000
53811  -9.768  -34.996  98.962 0.0000000000
52649  -8.708  -34.581  96.439 0.0000000000
51529  -7.563  -35.800  93.108 0.0000000000
52660  -7.783  -35.183  94.523 0.0000000000
52668  -6.647  -35.315  93.334 0.0000000000
53840  -6.037  -34.521  93.057 0.0000000000
73660  -42.849  -18.376  75.468 0.0000000000
74817  -41.606  -18.291  76.903 0.0000000000
74830  -40.322  -17.898  75.890 0.0000000000
74831  -41.551  -17.977  76.047 0.0000000000
75996  -42.104  -17.584  74.906 0.0000000000
67435  -26.014  -23.921  92.558 0.0000000000
63630  -25.524  -25.898  92.263 0.0000000000
64957  -26.569  -24.948  90.794 0.0000000000
72307  -30.714  -20.471  90.740 0.0000000000
71189  -29.623  -21.437  91.368 0.0000000000
68766  -30.037  -22.445  89.645 0.0000000000
63701  -27.120  -25.858  86.183 0.0000000000
63676  -27.624  -25.380  87.508 0.0000000000
62440  -26.301  -25.671  86.710 0.0000000000
62422  -24.870  -26.350  87.576 0.0000000000
62453  -24.610  -26.405  85.444 0.0000000000
62473  -23.248  -26.919  84.321 0.0000000000
61002  -5.758  -27.210  92.332 0.0000000000
61013  -5.688  -27.187  91.243 0.0000000000
61044  -4.643  -26.882  89.872 0.0000000000
61015  -6.690  -27.561  90.476 0.0000000000
61033  -7.140  -27.812  89.212 0.0000000000
62338  -7.548  -27.791  90.657 0.0000000000
62342  -10.982  -28.660  91.956 0.0000000000
62355  -10.423  -28.504  90.350 0.0000000000
59771  -11.011  -30.255  89.368 0.0000000000
58660  -10.020  -31.810  88.279 0.0000000000
58646  -9.917  -31.394  89.332 0.0000000000
85573  -50.061  -9.331  68.632 0.0000000000
86634  -50.807  -8.781  69.148 0.0000000000
85564  -50.614  -9.562  69.780 0.0000000000
83485  -47.573  -10.888  68.595 0.0000000000
83506  -47.025  -10.714  66.223 0.0000000000
85579  -48.052  -9.782  67.941 0.0000000000
85581  -49.526  -8.847  67.634 0.0000000000
55014  -13.323  -32.733  97.586 0.0000000000
53844  -12.982  -33.352  94.029 0.0000000000
53843  -12.578  -33.781  94.324 0.0000000000
53847  -11.892  -34.115  92.866 0.0000000000
52681  -11.414  -34.533  92.589 0.0000000000
52686  -11.904  -34.951  91.421 0.0000000000
58704  -18.027  -29.889  85.899 0.0000000000
58680  -18.909  -29.103  87.375 0.0000000000
57431  -17.769  -30.404  86.643 0.0000000000
53919  -15.677  -33.035  87.412 0.0000000000
56231  -17.185  -31.795  88.606 0.0000000000
55084  -16.077  -31.661  89.773 0.0000000000
56205  -17.286  -31.908  91.349 0.0000000000
55083  -15.616  -32.369  90.143 0.0000000000
53872  -15.208  -32.903  90.984 0.0000000000
53904  -14.713  -33.575  89.032 0.0000000000
52728  -13.027  -34.590  88.016 0.0000000000
68809  -3.909  -22.901  87.615 0.0000000000
66251  -4.271  -26.128  85.727 0.0000000000
67515  -4.695  -24.510  85.911 0.0000000000
66266  -4.772  -26.284  84.900 0.0000000000
66267  -5.680  -25.554  84.428 0.0000000000
65043  -5.096  -26.710  83.528 0.0000000000
59872  -7.467  -30.072  82.548 0.0000000000
59852  -6.558  -28.591  83.596 0.0000000000
59871  -7.105  -28.817  82.483 0.0000000000
61247  -6.349  -28.287  79.371 0.0000000000
62539  -5.645  -27.940  80.641 0.0000000000
62561  -5.740  -27.351  79.948 0.0000000000
65080  -5.089  -26.910  81.146 0.0000000000
63800  -5.974  -27.299  79.320 0.0000000000
65088  -6.325  -26.673  79.230 0.0000000000
60947  -7.773  -29.249  98.487 0.0000000000
56144  -7.456  -33.950  98.578 0.0000000000
57293  -8.492  -32.530  99.027 0.0000000000
57291  -7.639  -33.211  98.180 0.0000000000
58580  -7.863  -32.684  94.801 0.0000000000
57305  -9.132  -32.337  96.771 0.0000000000
58575  -9.647  -31.692  95.767 0.0000000000
59716  -9.932  -29.889  96.640 0.0000000000
58582  -9.693  -31.650  94.660 0.0000000000
59732  -10.240  -30.858  94.610 0.0000000000
58589  -9.680  -31.641  93.680 0.0000000000
57371  -6.069  -33.328  89.433 0.0000000000
58643  -7.427  -32.575  89.959 0.0000000000
57386  -6.830  -33.242  88.774 0.0000000000
57405  -7.155  -33.559  87.908 0.0000000000
57425  -5.955  -34.232  87.012 0.0000000000
51581  -3.559  -38.179  87.501 0.0000000000
52725  -3.566  -37.185  87.916 0.0000000000
75829  -39.018  -16.636  85.532 0.0000000000
74711  -35.502  -17.984  84.157 0.0000000000
74727  -36.200  -18.418  83.563 0.0000000000
74696  -36.743  -16.957  84.869 0.0000000000
73473  -37.848  -17.096  85.141 0.0000000000
75814  -32.525  -17.186  87.354 0.0000000000
74674  -33.812  -16.481  85.939 0.0000000000
74693  -34.211  -16.802  85.000 0.0000000000
75785  -32.988  -16.527  88.202 0.0000000000
87705  -54.146  -7.025  65.072 0.0000000000
85623  -49.452  -8.394  63.195 0.0000000000
86687  -50.790  -8.309  62.605 0.0000000000
85614  -51.265  -8.143  62.297 0.0000000000
86672  -51.813  -7.847  63.900 0.0000000000
86669  -52.840  -7.440  64.453 0.0000000000
73744  -46.419  -17.573  71.134 0.0000000000
73723  -48.030  -18.927  71.064 0.0000000000
73700  -46.672  -18.705  72.082 0.0000000000
74865  -47.135  -18.283  73.085 0.0000000000
73675  -39.836  -17.381  73.094 0.0000000000
73715  -40.111  -17.448  71.628 0.0000000000
73738  -40.301  -17.548  70.710 0.0000000000
73757  -40.543  -17.587  69.785 0.0000000000
73772  -41.863  -17.378  68.990 0.0000000000
73759  -42.667  -17.636  69.908 0.0000000000
73742  -44.193  -17.639  70.713 0.0000000000
58701  -10.614  -31.873  84.981 0.0000000000
57486  -10.917  -31.605  83.710 0.0000000000
57484  -10.031  -32.576  83.498 0.0000000000
56331  -8.926  -33.788  81.830 0.0000000000
55201  -7.748  -35.143  81.158 0.0000000000
54059  -7.294  -35.850  79.890 0.0000000000
54042  -7.255  -35.844  81.118 0.0000000000
51675  -6.291  -37.231  80.876 0.0000000000
52671  -9.906  -35.218  94.106 0.0000000000
52655  -8.573  -34.831  95.506 0.0000000000
51531  -8.796  -35.912  93.502 0.0000000000
74808  -42.547  -18.510  77.694 0.0000000000
71355  -39.079  -20.229  80.589 0.0000000000
70198  -38.275  -21.230  79.586 0.0000000000
71382  -39.398  -20.128  79.570 0.0000000000
71412  -39.093  -19.965  78.732 0.0000000000
72511  -38.536  -19.782  78.189 0.0000000000
73604  -40.379  -19.102  77.694 0.0000000000
74807  -41.455  -18.688  77.715 0.0000000000
69992  -27.786  -21.819  91.704 0.0000000000
68820  -29.256  -22.667  87.563 0.0000000000
67483  -29.159  -23.900  88.361 0.0000000000
66230  -28.787  -24.434  86.843 0.0000000000
63702  -27.791  -25.883  85.656 0.0000000000
88856  -52.466  -5.711  59.112 0.0000000000
88857  -52.724  -5.209  58.875 0.0000000000
88861  -52.517  -4.551  58.041 0.0000000000
88870  -53.313  -4.268  57.154 0.0000000000
60994  -6.638  -28.015  92.543 0.0000000000
62327  -7.780  -27.960  91.668 0.0000000000
62316  -8.025  -28.046  92.615 0.0000000000
62318  -9.983  -27.864  93.204 0.0000000000
60997  -11.257  -29.019  92.922 0.0000000000
83479  -48.971  -11.455  69.571 0.0000000000
83480  -49.731  -11.545  70.211 0.0000000000
78518  -44.639  -14.906  66.509 0.0000000000
79854  -44.729  -13.981  67.195 0.0000000000
82369  -45.643  -12.740  66.995 0.0000000000
81116  -45.987  -13.292  67.543 0.0000000000
83493  -47.519  -12.224  68.926 0.0000000000
56161  -14.043  -32.370  96.613 0.0000000000
56170  -14.604  -32.034  95.815 0.0000000000
55034  -14.539  -32.426  94.160 0.0000000000
53856  -13.844  -33.235  92.518 0.0000000000
53958  -15.360  -33.304  85.921 0.0000000000
53917  -14.148  -33.862  88.111 0.0000000000
67491  -3.493  -24.902  87.609 0.0000000000
67492  -3.677  -24.077  87.495 0.0000000000
65001  -4.036  -25.940  86.800 0.0000000000
65012  -4.143  -26.474  85.856 0.0000000000
62487  -3.766  -27.304  84.506 0.0000000000
59930  -8.266  -29.736  79.203 0.0000000000
59911  -7.350  -29.251  80.133 0.0000000000
59929  -7.510  -29.323  78.991 0.0000000000
59946  -6.881  -29.500  77.812 0.0000000000
61289  -6.564  -29.070  77.802 0.0000000000
63561  -8.939  -27.181  100.039 0.0000000000
60914  -9.023  -28.693  100.146 0.0000000000
59685  -9.494  -29.599  99.668 0.0000000000
56166  -6.196  -33.909  95.698 0.0000000000
57303  -7.052  -32.995  96.663 0.0000000000
57311  -6.219  -33.093  95.506 0.0000000000
58585  -6.179  -33.561  94.008 0.0000000000
58593  -7.292  -33.330  93.008 0.0000000000
58594  -8.373  -33.029  92.654 0.0000000000
58624  -6.612  -33.277  91.151 0.0000000000
57359  -5.964  -33.490  90.392 0.0000000000
56227  -5.512  -34.198  88.289 0.0000000000
71353  -36.920  -20.828  81.085 0.0000000000
133112  -37.086  -18.578  83.194 0.0000000000
71320  -37.756  -19.812  82.168 0.0000000000
133114  -38.421  -20.066  81.886 0.0000000000
73547  -39.584  -18.899  81.557 0.0000000000
74760  -40.337  -18.048  81.458 0.0000000000
72308  -30.835  -20.051  90.875 0.0000000000
74614  -32.024  -17.741  90.226 0.0000000000
73437  -30.721  -19.138  89.797 0.0000000000
71229  -30.160  -21.203  89.596 0.0000000000
70082  -29.033  -21.741  86.943 0.0000000000
86688  -51.984  -6.890  61.128 0.0000000000
87725  -53.634  -5.886  61.290 0.0000000000
88830  -54.193  -5.656  62.088 0.0000000000
77224  -47.657  -15.371  68.767 0.0000000000
79826  -49.012  -14.251  69.752 0.0000000000
78476  -48.510  -15.257  69.830 0.0000000000
73773  -42.854  -17.400  69.064 0.0000000000
74936  -45.568  -17.493  67.557 0.0000000000
77212  -46.611  -16.306  68.581 0.0000000000
62434  -21.703  -27.675  86.675 0.0000000000
62417  -21.259  -28.188  87.575 0.0000000000
62447  -20.517  -28.542  85.232 0.0000000000
59844  -18.757  -29.691  84.423 0.0000000000
70141  -7.040  -22.203  83.039 0.0000000000
68876  -7.390  -23.553  83.110 0.0000000000
61091  -6.474  -29.002  86.978 0.0000000000
61123  -6.209  -28.410  85.603 0.0000000000
61125  -7.511  -28.631  85.378 0.0000000000
61158  -8.258  -29.338  83.775 0.0000000000
59895  -9.129  -30.136  81.733 0.0000000000
58727  -10.628  -31.242  82.636 0.0000000000
59915  -9.886  -30.517  81.181 0.0000000000
59932  -9.291  -30.591  80.202 0.0000000000
58761  -8.673  -31.328  78.098 0.0000000000
56132  -10.172  -32.295  99.352 0.0000000000
54998  -9.958  -33.518  98.529 0.0000000000
53805  -8.463  -34.952  99.113 0.0000000000
53815  -6.489  -34.948  97.371 0.0000000000
52654  -8.138  -35.021  95.542 0.0000000000
53829  -7.186  -34.627  95.799 0.0000000000
53821  -6.544  -34.586  96.399 0.0000000000
55026  -5.884  -33.963  94.213 0.0000000000
55030  -4.891  -34.626  93.131 0.0000000000
55055  -4.972  -35.152  91.215 0.0000000000
74862  -43.417  -17.951  73.917 0.0000000000
73663  -45.092  -19.025  74.303 0.0000000000
73662  -44.445  -18.781  74.928 0.0000000000
68950  -38.081  -22.101  78.420 0.0000000000
74858  -39.391  -17.229  73.444 0.0000000000
74861  -42.455  -17.952  73.685 0.0000000000
62345  -24.629  -26.597  91.653 0.0000000000
62374  -23.473  -26.598  89.418 0.0000000000
73404  -29.154  -20.446  92.861 0.0000000000
71188  -28.904  -21.623  91.813 0.0000000000
68752  -28.173  -22.825  90.443 0.0000000000
66204  -29.302  -24.597  89.086 0.0000000000
64959  -28.005  -24.550  89.414 0.0000000000
66193  -27.300  -24.119  90.318 0.0000000000
63658  -25.016  -25.556  89.240 0.0000000000
62398  -23.997  -26.216  88.465 0.0000000000
62420  -23.322  -26.804  87.621 0.0000000000
62450  -22.097  -27.401  85.669 0.0000000000
91071  -53.799  -3.783  56.845 0.0000000000
92028  -53.933  -3.461  56.014 0.0000000000
92033  -54.620  -2.986  55.127 0.0000000000
63686  -4.054  -26.483  88.645 0.0000000000
61088  -4.656  -27.499  87.890 0.0000000000
62350  -3.836  -26.677  89.760 0.0000000000
61064  -4.352  -27.436  88.970 0.0000000000
61066  -5.330  -28.420  88.268 0.0000000000
61068  -7.013  -28.528  87.752 0.0000000000
62390  -8.510  -28.419  87.982 0.0000000000
62415  -10.195  -28.430  87.807 0.0000000000
62354  -9.514  -28.176  90.213 0.0000000000
61071  -10.735  -29.117  88.459 0.0000000000
59795  -10.951  -30.363  87.187 0.0000000000
58676  -10.381  -31.577  87.154 0.0000000000
57430  -9.664  -32.290  86.244 0.0000000000
57448  -8.196  -33.145  85.548 0.0000000000
86643  -51.596  -8.074  67.579 0.0000000000
83513  -46.369  -11.450  66.072 0.0000000000
83514  -46.894  -10.512  65.298 0.0000000000
83507  -47.334  -10.204  65.214 0.0000000000
85596  -48.408  -8.983  65.512 0.0000000000
86653  -50.082  -8.333  66.757 0.0000000000
55011  -11.823  -34.103  97.834 0.0000000000
53831  -11.016  -34.254  96.094 0.0000000000
55023  -12.777  -33.204  96.023 0.0000000000
53833  -12.221  -33.417  95.953 0.0000000000
52665  -10.898  -34.670  95.050 0.0000000000
51549  -10.255  -35.435  92.144 0.0000000000
59782  -20.295  -29.217  88.681 0.0000000000
58648  -19.615  -29.457  89.551 0.0000000000
57362  -18.903  -30.220  90.363 0.0000000000
56249  -17.310  -31.582  87.794 0.0000000000
57374  -18.112  -30.599  89.246 0.0000000000
57348  -18.886  -30.169  91.682 0.0000000000
57335  -18.221  -30.747  92.097 0.0000000000
56195  -17.475  -31.520  92.320 0.0000000000
56190  -16.615  -30.444  92.938 0.0000000000
55047  -15.856  -32.350  92.458 0.0000000000
55056  -14.768  -33.395  91.751 0.0000000000
53862  -13.522  -34.308  91.378 0.0000000000
52729  -13.628  -34.235  88.426 0.0000000000
52703  -13.181  -34.265  89.899 0.0000000000
52693  -13.150  -34.471  90.747 0.0000000000
52691  -11.347  -35.036  90.219 0.0000000000
71275  -4.001  -21.764  85.728 0.0000000000
67507  -4.133  -23.978  86.726 0.0000000000
70091  -4.469  -22.678  85.671 0.0000000000
70092  -5.239  -22.439  85.247 0.0000000000
68862  -5.944  -23.401  84.453 0.0000000000
67528  -6.609  -24.284  83.742 0.0000000000
66294  -6.685  -25.538  82.399 0.0000000000
59836  -5.864  -28.079  84.831 0.0000000000
61154  -5.566  -27.907  83.981 0.0000000000
61178  -4.927  -27.448  83.369 0.0000000000
59891  -6.431  -28.955  80.886 0.0000000000
61203  -5.132  -27.827  82.676 0.0000000000
63765  -4.621  -27.185  82.743 0.0000000000
65072  -5.084  -26.572  81.830 0.0000000000
66302  -6.219  -26.044  81.429 0.0000000000
67561  -6.834  -25.493  81.349 0.0000000000
66322  -7.471  -25.884  79.739 0.0000000000
58540  -9.476  -31.970  100.123 0.0000000000
58546  -9.705  -31.286  99.356 0.0000000000
59698  -9.651  -30.359  99.042 0.0000000000
57304  -7.924  -32.240  97.068 0.0000000000
58566  -9.028  -31.776  97.536 0.0000000000
59704  -9.703  -30.058  98.376 0.0000000000
59708  -9.672  -29.454  97.512 0.0000000000
60968  -9.370  -28.975  96.709 0.0000000000
62284  -9.364  -28.252  95.846 0.0000000000
62286  -10.720  -28.662  95.426 0.0000000000
59738  -10.848  -30.240  93.593 0.0000000000
59747  -10.517  -30.785  91.984 0.0000000000
58606  -8.064  -32.447  91.645 0.0000000000
58627  -9.054  -32.138  90.526 0.0000000000
58645  -9.061  -31.950  89.472 0.0000000000
58658  -8.271  -32.192  88.586 0.0000000000
57427  -7.378  -33.706  86.845 0.0000000000
56282  -6.966  -34.320  85.372 0.0000000000
53866  -3.791  -35.709  90.717 0.0000000000
52700  -4.137  -36.721  88.945 0.0000000000
55079  -4.303  -35.803  90.024 0.0000000000
55092  -4.721  -35.214  88.776 0.0000000000
55108  -4.569  -35.147  87.917 0.0000000000
55125  -4.350  -35.111  87.122 0.0000000000
55143  -4.507  -35.963  86.540 0.0000000000
55144  -4.691  -35.284  86.354 0.0000000000
55145  -5.221  -35.243  86.011 0.0000000000
55163  -5.627  -35.493  85.305 0.0000000000
55164  -6.091  -35.425  84.474 0.0000000000
52800  -5.567  -37.480  82.852 0.0000000000
51650  -5.172  -38.008  81.961 0.0000000000
77017  -36.586  -15.266  87.073 0.0000000000
78270  -36.835  -14.880  87.108 0.0000000000
78255  -35.937  -14.679  87.645 0.0000000000
75804  -36.470  -16.008  86.692 0.0000000000
75788  -35.644  -15.683  87.175 0.0000000000
75803  -35.647  -16.123  86.729 0.0000000000
78254  -35.533  -14.884  87.731 0.0000000000
75776  -34.855  -15.546  87.652 0.0000000000
78239  -35.760  -14.439  87.867 0.0000000000
87697  -52.551  -7.525  66.650 0.0000000000
86655  -51.682  -7.898  66.615 0.0000000000
87702  -51.906  -7.750  66.068 0.0000000000
87708  -51.788  -7.735  65.536 0.0000000000
73678  -44.990  -18.116  73.479 0.0000000000
74878  -43.501  -17.756  73.281 0.0000000000
73696  -42.562  -17.706  72.263 0.0000000000
56299  -7.353  -34.290  84.665 0.0000000000
55166  -7.802  -34.490  84.251 0.0000000000
55165  -7.477  -34.611  84.256 0.0000000000
50452  -8.960  -36.471  90.948 0.0000000000
62293  -7.178  -28.201  95.158 0.0000000000
81101  -48.354  -14.029  68.824 0.0000000000
81093  -48.898  -13.596  69.342 0.0000000000
79830  -48.532  -14.069  69.011 0.0000000000
78488  -47.655  -15.186  68.518 0.0000000000
79839  -47.910  -14.423  68.467 0.0000000000
81100  -48.193  -13.664  68.929 0.0000000000
56179  -16.969  -30.960  95.172 0.0000000000
56185  -15.803  -31.263  94.367 0.0000000000
56186  -16.324  -30.539  94.079 0.0000000000
61055  -22.752  -28.064  89.410 0.0000000000
61039  -22.440  -27.382  90.212 0.0000000000
62372  -22.215  -28.240  89.128 0.0000000000
67544  -8.032  -24.427  82.640 0.0000000000
67545  -8.515  -24.107  82.228 0.0000000000
61109  -4.474  -28.202  87.121 0.0000000000
59808  -4.404  -28.248  86.633 0.0000000000
59809  -4.787  -28.669  86.565 0.0000000000
58531  -11.182  -30.342  100.357 0.0000000000
56194  -4.605  -34.184  92.094 0.0000000000
56204  -5.298  -33.990  90.928 0.0000000000
74698  -39.400  -17.226  84.391 0.0000000000
73489  -39.738  -17.199  83.976 0.0000000000
73504  -39.978  -17.132  83.657 0.0000000000
73458  -31.508  -18.123  87.256 0.0000000000
73457  -31.019  -18.234  87.869 0.0000000000
73470  -31.300  -18.782  87.036 0.0000000000
88817  -54.409  -6.248  64.038 0.0000000000
87710  -54.044  -6.923  64.414 0.0000000000
87714  -53.870  -6.789  63.651 0.0000000000
88824  -54.249  -6.122  63.299 0.0000000000
76032  -46.747  -17.048  70.413 0.0000000000
76033  -47.342  -17.022  70.421 0.0000000000
74898  -47.393  -17.599  70.736 0.0000000000
74896  -45.550  -17.121  70.431 0.0000000000
73762  -44.817  -17.241  69.712 0.0000000000
76030  -45.674  -17.063  70.255 0.0000000000
76041  -46.173  -16.983  69.766 0.0000000000
133091  -4.446  -20.588  84.218 0.0000000000
133087  -4.427  -20.962  84.057 0.0000000000
71287  -4.782  -21.046  83.481 0.0000000000
62468  -10.260  -28.612  84.793 0.0000000000
61141  -10.971  -29.652  84.908 0.0000000000
56354  -8.255  -34.072  80.075 0.0000000000
55240  -8.282  -34.220  78.821 0.0000000000
55220  -7.454  -35.164  78.977 0.0000000000
55219  -7.205  -35.025  78.246 0.0000000000
52651  -9.962  -34.211  96.747 0.0000000000
52645  -9.571  -34.348  97.458 0.0000000000
52650  -9.415  -34.441  96.586 0.0000000000
52669  -7.275  -35.565  93.758 0.0000000000
73643  -42.281  -18.565  75.937 0.0000000000
73624  -43.403  -19.210  76.609 0.0000000000
68899  -37.094  -21.615  79.974 0.0000000000
68735  -26.830  -22.871  91.958 0.0000000000
68749  -26.421  -23.742  92.199 0.0000000000
64953  -25.705  -24.957  91.655 0.0000000000
66192  -26.579  -24.282  91.271 0.0000000000
71204  -31.181  -21.652  90.497 0.0000000000
70008  -30.728  -22.020  90.526 0.0000000000
70021  -31.137  -22.299  90.044 0.0000000000
62455  -26.520  -26.011  85.485 0.0000000000
62454  -25.488  -26.217  85.537 0.0000000000
62439  -25.628  -26.129  86.589 0.0000000000
62474  -24.391  -26.476  84.156 0.0000000000
61003  -6.100  -27.637  91.922 0.0000000000
61012  -5.374  -26.825  91.673 0.0000000000
61014  -6.141  -27.362  90.862 0.0000000000
62337  -7.035  -27.598  91.055 0.0000000000
61017  -11.183  -29.304  91.578 0.0000000000
61034  -10.938  -29.345  90.433 0.0000000000
58647  -10.425  -30.995  88.979 0.0000000000
59759  -10.245  -30.875  89.963 0.0000000000
84557  -48.428  -10.417  68.618 0.0000000000
84565  -47.708  -10.264  68.070 0.0000000000
85571  -48.926  -10.061  68.494 0.0000000000
85572  -49.329  -9.721  68.420 0.0000000000
53849  -13.155  -33.311  93.308 0.0000000000
53848  -12.440  -33.779  93.112 0.0000000000
53853  -12.385  -34.721  92.022 0.0000000000
53861  -13.034  -34.940  91.640 0.0000000000
58703  -17.826  -30.402  85.276 0.0000000000
57452  -17.584  -30.602  85.976 0.0000000000
57451  -17.457  -30.924  85.514 0.0000000000
55110  -15.562  -32.921  88.137 0.0000000000
55111  -16.011  -32.518  88.056 0.0000000000
55095  -15.864  -32.637  89.041 0.0000000000
53905  -15.352  -33.129  89.601 0.0000000000
68808  -3.749  -23.493  87.696 0.0000000000
66265  -3.897  -26.654  84.778 0.0000000000
66280  -4.455  -26.754  84.383 0.0000000000
65027  -5.267  -26.307  84.110 0.0000000000
59893  -7.547  -29.936  81.550 0.0000000000
62559  -5.955  -27.815  78.337 0.0000000000
62560  -5.919  -27.696  79.376 0.0000000000
63799  -5.635  -27.678  78.400 0.0000000000
63815  -5.438  -27.782  78.332 0.0000000000
63816  -6.155  -27.013  78.489 0.0000000000
60939  -8.641  -29.446  99.006 0.0000000000
56152  -7.079  -33.913  98.251 0.0000000000
56153  -7.679  -33.559  98.412 0.0000000000
56160  -7.048  -33.671  97.230 0.0000000000
58574  -8.733  -32.714  95.451 0.0000000000
58588  -8.874  -32.211  93.696 0.0000000000
57385  -6.175  -33.374  88.728 0.0000000000
57403  -5.679  -34.030  87.980 0.0000000000
57404  -6.360  -33.821  87.990 0.0000000000
57424  -5.365  -34.465  87.347 0.0000000000
49432  -2.854  -39.989  87.599 0.0000000000
50497  -3.128  -39.063  88.192 0.0000000000
73484  -36.028  -17.481  84.571 0.0000000000
73500  -36.192  -17.850  84.280 0.0000000000
74695  -36.306  -17.129  85.015 0.0000000000
74659  -37.821  -16.505  85.969 0.0000000000
74678  -37.648  -16.674  85.607 0.0000000000
74679  -38.403  -16.897  85.446 0.0000000000
75815  -33.103  -17.007  87.116 0.0000000000
74653  -33.227  -17.028  86.815 0.0000000000
74654  -33.581  -16.786  86.751 0.0000000000
74656  -35.616  -16.522  86.342 0.0000000000
74675  -34.974  -16.405  85.637 0.0000000000
74694  -35.413  -17.061  84.811 0.0000000000
75786  -33.827  -16.087  87.880 0.0000000000
77025  -32.860  -16.683  87.841 0.0000000000
86658  -53.853  -7.350  65.244 0.0000000000
87699  -54.128  -7.205  65.626 0.0000000000
84590  -48.227  -9.925  63.789 0.0000000000
133177  -48.746  -8.750  64.469 0.0000000000
133184  -51.043  -8.493  64.377 0.0000000000
86686  -50.589  -8.329  62.901 0.0000000000
86679  -51.141  -8.252  62.855 0.0000000000
133185  -51.479  -8.129  63.890 0.0000000000
86664  -53.247  -7.388  65.255 0.0000000000
86665  -53.638  -7.274  64.774 0.0000000000
73721  -46.192  -17.690  71.630 0.0000000000
74864  -46.269  -17.703  72.858 0.0000000000
73680  -46.459  -18.287  72.701 0.0000000000
74874  -40.699  -17.827  72.687 0.0000000000
73694  -40.809  -17.911  72.210 0.0000000000
73716  -41.090  -17.691  71.528 0.0000000000
73739  -41.404  -17.580  70.734 0.0000000000
73758  -41.680  -17.433  69.897 0.0000000000
73740  -42.413  -17.689  70.734 0.0000000000
73743  -45.140  -17.289  70.787 0.0000000000
57467  -10.329  -32.317  84.258 0.0000000000
57466  -9.421  -32.694  84.405 0.0000000000
55191  -8.231  -34.508  82.713 0.0000000000
56322  -9.034  -34.105  83.124 0.0000000000
55202  -8.118  -34.535  81.540 0.0000000000
54023  -6.752  -36.326  82.660 0.0000000000
52820  -6.609  -36.896  81.671 0.0000000000
51674  -5.853  -37.617  80.926 0.0000000000
51533  -9.641  -35.379  93.804 0.0000000000
52670  -9.578  -35.249  94.119 0.0000000000
51532  -9.437  -35.554  93.747 0.0000000000
72441  -39.634  -19.579  80.717 0.0000000000
70180  -38.900  -20.217  79.990 0.0000000000
71356  -39.582  -20.178  80.060 0.0000000000
71398  -39.442  -19.956  79.204 0.0000000000
72496  -39.723  -19.737  78.942 0.0000000000
71432  -38.702  -19.976  78.412 0.0000000000
72512  -39.390  -19.523  78.311 0.0000000000
72513  -40.538  -19.539  78.108 0.0000000000
73605  -40.990  -19.288  77.870 0.0000000000
69977  -27.034  -21.764  91.874 0.0000000000
71150  -27.374  -21.292  91.954 0.0000000000
68835  -29.243  -23.217  86.573 0.0000000000
67497  -29.110  -23.722  87.297 0.0000000000
67509  -28.845  -23.688  86.422 0.0000000000
87750  -52.832  -6.046  59.879 0.0000000000
88849  -52.699  -5.937  59.595 0.0000000000
88850  -53.082  -5.712  59.937 0.0000000000
88851  -53.293  -4.995  59.929 0.0000000000
88858  -53.330  -4.770  58.837 0.0000000000
90009  -53.911  -4.330  58.598 0.0000000000
91060  -54.168  -3.923  60.162 0.0000000000
60986  -7.347  -28.133  93.081 0.0000000000
62307  -9.305  -28.154  94.122 0.0000000000
62319  -10.747  -28.580  93.223 0.0000000000
83478  -48.565  -11.663  69.619 0.0000000000
82341  -49.360  -12.339  69.907 0.0000000000
77238  -44.669  -15.989  67.572 0.0000000000
78504  -44.928  -14.816  67.315 0.0000000000
79855  -45.125  -14.528  67.407 0.0000000000
79836  -45.295  -14.025  67.488 0.0000000000
81115  -45.320  -13.540  67.341 0.0000000000
81098  -45.688  -13.818  67.554 0.0000000000
82348  -48.333  -12.863  69.272 0.0000000000
82372  -47.309  -13.014  68.500 0.0000000000
83486  -48.009  -11.388  69.305 0.0000000000
56171  -15.458  -31.800  95.937 0.0000000000
55035  -15.471  -32.119  93.766 0.0000000000
56183  -15.257  -32.244  94.279 0.0000000000
55040  -14.162  -32.731  93.005 0.0000000000
55127  -14.872  -33.585  86.019 0.0000000000
55147  -14.416  -34.084  85.693 0.0000000000
66237  -3.647  -25.531  87.264 0.0000000000
61122  -4.267  -27.817  85.770 0.0000000000
63708  -4.066  -26.729  86.102 0.0000000000
63719  -3.269  -27.023  85.073 0.0000000000
58747  -8.646  -30.268  78.133 0.0000000000
59948  -8.088  -29.802  78.169 0.0000000000
61270  -6.415  -28.543  78.309 0.0000000000
61310  -6.656  -29.839  76.959 0.0000000000
59680  -10.123  -29.650  100.181 0.0000000000
60923  -9.545  -29.297  100.193 0.0000000000
60922  -8.850  -29.110  99.875 0.0000000000
56174  -5.447  -33.457  94.959 0.0000000000
56175  -6.169  -33.290  95.238 0.0000000000
57310  -5.572  -33.142  95.066 0.0000000000
57327  -5.479  -33.072  93.979 0.0000000000
58592  -6.290  -33.494  93.388 0.0000000000
58586  -7.012  -33.324  94.215 0.0000000000
58604  -6.487  -33.379  92.301 0.0000000000
57358  -5.570  -33.754  90.082 0.0000000000
57370  -5.716  -33.674  89.368 0.0000000000
57369  -5.586  -34.177  89.154 0.0000000000
71381  -36.453  -20.934  80.690 0.0000000000
72439  -36.706  -20.373  81.746 0.0000000000
133110  -36.898  -18.091  83.820 0.0000000000
73514  -36.663  -18.424  83.498 0.0000000000
74729  -38.528  -18.160  82.762 0.0000000000
133113  -37.689  -18.628  83.002 0.0000000000
74746  -39.068  -18.972  82.403 0.0000000000
72440  -39.126  -19.920  81.456 0.0000000000
73531  -39.943  -18.370  81.535 0.0000000000
75860  -32.884  -17.234  84.425 0.0000000000
72296  -31.535  -19.846  91.133 0.0000000000
73415  -31.960  -19.517  90.928 0.0000000000
75768  -32.090  -17.032  89.744 0.0000000000
73436  -30.651  -19.172  89.080 0.0000000000
72331  -30.508  -19.845  89.112 0.0000000000
72332  -30.495  -20.362  89.667 0.0000000000
72344  -30.091  -20.588  89.147 0.0000000000
71240  -29.855  -21.183  88.780 0.0000000000
71253  -29.781  -20.902  87.421 0.0000000000
70099  -29.434  -21.653  85.806 0.0000000000
89978  -55.880  -5.338  63.023 0.0000000000
85625  -50.924  -7.675  61.528 0.0000000000
85615  -51.738  -7.736  62.174 0.0000000000
85627  -52.294  -7.081  61.610 0.0000000000
86703  -52.532  -6.482  60.614 0.0000000000
87724  -53.478  -6.289  61.848 0.0000000000
88825  -54.664  -5.676  62.933 0.0000000000
88826  -54.996  -5.271  62.741 0.0000000000
76064  -47.465  -15.618  69.024 0.0000000000
78479  -48.251  -15.244  69.326 0.0000000000
76051  -48.048  -15.893  69.763 0.0000000000
76034  -48.306  -16.681  70.689 0.0000000000
77207  -48.545  -15.966  70.283 0.0000000000
73701  -47.597  -19.056  71.916 0.0000000000
73775  -44.404  -17.625  69.041 0.0000000000
73811  -44.059  -17.189  67.930 0.0000000000
73790  -45.156  -17.071  68.287 0.0000000000
76049  -47.016  -16.349  69.225 0.0000000000
74910  -45.377  -16.722  68.190 0.0000000000
77213  -47.035  -16.070  68.764 0.0000000000
77223  -47.176  -15.716  68.577 0.0000000000
62448  -20.922  -28.470  85.625 0.0000000000
62469  -20.849  -28.471  84.897 0.0000000000
59845  -19.450  -28.992  84.191 0.0000000000
71306  -5.084  -21.029  82.343 0.0000000000
70122  -6.197  -22.115  83.856 0.0000000000
71308  -6.591  -21.736  82.921 0.0000000000
70124  -7.163  -23.081  83.296 0.0000000000
68875  -6.915  -23.577  83.532 0.0000000000
61092  -7.161  -28.754  86.837 0.0000000000
61112  -6.878  -28.498  86.146 0.0000000000
61126  -8.207  -28.736  85.592 0.0000000000
61159  -9.404  -29.293  83.696 0.0000000000
61139  -9.037  -28.777  84.329 0.0000000000
59856  -9.488  -30.037  82.996 0.0000000000
59855  -8.773  -30.148  83.305 0.0000000000
59875  -9.710  -29.857  82.435 0.0000000000
57485  -10.531  -31.870  83.397 0.0000000000
58717  -10.638  -31.504  83.063 0.0000000000
57526  -10.620  -31.889  82.086 0.0000000000
57561  -9.541  -32.655  79.666 0.0000000000
58740  -10.221  -31.472  80.839 0.0000000000
58750  -9.802  -31.543  79.981 0.0000000000
59933  -9.772  -30.826  80.540 0.0000000000
58749  -9.305  -31.048  79.422 0.0000000000
58762  -9.266  -31.631  78.659 0.0000000000
56372  -7.832  -33.871  77.752 0.0000000000
57599  -7.827  -32.802  77.479 0.0000000000
52863  -7.080  -36.252  79.670 0.0000000000
52862  -6.717  -36.587  79.413 0.0000000000
54994  -10.836  -32.352  98.745 0.0000000000
53808  -10.254  -34.040  98.546 0.0000000000
53817  -8.379  -35.075  98.228 0.0000000000
53810  -8.858  -35.227  99.011 0.0000000000
53809  -8.043  -35.014  98.597 0.0000000000
55010  -7.323  -34.813  98.398 0.0000000000
53816  -7.369  -35.160  97.893 0.0000000000
52652  -7.577  -34.638  94.902 0.0000000000
52653  -8.024  -34.764  95.315 0.0000000000
53828  -6.847  -34.371  95.315 0.0000000000
55020  -6.377  -34.019  95.017 0.0000000000
53827  -6.497  -34.292  94.585 0.0000000000
53846  -5.713  -35.044  92.440 0.0000000000
53839  -5.361  -34.778  92.671 0.0000000000
55038  -4.879  -34.751  92.502 0.0000000000
73676  -43.911  -18.152  74.588 0.0000000000
70214  -38.434  -21.393  79.055 0.0000000000
75983  -40.115  -17.560  75.290 0.0000000000
74829  -39.398  -17.748  75.409 0.0000000000
75993  -39.856  -17.511  75.023 0.0000000000
74846  -39.643  -17.642  74.355 0.0000000000
74849  -42.890  -17.703  74.755 0.0000000000
74848  -41.956  -17.799  74.199 0.0000000000
63636  -25.166  -26.096  91.459 0.0000000000
63635  -24.996  -26.495  91.771 0.0000000000
62359  -24.836  -26.199  91.199 0.0000000000
62357  -23.613  -26.757  90.348 0.0000000000
62375  -23.960  -25.808  89.497 0.0000000000
70007  -29.725  -21.842  90.622 0.0000000000
70006  -28.613  -22.302  91.258 0.0000000000
66223  -29.106  -24.676  87.757 0.0000000000
67473  -29.505  -24.116  89.025 0.0000000000
64978  -29.083  -25.251  87.998 0.0000000000
63675  -26.852  -25.517  88.203 0.0000000000
64968  -28.322  -24.899  89.194 0.0000000000
64976  -27.668  -24.950  89.025 0.0000000000
64958  -27.389  -24.510  90.020 0.0000000000
66213  -27.000  -24.727  89.483 0.0000000000
64966  -26.869  -24.927  89.864 0.0000000000
63659  -26.178  -25.254  89.334 0.0000000000
62399  -24.754  -25.759  88.524 0.0000000000
62421  -24.051  -26.519  87.516 0.0000000000
62436  -23.091  -26.659  86.597 0.0000000000
62435  -22.399  -27.136  86.694 0.0000000000
63722  -21.897  -27.469  84.021 0.0000000000
90011  -53.632  -3.967  57.617 0.0000000000
90016  -53.641  -3.965  56.925 0.0000000000
91066  -53.906  -3.723  57.136 0.0000000000
92032  -54.150  -3.490  55.630 0.0000000000
93029  -54.746  -2.079  56.536 0.0000000000
64984  -4.085  -26.054  88.943 0.0000000000
62409  -4.414  -26.763  88.163 0.0000000000
62410  -4.183  -27.093  88.655 0.0000000000
62336  -4.543  -26.295  91.440 0.0000000000
62351  -4.303  -26.640  90.312 0.0000000000
61046  -5.420  -27.770  89.157 0.0000000000
61045  -5.014  -27.389  89.524 0.0000000000
61065  -4.988  -27.845  88.547 0.0000000000
61067  -6.080  -28.489  87.936 0.0000000000
61048  -6.618  -28.198  88.685 0.0000000000
62368  -8.307  -28.061  88.910 0.0000000000
61050  -7.980  -28.400  88.367 0.0000000000
62391  -9.338  -28.268  88.347 0.0000000000
62414  -9.372  -28.443  87.400 0.0000000000
62328  -8.819  -27.942  91.972 0.0000000000
62339  -8.651  -27.903  90.966 0.0000000000
59772  -11.097  -29.797  88.991 0.0000000000
61051  -10.813  -29.287  89.423 0.0000000000
61072  -10.922  -29.597  88.616 0.0000000000
59794  -10.865  -29.909  87.615 0.0000000000
58677  -10.996  -30.655  87.425 0.0000000000
58694  -11.135  -30.727  86.949 0.0000000000
57408  -9.493  -32.283  87.314 0.0000000000
57429  -8.793  -32.856  86.593 0.0000000000
86635  -51.620  -8.464  68.639 0.0000000000
73664  -45.514  -18.523  73.869 0.0000000000
82381  -46.052  -12.241  66.557 0.0000000000
84576  -47.435  -10.043  65.637 0.0000000000
84580  -47.717  -9.549  65.712 0.0000000000
85595  -47.999  -9.330  66.370 0.0000000000
86641  -50.066  -8.496  67.573 0.0000000000
85592  -49.462  -8.571  66.861 0.0000000000
86654  -51.001  -8.103  66.860 0.0000000000
55012  -12.638  -33.922  98.040 0.0000000000
53825  -11.148  -33.898  97.296 0.0000000000
53826  -11.547  -33.356  97.130 0.0000000000
56169  -14.102  -32.336  96.137 0.0000000000
55024  -13.607  -32.608  96.205 0.0000000000
53838  -12.274  -33.593  95.367 0.0000000000
53837  -11.954  -34.605  95.291 0.0000000000
53836  -11.340  -34.599  95.368 0.0000000000
52673  -11.438  -34.765  94.639 0.0000000000
52672  -10.681  -34.796  94.293 0.0000000000
52678  -11.255  -34.494  93.717 0.0000000000
52680  -10.814  -34.925  92.248 0.0000000000
51555  -10.060  -35.719  91.372 0.0000000000
51558  -10.320  -35.806  90.404 0.0000000000
61116  -20.142  -28.751  86.898 0.0000000000
61096  -20.309  -28.491  87.796 0.0000000000
59796  -19.627  -28.931  87.643 0.0000000000
58662  -18.472  -29.753  88.132 0.0000000000
58663  -19.022  -29.468  88.305 0.0000000000
57391  -18.492  -29.778  88.440 0.0000000000
57375  -18.578  -29.830  89.058 0.0000000000
56267  -17.442  -31.790  86.905 0.0000000000
56219  -17.014  -31.827  89.564 0.0000000000
56220  -17.504  -31.257  89.362 0.0000000000
57361  -17.858  -30.769  90.057 0.0000000000
57347  -18.020  -30.983  91.019 0.0000000000
55048  -16.439  -31.655  92.651 0.0000000000
53871  -14.856  -33.263  91.041 0.0000000000
55070  -15.344  -33.010  91.315 0.0000000000
53863  -14.288  -33.585  91.666 0.0000000000
52740  -13.475  -34.212  87.507 0.0000000000
52713  -12.641  -34.831  88.563 0.0000000000
52714  -13.342  -34.400  88.986 0.0000000000
52702  -12.762  -34.497  89.362 0.0000000000
53883  -12.287  -34.649  89.517 0.0000000000
52692  -12.430  -34.594  90.309 0.0000000000
55068  -11.875  -34.831  89.357 0.0000000000
71248  -4.247  -21.491  86.573 0.0000000000
71247  -4.134  -21.318  86.106 0.0000000000
71261  -3.851  -22.030  86.176 0.0000000000
68845  -4.948  -23.422  85.536 0.0000000000
68846  -5.555  -23.264  84.968 0.0000000000
67517  -5.669  -23.797  84.709 0.0000000000
66281  -5.915  -25.928  83.746 0.0000000000
66268  -6.515  -25.039  83.851 0.0000000000
66282  -6.262  -25.729  83.230 0.0000000000
66283  -6.759  -25.100  83.103 0.0000000000
61124  -6.749  -28.342  85.316 0.0000000000
59823  -6.200  -28.173  85.214 0.0000000000
59824  -6.668  -28.342  84.762 0.0000000000
61181  -6.465  -28.496  83.202 0.0000000000
61153  -4.973  -27.315  84.046 0.0000000000
61179  -5.324  -27.984  83.146 0.0000000000
62522  -5.425  -27.378  81.224 0.0000000000
62521  -5.190  -27.516  81.838 0.0000000000
62520  -4.784  -27.441  82.623 0.0000000000
63766  -4.380  -27.192  82.017 0.0000000000
65060  -4.830  -26.829  82.754 0.0000000000
65071  -4.365  -26.864  81.890 0.0000000000
66311  -6.037  -26.401  80.863 0.0000000000
66310  -5.559  -26.630  81.398 0.0000000000
66303  -6.606  -25.707  81.622 0.0000000000
66312  -6.700  -25.628  80.803 0.0000000000
66321  -6.559  -26.169  79.976 0.0000000000
60967  -8.120  -29.101  96.727 0.0000000000
56131  -9.702  -32.464  99.383 0.0000000000
57274  -10.145  -32.051  100.450 0.0000000000
57280  -9.520  -32.255  99.719 0.0000000000
58551  -8.446  -32.371  98.793 0.0000000000
58545  -9.347  -31.920  99.704 0.0000000000
58552  -8.925  -31.894  99.005 0.0000000000
58553  -9.647  -31.109  98.656 0.0000000000
57312  -6.764  -32.897  95.803 0.0000000000
57313  -7.475  -32.908  96.166 0.0000000000
58560  -9.653  -30.967  97.910 0.0000000000
60958  -9.635  -29.629  98.011 0.0000000000
59709  -9.772  -29.890  97.600 0.0000000000
59715  -9.794  -29.329  97.337 0.0000000000
60969  -10.233  -28.844  96.407 0.0000000000
60970  -10.663  -29.075  95.815 0.0000000000
59737  -10.472  -31.069  93.667 0.0000000000
59733  -10.677  -30.090  94.513 0.0000000000
59743  -10.860  -30.231  92.641 0.0000000000
59742  -10.459  -30.951  92.699 0.0000000000
58605  -7.445  -33.216  91.775 0.0000000000
57373  -7.260  -32.671  89.278 0.0000000000
58626  -7.930  -32.061  90.678 0.0000000000
57426  -6.607  -33.898  87.037 0.0000000000
57446  -7.002  -34.304  86.240 0.0000000000
56281  -6.452  -34.620  85.679 0.0000000000
52682  -4.158  -36.024  90.165 0.0000000000
51574  -3.760  -38.037  88.267 0.0000000000
51566  -4.036  -37.690  88.731 0.0000000000
53881  -4.233  -36.005  89.448 0.0000000000
53899  -4.160  -36.426  88.882 0.0000000000
55091  -4.338  -35.874  89.064 0.0000000000
53932  -4.129  -36.606  87.612 0.0000000000
55107  -4.395  -35.867  88.168 0.0000000000
55124  -4.322  -35.870  87.330 0.0000000000
55161  -4.781  -36.077  85.944 0.0000000000
53980  -5.370  -36.179  84.925 0.0000000000
53981  -5.658  -35.900  84.466 0.0000000000
54004  -5.500  -36.497  84.117 0.0000000000
54005  -6.093  -36.235  83.668 0.0000000000
77035  -37.363  -15.796  86.658 0.0000000000
77036  -38.036  -15.739  86.618 0.0000000000
77027  -37.400  -15.367  86.771 0.0000000000
79486  -36.958  -14.404  87.343 0.0000000000
74657  -36.510  -16.680  86.150 0.0000000000
75819  -36.637  -16.381  86.435 0.0000000000
75820  -37.386  -16.237  86.443 0.0000000000
75802  -34.661  -16.315  87.202 0.0000000000
74655  -34.551  -16.460  86.692 0.0000000000
78253  -34.162  -14.918  88.516 0.0000000000
76988  -34.871  -14.992  88.213 0.0000000000
79445  -35.246  -14.269  88.332 0.0000000000
87704  -53.025  -7.445  65.596 0.0000000000
87698  -53.536  -7.383  66.103 0.0000000000
133181  -50.988  -8.881  65.066 0.0000000000
85605  -51.401  -8.282  64.468 0.0000000000
85600  -51.706  -7.810  64.677 0.0000000000
85599  -51.754  -7.727  65.038 0.0000000000
86663  -52.764  -7.442  65.383 0.0000000000
57465  -8.459  -33.101  84.511 0.0000000000
55178  -8.288  -34.356  83.741 0.0000000000
55189  -7.246  -35.928  82.751 0.0000000000
51548  -9.658  -35.999  92.093 0.0000000000
51539  -9.247  -36.124  92.855 0.0000000000
51547  -8.923  -36.497  91.889 0.0000000000
50434  -8.674  -36.674  91.484 0.0000000000
72461  -40.087  -19.320  80.366 0.0000000000
71357  -40.136  -20.105  80.067 0.0000000000
72462  -40.408  -19.696  80.010 0.0000000000
73577  -41.130  -19.147  79.047 0.0000000000
74780  -41.417  -18.185  79.397 0.0000000000
72271  -28.389  -20.152  93.179 0.0000000000
66254  -28.845  -24.565  85.303 0.0000000000
88841  -53.726  -5.389  61.010 0.0000000000
88842  -54.161  -4.775  61.318 0.0000000000
91047  -54.814  -3.791  61.195 0.0000000000
60976  -7.101  -27.899  94.365 0.0000000000
60977  -7.509  -28.061  93.910 0.0000000000
62295  -9.728  -27.456  95.139 0.0000000000
82349  -49.182  -12.884  69.547 0.0000000000
82350  -49.663  -12.826  69.617 0.0000000000
81094  -49.627  -13.127  69.507 0.0000000000
77222  -46.361  -15.921  68.171 0.0000000000
77221  -45.287  -16.001  68.078 0.0000000000
79838  -46.786  -14.319  68.210 0.0000000000
81117  -46.687  -13.463  68.066 0.0000000000
56178  -16.196  -31.528  95.123 0.0000000000
55036  -15.644  -31.383  93.765 0.0000000000
62343  -23.513  -27.490  91.014 0.0000000000
70162  -8.042  -22.230  82.148 0.0000000000
70163  -8.591  -22.741  81.980 0.0000000000
62428  -4.330  -26.695  87.366 0.0000000000
63699  -4.165  -26.334  86.992 0.0000000000
61107  -4.291  -27.076  87.063 0.0000000000
59834  -4.706  -28.203  85.472 0.0000000000
58759  -7.112  -31.232  77.525 0.0000000000
58773  -6.683  -31.406  77.299 0.0000000000
59681  -10.679  -29.842  100.225 0.0000000000
59687  -10.484  -30.130  100.185 0.0000000000
57320  -5.106  -33.127  94.496 0.0000000000
57345  -5.869  -33.543  91.690 0.0000000000
56210  -5.347  -34.163  90.251 0.0000000000
56217  -5.200  -34.606  89.442 0.0000000000
73487  -37.920  -17.419  84.488 0.0000000000
133107  -37.863  -17.710  83.501 0.0000000000
73488  -38.696  -17.462  83.779 0.0000000000
74730  -39.380  -17.602  82.959 0.0000000000
75880  -39.471  -17.730  82.602 0.0000000000
73516  -39.970  -17.240  83.435 0.0000000000
74710  -34.469  -17.546  84.277 0.0000000000
74632  -32.140  -16.743  89.069 0.0000000000
74639  -30.768  -17.769  88.678 0.0000000000
73447  -30.737  -18.695  88.617 0.0000000000
72353  -30.539  -19.516  87.727 0.0000000000
72365  -30.346  -19.690  86.973 0.0000000000
89977  -55.704  -5.574  63.669 0.0000000000
86674  -53.189  -7.224  63.210 0.0000000000
76043  -47.555  -16.627  70.092 0.0000000000
74907  -47.957  -16.999  70.527 0.0000000000
74888  -48.330  -17.311  70.905 0.0000000000
73776  -44.927  -17.488  68.845 0.0000000000
74909  -45.349  -17.124  68.489 0.0000000000
76047  -45.678  -17.152  69.245 0.0000000000
132952  -20.666  -28.390  83.111 0.0000000000
70105  -5.873  -22.476  84.361 0.0000000000
62431  -9.420  -28.519  86.418 0.0000000000
62430  -8.770  -28.571  85.959 0.0000000000
62445  -9.517  -28.366  85.418 0.0000000000
62488  -10.025  -28.698  84.085 0.0000000000
61183  -10.253  -29.680  83.199 0.0000000000
56332  -9.530  -33.018  81.427 0.0000000000
57525  -10.281  -32.337  81.604 0.0000000000
56340  -9.260  -33.226  80.635 0.0000000000
57560  -9.064  -32.913  80.039 0.0000000000
56356  -9.457  -33.094  79.156 0.0000000000
57580  -9.496  -32.553  78.853 0.0000000000
55238  -7.456  -34.504  78.005 0.0000000000
54093  -6.846  -35.610  78.078 0.0000000000
53820  -11.115  -34.345  98.129 0.0000000000
53812  -10.465  -34.275  98.465 0.0000000000
53819  -10.239  -34.448  97.985 0.0000000000
53818  -9.218  -34.864  98.337 0.0000000000
51524  -7.839  -35.623  94.030 0.0000000000
52661  -8.210  -35.203  94.783 0.0000000000
52659  -7.208  -35.101  94.150 0.0000000000
53841  -6.645  -34.861  93.801 0.0000000000
52667  -6.196  -35.179  92.704 0.0000000000
73661  -43.584  -18.492  75.210 0.0000000000
73645  -44.050  -19.223  75.777 0.0000000000
70245  -37.734  -21.009  78.231 0.0000000000
74816  -40.577  -18.128  76.726 0.0000000000
75984  -40.941  -17.610  75.327 0.0000000000
75995  -41.359  -17.539  74.628 0.0000000000
75985  -41.701  -17.638  75.296 0.0000000000
74832  -42.320  -17.806  75.491 0.0000000000
66187  -25.976  -24.349  92.103 0.0000000000
63637  -25.512  -25.567  91.499 0.0000000000
63647  -25.871  -25.330  90.606 0.0000000000
73406  -31.163  -19.829  92.034 0.0000000000
72284  -30.639  -20.349  92.125 0.0000000000
71190  -30.416  -21.030  90.697 0.0000000000
70020  -30.044  -22.313  90.148 0.0000000000
63691  -27.554  -25.466  86.558 0.0000000000
64985  -28.431  -25.312  87.784 0.0000000000
63690  -26.844  -25.501  87.169 0.0000000000
63689  -26.408  -25.919  87.805 0.0000000000
63674  -25.846  -25.685  88.438 0.0000000000
62423  -25.786  -26.165  87.715 0.0000000000
62438  -24.789  -26.437  86.527 0.0000000000
62452  -23.695  -26.610  85.415 0.0000000000
87768  -52.058  -5.049  57.914 0.0000000000
61028  -4.882  -26.624  90.980 0.0000000000
61029  -5.219  -26.950  90.538 0.0000000000
61030  -5.585  -27.274  90.137 0.0000000000
61031  -5.984  -27.614  89.807 0.0000000000
61032  -6.520  -27.732  89.459 0.0000000000
61016  -7.072  -27.736  89.894 0.0000000000
62352  -7.632  -28.058  89.646 0.0000000000
62353  -8.451  -28.277  89.989 0.0000000000
63633  -10.238  -27.985  91.537 0.0000000000
58661  -10.713  -30.914  88.291 0.0000000000
57389  -9.269  -32.284  87.979 0.0000000000
85582  -50.078  -8.747  67.937 0.0000000000
86628  -51.009  -9.106  69.637 0.0000000000
83492  -47.316  -11.343  67.841 0.0000000000
83505  -46.670  -11.505  67.206 0.0000000000
85590  -48.034  -9.581  67.307 0.0000000000
85580  -48.625  -9.579  67.967 0.0000000000
55018  -13.051  -33.276  97.264 0.0000000000
55032  -12.960  -33.383  94.336 0.0000000000
55027  -12.971  -33.379  94.865 0.0000000000
58705  -18.363  -29.453  86.180 0.0000000000
58696  -18.566  -29.190  86.645 0.0000000000
58695  -18.138  -29.774  86.713 0.0000000000
57409  -17.977  -30.176  87.315 0.0000000000
53920  -16.220  -32.705  87.266 0.0000000000
55112  -16.822  -32.272  87.588 0.0000000000
55096  -16.573  -32.247  88.798 0.0000000000
56206  -17.453  -31.518  90.848 0.0000000000
55072  -16.049  -31.601  90.868 0.0000000000
55071  -15.540  -32.405  91.113 0.0000000000
53887  -15.251  -32.968  90.494 0.0000000000
53886  -14.746  -33.405  90.107 0.0000000000
52739  -12.859  -34.696  87.044 0.0000000000
52726  -11.920  -35.493  87.729 0.0000000000
52712  -11.915  -35.278  88.367 0.0000000000
67514  -4.472  -25.339  86.004 0.0000000000
66252  -4.828  -25.503  85.380 0.0000000000
66253  -5.210  -24.922  85.134 0.0000000000
67526  -5.551  -24.761  84.777 0.0000000000
65028  -5.680  -26.019  83.906 0.0000000000
65044  -5.812  -26.253  83.307 0.0000000000
59839  -7.467  -29.105  83.713 0.0000000000
59838  -6.972  -28.679  84.112 0.0000000000
59853  -7.220  -29.211  83.296 0.0000000000
61225  -6.029  -28.559  80.490 0.0000000000
63768  -5.397  -27.116  81.181 0.0000000000
63784  -4.877  -26.894  81.375 0.0000000000
63785  -5.689  -27.092  80.665 0.0000000000
65081  -5.896  -26.763  80.251 0.0000000000
56145  -8.165  -33.606  98.581 0.0000000000
56146  -8.656  -33.203  99.108 0.0000000000
57285  -8.321  -32.945  99.159 0.0000000000
57292  -7.946  -32.809  98.781 0.0000000000
57299  -7.919  -32.531  98.001 0.0000000000
58573  -7.757  -32.809  95.560 0.0000000000
57314  -8.477  -32.921  96.233 0.0000000000
57315  -9.321  -32.619  96.104 0.0000000000
57306  -9.554  -32.082  96.385 0.0000000000
59725  -9.901  -30.453  95.498 0.0000000000
59726  -10.484  -29.830  95.328 0.0000000000
57360  -6.542  -33.159  90.213 0.0000000000
57372  -6.717  -32.934  89.562 0.0000000000
57387  -7.581  -32.772  88.663 0.0000000000
53916  -4.033  -36.479  88.377 0.0000000000
53979  -4.909  -36.441  85.249 0.0000000000
74726  -35.611  -18.388  83.327 0.0000000000
74712  -36.063  -18.220  83.931 0.0000000000
73501  -36.651  -17.914  84.012 0.0000000000
73486  -37.185  -17.055  84.597 0.0000000000
74677  -36.919  -16.720  85.414 0.0000000000
73472  -37.431  -16.819  85.247 0.0000000000
73474  -38.390  -17.344  84.831 0.0000000000
74680  -39.148  -17.106  84.968 0.0000000000
74672  -32.102  -17.942  86.911 0.0000000000
74673  -32.923  -17.223  86.535 0.0000000000
74692  -33.117  -17.184  85.409 0.0000000000
75774  -33.082  -16.609  88.855 0.0000000000
76999  -33.583  -16.012  88.626 0.0000000000
74641  -32.470  -16.732  88.391 0.0000000000
75799  -32.401  -16.830  87.933 0.0000000000
88794  -54.640  -6.614  65.495 0.0000000000
85622  -48.471  -8.604  62.336 0.0000000000
85624  -50.526  -8.279  62.126 0.0000000000
87719  -52.004  -7.864  63.420 0.0000000000
87712  -52.122  -7.747  63.618 0.0000000000
86673  -52.563  -7.554  63.661 0.0000000000
73745  -47.359  -18.235  70.992 0.0000000000
73722  -47.088  -18.659  71.430 0.0000000000
73681  -47.167  -18.847  72.571 0.0000000000
73741  -43.319  -17.848  70.714 0.0000000000
73459  -4.351  -20.518  84.670 0.0000000000
58702  -10.775  -30.984  85.397 0.0000000000
59840  -11.149  -30.141  84.862 0.0000000000
58709  -10.918  -32.054  84.430 0.0000000000
57504  -10.010  -32.917  82.631 0.0000000000
57483  -9.332  -33.294  83.558 0.0000000000
57503  -9.428  -33.463  82.519 0.0000000000
55211  -8.010  -34.545  80.540 0.0000000000
55210  -7.405  -35.041  80.231 0.0000000000
52841  -6.951  -36.308  80.297 0.0000000000
54041  -6.823  -36.252  81.740 0.0000000000
52821  -6.908  -36.483  81.105 0.0000000000
51694  -5.859  -37.041  80.137 0.0000000000
52664  -10.002  -34.650  94.799 0.0000000000
52656  -9.348  -34.753  95.640 0.0000000000
52663  -9.301  -35.195  94.690 0.0000000000
51526  -8.966  -35.497  94.217 0.0000000000
51530  -8.148  -35.887  93.306 0.0000000000
74818  -42.232  -18.599  77.202 0.0000000000
73606  -42.823  -19.108  77.176 0.0000000000
70155  -38.435  -20.644  80.717 0.0000000000
68918  -38.011  -21.525  79.915 0.0000000000
70179  -38.339  -20.672  80.295 0.0000000000
70199  -38.758  -20.524  79.570 0.0000000000
70215  -39.028  -20.729  79.041 0.0000000000
71383  -40.034  -20.066  79.809 0.0000000000
70230  -38.913  -20.504  78.754 0.0000000000
71411  -38.497  -20.468  78.453 0.0000000000
72526  -38.214  -19.526  77.681 0.0000000000
72527  -39.299  -19.076  77.702 0.0000000000
74806  -40.791  -18.423  77.341 0.0000000000
69991  -26.953  -22.231  91.926 0.0000000000
70053  -30.093  -22.150  88.911 0.0000000000
68785  -30.003  -22.383  89.307 0.0000000000
68803  -29.537  -22.858  88.544 0.0000000000
64994  -28.197  -24.822  86.447 0.0000000000
65004  -28.363  -25.021  85.585 0.0000000000
65003  -27.914  -25.313  85.992 0.0000000000
63710  -27.418  -26.059  85.350 0.0000000000
62476  -26.069  -26.290  84.658 0.0000000000
87759  -52.061  -5.358  58.449 0.0000000000
87777  -52.293  -5.007  57.329 0.0000000000
88869  -52.812  -4.729  56.992 0.0000000000
88862  -53.166  -4.290  57.903 0.0000000000
61005  -7.188  -27.976  91.722 0.0000000000
60995  -7.219  -28.106  92.207 0.0000000000
62317  -9.012  -28.102  92.979 0.0000000000
62329  -9.754  -27.781  92.239 0.0000000000
62330  -10.502  -28.169  92.301 0.0000000000
61018  -11.204  -28.885  92.097 0.0000000000
59748  -10.844  -30.313  91.633 0.0000000000
84558  -49.202  -10.552  68.933 0.0000000000
84551  -49.766  -10.383  69.646 0.0000000000
84550  -49.371  -10.974  69.585 0.0000000000
83481  -50.668  -12.066  70.549 0.0000000000
78485  -45.042  -15.454  67.570 0.0000000000
78502  -44.491  -15.321  66.664 0.0000000000
81126  -44.824  -13.088  66.812 0.0000000000
82370  -46.372  -12.426  67.320 0.0000000000
82371  -46.913  -12.826  68.183 0.0000000000
83487  -48.686  -10.919  69.131 0.0000000000
56162  -14.669  -32.042  96.749 0.0000000000
55029  -14.219  -32.344  95.320 0.0000000000
56176  -14.956  -32.088  94.821 0.0000000000
55033  -13.379  -32.909  94.012 0.0000000000
55039  -13.561  -32.967  93.315 0.0000000000
53855  -13.389  -33.865  92.371 0.0000000000
56303  -16.692  -32.017  84.291 0.0000000000
55172  -16.423  -32.031  84.836 0.0000000000
55150  -16.364  -31.949  85.468 0.0000000000
55149  -16.081  -32.466  85.870 0.0000000000
53935  -15.932  -32.958  86.504 0.0000000000
53918  -14.981  -33.416  87.851 0.0000000000
53933  -14.240  -33.946  86.852 0.0000000000
67480  -3.653  -24.183  88.214 0.0000000000
67505  -3.593  -25.238  87.123 0.0000000000
66238  -3.994  -25.684  86.628 0.0000000000
63700  -4.172  -26.218  86.617 0.0000000000
65002  -4.222  -26.151  86.255 0.0000000000
65026  -3.533  -26.690  84.732 0.0000000000
63731  -3.536  -27.119  84.237 0.0000000000
59912  -7.764  -29.925  80.453 0.0000000000
59947  -7.428  -29.872  77.806 0.0000000000
59928  -7.013  -29.073  78.770 0.0000000000
62582  -5.881  -28.213  78.099 0.0000000000
62604  -6.174  -28.484  77.973 0.0000000000
62239  -8.742  -27.845  99.779 0.0000000000
62249  -8.502  -28.344  99.647 0.0000000000
59692  -9.440  -29.637  99.293 0.0000000000
56167  -6.406  -33.609  96.069 0.0000000000
56168  -6.768  -33.479  96.536 0.0000000000
57302  -6.471  -33.110  96.164 0.0000000000
57321  -5.666  -32.988  94.896 0.0000000000
57322  -6.557  -32.811  94.872 0.0000000000
58579  -7.139  -32.819  95.194 0.0000000000
58587  -8.201  -33.105  93.833 0.0000000000
57384  -5.854  -33.781  88.633 0.0000000000
56243  -5.392  -34.198  88.032 0.0000000000
70176  -36.687  -21.436  80.280 0.0000000000
70177  -37.397  -21.163  80.731 0.0000000000
73513  -35.909  -18.894  82.851 0.0000000000
72417  -36.673  -19.521  82.498 0.0000000000
133108  -37.593  -18.121  83.384 0.0000000000
71321  -37.996  -20.372  81.775 0.0000000000
70154  -38.273  -20.747  80.998 0.0000000000
71323  -38.695  -20.465  80.910 0.0000000000
73548  -39.994  -18.656  80.877 0.0000000000
74768  -40.578  -18.196  80.787 0.0000000000
73399  -31.384  -19.321  92.266 0.0000000000
71205  -31.258  -21.266  90.265 0.0000000000
74613  -32.058  -18.478  90.556 0.0000000000
74621  -31.448  -18.416  90.153 0.0000000000
73425  -31.063  -19.156  90.667 0.0000000000
71216  -31.027  -21.142  89.797 0.0000000000
70037  -30.891  -21.698  89.547 0.0000000000
70068  -30.023  -21.795  88.741 0.0000000000
70067  -29.760  -21.834  88.097 0.0000000000
68855  -29.261  -22.529  86.171 0.0000000000
85616  -52.221  -7.406  62.048 0.0000000000
85626  -51.617  -7.244  61.443 0.0000000000
85643  -50.606  -6.879  60.764 0.0000000000
87739  -53.061  -6.198  60.566 0.0000000000
87740  -53.517  -5.851  60.869 0.0000000000
89988  -55.357  -4.771  62.433 0.0000000000
79829  -48.314  -14.424  68.794 0.0000000000
79825  -48.526  -14.300  69.138 0.0000000000
78475  -48.409  -14.724  69.244 0.0000000000
77210  -48.356  -15.911  69.918 0.0000000000
74887  -48.519  -17.931  70.903 0.0000000000
76079  -45.585  -17.257  67.487 0.0000000000
76062  -45.776  -16.640  68.159 0.0000000000
76061  -45.203  -16.362  68.097 0.0000000000
62418  -22.051  -27.529  87.871 0.0000000000
62433  -21.168  -28.321  86.515 0.0000000000
61130  -20.637  -28.594  86.398 0.0000000000
61129  -20.046  -28.641  85.823 0.0000000000
61142  -20.171  -28.554  84.628 0.0000000000
59829  -18.809  -29.002  85.452 0.0000000000
59828  -18.339  -30.055  85.116 0.0000000000
59827  -18.123  -30.366  84.984 0.0000000000
58711  -17.487  -30.841  84.270 0.0000000000
57469  -17.071  -31.418  84.283 0.0000000000
71307  -5.584  -21.353  82.601 0.0000000000
70142  -7.581  -22.656  82.746 0.0000000000
68884  -7.871  -23.568  82.766 0.0000000000
67537  -7.616  -24.013  82.953 0.0000000000
61090  -5.520  -28.936  87.135 0.0000000000
61110  -5.544  -29.096  86.384 0.0000000000
61111  -6.109  -29.020  86.055 0.0000000000
61137  -7.491  -28.871  84.423 0.0000000000
62444  -8.843  -28.384  85.059 0.0000000000
61138  -8.446  -28.843  84.606 0.0000000000
61157  -7.748  -29.249  83.742 0.0000000000
59854  -7.820  -29.838  83.342 0.0000000000
59873  -8.400  -30.294  82.554 0.0000000000
59894  -8.279  -30.267  81.704 0.0000000000
59857  -10.671  -30.146  83.842 0.0000000000
59876  -10.659  -30.345  82.925 0.0000000000
59897  -10.365  -30.368  82.216 0.0000000000
58734  -10.385  -31.570  81.378 0.0000000000
58741  -10.370  -31.055  81.309 0.0000000000
59896  -9.898  -29.897  81.937 0.0000000000
59914  -9.096  -30.481  81.012 0.0000000000
59931  -8.773  -30.193  79.820 0.0000000000
58748  -9.029  -30.550  78.786 0.0000000000
57579  -8.899  -32.520  78.166 0.0000000000
57578  -8.209  -32.132  77.628 0.0000000000
57577  -7.480  -32.318  77.360 0.0000000000
57576  -6.943  -32.310  77.188 0.0000000000
54076  -7.257  -36.029  79.217 0.0000000000
54993  -10.347  -32.837  98.679 0.0000000000
54997  -9.305  -33.859  98.571 0.0000000000
53807  -9.843  -34.444  98.823 0.0000000000
53806  -9.191  -34.820  99.288 0.0000000000
54996  -8.654  -34.320  98.547 0.0000000000
55003  -7.836  -34.491  98.533 0.0000000000
55002  -7.087  -34.430  98.620 0.0000000000
55008  -6.305  -34.772  97.276 0.0000000000
52648  -8.025  -34.614  96.257 0.0000000000
52647  -7.530  -34.661  96.068 0.0000000000
53823  -7.272  -34.427  96.930 0.0000000000
53814  -6.025  -34.985  96.892 0.0000000000
55015  -6.379  -34.500  96.643 0.0000000000
55021  -6.417  -34.133  95.893 0.0000000000
53834  -6.248  -34.423  93.958 0.0000000000
55031  -5.263  -34.309  93.699 0.0000000000
56181  -4.500  -34.212  93.433 0.0000000000
56188  -4.397  -34.404  92.754 0.0000000000
56193  -4.844  -34.641  92.018 0.0000000000
74863  -43.785  -17.763  73.486 0.0000000000
73677  -44.342  -17.949  74.039 0.0000000000
68936  -38.065  -22.198  79.256 0.0000000000
68949  -37.375  -22.528  78.435 0.0000000000
68964  -38.022  -22.046  77.609 0.0000000000
74859  -40.518  -17.651  73.423 0.0000000000
76003  -41.275  -17.632  73.927 0.0000000000
74860  -41.573  -17.888  73.438 0.0000000000
74877  -42.950  -17.731  73.096 0.0000000000
63629  -25.264  -26.518  92.205 0.0000000000
63628  -25.024  -26.656  91.936 0.0000000000
62344  -23.903  -27.003  91.387 0.0000000000
63643  -23.027  -26.823  90.009 0.0000000000
62396  -23.053  -27.919  88.621 0.0000000000
73396  -28.956  -20.071  93.110 0.0000000000
71151  -30.088  -20.849  92.422 0.0000000000
72293  -29.207  -20.895  92.704 0.0000000000
71170  -28.574  -21.304  92.249 0.0000000000
70005  -27.515  -22.473  91.580 0.0000000000
68751  -27.362  -22.996  91.301 0.0000000000
68784  -29.517  -23.188  89.216 0.0000000000
68783  -29.213  -23.442  89.444 0.0000000000
68765  -29.086  -22.905  89.746 0.0000000000
64977  -28.614  -25.164  88.582 0.0000000000
66203  -28.741  -24.471  89.291 0.0000000000
67448  -27.949  -23.336  89.775 0.0000000000
67447  -27.326  -23.541  90.742 0.0000000000
63673  -25.231  -25.653  88.600 0.0000000000
63657  -24.386  -25.585  89.461 0.0000000000
62397  -23.471  -26.895  88.485 0.0000000000
63688  -22.791  -27.541  88.399 0.0000000000
62471  -21.968  -27.902  84.919 0.0000000000
62451  -22.794  -26.890  85.531 0.0000000000
63721  -21.923  -27.571  84.506 0.0000000000
90015  -53.120  -4.156  56.378 0.0000000000
91070  -53.804  -3.635  56.517 0.0000000000
91069  -53.567  -3.810  55.730 0.0000000000
64992  -3.952  -25.943  88.336 0.0000000000
63698  -4.190  -26.284  87.872 0.0000000000
61089  -4.798  -28.558  87.608 0.0000000000
62365  -3.274  -27.135  89.149 0.0000000000
62366  -3.882  -27.093  89.437 0.0000000000
62387  -3.676  -27.241  88.954 0.0000000000
62388  -7.581  -28.559  87.588 0.0000000000
61049  -7.442  -28.256  88.642 0.0000000000
61069  -7.657  -28.497  88.039 0.0000000000
62413  -8.509  -28.541  86.986 0.0000000000
62432  -10.073  -28.738  86.856 0.0000000000
61115  -10.552  -29.312  86.320 0.0000000000
62370  -10.253  -28.495  89.409 0.0000000000
62392  -10.101  -28.318  88.668 0.0000000000
61095  -10.583  -29.188  87.305 0.0000000000
59812  -10.837  -30.028  86.801 0.0000000000
58693  -10.870  -30.831  86.525 0.0000000000
58692  -10.304  -31.633  85.903 0.0000000000
57449  -8.951  -32.643  85.366 0.0000000000
57464  -7.898  -33.596  84.958 0.0000000000
86644  -52.178  -7.754  67.242 0.0000000000
81087  -49.284  -13.814  69.559 0.0000000000
82380  -45.474  -12.036  66.175 0.0000000000
83523  -45.723  -11.249  65.577 0.0000000000
84578  -46.201  -11.307  65.832 0.0000000000
84589  -46.036  -10.997  65.569 0.0000000000
83524  -46.168  -10.723  65.282 0.0000000000
83525  -46.903  -10.367  64.517 0.0000000000
83515  -47.474  -10.209  64.559 0.0000000000
84581  -48.037  -9.764  64.647 0.0000000000
85591  -48.835  -8.873  66.679 0.0000000000
86652  -49.486  -8.529  66.391 0.0000000000
55005  -11.577  -33.884  98.359 0.0000000000
53824  -10.402  -33.981  96.955 0.0000000000
53830  -10.400  -34.306  96.410 0.0000000000
55019  -13.440  -32.753  97.212 0.0000000000
55022  -12.179  -33.277  96.319 0.0000000000
53832  -11.707  -33.555  96.269 0.0000000000
52658  -10.903  -34.540  95.548 0.0000000000
52676  -9.743  -35.125  93.760 0.0000000000
52677  -10.377  -34.761  93.368 0.0000000000
51541  -10.235  -34.999  92.731 0.0000000000
62394  -21.357  -27.992  88.486 0.0000000000
61074  -21.055  -28.586  88.920 0.0000000000
59783  -20.984  -29.098  88.871 0.0000000000
58649  -20.134  -29.056  89.709 0.0000000000
58630  -19.555  -29.192  91.565 0.0000000000
56268  -17.509  -31.076  86.471 0.0000000000
56250  -17.642  -30.908  87.409 0.0000000000
56232  -17.576  -31.045  88.450 0.0000000000
58611  -19.452  -29.390  91.679 0.0000000000
57336  -18.530  -29.342  92.562 0.0000000000
57334  -17.835  -31.462  91.658 0.0000000000
56191  -17.396  -29.677  93.604 0.0000000000
55043  -15.778  -30.794  93.261 0.0000000000
55042  -15.645  -31.625  93.110 0.0000000000
55058  -15.684  -32.814  91.824 0.0000000000
55046  -15.183  -32.861  92.377 0.0000000000
55045  -14.655  -33.274  92.177 0.0000000000
53903  -14.017  -34.046  89.000 0.0000000000
53885  -14.159  -33.797  89.796 0.0000000000
53902  -13.721  -34.207  89.137 0.0000000000
53884  -13.717  -34.151  89.537 0.0000000000
52688  -13.134  -34.723  91.273 0.0000000000
52687  -12.827  -34.928  91.185 0.0000000000
52701  -11.384  -35.134  89.221 0.0000000000
51569  -10.777  -35.568  89.665 0.0000000000
51559  -10.796  -35.473  90.192 0.0000000000
72357  -4.233  -20.997  85.791 0.0000000000
71263  -4.579  -21.741  85.327 0.0000000000
67493  -4.012  -23.563  87.321 0.0000000000
68826  -4.368  -23.182  86.889 0.0000000000
68844  -4.407  -23.443  86.134 0.0000000000
70090  -4.214  -22.684  86.240 0.0000000000
71262  -4.031  -22.221  85.763 0.0000000000
133085  -4.620  -21.369  84.704 0.0000000000
70106  -6.271  -22.983  84.189 0.0000000000
67527  -5.992  -24.337  84.421 0.0000000000
68863  -6.413  -23.531  84.027 0.0000000000
66269  -6.743  -24.715  83.463 0.0000000000
67536  -7.175  -24.386  83.173 0.0000000000
67543  -7.276  -25.095  82.570 0.0000000000
59810  -5.374  -29.112  85.902 0.0000000000
59822  -5.623  -28.426  85.381 0.0000000000
59835  -5.256  -28.209  85.034 0.0000000000
59851  -5.909  -28.179  84.117 0.0000000000
59850  -5.618  -28.028  84.522 0.0000000000
61134  -4.779  -27.804  84.967 0.0000000000
62505  -4.299  -27.124  83.951 0.0000000000
63749  -4.726  -27.155  83.853 0.0000000000
59892  -6.992  -29.370  81.232 0.0000000000
59870  -6.699  -28.443  81.795 0.0000000000
61204  -5.770  -28.221  81.790 0.0000000000
62519  -4.794  -27.274  83.293 0.0000000000
65059  -4.631  -27.036  82.943 0.0000000000
65061  -5.647  -26.457  82.431 0.0000000000
66301  -5.808  -26.440  81.591 0.0000000000
66293  -6.270  -26.076  82.253 0.0000000000
67553  -7.027  -25.403  81.835 0.0000000000
67562  -7.292  -25.354  81.307 0.0000000000
66313  -7.810  -25.476  80.675 0.0000000000
65089  -7.016  -26.300  79.155 0.0000000000
65090  -7.456  -26.128  79.132 0.0000000000
58533  -10.298  -31.299  100.525 0.0000000000
58541  -9.806  -31.513  100.153 0.0000000000
57286  -8.942  -32.548  99.250 0.0000000000
59693  -9.868  -30.377  99.612 0.0000000000
57298  -7.368  -33.034  97.593 0.0000000000
58565  -8.347  -31.907  97.863 0.0000000000
58559  -8.948  -31.557  98.267 0.0000000000
59697  -9.418  -29.622  98.827 0.0000000000
59703  -9.435  -29.547  98.504 0.0000000000
60948  -8.936  -29.262  98.399 0.0000000000
60957  -9.298  -29.314  97.643 0.0000000000
62283  -8.254  -28.332  96.001 0.0000000000
63610  -10.569  -28.080  95.056 0.0000000000
60978  -11.062  -29.219  95.208 0.0000000000
60979  -11.350  -28.944  95.012 0.0000000000
62309  -10.583  -28.665  94.347 0.0000000000
60996  -10.912  -29.380  93.407 0.0000000000
58629  -10.753  -30.878  90.947 0.0000000000
58595  -8.840  -32.052  92.691 0.0000000000
58607  -8.929  -32.068  91.635 0.0000000000
58608  -9.933  -31.462  91.607 0.0000000000
58609  -10.559  -31.053  91.319 0.0000000000
58628  -10.079  -31.297  90.431 0.0000000000
58659  -9.103  -32.183  88.536 0.0000000000
58674  -8.517  -32.492  88.135 0.0000000000
57406  -8.165  -33.180  87.742 0.0000000000
56265  -8.452  -33.194  87.183 0.0000000000
57428  -8.119  -33.453  86.581 0.0000000000
57447  -7.595  -33.865  85.719 0.0000000000
56298  -6.607  -34.758  84.698 0.0000000000
55067  -4.577  -35.632  90.648 0.0000000000
51556  -4.329  -37.087  89.196 0.0000000000
52689  -4.417  -36.208  89.751 0.0000000000
55066  -4.071  -35.811  90.641 0.0000000000
55080  -4.605  -35.307  89.726 0.0000000000
56226  -5.251  -34.548  88.529 0.0000000000
56242  -4.972  -34.693  87.878 0.0000000000
51590  -3.583  -38.267  86.310 0.0000000000
53954  -4.459  -36.824  86.763 0.0000000000
56263  -4.817  -34.654  87.038 0.0000000000
56264  -5.298  -34.591  86.772 0.0000000000
56279  -5.035  -34.839  86.403 0.0000000000
56280  -5.698  -34.790  86.099 0.0000000000
55162  -5.130  -35.795  85.692 0.0000000000
56297  -6.057  -34.990  85.236 0.0000000000
51673  -5.491  -38.047  80.999 0.0000000000
50451  -8.598  -36.706  90.956 0.0000000000
51527  -9.340  -35.381  94.193 0.0000000000
51553  -8.896  -36.519  91.301 0.0000000000
52644  -8.857  -34.533  97.449 0.0000000000
52666  -11.557  -34.980  95.179 0.0000000000
52690  -10.779  -35.344  90.487 0.0000000000
52715  -13.702  -34.234  88.897 0.0000000000
52840  -6.588  -36.738  80.615 0.0000000000
53813  -11.036  -34.239  98.346 0.0000000000
53822  -6.599  -34.903  96.592 0.0000000000
53845  -5.246  -34.977  92.152 0.0000000000
53850  -13.662  -33.035  93.008 0.0000000000
53860  -12.639  -34.927  91.558 0.0000000000
53864  -14.789  -33.379  91.504 0.0000000000
53865  -4.100  -35.957  90.514 0.0000000000
53867  -11.696  -34.887  89.552 0.0000000000
53868  -11.946  -34.748  89.856 0.0000000000
53882  -11.990  -34.844  89.098 0.0000000000
53901  -12.464  -34.762  89.019 0.0000000000
53934  -15.198  -33.564  86.704 0.0000000000
54999  -10.796  -33.534  98.619 0.0000000000
55009  -6.766  -34.753  98.072 0.0000000000
55016  -11.687  -33.736  97.466 0.0000000000
55025  -14.133  -32.323  95.874 0.0000000000
55044  -4.979  -35.017  92.187 0.0000000000
55057  -15.141  -33.265  91.719 0.0000000000
55069  -11.889  -34.794  89.608 0.0000000000
55081  -12.056  -34.758  89.442 0.0000000000
55082  -12.097  -34.700  89.666 0.0000000000
55093  -15.575  -33.062  88.556 0.0000000000
55109  -15.528  -33.040  88.345 0.0000000000
55126  -14.685  -33.787  86.321 0.0000000000
55222  -8.483  -34.062  79.025 0.0000000000
56137  -8.804  -33.627  98.668 0.0000000000
56139  -9.859  -32.717  98.811 0.0000000000
56151  -6.900  -34.350  97.519 0.0000000000
56184  -15.600  -31.946  94.352 0.0000000000
56211  -16.867  -31.674  90.437 0.0000000000
56228  -15.670  -33.084  88.784 0.0000000000
56229  -15.727  -32.882  88.666 0.0000000000
56230  -15.837  -32.678  88.474 0.0000000000
56244  -8.328  -33.169  87.477 0.0000000000
56245  -8.509  -32.999  87.461 0.0000000000
56246  -15.591  -33.052  88.556 0.0000000000
56247  -15.670  -32.852  88.409 0.0000000000
56248  -15.757  -32.697  88.237 0.0000000000
56285  -17.102  -31.481  85.864 0.0000000000
56286  -17.450  -31.063  85.968 0.0000000000
56304  -16.750  -31.626  84.972 0.0000000000
56312  -7.238  -34.690  84.223 0.0000000000
56333  -9.783  -32.662  81.124 0.0000000000
56341  -9.626  -32.879  80.925 0.0000000000
56374  -9.212  -33.197  78.732 0.0000000000
56388  -7.600  -33.222  77.463 0.0000000000
56389  -8.028  -33.353  77.654 0.0000000000
57273  -9.808  -32.297  99.983 0.0000000000
57281  -9.659  -32.088  100.277 0.0000000000
57328  -6.163  -33.170  94.395 0.0000000000
57346  -17.663  -31.515  91.231 0.0000000000
57383  -5.737  -34.016  88.721 0.0000000000
57388  -8.938  -32.363  88.070 0.0000000000
57407  -8.758  -32.618  87.620 0.0000000000
57468  -10.936  -32.009  83.946 0.0000000000
57505  -10.374  -32.010  82.652 0.0000000000
57506  -10.537  -31.618  82.309 0.0000000000
57523  -9.309  -33.266  81.939 0.0000000000
57542  -9.405  -32.822  80.206 0.0000000000
57600  -8.346  -32.937  77.715 0.0000000000
58675  -8.719  -32.411  88.109 0.0000000000
58678  -11.063  -30.602  87.134 0.0000000000
58679  -18.402  -29.624  87.542 0.0000000000
58710  -10.997  -31.252  84.325 0.0000000000
58712  -17.573  -30.735  84.918 0.0000000000
58718  -10.922  -31.157  83.370 0.0000000000
58726  -10.482  -31.640  82.926 0.0000000000
58735  -10.432  -31.334  81.881 0.0000000000
59770  -10.465  -30.737  89.623 0.0000000000
59773  -20.291  -29.262  89.406 0.0000000000
59774  -20.655  -28.575  89.623 0.0000000000
59781  -11.035  -29.773  88.752 0.0000000000
59793  -5.225  -28.936  86.587 0.0000000000
59811  -5.907  -28.629  85.635 0.0000000000
59813  -11.016  -30.514  86.918 0.0000000000
59821  -4.916  -28.679  85.633 0.0000000000
59826  -11.020  -29.834  85.283 0.0000000000
59837  -6.343  -28.332  84.457 0.0000000000
59841  -11.105  -29.814  85.045 0.0000000000
59843  -18.053  -30.427  84.478 0.0000000000
59874  -9.251  -30.132  82.482 0.0000000000
59916  -10.200  -30.594  81.664 0.0000000000
60949  -9.449  -29.498  98.229 0.0000000000
60987  -10.882  -29.294  94.481 0.0000000000
60988  -11.193  -28.954  94.798 0.0000000000
61006  -11.137  -29.525  92.453 0.0000000000
61007  -11.284  -29.002  92.400 0.0000000000
61024  -23.364  -27.303  91.599 0.0000000000
61052  -10.920  -29.524  88.855 0.0000000000
61053  -21.150  -27.828  89.142 0.0000000000
61070  -8.036  -28.505  88.043 0.0000000000
61073  -20.683  -28.377  88.477 0.0000000000
61075  -22.663  -28.369  89.095 0.0000000000
61076  -23.027  -28.460  89.074 0.0000000000
61093  -7.688  -28.650  86.781 0.0000000000
61094  -8.030  -28.539  86.835 0.0000000000
61097  -20.772  -28.378  87.611 0.0000000000
61108  -4.252  -27.639  86.769 0.0000000000
61113  -7.551  -28.649  86.178 0.0000000000
61117  -20.758  -28.552  87.126 0.0000000000
61127  -10.733  -29.351  85.326 0.0000000000
61128  -10.946  -29.657  85.149 0.0000000000
61135  -5.334  -27.953  84.622 0.0000000000
61155  -6.170  -28.319  83.545 0.0000000000
61156  -6.401  -28.451  83.463 0.0000000000
61160  -10.347  -29.186  83.789 0.0000000000
61161  -20.267  -28.459  83.504 0.0000000000
61202  -4.815  -27.620  83.017 0.0000000000
61205  -10.153  -29.857  82.291 0.0000000000
61206  -10.315  -29.897  82.593 0.0000000000
61246  -6.299  -28.011  78.946 0.0000000000
61269  -6.291  -28.134  78.562 0.0000000000
62285  -10.183  -28.413  95.642 0.0000000000
62296  -10.431  -28.094  95.232 0.0000000000
62297  -10.943  -28.571  95.016 0.0000000000
62298  -11.148  -28.762  94.931 0.0000000000
62310  -11.022  -28.834  94.750 0.0000000000
62320  -11.132  -28.811  92.766 0.0000000000
62326  -7.229  -27.775  91.372 0.0000000000
62331  -11.017  -28.678  92.463 0.0000000000
62332  -24.076  -26.765  92.141 0.0000000000
62341  -10.634  -28.418  91.388 0.0000000000
62346  -24.928  -26.365  91.566 0.0000000000
62358  -24.378  -26.282  90.639 0.0000000000
62367  -7.638  -27.831  89.078 0.0000000000
62371  -21.809  -28.160  89.062 0.0000000000
62373  -22.928  -27.090  89.526 0.0000000000
62376  -24.442  -25.591  89.174 0.0000000000
62389  -8.019  -28.517  87.655 0.0000000000
62393  -20.950  -28.099  88.163 0.0000000000
62395  -22.372  -28.122  88.644 0.0000000000
62400  -25.407  -25.858  88.323 0.0000000000
62411  -7.446  -28.661  87.244 0.0000000000
62412  -7.865  -28.544  87.182 0.0000000000
62416  -20.743  -28.237  87.957 0.0000000000
62419  -22.719  -27.180  87.772 0.0000000000
62424  -26.332  -25.773  87.333 0.0000000000
62429  -4.239  -27.023  86.726 0.0000000000
62466  -8.925  -28.582  84.604 0.0000000000
62470  -21.428  -28.304  84.911 0.0000000000
62472  -22.324  -27.280  84.552 0.0000000000
62489  -10.389  -28.849  84.232 0.0000000000
62540  -5.655  -27.429  80.527 0.0000000000
62581  -5.406  -28.278  78.265 0.0000000000
62603  -4.994  -28.638  78.043 0.0000000000
63608  -10.077  -27.496  94.877 0.0000000000
63609  -10.340  -27.654  95.003 0.0000000000
63617  -9.921  -27.642  94.628 0.0000000000
63618  -10.251  -27.834  94.658 0.0000000000
63619  -10.568  -28.097  94.840 0.0000000000
63626  -10.057  -27.808  91.774 0.0000000000
63627  -10.171  -27.847  92.048 0.0000000000
63634  -10.328  -28.021  91.813 0.0000000000
63644  -23.255  -26.885  90.171 0.0000000000
63645  -24.432  -25.611  89.905 0.0000000000
63655  -23.168  -26.808  89.747 0.0000000000
63656  -23.256  -26.705  89.966 0.0000000000
63661  -27.763  -25.340  88.347 0.0000000000
63670  -3.241  -26.743  88.965 0.0000000000
63671  -22.455  -27.750  88.344 0.0000000000
63687  -22.556  -27.509  88.219 0.0000000000
63709  -4.193  -26.381  86.417 0.0000000000
63783  -4.372  -27.006  81.596 0.0000000000
63798  -5.157  -28.061  78.419 0.0000000000
63832  -4.484  -28.374  77.937 0.0000000000
63833  -4.966  -28.042  77.731 0.0000000000
64967  -27.557  -24.721  89.476 0.0000000000
64975  -26.859  -24.753  89.195 0.0000000000
64993  -28.119  -25.266  86.937 0.0000000000
65013  -4.178  -26.427  86.169 0.0000000000
65062  -6.025  -26.285  82.662 0.0000000000
65070  -4.317  -26.996  82.342 0.0000000000
65079  -4.582  -26.922  81.499 0.0000000000
66186  -26.320  -24.094  92.053 0.0000000000
66191  -26.442  -24.096  91.806 0.0000000000
66194  -28.013  -23.901  89.449 0.0000000000
66201  -27.155  -24.767  89.657 0.0000000000
66202  -27.321  -24.733  89.388 0.0000000000
66214  -27.233  -24.706  89.119 0.0000000000
66215  -28.929  -24.814  88.933 0.0000000000
66216  -29.310  -24.815  88.594 0.0000000000
66239  -28.292  -24.250  85.984 0.0000000000
66279  -3.742  -26.720  84.432 0.0000000000
66292  -6.106  -26.278  81.872 0.0000000000
67434  -26.282  -23.969  92.253 0.0000000000
67445  -26.513  -23.902  91.991 0.0000000000
67460  -28.847  -23.761  89.481 0.0000000000
67461  -29.214  -24.221  89.240 0.0000000000
67472  -29.309  -23.788  89.272 0.0000000000
67484  -28.933  -23.221  87.900 0.0000000000
67496  -29.192  -23.601  86.822 0.0000000000
67498  -29.160  -23.199  87.466 0.0000000000
67508  -29.157  -23.479  86.611 0.0000000000
68733  -26.266  -23.761  92.362 0.0000000000
68750  -26.640  -23.454  91.908 0.0000000000
68767  -30.637  -22.364  89.659 0.0000000000
68802  -29.488  -23.560  88.839 0.0000000000
68818  -29.278  -23.447  87.012 0.0000000000
68819  -29.296  -23.167  87.124 0.0000000000
68834  -29.279  -23.375  86.793 0.0000000000
68836  -29.186  -22.654  86.873 0.0000000000
68854  -28.972  -23.268  85.686 0.0000000000
68885  -8.399  -23.613  82.403 0.0000000000
68900  -37.649  -21.438  80.218 0.0000000000
68901  -37.961  -21.167  80.278 0.0000000000
70022  -31.288  -21.801  89.757 0.0000000000
70054  -30.312  -21.786  89.201 0.0000000000
70133  -38.211  -20.446  81.537 0.0000000000
70134  -38.555  -20.424  81.317 0.0000000000
70153  -37.902  -20.785  81.225 0.0000000000
70228  -37.886  -20.920  78.400 0.0000000000
71152  -30.308  -20.817  92.322 0.0000000000
71171  -29.770  -21.182  92.374 0.0000000000
71172  -30.451  -20.991  91.821 0.0000000000
71191  -31.114  -20.944  90.553 0.0000000000
71239  -29.974  -21.124  88.062 0.0000000000
71260  -4.018  -21.494  85.982 0.0000000000
71289  -6.328  -21.979  83.547 0.0000000000
71322  -38.475  -20.629  80.927 0.0000000000
71354  -37.591  -20.644  81.439 0.0000000000
71399  -39.795  -19.923  79.532 0.0000000000
71410  -38.000  -20.714  78.327 0.0000000000
71430  -37.817  -20.786  78.166 0.0000000000
72283  -30.054  -20.488  92.450 0.0000000000
72294  -29.683  -20.768  92.604 0.0000000000
72320  -30.677  -20.206  90.295 0.0000000000
72341  -30.520  -19.668  88.754 0.0000000000
72342  -30.459  -19.731  88.380 0.0000000000
72343  -30.303  -20.219  88.691 0.0000000000
72354  -30.236  -20.422  88.064 0.0000000000
72355  -30.046  -20.627  88.691 0.0000000000
72368  -4.243  -21.375  85.543 0.0000000000
72406  -4.547  -20.705  83.559 0.0000000000
72481  -39.799  -19.772  79.193 0.0000000000
73405  -29.561  -20.475  92.672 0.0000000000
73435  -30.573  -19.494  88.926 0.0000000000
73446  -30.626  -19.326  88.655 0.0000000000
73456  -30.787  -19.130  88.146 0.0000000000
73469  -31.022  -19.071  87.628 0.0000000000
73471  -31.641  -18.322  86.970 0.0000000000
73482  -31.035  -18.751  86.060 0.0000000000
73485  -36.509  -17.279  84.471 0.0000000000
73490  -39.830  -17.132  83.915 0.0000000000
73515  -39.663  -17.374  83.441 0.0000000000
73644  -43.053  -19.063  75.849 0.0000000000
73674  -39.583  -17.184  73.150 0.0000000000
73692  -39.477  -17.012  72.894 0.0000000000
73813  -45.247  -17.446  67.806 0.0000000000
74589  -30.341  -18.939  92.482 0.0000000000
74630  -30.745  -18.485  89.191 0.0000000000
74642  -34.837  -16.369  86.886 0.0000000000
74651  -30.755  -17.245  88.057 0.0000000000
74652  -31.508  -17.293  87.608 0.0000000000
74671  -31.588  -18.312  86.730 0.0000000000
74713  -38.762  -17.836  82.805 0.0000000000
74714  -38.567  -17.984  82.824 0.0000000000
74728  -38.707  -18.035  82.685 0.0000000000
74899  -47.892  -17.324  70.639 0.0000000000
74900  -48.144  -17.137  70.745 0.0000000000
74906  -47.842  -16.843  70.370 0.0000000000
74917  -45.519  -17.522  67.797 0.0000000000
74918  -45.416  -17.332  67.667 0.0000000000
75777  -35.306  -15.452  87.492 0.0000000000
75789  -36.377  -15.672  86.907 0.0000000000
75790  -36.713  -15.637  86.813 0.0000000000
75800  -33.095  -16.630  87.796 0.0000000000
75805  -36.913  -15.905  86.708 0.0000000000
75816  -33.786  -16.686  87.250 0.0000000000
75817  -34.278  -16.527  87.198 0.0000000000
75827  -32.636  -17.466  86.953 0.0000000000
75828  -32.842  -17.293  86.992 0.0000000000
75859  -32.329  -17.422  84.330 0.0000000000
75861  -38.963  -17.804  82.723 0.0000000000
75862  -38.779  -17.906  82.752 0.0000000000
75877  -32.760  -17.258  84.063 0.0000000000
75878  -38.936  -18.029  82.531 0.0000000000
75879  -39.110  -17.857  82.603 0.0000000000
75897  -39.056  -18.363  82.495 0.0000000000
75898  -39.174  -18.070  82.347 0.0000000000
75899  -39.403  -17.829  82.428 0.0000000000
75982  -39.780  -17.583  75.253 0.0000000000
76005  -46.919  -17.698  72.907 0.0000000000
76031  -46.035  -17.052  70.308 0.0000000000
76040  -45.648  -17.074  69.916 0.0000000000
76063  -47.217  -15.883  69.013 0.0000000000
76099  -44.882  -16.521  67.297 0.0000000000
77000  -34.431  -15.261  88.227 0.0000000000
77001  -35.211  -15.154  87.762 0.0000000000
77002  -35.733  -15.087  87.548 0.0000000000
77003  -36.169  -15.051  87.414 0.0000000000
77013  -33.794  -15.469  88.569 0.0000000000
77014  -34.011  -15.135  88.465 0.0000000000
77015  -35.576  -15.361  87.445 0.0000000000
77018  -36.977  -15.168  86.861 0.0000000000
77024  -32.635  -16.744  87.948 0.0000000000
77033  -32.675  -16.793  87.714 0.0000000000
77034  -32.862  -16.809  87.553 0.0000000000
77214  -47.888  -15.496  69.272 0.0000000000
77215  -48.225  -15.582  69.639 0.0000000000
77237  -44.579  -15.710  66.982 0.0000000000
78238  -35.379  -14.665  88.000 0.0000000000
78256  -36.490  -14.776  87.370 0.0000000000
78269  -33.708  -14.883  89.023 0.0000000000
78271  -36.970  -15.086  86.953 0.0000000000
78478  -48.145  -15.056  68.758 0.0000000000
78503  -44.665  -15.275  67.053 0.0000000000
78519  -44.643  -14.941  66.859 0.0000000000
79446  -35.654  -14.290  88.048 0.0000000000
79466  -36.396  -14.491  87.549 0.0000000000
79856  -47.150  -13.910  68.345 0.0000000000
81088  -49.777  -13.666  69.827 0.0000000000
81097  -45.427  -13.812  67.474 0.0000000000
81099  -46.241  -13.857  67.772 0.0000000000
82354  -47.209  -12.422  68.399 0.0000000000
82355  -47.681  -13.032  68.785 0.0000000000
83491  -46.916  -11.603  67.625 0.0000000000
83512  -45.991  -11.452  65.844 0.0000000000
84556  -47.859  -10.702  68.740 0.0000000000
84566  -48.152  -9.966  68.207 0.0000000000
84579  -46.222  -11.091  65.694 0.0000000000
84588  -46.020  -11.210  65.700 0.0000000000
85565  -51.117  -9.281  69.876 0.0000000000
85613  -51.020  -8.262  62.404 0.0000000000
85644  -51.410  -6.793  60.822 0.0000000000
86656  -52.091  -7.735  66.721 0.0000000000
86667  -51.853  -7.656  65.261 0.0000000000
86680  -51.827  -8.009  62.944 0.0000000000
87709  -52.056  -7.577  65.386 0.0000000000
87713  -52.217  -7.742  63.370 0.0000000000
87720  -52.100  -7.844  63.162 0.0000000000
91059  -54.374  -3.893  59.622 0.0000000000
132949  -20.544  -28.220  83.901 0.0000000000
132953  -20.773  -28.356  83.153 0.0000000000
133086  -4.602  -21.266  84.302 0.0000000000
133088  -4.571  -20.953  83.949 0.0000000000
133089  -4.659  -20.973  83.707 0.0000000000
133094  -4.778  -20.841  83.642 0.0000000000
133106  -38.127  -20.186  81.973 0.0000000000
133109  -37.942  -17.862  83.283 0.0000000000
133178  -51.574  -8.058  64.992 0.0000000000
133182  -51.128  -8.688  64.754 0.0000000000
