#!ascii label  , from subject 3826 vox2ras=TkReg
1492
67835  -45.238  -24.678  64.650 0.0000000000
83628  -55.626  -11.237  56.731 0.0000000000
78556  -49.009  -16.050  61.748 0.0000000000
48356  -13.714  -40.843  89.087 0.0000000000
66442  -42.103  -25.679  71.723 0.0000000000
57434  -28.109  -33.301  87.042 0.0000000000
62457  -36.277  -28.734  85.825 0.0000000000
63779  -41.290  -27.359  80.949 0.0000000000
67613  -43.473  -25.259  78.177 0.0000000000
51626  -21.518  -38.446  82.459 0.0000000000
53938  -23.941  -35.732  87.321 0.0000000000
56336  -24.718  -34.343  81.343 0.0000000000
58755  -33.815  -31.811  79.831 0.0000000000
63773  -35.923  -27.840  81.460 0.0000000000
69041  -48.642  -23.777  72.535 0.0000000000
69088  -50.881  -24.361  68.318 0.0000000000
82458  -52.693  -13.337  59.215 0.0000000000
72689  -47.469  -20.764  63.220 0.0000000000
83681  -53.165  -12.190  52.869 0.0000000000
47250  -10.234  -42.459  90.929 0.0000000000
69011  -46.619  -24.350  74.741 0.0000000000
67746  -42.843  -25.197  68.417 0.0000000000
57552  -28.784  -32.973  80.474 0.0000000000
57439  -32.623  -32.919  86.513 0.0000000000
74919  -52.436  -18.984  66.897 0.0000000000
82624  -60.859  -12.327  47.593 0.0000000000
62593  -38.314  -29.207  78.473 0.0000000000
63850  -40.435  -28.060  77.349 0.0000000000
54030  -22.873  -35.624  82.182 0.0000000000
63821  -33.525  -28.126  78.016 0.0000000000
63824  -35.916  -28.571  78.911 0.0000000000
63776  -38.523  -28.467  81.518 0.0000000000
67750  -46.852  -25.339  68.007 0.0000000000
69065  -50.101  -24.352  70.451 0.0000000000
67777  -48.992  -25.052  66.894 0.0000000000
82484  -54.499  -12.212  57.880 0.0000000000
83583  -55.503  -11.930  60.432 0.0000000000
85714  -57.631  -9.886  55.699 0.0000000000
47310  -12.257  -41.895  86.649 0.0000000000
48344  -12.235  -41.505  90.752 0.0000000000
67665  -43.315  -25.402  74.683 0.0000000000
67650  -45.760  -24.794  76.302 0.0000000000
67684  -44.053  -24.650  73.618 0.0000000000
69049  -45.348  -24.616  71.996 0.0000000000
67725  -41.731  -25.498  69.506 0.0000000000
56270  -25.910  -33.891  86.758 0.0000000000
56233  -25.838  -34.598  88.884 0.0000000000
57392  -27.541  -33.044  88.947 0.0000000000
57363  -29.929  -32.714  89.317 0.0000000000
57587  -27.364  -33.137  78.536 0.0000000000
56411  -29.701  -33.381  77.023 0.0000000000
59884  -35.720  -30.917  82.921 0.0000000000
57496  -33.980  -32.740  83.397 0.0000000000
58697  -34.890  -31.580  86.013 0.0000000000
59776  -34.450  -30.685  89.184 0.0000000000
50529  -17.903  -39.518  86.151 0.0000000000
49441  -20.104  -39.610  87.832 0.0000000000
50459  -20.190  -39.223  91.361 0.0000000000
76128  -48.112  -17.800  62.721 0.0000000000
73843  -50.070  -19.634  64.700 0.0000000000
77259  -51.146  -17.277  64.326 0.0000000000
83766  -61.852  -11.924  46.589 0.0000000000
49355  -13.191  -40.087  93.703 0.0000000000
66287  -42.738  -25.208  82.931 0.0000000000
68920  -44.699  -24.038  81.095 0.0000000000
65085  -42.872  -26.468  79.960 0.0000000000
66364  -41.966  -26.175  76.502 0.0000000000
50533  -22.412  -38.994  85.709 0.0000000000
52730  -23.963  -37.452  87.763 0.0000000000
52766  -23.537  -37.181  84.480 0.0000000000
54009  -24.680  -35.049  84.056 0.0000000000
56317  -25.863  -33.692  84.043 0.0000000000
58789  -31.934  -32.042  76.536 0.0000000000
61300  -31.886  -30.048  77.882 0.0000000000
62546  -33.878  -29.615  80.450 0.0000000000
63735  -35.539  -28.489  83.028 0.0000000000
65049  -37.686  -27.839  83.581 0.0000000000
65036  -40.828  -26.387  84.317 0.0000000000
50576  -19.735  -39.288  83.224 0.0000000000
71462  -49.942  -21.598  75.330 0.0000000000
73631  -52.683  -19.736  76.279 0.0000000000
71488  -51.939  -21.803  73.879 0.0000000000
70322  -53.192  -22.282  72.170 0.0000000000
79936  -50.767  -15.020  60.585 0.0000000000
79894  -52.065  -14.945  63.516 0.0000000000
81160  -54.087  -13.757  62.469 0.0000000000
43027  -6.678  -44.875  93.254 0.0000000000
70428  -46.820  -22.977  63.555 0.0000000000
75026  -45.121  -18.155  60.199 0.0000000000
78597  -47.521  -15.384  58.807 0.0000000000
81222  -49.695  -14.248  57.833 0.0000000000
82481  -51.535  -13.059  57.280 0.0000000000
84681  -53.541  -12.003  56.000 0.0000000000
83654  -54.659  -12.169  55.028 0.0000000000
83651  -52.045  -12.553  54.067 0.0000000000
48306  -11.165  -41.271  94.654 0.0000000000
47194  -8.946  -42.526  94.472 0.0000000000
45035  -7.513  -43.698  94.452 0.0000000000
72485  -49.580  -20.458  79.213 0.0000000000
68939  -46.414  -23.899  79.998 0.0000000000
70232  -47.658  -22.843  78.733 0.0000000000
71448  -49.262  -21.914  76.550 0.0000000000
69029  -47.771  -23.922  73.684 0.0000000000
67716  -46.388  -24.997  70.111 0.0000000000
67794  -44.274  -25.479  66.350 0.0000000000
53907  -24.086  -36.396  89.242 0.0000000000
57532  -27.087  -33.320  81.354 0.0000000000
57491  -28.698  -32.944  83.560 0.0000000000
57555  -31.920  -33.159  80.521 0.0000000000
56319  -31.036  -32.947  83.568 0.0000000000
57437  -30.464  -32.951  86.524 0.0000000000
57381  -32.102  -32.466  89.288 0.0000000000
48388  -14.174  -40.869  86.295 0.0000000000
49453  -16.337  -40.417  86.226 0.0000000000
49407  -16.286  -39.955  88.767 0.0000000000
71553  -48.901  -22.236  65.568 0.0000000000
71536  -52.288  -21.531  66.980 0.0000000000
71539  -55.478  -20.747  67.817 0.0000000000
77241  -53.661  -16.557  66.360 0.0000000000
82522  -56.996  -12.487  54.475 0.0000000000
81267  -59.376  -13.274  53.142 0.0000000000
81285  -60.563  -12.746  51.331 0.0000000000
81312  -58.638  -13.624  49.089 0.0000000000
82585  -61.845  -12.564  49.588 0.0000000000
62614  -37.016  -29.493  77.331 0.0000000000
62616  -38.902  -28.946  77.432 0.0000000000
62636  -37.764  -29.411  76.359 0.0000000000
63867  -34.362  -28.594  76.814 0.0000000000
62613  -36.009  -29.325  77.198 0.0000000000
63826  -37.643  -28.974  79.155 0.0000000000
67774  -46.109  -25.690  67.079 0.0000000000
67751  -47.976  -25.083  67.850 0.0000000000
67817  -46.503  -24.362  65.133 0.0000000000
83616  -54.928  -11.798  57.520 0.0000000000
83607  -55.724  -11.418  58.248 0.0000000000
84664  -56.544  -11.038  57.899 0.0000000000
85688  -57.346  -9.470  57.235 0.0000000000
84695  -56.749  -10.545  55.836 0.0000000000
48367  -13.156  -41.067  88.323 0.0000000000
48366  -12.565  -41.698  88.501 0.0000000000
48345  -13.039  -41.366  90.381 0.0000000000
67693  -42.734  -25.410  72.713 0.0000000000
67683  -43.471  -25.232  73.674 0.0000000000
67694  -43.423  -24.904  72.659 0.0000000000
67703  -43.474  -24.791  71.609 0.0000000000
67711  -41.860  -25.511  70.331 0.0000000000
49411  -22.505  -39.787  89.403 0.0000000000
56271  -26.856  -33.837  86.871 0.0000000000
56253  -26.795  -33.355  88.036 0.0000000000
57410  -27.507  -33.066  88.281 0.0000000000
58650  -28.836  -33.259  89.231 0.0000000000
57394  -28.659  -33.247  88.125 0.0000000000
61131  -36.113  -29.682  85.184 0.0000000000
58713  -35.461  -31.342  84.523 0.0000000000
59816  -35.635  -30.315  86.441 0.0000000000
61098  -35.230  -29.545  87.631 0.0000000000
49457  -21.421  -39.441  86.654 0.0000000000
49427  -21.864  -39.797  88.375 0.0000000000
49410  -21.239  -39.878  89.452 0.0000000000
72487  -50.754  -20.699  78.727 0.0000000000
77305  -48.625  -16.565  62.389 0.0000000000
76130  -49.255  -17.615  63.578 0.0000000000
77290  -49.509  -16.949  63.233 0.0000000000
66296  -41.956  -26.081  82.153 0.0000000000
66308  -42.809  -26.012  81.245 0.0000000000
65075  -42.302  -26.839  80.770 0.0000000000
65135  -41.270  -27.391  76.964 0.0000000000
65147  -41.215  -26.986  75.429 0.0000000000
66398  -41.568  -26.662  74.579 0.0000000000
50562  -21.784  -38.902  83.981 0.0000000000
51606  -23.481  -37.916  84.702 0.0000000000
51628  -22.691  -37.434  83.287 0.0000000000
55197  -23.509  -34.965  81.776 0.0000000000
54008  -23.766  -35.655  83.497 0.0000000000
55185  -24.442  -34.538  83.154 0.0000000000
56305  -25.216  -34.289  84.174 0.0000000000
56326  -25.518  -34.062  82.722 0.0000000000
61318  -31.109  -29.102  75.932 0.0000000000
63804  -34.516  -28.444  79.404 0.0000000000
62570  -34.190  -28.703  79.913 0.0000000000
63788  -34.757  -28.558  80.423 0.0000000000
63753  -35.180  -28.738  82.153 0.0000000000
63754  -35.769  -28.110  82.341 0.0000000000
65048  -37.147  -27.841  83.631 0.0000000000
63755  -36.551  -27.868  82.387 0.0000000000
63777  -39.517  -28.636  81.547 0.0000000000
63740  -39.928  -27.874  83.084 0.0000000000
65067  -41.077  -27.488  82.384 0.0000000000
66286  -42.323  -25.995  83.485 0.0000000000
50593  -20.791  -38.802  82.209 0.0000000000
70308  -49.434  -22.424  73.262 0.0000000000
71474  -50.671  -21.697  74.729 0.0000000000
70309  -50.211  -22.392  73.200 0.0000000000
69077  -50.519  -24.580  69.422 0.0000000000
70331  -51.848  -23.190  71.609 0.0000000000
69068  -52.340  -23.501  70.179 0.0000000000
70340  -54.027  -22.463  70.464 0.0000000000
69080  -52.560  -23.381  69.367 0.0000000000
81206  -51.791  -13.959  60.353 0.0000000000
81175  -52.335  -14.336  61.498 0.0000000000
81191  -53.576  -13.681  60.658 0.0000000000
84619  -57.111  -10.994  61.509 0.0000000000
79965  -48.790  -14.372  58.066 0.0000000000
79982  -48.335  -14.595  57.076 0.0000000000
82504  -49.619  -13.212  55.633 0.0000000000
82505  -50.724  -12.936  55.552 0.0000000000
83624  -52.324  -12.392  56.633 0.0000000000
82506  -51.715  -12.607  55.464 0.0000000000
83635  -52.346  -12.427  55.006 0.0000000000
47280  -10.222  -42.510  89.166 0.0000000000
46111  -9.152  -42.544  91.168 0.0000000000
49336  -12.337  -39.907  95.399 0.0000000000
49354  -12.228  -40.261  93.532 0.0000000000
49335  -11.609  -40.190  95.424 0.0000000000
48282  -8.629  -40.918  96.350 0.0000000000
46073  -8.217  -42.512  96.679 0.0000000000
46088  -8.428  -42.935  94.260 0.0000000000
45023  -8.445  -43.141  96.060 0.0000000000
44047  -7.490  -43.954  95.123 0.0000000000
67580  -44.113  -24.958  79.861 0.0000000000
68937  -44.964  -24.046  80.462 0.0000000000
67596  -44.845  -24.571  79.111 0.0000000000
68995  -46.477  -24.587  75.986 0.0000000000
68981  -46.409  -24.156  77.210 0.0000000000
68982  -47.195  -23.625  76.799 0.0000000000
71433  -48.534  -22.273  77.639 0.0000000000
70280  -47.931  -23.028  75.499 0.0000000000
70281  -48.582  -22.582  75.288 0.0000000000
69012  -47.524  -23.863  74.682 0.0000000000
67714  -44.465  -24.892  70.482 0.0000000000
69050  -46.036  -24.528  71.680 0.0000000000
67728  -44.605  -25.435  69.521 0.0000000000
67748  -44.801  -25.678  68.429 0.0000000000
67772  -44.009  -25.471  67.487 0.0000000000
53937  -23.700  -36.557  87.497 0.0000000000
53921  -23.871  -36.734  88.450 0.0000000000
53922  -24.004  -36.010  88.289 0.0000000000
57568  -28.584  -33.132  79.448 0.0000000000
57566  -26.871  -33.399  79.533 0.0000000000
57533  -28.017  -33.079  81.426 0.0000000000
57512  -27.335  -33.367  82.419 0.0000000000
57513  -28.329  -33.008  82.504 0.0000000000
58767  -32.505  -32.030  78.136 0.0000000000
57591  -31.933  -32.971  78.290 0.0000000000
57572  -32.657  -32.763  79.725 0.0000000000
57478  -33.473  -33.066  84.383 0.0000000000
57494  -31.787  -32.898  83.413 0.0000000000
57459  -31.917  -33.291  85.463 0.0000000000
57458  -30.843  -33.415  85.496 0.0000000000
57438  -31.525  -33.045  86.584 0.0000000000
57415  -31.115  -32.523  87.654 0.0000000000
57416  -32.287  -32.965  87.803 0.0000000000
66257  -38.305  -26.404  85.918 0.0000000000
49454  -16.986  -40.107  86.040 0.0000000000
49439  -16.811  -40.072  87.009 0.0000000000
49438  -15.961  -40.056  87.085 0.0000000000
50442  -20.393  -39.430  92.193 0.0000000000
72688  -46.800  -21.223  62.916 0.0000000000
70418  -47.692  -22.727  64.570 0.0000000000
71581  -48.331  -21.146  64.538 0.0000000000
73845  -51.320  -19.525  65.579 0.0000000000
72646  -50.988  -20.567  65.639 0.0000000000
72632  -52.006  -20.533  66.730 0.0000000000
71537  -53.341  -21.602  67.450 0.0000000000
73793  -53.533  -19.530  67.084 0.0000000000
81134  -53.416  -14.335  64.787 0.0000000000
78521  -52.936  -15.609  65.049 0.0000000000
78523  -54.330  -15.656  66.128 0.0000000000
82518  -53.976  -12.480  54.292 0.0000000000
83655  -55.591  -12.117  55.045 0.0000000000
82534  -55.213  -12.889  53.583 0.0000000000
82546  -56.733  -13.417  52.718 0.0000000000
81275  -58.371  -13.885  52.159 0.0000000000
81277  -59.723  -12.992  52.522 0.0000000000
81283  -59.177  -13.821  51.386 0.0000000000
81333  -58.824  -13.009  47.571 0.0000000000
81324  -57.821  -12.853  48.248 0.0000000000
81326  -59.424  -13.341  48.395 0.0000000000
82583  -60.491  -12.842  49.359 0.0000000000
82606  -61.450  -12.485  48.539 0.0000000000
83720  -61.988  -12.188  48.045 0.0000000000
82638  -62.545  -12.946  46.645 0.0000000000
63794  -39.939  -28.527  80.223 0.0000000000
63810  -40.500  -28.006  79.046 0.0000000000
62595  -40.115  -28.438  78.233 0.0000000000
62638  -39.428  -28.675  76.500 0.0000000000
52805  -22.830  -37.104  82.116 0.0000000000
63866  -33.563  -28.560  76.563 0.0000000000
63823  -35.006  -28.250  78.608 0.0000000000
63805  -35.582  -28.307  79.629 0.0000000000
63791  -37.107  -27.879  80.576 0.0000000000
63807  -37.378  -28.310  79.777 0.0000000000
63809  -38.617  -29.033  79.926 0.0000000000
69063  -47.990  -24.427  70.256 0.0000000000
69054  -49.730  -23.930  71.538 0.0000000000
69075  -48.661  -24.776  68.977 0.0000000000
69076  -49.628  -24.461  69.296 0.0000000000
69102  -49.868  -23.927  67.435 0.0000000000
82471  -53.528  -12.629  58.471 0.0000000000
82447  -54.517  -13.030  60.428 0.0000000000
83596  -54.979  -12.200  59.282 0.0000000000
84636  -56.381  -11.449  59.963 0.0000000000
84712  -58.699  -10.710  55.402 0.0000000000
47281  -10.838  -41.956  88.814 0.0000000000
47251  -11.100  -42.295  91.101 0.0000000000
66366  -43.375  -25.442  76.608 0.0000000000
67630  -44.548  -25.344  76.732 0.0000000000
67648  -44.277  -24.869  75.812 0.0000000000
67667  -44.864  -24.886  75.214 0.0000000000
69010  -45.580  -24.755  74.719 0.0000000000
69027  -45.830  -24.590  73.711 0.0000000000
69037  -45.119  -24.667  72.717 0.0000000000
67713  -43.529  -24.740  70.513 0.0000000000
67726  -42.690  -25.083  69.459 0.0000000000
55131  -25.332  -34.569  87.015 0.0000000000
55114  -24.949  -34.440  88.215 0.0000000000
55115  -25.463  -34.140  87.864 0.0000000000
56234  -26.417  -34.052  89.169 0.0000000000
57351  -29.472  -32.849  90.159 0.0000000000
57610  -28.943  -33.418  77.602 0.0000000000
57589  -29.417  -33.478  78.378 0.0000000000
58737  -34.209  -31.641  81.458 0.0000000000
57539  -33.903  -32.389  81.477 0.0000000000
57520  -34.956  -31.928  83.043 0.0000000000
57479  -34.504  -32.767  84.372 0.0000000000
57441  -34.388  -32.254  86.166 0.0000000000
57417  -33.528  -32.472  87.521 0.0000000000
59797  -34.348  -30.871  88.193 0.0000000000
50559  -18.394  -39.450  84.469 0.0000000000
50547  -18.979  -39.344  85.380 0.0000000000
50503  -18.839  -39.179  88.745 0.0000000000
50491  -18.741  -39.037  89.709 0.0000000000
49409  -20.218  -39.547  89.596 0.0000000000
74989  -47.493  -19.436  62.532 0.0000000000
72675  -48.577  -20.494  64.177 0.0000000000
74973  -48.926  -19.096  63.454 0.0000000000
74960  -50.506  -18.887  64.710 0.0000000000
76080  -51.845  -18.040  65.917 0.0000000000
83690  -53.176  -11.930  51.564 0.0000000000
82553  -53.652  -12.659  52.450 0.0000000000
83691  -54.071  -12.212  51.285 0.0000000000
82636  -59.193  -11.998  46.389 0.0000000000
83743  -61.674  -12.088  47.514 0.0000000000
82650  -59.981  -12.218  45.770 0.0000000000
83785  -61.542  -11.494  45.773 0.0000000000
49376  -15.163  -40.028  91.015 0.0000000000
49374  -13.317  -41.019  91.463 0.0000000000
70181  -44.321  -23.669  82.373 0.0000000000
67558  -43.981  -24.713  81.891 0.0000000000
67566  -43.529  -25.361  80.562 0.0000000000
67594  -43.312  -25.391  78.763 0.0000000000
63829  -41.404  -27.005  78.736 0.0000000000
66337  -42.419  -26.012  78.113 0.0000000000
66350  -42.916  -25.513  77.660 0.0000000000
66381  -42.438  -25.803  75.654 0.0000000000
66417  -41.843  -26.281  73.683 0.0000000000
49444  -22.689  -39.345  86.662 0.0000000000
51585  -23.681  -38.472  87.018 0.0000000000
51595  -23.345  -38.587  86.380 0.0000000000
52753  -23.476  -37.191  85.560 0.0000000000
53960  -23.774  -36.481  86.372 0.0000000000
52786  -23.142  -36.845  83.504 0.0000000000
53987  -23.769  -36.384  84.907 0.0000000000
53962  -24.752  -35.115  85.577 0.0000000000
55153  -25.393  -34.448  85.456 0.0000000000
57453  -26.158  -33.759  85.473 0.0000000000
57454  -26.802  -33.534  85.714 0.0000000000
59968  -32.367  -31.226  77.254 0.0000000000
59937  -32.618  -30.651  79.202 0.0000000000
62612  -32.545  -28.725  77.802 0.0000000000
62568  -32.555  -29.548  79.101 0.0000000000
59921  -33.582  -30.632  80.320 0.0000000000
61191  -34.891  -29.987  81.685 0.0000000000
61169  -35.603  -29.572  83.489 0.0000000000
62479  -36.313  -28.971  84.798 0.0000000000
63712  -36.461  -27.653  85.798 0.0000000000
63725  -36.795  -27.816  84.570 0.0000000000
65018  -37.684  -26.997  85.419 0.0000000000
66272  -38.746  -26.729  85.211 0.0000000000
63757  -38.402  -28.339  82.550 0.0000000000
65034  -39.102  -27.154  84.522 0.0000000000
65020  -40.286  -26.452  85.123 0.0000000000
66273  -41.509  -25.892  84.427 0.0000000000
50560  -19.457  -39.342  84.440 0.0000000000
73627  -50.066  -20.470  76.679 0.0000000000
73648  -51.056  -20.249  76.047 0.0000000000
73665  -52.154  -20.434  75.339 0.0000000000
73682  -53.104  -20.457  73.952 0.0000000000
70330  -50.968  -23.145  71.764 0.0000000000
70321  -52.422  -22.454  72.515 0.0000000000
78572  -49.601  -15.681  61.170 0.0000000000
78542  -50.723  -15.726  63.026 0.0000000000
79905  -51.146  -14.901  62.164 0.0000000000
79907  -52.637  -14.426  62.955 0.0000000000
81148  -54.196  -13.785  63.488 0.0000000000
82433  -55.155  -12.843  61.635 0.0000000000
82404  -55.600  -12.752  63.375 0.0000000000
69189  -43.944  -24.141  62.978 0.0000000000
69175  -45.889  -23.791  64.372 0.0000000000
70441  -44.907  -23.024  62.559 0.0000000000
71602  -45.495  -22.172  62.671 0.0000000000
73879  -46.157  -20.527  62.447 0.0000000000
73893  -46.332  -19.634  62.099 0.0000000000
76140  -47.205  -17.961  61.815 0.0000000000
77313  -47.225  -17.413  61.301 0.0000000000
77314  -47.568  -16.683  61.008 0.0000000000
78584  -48.490  -15.449  60.086 0.0000000000
79934  -49.307  -15.546  59.848 0.0000000000
79967  -50.650  -14.730  59.007 0.0000000000
81223  -50.547  -14.120  58.125 0.0000000000
81246  -48.648  -13.954  56.363 0.0000000000
82480  -50.409  -13.610  57.356 0.0000000000
82470  -52.428  -13.218  58.414 0.0000000000
83604  -52.871  -12.524  57.861 0.0000000000
84671  -53.477  -11.716  56.663 0.0000000000
84682  -54.229  -11.562  56.349 0.0000000000
84694  -55.618  -11.310  55.915 0.0000000000
84692  -53.899  -11.701  55.607 0.0000000000
83652  -53.028  -12.289  54.589 0.0000000000
83670  -52.576  -12.250  53.463 0.0000000000
83680  -52.309  -11.770  52.535 0.0000000000
49373  -12.516  -40.949  92.103 0.0000000000
48334  -11.454  -41.494  92.008 0.0000000000
47218  -10.594  -41.690  92.647 0.0000000000
48289  -9.970  -40.464  96.015 0.0000000000
48305  -10.178  -41.800  94.709 0.0000000000
47217  -9.720  -42.044  92.622 0.0000000000
46092  -8.701  -42.524  92.987 0.0000000000
46090  -7.556  -43.295  93.167 0.0000000000
45038  -7.176  -43.935  93.232 0.0000000000
44055  -7.141  -44.424  93.926 0.0000000000
72500  -49.686  -20.339  78.421 0.0000000000
71400  -47.315  -22.382  80.099 0.0000000000
68980  -45.839  -24.064  77.818 0.0000000000
70231  -47.319  -23.371  79.308 0.0000000000
71413  -48.515  -21.793  78.434 0.0000000000
71414  -48.839  -21.084  77.958 0.0000000000
73609  -49.630  -20.489  77.443 0.0000000000
71449  -49.671  -21.524  76.131 0.0000000000
70294  -48.617  -22.540  74.425 0.0000000000
69030  -48.360  -23.672  73.299 0.0000000000
69039  -46.934  -24.451  72.701 0.0000000000
69051  -47.041  -24.550  71.739 0.0000000000
69062  -47.170  -24.797  70.783 0.0000000000
67730  -46.519  -25.011  69.086 0.0000000000
67773  -45.041  -25.551  67.301 0.0000000000
67815  -44.744  -25.280  65.316 0.0000000000
66461  -40.649  -25.583  69.699 0.0000000000
67744  -40.759  -25.326  68.587 0.0000000000
67769  -40.835  -25.286  67.621 0.0000000000
67770  -41.548  -25.445  67.361 0.0000000000
67792  -41.932  -25.321  66.562 0.0000000000
67813  -42.201  -24.887  65.311 0.0000000000
67833  -43.174  -24.713  64.025 0.0000000000
69172  -43.660  -24.552  63.360 0.0000000000
55098  -25.372  -35.231  89.276 0.0000000000
57547  -24.951  -34.127  80.739 0.0000000000
57549  -26.054  -33.413  80.381 0.0000000000
57530  -25.668  -33.825  81.111 0.0000000000
57511  -26.472  -33.638  82.240 0.0000000000
57472  -27.180  -33.219  84.648 0.0000000000
57473  -28.207  -32.907  84.646 0.0000000000
57630  -31.150  -32.924  76.234 0.0000000000
57590  -30.680  -33.393  78.139 0.0000000000
56349  -30.224  -33.278  79.989 0.0000000000
57537  -32.159  -33.013  81.513 0.0000000000
57536  -31.104  -32.904  81.519 0.0000000000
57535  -30.043  -32.938  81.533 0.0000000000
57492  -29.631  -33.281  83.536 0.0000000000
57474  -29.194  -33.029  84.547 0.0000000000
57435  -28.656  -32.967  86.717 0.0000000000
58683  -29.875  -32.637  87.767 0.0000000000
57380  -31.500  -32.566  89.366 0.0000000000
48386  -12.850  -41.487  86.580 0.0000000000
48368  -13.855  -40.795  88.140 0.0000000000
49480  -15.494  -40.247  84.549 0.0000000000
48415  -14.758  -40.593  84.594 0.0000000000
48389  -14.916  -40.821  86.288 0.0000000000
49436  -14.740  -40.708  87.490 0.0000000000
49406  -15.296  -40.198  89.263 0.0000000000
50472  -15.616  -39.906  90.556 0.0000000000
50458  -19.132  -39.016  91.444 0.0000000000
69151  -46.870  -23.440  65.071 0.0000000000
69127  -49.033  -23.762  66.141 0.0000000000
69129  -50.271  -23.613  66.904 0.0000000000
71572  -49.444  -21.287  65.361 0.0000000000
71555  -50.190  -21.757  65.760 0.0000000000
70367  -51.586  -23.253  67.101 0.0000000000
70369  -53.664  -22.377  67.912 0.0000000000
77276  -51.362  -16.227  64.274 0.0000000000
77261  -52.441  -16.579  65.282 0.0000000000
76081  -52.458  -17.833  66.225 0.0000000000
83638  -56.131  -11.546  55.591 0.0000000000
83640  -57.284  -11.027  55.532 0.0000000000
83658  -59.149  -11.885  54.606 0.0000000000
82535  -56.293  -13.021  53.610 0.0000000000
82536  -57.598  -13.345  53.757 0.0000000000
83672  -59.449  -12.420  53.965 0.0000000000
83682  -60.545  -11.963  53.086 0.0000000000
83684  -61.260  -12.262  52.460 0.0000000000
81295  -57.467  -13.334  49.920 0.0000000000
81297  -59.989  -13.620  50.635 0.0000000000
82568  -61.569  -12.548  50.814 0.0000000000
83745  -62.236  -12.466  47.376 0.0000000000
67816  -45.716  -25.000  65.287 0.0000000000
67796  -46.412  -25.270  65.993 0.0000000000
83617  -55.682  -11.324  57.352 0.0000000000
84673  -56.229  -10.799  57.062 0.0000000000
84674  -56.786  -10.151  57.590 0.0000000000
84685  -56.779  -10.244  56.687 0.0000000000
84684  -55.973  -10.870  56.356 0.0000000000
48355  -13.186  -41.435  89.296 0.0000000000
48346  -13.493  -40.931  89.859 0.0000000000
67702  -42.700  -25.111  71.717 0.0000000000
66452  -42.163  -25.446  70.997 0.0000000000
50493  -23.725  -39.282  89.195 0.0000000000
50505  -23.163  -39.371  88.055 0.0000000000
56272  -27.593  -33.560  87.138 0.0000000000
56254  -27.343  -33.404  87.717 0.0000000000
57411  -27.909  -33.041  87.938 0.0000000000
58681  -28.084  -33.124  88.170 0.0000000000
57412  -28.438  -33.103  87.716 0.0000000000
59831  -35.887  -30.411  85.572 0.0000000000
61118  -35.914  -29.599  86.100 0.0000000000
62441  -36.063  -28.956  86.703 0.0000000000
77306  -49.433  -16.361  62.366 0.0000000000
65068  -41.727  -27.085  82.012 0.0000000000
66307  -42.127  -26.453  81.548 0.0000000000
63890  -40.491  -27.690  75.565 0.0000000000
63891  -40.991  -27.453  75.698 0.0000000000
50563  -22.758  -38.398  83.801 0.0000000000
51627  -22.305  -37.809  82.757 0.0000000000
55198  -24.082  -34.479  82.094 0.0000000000
55184  -23.629  -34.966  82.572 0.0000000000
56315  -24.729  -34.007  82.998 0.0000000000
56325  -25.042  -34.310  82.439 0.0000000000
63789  -35.385  -28.260  80.484 0.0000000000
63772  -35.375  -28.417  81.326 0.0000000000
63778  -40.539  -28.023  81.162 0.0000000000
63759  -40.375  -27.918  82.287 0.0000000000
63760  -41.026  -27.613  81.778 0.0000000000
50577  -20.875  -38.817  83.079 0.0000000000
70317  -49.079  -22.950  72.678 0.0000000000
69042  -49.177  -23.509  72.106 0.0000000000
69078  -51.419  -24.617  69.521 0.0000000000
69067  -51.660  -23.646  70.444 0.0000000000
69079  -52.030  -23.966  69.479 0.0000000000
67754  -52.157  -24.156  68.700 0.0000000000
81207  -52.578  -13.461  59.892 0.0000000000
84607  -57.167  -11.372  62.386 0.0000000000
79981  -47.472  -14.724  56.981 0.0000000000
82516  -50.889  -12.694  54.665 0.0000000000
82517  -51.641  -12.560  54.637 0.0000000000
47265  -9.896  -42.580  90.061 0.0000000000
47264  -9.445  -42.733  90.344 0.0000000000
47249  -9.525  -42.547  90.813 0.0000000000
49327  -11.529  -40.070  96.252 0.0000000000
46072  -8.228  -42.917  96.413 0.0000000000
44031  -8.334  -43.338  96.452 0.0000000000
67595  -43.886  -24.982  78.889 0.0000000000
68996  -47.337  -23.803  75.705 0.0000000000
70263  -47.916  -23.053  76.503 0.0000000000
67727  -43.638  -24.965  69.466 0.0000000000
67747  -43.821  -25.469  68.526 0.0000000000
67771  -43.184  -25.160  67.658 0.0000000000
57551  -27.667  -32.907  80.300 0.0000000000
57534  -29.019  -32.891  81.514 0.0000000000
58768  -33.139  -31.904  78.754 0.0000000000
57593  -33.171  -32.380  79.217 0.0000000000
57573  -33.375  -32.414  79.823 0.0000000000
57460  -32.976  -33.008  85.394 0.0000000000
57477  -32.378  -33.268  84.388 0.0000000000
66243  -38.978  -25.573  86.838 0.0000000000
50490  -17.966  -39.220  89.484 0.0000000000
72673  -47.381  -21.496  63.666 0.0000000000
73791  -52.102  -19.472  66.698 0.0000000000
73815  -51.609  -19.750  66.086 0.0000000000
72633  -52.939  -20.574  67.106 0.0000000000
73792  -52.652  -19.655  66.893 0.0000000000
81128  -53.982  -14.310  65.256 0.0000000000
79873  -53.604  -14.869  65.134 0.0000000000
82543  -53.625  -12.889  53.220 0.0000000000
82533  -54.376  -12.905  53.722 0.0000000000
81271  -53.777  -13.186  53.159 0.0000000000
81274  -57.284  -13.654  51.897 0.0000000000
81282  -58.004  -13.672  51.093 0.0000000000
82623  -59.619  -12.816  47.440 0.0000000000
81334  -59.101  -13.261  47.806 0.0000000000
82605  -60.429  -12.758  48.697 0.0000000000
62573  -39.718  -28.763  79.192 0.0000000000
62594  -39.290  -28.896  78.346 0.0000000000
62637  -38.613  -28.987  76.479 0.0000000000
62662  -39.113  -28.716  75.795 0.0000000000
63847  -35.439  -28.638  77.960 0.0000000000
63846  -34.720  -28.026  77.639 0.0000000000
63806  -36.529  -28.105  79.693 0.0000000000
63825  -36.885  -28.537  78.960 0.0000000000
62571  -38.199  -29.182  79.253 0.0000000000
63808  -38.164  -28.851  79.836 0.0000000000
62572  -38.832  -29.222  79.384 0.0000000000
62549  -39.305  -29.056  79.899 0.0000000000
67731  -47.538  -25.027  69.027 0.0000000000
67776  -48.198  -25.436  66.704 0.0000000000
69085  -48.861  -25.451  68.131 0.0000000000
67752  -48.802  -25.484  67.467 0.0000000000
69086  -49.546  -25.057  67.952 0.0000000000
82460  -54.364  -12.799  59.278 0.0000000000
82472  -54.424  -12.431  58.516 0.0000000000
84637  -57.132  -10.838  60.407 0.0000000000
84638  -57.577  -9.924  60.622 0.0000000000
85715  -58.128  -9.920  55.523 0.0000000000
85701  -58.900  -9.650  55.630 0.0000000000
48354  -12.290  -41.706  89.630 0.0000000000
47282  -11.746  -42.007  88.633 0.0000000000
47267  -11.467  -41.926  89.482 0.0000000000
48353  -11.610  -41.873  90.367 0.0000000000
67647  -43.508  -25.059  75.658 0.0000000000
67629  -43.886  -25.058  76.325 0.0000000000
67666  -43.988  -24.839  74.722 0.0000000000
69009  -44.651  -24.747  74.361 0.0000000000
69026  -44.887  -24.664  73.622 0.0000000000
67695  -44.227  -24.699  72.635 0.0000000000
67712  -42.584  -25.090  70.578 0.0000000000
56269  -25.396  -34.260  86.373 0.0000000000
55132  -25.716  -34.125  87.455 0.0000000000
56235  -26.797  -33.195  89.198 0.0000000000
58651  -29.084  -32.922  89.248 0.0000000000
58616  -29.269  -32.707  90.229 0.0000000000
58635  -29.745  -32.845  89.624 0.0000000000
56410  -29.349  -33.412  77.185 0.0000000000
56399  -29.612  -33.438  77.538 0.0000000000
58730  -34.838  -31.303  81.856 0.0000000000
57519  -34.553  -32.210  82.423 0.0000000000
58731  -35.341  -31.518  82.694 0.0000000000
58706  -35.152  -31.515  85.162 0.0000000000
57480  -35.286  -32.143  84.327 0.0000000000
57462  -34.681  -32.200  85.226 0.0000000000
58687  -34.787  -31.667  86.977 0.0000000000
61078  -34.908  -29.545  88.287 0.0000000000
49483  -19.701  -39.432  85.361 0.0000000000
49440  -19.318  -39.398  88.133 0.0000000000
49425  -19.622  -39.408  88.812 0.0000000000
49394  -21.532  -39.894  90.321 0.0000000000
74999  -47.614  -18.304  62.407 0.0000000000
74972  -48.548  -19.412  63.203 0.0000000000
74991  -48.641  -18.306  63.274 0.0000000000
76115  -49.880  -17.737  63.732 0.0000000000
74975  -50.393  -18.252  64.174 0.0000000000
74961  -51.415  -18.791  65.440 0.0000000000
76100  -51.107  -17.891  64.451 0.0000000000
82635  -58.412  -11.770  46.603 0.0000000000
82637  -60.347  -12.378  46.455 0.0000000000
82649  -59.665  -11.728  45.690 0.0000000000
50453  -14.558  -39.705  91.881 0.0000000000
50402  -14.010  -39.438  95.270 0.0000000000
68888  -43.166  -23.843  82.936 0.0000000000
67547  -43.269  -24.705  82.497 0.0000000000
65076  -42.920  -26.397  80.592 0.0000000000
66318  -43.164  -25.927  80.224 0.0000000000
67579  -43.567  -25.460  79.592 0.0000000000
66328  -43.214  -25.981  79.332 0.0000000000
63827  -40.587  -27.826  78.084 0.0000000000
63811  -41.269  -27.474  79.197 0.0000000000
63828  -40.978  -27.136  78.284 0.0000000000
65136  -41.511  -27.000  76.446 0.0000000000
65121  -41.674  -26.614  77.332 0.0000000000
66349  -42.292  -26.158  77.417 0.0000000000
66365  -42.719  -25.819  76.618 0.0000000000
66380  -41.767  -26.386  75.555 0.0000000000
66399  -42.218  -26.181  74.691 0.0000000000
50534  -23.153  -38.924  86.072 0.0000000000
52806  -23.134  -36.312  82.838 0.0000000000
53988  -24.533  -35.569  84.805 0.0000000000
53989  -24.886  -34.962  84.875 0.0000000000
56306  -25.749  -34.187  84.611 0.0000000000
57471  -26.351  -33.619  84.639 0.0000000000
61319  -31.717  -29.888  76.411 0.0000000000
59953  -32.319  -31.077  78.526 0.0000000000
63844  -32.995  -28.410  77.253 0.0000000000
62592  -33.019  -28.597  78.304 0.0000000000
62547  -34.326  -29.049  80.329 0.0000000000
62569  -33.315  -29.041  79.518 0.0000000000
61257  -33.092  -30.028  80.372 0.0000000000
62527  -34.151  -29.958  80.845 0.0000000000
61235  -33.918  -30.477  81.062 0.0000000000
63734  -35.149  -28.719  82.831 0.0000000000
62511  -35.075  -29.047  82.636 0.0000000000
62495  -35.342  -28.936  83.160 0.0000000000
62496  -36.145  -28.892  83.802 0.0000000000
62480  -36.595  -28.391  84.572 0.0000000000
62497  -36.597  -28.343  84.060 0.0000000000
65032  -37.220  -27.490  84.499 0.0000000000
65033  -38.153  -27.259  84.664 0.0000000000
66271  -38.209  -26.905  85.373 0.0000000000
63775  -37.702  -27.974  81.521 0.0000000000
65051  -39.651  -27.526  83.796 0.0000000000
65035  -39.993  -26.764  84.283 0.0000000000
65019  -39.511  -26.686  85.016 0.0000000000
65021  -40.866  -25.890  84.925 0.0000000000
67539  -42.355  -25.086  83.944 0.0000000000
67540  -42.678  -24.615  83.427 0.0000000000
50549  -21.630  -39.030  85.013 0.0000000000
72528  -50.162  -20.751  76.002 0.0000000000
72529  -50.653  -20.479  75.967 0.0000000000
72544  -50.327  -21.057  75.454 0.0000000000
71475  -51.323  -21.826  74.361 0.0000000000
72557  -51.156  -21.152  74.686 0.0000000000
72558  -51.942  -20.915  74.511 0.0000000000
72559  -52.655  -20.653  74.199 0.0000000000
72573  -52.313  -21.225  73.829 0.0000000000
70329  -50.246  -23.125  71.759 0.0000000000
69055  -50.517  -23.735  71.204 0.0000000000
70332  -52.763  -22.854  71.565 0.0000000000
71495  -53.003  -21.547  72.730 0.0000000000
72585  -53.471  -20.848  72.751 0.0000000000
71496  -53.706  -21.618  72.064 0.0000000000
71512  -54.545  -21.880  70.767 0.0000000000
79920  -50.345  -15.404  61.034 0.0000000000
78573  -50.293  -15.525  61.564 0.0000000000
79921  -50.841  -14.956  61.483 0.0000000000
81176  -53.221  -14.219  61.856 0.0000000000
79923  -52.455  -14.524  62.146 0.0000000000
81159  -53.379  -14.070  62.982 0.0000000000
82448  -55.183  -12.428  61.038 0.0000000000
83539  -55.914  -12.368  63.211 0.0000000000
44058  -6.096  -44.821  91.919 0.0000000000
43038  -6.271  -45.087  92.384 0.0000000000
72701  -45.343  -21.157  61.993 0.0000000000
73891  -44.892  -20.379  61.387 0.0000000000
73906  -45.353  -19.530  61.326 0.0000000000
75011  -46.105  -18.749  61.496 0.0000000000
76149  -45.686  -18.066  60.729 0.0000000000
76164  -46.027  -17.606  60.545 0.0000000000
77329  -46.406  -17.059  60.315 0.0000000000
77330  -47.375  -16.383  59.995 0.0000000000
78583  -47.697  -15.556  59.772 0.0000000000
78598  -48.137  -15.230  59.326 0.0000000000
79966  -49.739  -14.616  58.588 0.0000000000
82492  -50.566  -13.152  56.481 0.0000000000
82491  -49.506  -13.493  56.617 0.0000000000
82469  -51.191  -13.596  58.027 0.0000000000
82482  -52.318  -12.600  57.526 0.0000000000
83613  -52.056  -12.416  57.022 0.0000000000
83625  -52.939  -12.378  56.291 0.0000000000
83614  -52.803  -12.031  57.177 0.0000000000
84672  -53.951  -11.542  56.848 0.0000000000
84691  -53.510  -12.060  55.512 0.0000000000
83671  -53.315  -12.472  53.793 0.0000000000
46128  -8.335  -43.112  90.547 0.0000000000
49362  -13.526  -40.162  92.563 0.0000000000
49361  -12.622  -40.652  92.569 0.0000000000
48307  -11.440  -40.632  94.159 0.0000000000
48329  -11.944  -40.754  92.547 0.0000000000
48328  -11.101  -41.025  92.572 0.0000000000
47219  -11.054  -41.469  92.282 0.0000000000
48327  -10.672  -41.354  93.008 0.0000000000
49320  -10.750  -40.206  97.009 0.0000000000
48293  -8.902  -41.448  95.660 0.0000000000
48294  -9.307  -41.443  95.453 0.0000000000
47195  -9.578  -42.087  94.574 0.0000000000
47204  -9.968  -41.711  93.557 0.0000000000
47203  -9.077  -42.330  93.490 0.0000000000
47216  -9.057  -42.403  92.572 0.0000000000
47202  -8.663  -42.676  93.878 0.0000000000
46083  -8.193  -43.265  94.804 0.0000000000
46087  -7.800  -43.330  93.905 0.0000000000
46094  -7.361  -43.588  92.795 0.0000000000
44060  -6.923  -44.361  93.291 0.0000000000
44048  -8.316  -44.198  95.465 0.0000000000
72486  -50.338  -20.468  79.020 0.0000000000
70200  -44.668  -23.848  81.836 0.0000000000
70182  -44.570  -23.039  82.047 0.0000000000
70201  -45.035  -23.432  81.463 0.0000000000
68938  -45.698  -23.885  80.361 0.0000000000
70202  -45.779  -23.113  81.132 0.0000000000
70216  -46.312  -23.418  80.530 0.0000000000
70203  -46.462  -22.804  80.768 0.0000000000
70217  -47.050  -23.204  80.161 0.0000000000
67631  -45.484  -24.765  77.124 0.0000000000
67615  -45.345  -24.500  78.204 0.0000000000
68967  -47.284  -23.650  77.868 0.0000000000
68954  -47.296  -23.792  78.689 0.0000000000
70218  -47.453  -22.704  79.601 0.0000000000
72498  -48.333  -20.966  79.342 0.0000000000
70248  -48.500  -22.577  77.109 0.0000000000
71434  -48.881  -21.735  77.327 0.0000000000
72514  -49.296  -20.794  77.603 0.0000000000
71435  -49.396  -21.287  76.924 0.0000000000
72515  -49.701  -20.706  76.865 0.0000000000
70293  -48.152  -23.169  74.603 0.0000000000
70306  -48.351  -23.199  73.909 0.0000000000
69038  -46.021  -24.643  72.752 0.0000000000
67715  -45.513  -25.050  70.514 0.0000000000
69061  -46.428  -24.828  70.985 0.0000000000
67795  -45.363  -25.360  66.225 0.0000000000
67724  -40.984  -25.366  69.369 0.0000000000
67743  -40.171  -25.218  68.240 0.0000000000
67745  -41.821  -25.511  68.332 0.0000000000
67791  -40.910  -25.069  66.621 0.0000000000
67812  -41.361  -24.977  65.864 0.0000000000
69149  -41.320  -24.896  65.356 0.0000000000
51577  -24.170  -38.484  88.302 0.0000000000
55113  -24.228  -35.142  88.296 0.0000000000
57550  -26.896  -33.409  80.459 0.0000000000
57531  -26.302  -33.564  81.275 0.0000000000
57510  -25.931  -34.238  82.041 0.0000000000
57490  -27.697  -33.193  83.542 0.0000000000
57631  -31.720  -32.525  76.493 0.0000000000
57571  -31.848  -33.048  79.480 0.0000000000
57570  -30.879  -33.243  79.335 0.0000000000
56350  -30.559  -33.190  79.847 0.0000000000
57554  -30.780  -32.967  80.334 0.0000000000
57518  -33.552  -32.796  82.403 0.0000000000
57538  -33.170  -32.877  81.474 0.0000000000
56328  -31.268  -32.908  83.150 0.0000000000
57516  -31.418  -32.879  82.546 0.0000000000
56327  -30.918  -33.033  83.080 0.0000000000
57515  -30.394  -33.212  82.711 0.0000000000
57514  -29.320  -32.982  82.555 0.0000000000
57493  -30.233  -33.343  83.569 0.0000000000
57457  -29.798  -33.368  85.547 0.0000000000
57456  -28.845  -33.240  85.650 0.0000000000
57436  -29.498  -32.900  86.538 0.0000000000
57413  -29.303  -32.755  87.465 0.0000000000
57414  -30.095  -32.648  87.325 0.0000000000
56236  -31.675  -32.648  88.440 0.0000000000
58668  -30.996  -32.424  88.546 0.0000000000
58670  -34.088  -31.662  88.584 0.0000000000
66240  -36.597  -26.533  86.231 0.0000000000
48379  -13.340  -41.079  87.380 0.0000000000
48380  -14.101  -40.837  87.235 0.0000000000
50545  -17.510  -39.562  85.320 0.0000000000
49482  -17.016  -39.676  84.649 0.0000000000
49468  -16.332  -40.132  85.323 0.0000000000
49467  -15.777  -40.572  85.449 0.0000000000
48416  -15.276  -40.449  85.028 0.0000000000
48402  -15.146  -40.700  85.513 0.0000000000
49452  -15.658  -40.711  86.332 0.0000000000
49422  -15.797  -40.272  88.060 0.0000000000
49437  -15.249  -40.472  87.176 0.0000000000
49421  -15.099  -40.692  88.160 0.0000000000
50487  -15.617  -40.255  90.059 0.0000000000
50488  -16.191  -40.135  89.798 0.0000000000
50477  -19.784  -39.178  90.522 0.0000000000
50476  -18.898  -39.078  90.574 0.0000000000
72518  -52.773  -20.222  76.678 0.0000000000
70416  -46.630  -23.368  63.864 0.0000000000
69150  -46.499  -23.812  64.740 0.0000000000
69176  -46.695  -23.551  64.419 0.0000000000
70408  -48.517  -22.653  65.192 0.0000000000
70387  -48.389  -22.968  65.329 0.0000000000
70388  -48.801  -22.751  65.600 0.0000000000
69128  -49.785  -23.605  66.587 0.0000000000
70389  -49.557  -22.788  66.079 0.0000000000
73860  -49.217  -19.885  64.089 0.0000000000
72663  -49.034  -20.734  64.747 0.0000000000
72664  -49.745  -20.472  65.004 0.0000000000
71556  -51.616  -21.634  66.190 0.0000000000
70391  -51.494  -22.734  66.658 0.0000000000
71557  -52.074  -22.373  66.699 0.0000000000
70368  -52.444  -22.832  67.500 0.0000000000
71538  -54.717  -21.559  67.767 0.0000000000
78543  -51.392  -15.399  63.300 0.0000000000
78530  -50.951  -15.946  63.764 0.0000000000
78531  -51.724  -15.533  64.107 0.0000000000
77262  -53.205  -16.393  65.615 0.0000000000
77240  -52.787  -16.990  66.083 0.0000000000
77239  -52.027  -17.309  65.701 0.0000000000
84693  -54.674  -11.706  55.717 0.0000000000
83637  -55.312  -11.845  55.550 0.0000000000
82521  -55.937  -12.457  54.360 0.0000000000
83656  -56.532  -11.881  55.044 0.0000000000
83657  -57.649  -11.570  55.180 0.0000000000
82545  -55.411  -13.337  52.533 0.0000000000
82547  -57.711  -13.664  52.768 0.0000000000
82537  -58.883  -12.975  53.927 0.0000000000
83673  -60.094  -12.060  53.769 0.0000000000
82538  -59.563  -12.648  53.420 0.0000000000
82556  -60.160  -12.642  52.252 0.0000000000
82549  -60.570  -12.296  52.537 0.0000000000
82550  -61.032  -12.310  52.341 0.0000000000
82558  -61.293  -12.472  51.951 0.0000000000
81311  -57.665  -13.173  48.714 0.0000000000
81296  -58.913  -13.795  50.254 0.0000000000
81313  -59.988  -13.352  49.528 0.0000000000
82584  -60.906  -12.701  49.841 0.0000000000
82569  -62.159  -12.745  50.455 0.0000000000
83765  -61.240  -11.991  46.615 0.0000000000
83744  -62.048  -12.169  47.393 0.0000000000
62615  -38.008  -29.309  77.401 0.0000000000
63868  -35.048  -29.042  77.053 0.0000000000
63848  -36.346  -29.168  78.236 0.0000000000
63849  -37.342  -29.203  78.299 0.0000000000
67775  -47.219  -25.632  66.825 0.0000000000
67797  -47.356  -24.548  65.984 0.0000000000
85677  -57.334  -9.563  58.188 0.0000000000
86745  -57.938  -9.054  57.351 0.0000000000
86746  -58.506  -8.625  57.324 0.0000000000
86756  -57.728  -9.196  56.782 0.0000000000
85699  -57.492  -9.652  56.238 0.0000000000
85713  -57.359  -10.093  55.866 0.0000000000
48378  -12.693  -41.502  87.513 0.0000000000
47297  -12.035  -42.110  87.609 0.0000000000
67682  -42.880  -26.115  73.795 0.0000000000
49395  -22.408  -39.882  90.443 0.0000000000
57433  -26.219  -33.552  86.144 0.0000000000
57377  -28.344  -33.257  89.332 0.0000000000
57393  -27.996  -33.224  88.726 0.0000000000
58664  -28.366  -33.288  88.648 0.0000000000
58665  -28.906  -33.341  88.646 0.0000000000
59864  -35.596  -30.467  83.667 0.0000000000
58722  -35.527  -31.316  83.440 0.0000000000
59847  -35.830  -30.574  84.609 0.0000000000
59846  -35.719  -31.063  85.158 0.0000000000
59830  -35.447  -31.015  85.872 0.0000000000
59799  -35.407  -30.238  87.218 0.0000000000
61099  -35.697  -29.577  86.965 0.0000000000
62425  -35.221  -28.712  87.944 0.0000000000
49442  -21.137  -39.616  87.578 0.0000000000
49426  -20.684  -39.778  88.599 0.0000000000
77288  -48.051  -17.280  62.619 0.0000000000
76129  -48.798  -17.633  63.307 0.0000000000
77289  -48.363  -17.124  62.867 0.0000000000
77274  -50.046  -17.210  63.597 0.0000000000
66297  -42.664  -25.483  82.291 0.0000000000
65084  -42.366  -26.891  79.655 0.0000000000
63869  -40.126  -28.134  76.465 0.0000000000
63851  -40.913  -27.524  77.439 0.0000000000
63870  -40.979  -27.703  76.473 0.0000000000
63871  -41.303  -27.383  75.971 0.0000000000
50550  -22.585  -38.616  84.817 0.0000000000
50564  -23.294  -38.038  83.987 0.0000000000
55186  -24.875  -34.454  83.988 0.0000000000
56316  -25.218  -33.857  83.447 0.0000000000
63803  -33.674  -28.299  78.712 0.0000000000
63752  -34.899  -29.081  81.563 0.0000000000
63771  -34.916  -28.883  81.102 0.0000000000
63736  -36.618  -28.202  83.451 0.0000000000
63737  -37.126  -28.176  83.102 0.0000000000
62513  -38.889  -28.568  82.240 0.0000000000
65052  -40.990  -27.089  83.297 0.0000000000
66285  -41.509  -26.426  83.943 0.0000000000
65053  -41.795  -26.611  82.769 0.0000000000
70295  -49.412  -22.277  74.366 0.0000000000
71473  -50.071  -21.886  74.797 0.0000000000
70296  -50.069  -22.353  74.147 0.0000000000
70297  -50.720  -22.387  74.109 0.0000000000
70310  -51.199  -22.523  73.493 0.0000000000
69066  -50.850  -23.962  70.330 0.0000000000
69056  -51.172  -23.568  71.115 0.0000000000
70338  -52.288  -23.191  70.861 0.0000000000
70333  -53.508  -22.400  71.383 0.0000000000
70339  -52.969  -22.936  70.491 0.0000000000
70348  -53.355  -22.652  69.509 0.0000000000
79952  -51.262  -14.584  60.014 0.0000000000
79937  -51.446  -14.614  60.855 0.0000000000
81190  -52.563  -13.969  60.878 0.0000000000
81177  -54.092  -13.656  61.533 0.0000000000
83568  -56.408  -11.598  61.532 0.0000000000
83567  -55.725  -12.145  61.626 0.0000000000
83553  -56.420  -11.844  62.485 0.0000000000
84732  -61.005  -11.492  52.966 0.0000000000
79964  -47.741  -14.920  57.838 0.0000000000
79948  -48.195  -14.928  58.669 0.0000000000
81235  -49.045  -14.213  57.167 0.0000000000
82493  -51.564  -12.623  56.393 0.0000000000
82494  -52.247  -12.562  56.127 0.0000000000
82507  -52.517  -12.525  55.707 0.0000000000
83636  -53.080  -12.344  55.504 0.0000000000
46129  -9.043  -42.732  90.692 0.0000000000
46110  -8.693  -42.916  91.564 0.0000000000
49346  -12.264  -39.905  94.501 0.0000000000
49345  -11.527  -40.396  94.584 0.0000000000
49344  -11.333  -40.961  95.136 0.0000000000
47175  -8.673  -41.070  97.395 0.0000000000
47179  -8.458  -41.502  96.419 0.0000000000
46079  -8.672  -42.220  95.980 0.0000000000
46084  -8.686  -42.702  95.158 0.0000000000
45030  -8.012  -43.380  94.994 0.0000000000
44038  -8.368  -43.559  95.629 0.0000000000
67568  -44.562  -24.265  80.620 0.0000000000
67581  -44.605  -24.438  80.115 0.0000000000
68951  -45.157  -24.183  79.855 0.0000000000
68952  -45.825  -24.282  79.429 0.0000000000
67632  -46.036  -24.562  76.648 0.0000000000
70247  -48.012  -22.890  77.601 0.0000000000
70264  -48.772  -22.632  76.344 0.0000000000
67705  -45.156  -24.831  71.281 0.0000000000
67729  -45.590  -25.288  69.332 0.0000000000
55097  -24.398  -35.679  88.912 0.0000000000
55099  -26.363  -34.551  89.814 0.0000000000
57567  -27.646  -33.116  79.444 0.0000000000
59969  -32.326  -31.858  77.073 0.0000000000
58776  -32.271  -32.243  77.431 0.0000000000
57592  -32.653  -32.608  78.848 0.0000000000
57495  -32.922  -32.985  83.395 0.0000000000
57476  -31.230  -33.147  84.363 0.0000000000
56308  -30.664  -33.100  83.918 0.0000000000
56256  -32.082  -32.834  88.344 0.0000000000
57398  -32.405  -32.541  88.716 0.0000000000
50528  -17.416  -39.762  85.871 0.0000000000
50513  -17.452  -39.734  86.706 0.0000000000
49423  -16.476  -39.871  87.858 0.0000000000
50460  -20.803  -39.545  91.547 0.0000000000
71589  -46.949  -22.296  63.380 0.0000000000
70417  -47.389  -23.012  64.100 0.0000000000
71579  -47.362  -22.152  63.936 0.0000000000
71580  -47.777  -21.954  64.489 0.0000000000
71571  -48.661  -22.005  65.064 0.0000000000
73844  -50.852  -19.646  65.254 0.0000000000
72665  -50.361  -20.244  65.178 0.0000000000
73814  -51.240  -19.886  65.615 0.0000000000
72647  -51.576  -20.610  66.155 0.0000000000
71535  -51.974  -21.200  66.670 0.0000000000
72634  -54.063  -20.516  67.230 0.0000000000
79895  -52.720  -14.703  63.811 0.0000000000
78532  -52.343  -15.403  64.541 0.0000000000
79872  -53.218  -15.004  64.860 0.0000000000
78522  -53.857  -15.812  65.702 0.0000000000
78505  -54.173  -16.018  66.338 0.0000000000
82519  -54.274  -12.481  54.329 0.0000000000
82520  -55.002  -12.518  54.378 0.0000000000
81266  -58.602  -13.765  53.164 0.0000000000
81276  -59.323  -13.678  52.407 0.0000000000
81284  -60.110  -13.242  51.672 0.0000000000
82622  -58.172  -12.348  47.286 0.0000000000
82604  -57.925  -12.683  47.969 0.0000000000
81325  -58.425  -13.186  48.086 0.0000000000
82607  -61.952  -12.692  48.583 0.0000000000
83767  -62.265  -12.195  46.528 0.0000000000
63795  -41.037  -28.025  80.092 0.0000000000
62617  -39.773  -28.612  77.380 0.0000000000
55205  -23.592  -35.008  81.371 0.0000000000
55206  -23.863  -34.740  81.138 0.0000000000
63865  -32.762  -28.338  76.179 0.0000000000
63845  -33.900  -28.055  77.432 0.0000000000
63822  -34.193  -27.920  78.305 0.0000000000
63790  -36.206  -27.974  80.566 0.0000000000
63774  -36.796  -27.740  81.498 0.0000000000
63792  -37.929  -28.311  80.614 0.0000000000
63793  -38.823  -28.954  80.521 0.0000000000
69053  -48.792  -24.147  71.462 0.0000000000
69064  -49.148  -24.407  70.381 0.0000000000
69087  -50.112  -24.181  68.351 0.0000000000
82459  -53.397  -13.161  59.463 0.0000000000
83582  -54.838  -12.480  59.850 0.0000000000
83597  -55.630  -11.537  59.250 0.0000000000
83584  -56.513  -11.356  60.768 0.0000000000
87788  -58.901  -8.634  56.490 0.0000000000
84697  -59.450  -10.344  55.449 0.0000000000
47266  -10.813  -42.269  89.981 0.0000000000
66351  -43.706  -25.465  77.422 0.0000000000
67614  -44.493  -25.201  77.893 0.0000000000
66367  -43.942  -25.464  76.820 0.0000000000
67649  -45.140  -25.131  76.114 0.0000000000
68994  -45.599  -24.903  75.649 0.0000000000
67704  -44.461  -24.706  71.601 0.0000000000
55130  -24.540  -35.049  87.231 0.0000000000
56251  -25.752  -34.235  88.388 0.0000000000
56252  -26.128  -33.858  88.111 0.0000000000
56221  -26.738  -34.126  89.880 0.0000000000
58615  -28.880  -32.315  90.528 0.0000000000
57609  -27.918  -33.296  77.429 0.0000000000
57588  -28.295  -33.208  78.480 0.0000000000
57569  -29.846  -33.366  79.558 0.0000000000
58744  -33.848  -31.786  80.734 0.0000000000
57557  -33.600  -32.427  80.612 0.0000000000
57498  -35.364  -31.815  83.437 0.0000000000
57497  -34.895  -32.423  83.474 0.0000000000
57461  -33.995  -32.803  85.338 0.0000000000
57440  -33.590  -32.581  86.315 0.0000000000
57418  -34.223  -32.269  87.005 0.0000000000
58686  -34.332  -31.632  87.720 0.0000000000
59798  -34.710  -30.550  87.671 0.0000000000
59785  -34.381  -30.215  88.272 0.0000000000
61056  -34.485  -30.152  88.819 0.0000000000
50546  -18.179  -39.417  85.399 0.0000000000
50530  -18.664  -39.343  86.441 0.0000000000
50504  -19.167  -39.142  89.252 0.0000000000
50492  -19.421  -39.178  89.744 0.0000000000
49393  -20.639  -39.599  90.388 0.0000000000
49377  -20.922  -39.659  90.987 0.0000000000
73880  -47.106  -19.952  62.750 0.0000000000
73881  -47.905  -20.208  63.096 0.0000000000
73859  -48.546  -19.942  63.434 0.0000000000
73861  -49.599  -19.593  64.456 0.0000000000
76114  -48.982  -18.100  63.950 0.0000000000
74974  -49.738  -18.917  64.201 0.0000000000
74959  -50.081  -19.126  64.566 0.0000000000
74937  -52.009  -18.710  66.423 0.0000000000
82554  -54.325  -12.719  51.880 0.0000000000
83784  -60.599  -11.526  45.692 0.0000000000
49391  -14.196  -40.622  90.100 0.0000000000
49375  -14.434  -40.134  91.397 0.0000000000
49363  -14.205  -39.816  92.090 0.0000000000
49347  -13.139  -39.781  94.537 0.0000000000
68902  -44.322  -24.293  82.204 0.0000000000
67557  -43.416  -25.188  81.573 0.0000000000
67567  -44.015  -24.513  80.863 0.0000000000
63796  -41.856  -27.501  79.959 0.0000000000
63812  -41.775  -26.974  79.163 0.0000000000
65092  -42.111  -26.514  79.036 0.0000000000
65105  -41.295  -26.735  77.853 0.0000000000
65106  -41.741  -26.529  78.306 0.0000000000
65107  -42.356  -26.245  78.631 0.0000000000
66338  -42.861  -25.788  78.543 0.0000000000
67612  -43.022  -25.279  78.293 0.0000000000
66382  -42.973  -25.413  75.973 0.0000000000
67646  -42.994  -25.444  75.369 0.0000000000
67664  -42.770  -25.761  74.847 0.0000000000
66431  -41.950  -25.859  72.737 0.0000000000
51594  -23.003  -38.132  85.936 0.0000000000
52741  -23.570  -37.321  86.689 0.0000000000
53961  -24.565  -35.789  86.116 0.0000000000
52785  -22.629  -37.246  82.980 0.0000000000
55151  -24.754  -34.932  86.333 0.0000000000
55152  -25.063  -34.579  85.794 0.0000000000
56287  -25.338  -34.088  85.990 0.0000000000
55173  -25.260  -34.637  84.766 0.0000000000
55174  -25.561  -34.452  85.097 0.0000000000
57432  -25.870  -33.560  85.990 0.0000000000
56289  -27.375  -33.686  86.440 0.0000000000
61337  -30.800  -29.514  75.067 0.0000000000
61338  -31.441  -30.561  75.688 0.0000000000
59984  -31.840  -31.239  76.337 0.0000000000
59954  -32.949  -31.287  79.140 0.0000000000
62611  -32.224  -28.981  77.042 0.0000000000
62591  -32.314  -29.208  78.446 0.0000000000
61281  -31.960  -30.051  78.978 0.0000000000
61256  -32.557  -29.984  79.648 0.0000000000
59938  -33.370  -30.889  79.670 0.0000000000
59939  -33.772  -31.196  80.228 0.0000000000
59922  -33.718  -30.982  80.897 0.0000000000
59902  -34.246  -30.872  81.378 0.0000000000
59883  -35.284  -30.594  82.215 0.0000000000
62510  -34.917  -29.303  81.931 0.0000000000
61192  -35.201  -29.674  82.356 0.0000000000
59863  -35.563  -30.086  82.903 0.0000000000
61148  -35.920  -29.698  84.258 0.0000000000
62458  -36.551  -28.329  85.233 0.0000000000
63724  -36.678  -27.407  85.260 0.0000000000
65031  -36.843  -27.290  85.158 0.0000000000
65017  -36.997  -26.923  85.489 0.0000000000
66256  -37.389  -26.498  86.046 0.0000000000
66258  -39.461  -26.143  85.772 0.0000000000
63756  -37.414  -28.023  82.482 0.0000000000
65066  -38.189  -28.115  83.311 0.0000000000
63739  -39.135  -28.251  83.333 0.0000000000
63738  -38.555  -28.202  83.326 0.0000000000
65050  -38.627  -27.793  83.855 0.0000000000
66259  -40.525  -25.726  85.681 0.0000000000
66274  -41.973  -25.242  84.397 0.0000000000
50575  -18.589  -39.360  83.353 0.0000000000
49484  -20.211  -39.401  85.038 0.0000000000
50561  -20.663  -39.226  84.286 0.0000000000
73628  -50.577  -20.318  76.551 0.0000000000
72545  -50.898  -20.697  75.288 0.0000000000
72546  -51.685  -20.570  75.275 0.0000000000
73650  -52.433  -19.993  75.855 0.0000000000
73666  -52.700  -20.463  74.910 0.0000000000
70318  -49.686  -22.782  72.284 0.0000000000
70319  -50.585  -22.703  72.460 0.0000000000
70320  -51.480  -22.751  72.528 0.0000000000
70311  -51.952  -22.333  73.220 0.0000000000
72574  -52.813  -20.867  73.561 0.0000000000
73702  -53.369  -20.471  73.302 0.0000000000
71497  -54.270  -21.434  71.716 0.0000000000
78557  -49.877  -15.925  61.911 0.0000000000
78558  -50.583  -15.448  62.218 0.0000000000
79906  -51.796  -14.864  62.624 0.0000000000
79922  -51.741  -14.583  61.670 0.0000000000
81158  -53.102  -14.357  63.572 0.0000000000
81147  -53.566  -14.121  63.966 0.0000000000
81135  -54.241  -13.795  64.639 0.0000000000
82446  -53.767  -13.517  60.043 0.0000000000
81192  -54.250  -13.499  60.945 0.0000000000
82417  -54.773  -13.441  62.038 0.0000000000
83552  -55.773  -12.397  62.637 0.0000000000
82418  -55.220  -12.938  62.523 0.0000000000
82403  -54.825  -13.352  62.959 0.0000000000
82389  -55.023  -13.484  63.890 0.0000000000
45037  -6.738  -44.272  92.492 0.0000000000
69174  -44.845  -24.073  64.092 0.0000000000
69190  -44.757  -23.831  63.152 0.0000000000
70426  -45.408  -23.345  63.023 0.0000000000
70442  -45.501  -22.881  62.856 0.0000000000
72687  -45.967  -21.372  62.661 0.0000000000
73892  -45.664  -20.112  61.832 0.0000000000
74998  -47.226  -19.077  62.134 0.0000000000
76150  -46.417  -17.775  61.070 0.0000000000
77303  -47.365  -17.439  61.827 0.0000000000
77304  -47.736  -17.110  62.162 0.0000000000
78555  -48.049  -16.032  61.690 0.0000000000
78570  -47.859  -15.773  60.706 0.0000000000
78571  -48.631  -15.698  61.036 0.0000000000
78585  -49.183  -15.625  60.514 0.0000000000
79935  -50.048  -15.599  60.298 0.0000000000
79949  -48.931  -15.094  59.121 0.0000000000
79950  -49.908  -15.198  59.391 0.0000000000
79951  -50.630  -14.983  59.788 0.0000000000
79968  -51.091  -14.670  59.446 0.0000000000
81224  -51.729  -14.242  59.043 0.0000000000
81225  -52.355  -13.540  59.127 0.0000000000
81247  -49.246  -13.903  56.826 0.0000000000
82479  -49.859  -13.623  57.066 0.0000000000
81237  -50.116  -14.044  57.568 0.0000000000
82468  -50.711  -13.729  57.837 0.0000000000
83605  -53.403  -12.306  57.731 0.0000000000
83615  -53.896  -11.886  57.340 0.0000000000
83626  -54.376  -11.569  56.982 0.0000000000
83627  -55.010  -11.551  56.833 0.0000000000
84683  -55.188  -11.452  56.283 0.0000000000
84709  -54.108  -11.835  55.164 0.0000000000
84707  -53.321  -12.148  55.205 0.0000000000
84708  -53.632  -12.017  55.112 0.0000000000
83653  -53.840  -12.275  54.547 0.0000000000
83689  -51.885  -11.270  51.759 0.0000000000
49390  -13.557  -41.018  90.459 0.0000000000
48336  -12.716  -41.360  91.118 0.0000000000
48318  -12.046  -40.526  93.018 0.0000000000
48335  -12.129  -41.242  91.759 0.0000000000
48343  -11.652  -41.724  91.321 0.0000000000
47234  -11.100  -41.879  91.902 0.0000000000
47233  -10.422  -42.246  91.860 0.0000000000
49326  -10.703  -40.374  96.187 0.0000000000
48296  -10.855  -41.014  95.561 0.0000000000
48288  -9.157  -40.788  95.896 0.0000000000
48295  -10.092  -41.238  95.508 0.0000000000
48316  -10.635  -41.345  93.652 0.0000000000
48315  -10.108  -41.546  94.031 0.0000000000
47232  -9.483  -42.502  91.713 0.0000000000
47231  -9.019  -42.714  92.125 0.0000000000
46091  -8.240  -42.814  93.337 0.0000000000
44054  -6.803  -44.568  93.309 0.0000000000
72468  -50.435  -20.748  79.151 0.0000000000
73578  -50.214  -20.327  78.549 0.0000000000
71358  -44.916  -22.433  82.100 0.0000000000
68921  -45.284  -23.781  80.951 0.0000000000
67597  -45.538  -24.462  78.820 0.0000000000
68965  -45.932  -24.092  78.580 0.0000000000
68966  -46.561  -23.914  78.216 0.0000000000
68953  -46.835  -24.142  79.257 0.0000000000
72499  -48.993  -20.591  78.572 0.0000000000
73596  -49.562  -20.353  77.865 0.0000000000
70282  -49.370  -22.283  75.233 0.0000000000
70307  -48.734  -22.818  73.435 0.0000000000
69028  -46.798  -24.356  73.723 0.0000000000
69040  -47.783  -24.139  72.596 0.0000000000
69052  -47.900  -24.311  71.573 0.0000000000
67717  -47.180  -25.154  69.906 0.0000000000
67749  -45.791  -25.303  68.205 0.0000000000
66450  -40.539  -25.910  70.606 0.0000000000
66462  -41.302  -25.463  69.935 0.0000000000
66478  -41.925  -25.520  67.743 0.0000000000
66479  -42.263  -25.439  67.898 0.0000000000
66511  -42.493  -25.331  67.076 0.0000000000
66512  -42.817  -25.186  67.246 0.0000000000
67793  -43.057  -25.146  66.631 0.0000000000
67832  -41.986  -24.980  63.963 0.0000000000
67814  -43.581  -25.327  65.271 0.0000000000
67834  -44.296  -24.975  64.379 0.0000000000
52716  -24.038  -37.399  88.824 0.0000000000
56345  -24.588  -34.249  80.273 0.0000000000
57509  -25.383  -34.304  81.604 0.0000000000
57488  -25.926  -33.926  82.824 0.0000000000
57489  -26.469  -33.559  83.469 0.0000000000
57455  -27.871  -33.366  85.909 0.0000000000
57611  -30.748  -33.240  77.142 0.0000000000
57612  -31.636  -32.811  77.153 0.0000000000
56382  -30.430  -33.382  77.580 0.0000000000
56381  -30.074  -33.484  77.777 0.0000000000
57553  -29.762  -33.075  80.584 0.0000000000
57556  -32.834  -32.825  80.598 0.0000000000
57517  -32.486  -32.880  82.449 0.0000000000
57475  -30.229  -33.352  84.348 0.0000000000
57395  -29.059  -33.209  87.999 0.0000000000
58653  -30.116  -32.566  88.812 0.0000000000
58685  -30.912  -32.285  88.264 0.0000000000
58667  -30.547  -32.452  88.533 0.0000000000
57364  -30.366  -32.733  89.415 0.0000000000
57399  -33.175  -32.438  88.365 0.0000000000
58655  -32.981  -32.366  89.698 0.0000000000
49469  -16.900  -39.724  85.288 0.0000000000
48401  -14.380  -40.796  85.437 0.0000000000
48381  -14.631  -40.673  86.899 0.0000000000
49420  -14.494  -40.818  87.985 0.0000000000
49405  -14.434  -40.590  88.797 0.0000000000
49392  -15.066  -40.191  90.412 0.0000000000
67818  -46.965  -23.998  65.468 0.0000000000
70406  -47.322  -22.894  64.935 0.0000000000
69126  -48.060  -23.516  65.688 0.0000000000
67798  -48.432  -24.539  66.285 0.0000000000
69101  -49.304  -24.211  66.978 0.0000000000
69103  -50.764  -23.739  67.324 0.0000000000
72674  -47.836  -20.734  63.984 0.0000000000
71554  -49.076  -22.003  65.872 0.0000000000
71573  -50.127  -20.860  65.401 0.0000000000
70390  -50.628  -22.950  66.427 0.0000000000
70366  -51.114  -23.190  66.863 0.0000000000
69104  -51.633  -23.768  67.702 0.0000000000
69090  -52.339  -23.528  68.484 0.0000000000
70355  -52.922  -22.751  68.592 0.0000000000
70356  -53.779  -22.351  68.701 0.0000000000
70370  -54.249  -22.205  68.174 0.0000000000
78541  -50.176  -16.212  62.617 0.0000000000
77291  -50.465  -16.400  63.284 0.0000000000
77275  -50.643  -16.981  63.948 0.0000000000
78520  -51.966  -15.966  64.767 0.0000000000
77260  -51.598  -16.999  64.710 0.0000000000
74938  -52.878  -18.439  66.543 0.0000000000
74939  -53.474  -18.369  66.696 0.0000000000
74920  -53.145  -18.904  66.913 0.0000000000
84696  -57.072  -10.772  55.597 0.0000000000
83639  -56.907  -11.233  55.529 0.0000000000
82544  -54.218  -13.312  52.942 0.0000000000
82523  -58.080  -12.630  54.640 0.0000000000
83659  -59.911  -11.462  54.204 0.0000000000
84721  -60.420  -11.464  53.846 0.0000000000
84730  -60.556  -11.677  53.427 0.0000000000
84731  -60.882  -11.556  53.155 0.0000000000
82548  -59.935  -12.377  52.845 0.0000000000
83683  -61.006  -11.998  52.813 0.0000000000
84743  -61.382  -11.608  52.966 0.0000000000
83693  -61.339  -12.002  52.769 0.0000000000
81298  -60.509  -12.948  50.783 0.0000000000
81314  -60.415  -13.204  50.192 0.0000000000
82567  -60.941  -12.529  51.075 0.0000000000
83721  -62.099  -12.398  47.974 0.0000000000
46078  -8.479  -42.921  95.801 0.0000000000
46096  -8.618  -42.811  92.525 0.0000000000
47180  -8.463  -41.047  96.878 0.0000000000
47185  -8.719  -41.582  95.885 0.0000000000
47189  -9.139  -42.061  95.437 0.0000000000
47190  -9.487  -41.994  95.292 0.0000000000
47196  -9.895  -41.681  94.217 0.0000000000
47205  -10.468  -41.527  93.219 0.0000000000
48283  -9.219  -40.767  96.803 0.0000000000
48284  -9.805  -40.633  96.540 0.0000000000
48287  -8.683  -41.136  95.847 0.0000000000
48290  -10.635  -40.542  95.859 0.0000000000
48304  -9.758  -42.017  95.185 0.0000000000
48317  -11.474  -40.694  93.486 0.0000000000
49319  -10.033  -40.759  96.907 0.0000000000
49325  -10.103  -40.541  96.386 0.0000000000
49334  -11.193  -40.622  95.518 0.0000000000
49353  -11.591  -40.379  93.918 0.0000000000
49424  -19.263  -39.310  88.567 0.0000000000
49458  -22.181  -39.327  86.381 0.0000000000
49459  -22.727  -39.203  86.233 0.0000000000
50443  -21.000  -39.635  91.763 0.0000000000
50517  -23.073  -39.193  86.480 0.0000000000
50551  -23.204  -38.271  84.304 0.0000000000
50579  -22.549  -37.913  83.348 0.0000000000
51586  -23.363  -38.907  86.576 0.0000000000
51607  -23.395  -37.986  84.294 0.0000000000
51617  -23.165  -37.644  83.820 0.0000000000
51618  -23.389  -37.761  84.176 0.0000000000
54010  -24.921  -34.776  84.391 0.0000000000
56237  -31.889  -32.714  88.496 0.0000000000
56255  -31.760  -32.779  88.250 0.0000000000
56288  -25.724  -34.066  85.632 0.0000000000
56290  -27.773  -33.524  86.634 0.0000000000
56307  -30.407  -33.259  83.822 0.0000000000
56318  -30.585  -33.179  83.444 0.0000000000
56347  -27.345  -33.248  79.922 0.0000000000
56348  -27.587  -33.003  79.891 0.0000000000
56362  -27.348  -33.259  79.641 0.0000000000
56363  -27.540  -33.116  79.714 0.0000000000
56364  -30.088  -33.343  79.766 0.0000000000
56365  -30.324  -33.300  79.701 0.0000000000
56400  -30.148  -33.385  77.267 0.0000000000
57340  -30.112  -33.148  90.078 0.0000000000
57349  -29.001  -32.141  90.832 0.0000000000
57378  -30.102  -32.616  89.108 0.0000000000
57379  -30.697  -32.612  89.013 0.0000000000
57396  -31.041  -32.547  88.813 0.0000000000
57397  -31.512  -32.578  88.608 0.0000000000
57481  -35.474  -31.609  83.890 0.0000000000
57499  -35.446  -31.599  83.589 0.0000000000
57613  -31.947  -32.454  76.740 0.0000000000
57629  -30.204  -33.245  76.577 0.0000000000
58633  -28.760  -32.783  89.936 0.0000000000
58634  -29.042  -32.617  89.819 0.0000000000
58652  -29.649  -32.917  89.054 0.0000000000
58666  -29.703  -32.782  88.306 0.0000000000
58669  -33.371  -32.165  88.952 0.0000000000
58682  -28.328  -33.242  88.314 0.0000000000
58684  -30.362  -32.371  87.972 0.0000000000
58714  -35.379  -31.050  84.024 0.0000000000
58721  -35.461  -31.520  83.135 0.0000000000
58732  -35.594  -31.347  83.011 0.0000000000
58754  -33.481  -31.634  79.272 0.0000000000
58769  -33.577  -32.075  79.266 0.0000000000
58777  -32.164  -32.233  76.910 0.0000000000
59784  -34.417  -30.529  88.616 0.0000000000
59815  -35.291  -30.990  86.793 0.0000000000
59882  -34.769  -30.616  81.603 0.0000000000
59985  -32.213  -31.718  76.786 0.0000000000
61077  -34.515  -30.017  88.591 0.0000000000
61168  -35.346  -29.395  82.923 0.0000000000
61214  -34.046  -30.182  80.935 0.0000000000
61215  -34.390  -30.238  81.190 0.0000000000
61234  -33.740  -30.246  80.696 0.0000000000
62512  -38.656  -28.493  82.047 0.0000000000
62528  -34.699  -29.558  81.010 0.0000000000
62529  -38.920  -28.646  81.881 0.0000000000
62530  -39.180  -28.622  82.066 0.0000000000
62548  -38.882  -29.162  79.968 0.0000000000
63713  -36.680  -27.880  85.091 0.0000000000
63758  -39.387  -28.448  82.511 0.0000000000
65016  -36.569  -26.885  85.750 0.0000000000
65065  -37.857  -28.211  83.023 0.0000000000
65093  -42.677  -26.358  79.173 0.0000000000
65120  -41.228  -27.020  77.408 0.0000000000
65146  -40.784  -27.293  75.237 0.0000000000
66352  -44.203  -25.483  77.230 0.0000000000
66463  -52.475  -25.046  69.158 0.0000000000
66464  -52.058  -24.692  68.823 0.0000000000
66465  -52.278  -24.313  69.141 0.0000000000
66477  -40.572  -25.391  69.085 0.0000000000
66480  -52.366  -24.670  68.883 0.0000000000
66481  -52.315  -24.365  68.868 0.0000000000
66482  -52.295  -24.036  68.996 0.0000000000
66495  -42.119  -25.461  67.368 0.0000000000
66496  -42.603  -25.283  67.612 0.0000000000
67548  -43.908  -24.513  82.362 0.0000000000
67732  -52.202  -24.936  68.826 0.0000000000
67733  -52.178  -24.356  68.837 0.0000000000
67734  -52.254  -23.939  69.193 0.0000000000
67753  -52.139  -25.126  68.719 0.0000000000
67755  -52.297  -23.839  68.870 0.0000000000
67799  -48.990  -24.423  66.524 0.0000000000
67836  -45.884  -24.539  64.771 0.0000000000
68889  -43.819  -24.021  82.571 0.0000000000
68919  -44.378  -24.324  81.578 0.0000000000
69089  -51.877  -24.278  68.469 0.0000000000
69105  -52.077  -23.605  68.004 0.0000000000
69125  -47.337  -23.767  65.478 0.0000000000
69152  -47.491  -23.265  65.228 0.0000000000
69191  -45.398  -23.618  63.616 0.0000000000
70265  -49.401  -22.450  75.938 0.0000000000
70392  -51.922  -22.835  66.945 0.0000000000
70407  -48.069  -22.776  64.926 0.0000000000
70427  -46.000  -22.908  63.399 0.0000000000
71463  -50.363  -21.347  75.136 0.0000000000
71489  -52.478  -21.709  73.349 0.0000000000
71504  -54.093  -21.848  71.282 0.0000000000
71505  -54.622  -21.429  71.278 0.0000000000
71570  -48.193  -22.259  64.774 0.0000000000
71588  -46.143  -21.916  63.139 0.0000000000
72530  -52.906  -20.612  76.605 0.0000000000
73614  -52.887  -20.044  76.540 0.0000000000
73842  -49.525  -20.058  64.613 0.0000000000
73907  -45.876  -19.503  61.684 0.0000000000
74822  -52.415  -19.181  76.139 0.0000000000
74823  -52.730  -19.530  76.093 0.0000000000
74837  -52.340  -19.247  75.833 0.0000000000
74838  -52.589  -19.405  75.929 0.0000000000
74990  -48.121  -19.177  62.751 0.0000000000
76101  -51.658  -17.809  65.242 0.0000000000
76116  -50.525  -17.701  64.039 0.0000000000
76141  -47.597  -17.746  62.351 0.0000000000
78559  -51.155  -15.333  62.625 0.0000000000
79874  -54.503  -15.081  65.814 0.0000000000
79881  -52.352  -15.108  64.117 0.0000000000
79882  -52.987  -14.902  64.512 0.0000000000
79883  -53.287  -14.703  64.820 0.0000000000
79908  -53.040  -14.288  62.538 0.0000000000
79924  -52.856  -14.388  62.364 0.0000000000
81127  -53.623  -14.400  65.077 0.0000000000
81133  -53.216  -14.573  64.526 0.0000000000
81146  -53.181  -14.511  64.199 0.0000000000
81174  -52.013  -14.385  61.424 0.0000000000
81189  -51.987  -14.300  61.102 0.0000000000
81208  -53.308  -13.373  60.033 0.0000000000
81221  -49.304  -14.218  57.567 0.0000000000
81236  -49.672  -13.937  57.217 0.0000000000
81264  -53.917  -13.135  53.426 0.0000000000
81265  -54.124  -13.227  53.317 0.0000000000
81268  -59.599  -12.780  52.945 0.0000000000
81272  -53.961  -13.321  53.154 0.0000000000
82432  -54.569  -13.296  61.305 0.0000000000
82483  -53.958  -12.347  57.950 0.0000000000
82490  -48.971  -13.491  56.334 0.0000000000
82532  -53.864  -12.710  53.941 0.0000000000
82557  -60.680  -12.561  51.870 0.0000000000
83692  -61.083  -11.725  52.905 0.0000000000
83764  -59.120  -11.514  45.805 0.0000000000
84710  -57.309  -10.233  55.704 0.0000000000
84711  -57.520  -10.512  55.546 0.0000000000
84741  -61.034  -11.548  52.934 0.0000000000
84742  -61.233  -11.575  52.916 0.0000000000
