#!ascii label  , from subject 3826 vox2ras=TkReg
1879
75703  52.735  -17.416  62.813 0.0000000000
53086  39.223  -36.224  80.292 0.0000000000
48529  25.413  -40.205  81.860 0.0000000000
48434  18.784  -40.380  85.915 0.0000000000
47212  35.548  -40.871  86.005 0.0000000000
49680  31.084  -39.502  75.182 0.0000000000
72192  45.616  -20.628  66.779 0.0000000000
75760  58.758  -15.670  58.334 0.0000000000
68573  49.670  -22.882  75.818 0.0000000000
59998  42.308  -30.417  73.683 0.0000000000
55520  33.321  -34.332  69.446 0.0000000000
48398  27.346  -40.722  87.502 0.0000000000
47316  21.963  -41.069  83.498 0.0000000000
48356  23.570  -39.464  89.434 0.0000000000
47280  30.589  -40.349  84.647 0.0000000000
74363  51.648  -18.448  75.067 0.0000000000
56428  40.097  -33.512  83.682 0.0000000000
56449  43.797  -32.934  81.998 0.0000000000
59917  45.978  -30.525  79.095 0.0000000000
57716  40.225  -32.342  76.635 0.0000000000
57818  37.381  -32.227  70.775 0.0000000000
54319  36.121  -35.022  74.569 0.0000000000
49722  25.547  -39.090  73.130 0.0000000000
49799  27.259  -39.454  69.195 0.0000000000
75730  56.156  -17.247  60.284 0.0000000000
75804  54.001  -16.831  55.068 0.0000000000
48606  23.151  -40.480  76.755 0.0000000000
46194  20.259  -42.390  78.118 0.0000000000
48499  38.741  -39.710  82.515 0.0000000000
49654  35.751  -39.127  77.962 0.0000000000
47358  33.707  -40.502  81.088 0.0000000000
49631  28.427  -39.501  79.479 0.0000000000
73330  49.207  -18.457  64.864 0.0000000000
49447  19.969  -38.964  92.506 0.0000000000
48385  15.857  -40.459  89.397 0.0000000000
76918  57.620  -15.481  66.128 0.0000000000
78204  53.106  -15.435  67.749 0.0000000000
75601  49.561  -17.744  70.491 0.0000000000
71052  47.690  -21.301  71.571 0.0000000000
65996  45.090  -25.754  71.755 0.0000000000
65861  49.357  -25.535  79.377 0.0000000000
62172  46.994  -28.215  74.247 0.0000000000
60074  43.701  -29.680  68.393 0.0000000000
60112  39.118  -29.615  67.111 0.0000000000
50887  32.153  -38.186  72.434 0.0000000000
48327  27.067  -39.071  88.987 0.0000000000
47147  25.209  -40.206  88.016 0.0000000000
49477  25.369  -38.589  90.316 0.0000000000
48373  29.352  -39.754  87.898 0.0000000000
53014  41.942  -36.046  83.641 0.0000000000
55331  42.509  -34.456  81.446 0.0000000000
56481  43.140  -33.349  79.793 0.0000000000
55361  40.271  -33.954  78.489 0.0000000000
56536  38.138  -33.946  75.679 0.0000000000
54255  37.788  -35.226  77.949 0.0000000000
47487  24.176  -41.402  72.337 0.0000000000
47512  25.283  -41.704  70.490 0.0000000000
75714  54.261  -17.561  61.542 0.0000000000
75764  53.688  -17.718  59.133 0.0000000000
74538  52.342  -18.462  59.907 0.0000000000
48579  23.962  -39.776  78.891 0.0000000000
47421  22.043  -40.897  77.862 0.0000000000
47396  23.069  -40.352  80.166 0.0000000000
47260  20.430  -40.600  85.331 0.0000000000
47342  20.244  -40.877  82.504 0.0000000000
46150  18.054  -41.502  83.850 0.0000000000
46137  16.680  -42.213  84.638 0.0000000000
50722  37.997  -38.004  84.905 0.0000000000
47274  37.149  -40.385  84.499 0.0000000000
46180  36.519  -40.618  81.947 0.0000000000
46147  35.408  -41.204  83.636 0.0000000000
48483  28.494  -40.271  83.327 0.0000000000
48503  29.888  -40.098  82.456 0.0000000000
48546  27.296  -39.986  80.775 0.0000000000
49661  25.912  -39.414  77.927 0.0000000000
73332  47.491  -19.456  65.192 0.0000000000
72256  46.879  -19.769  62.966 0.0000000000
72246  45.491  -20.713  63.451 0.0000000000
48340  14.118  -40.770  91.370 0.0000000000
76869  51.135  -16.176  69.774 0.0000000000
76846  51.372  -16.132  71.862 0.0000000000
72099  50.614  -20.459  75.181 0.0000000000
72116  50.228  -19.711  73.362 0.0000000000
69879  48.222  -22.565  73.741 0.0000000000
68631  46.121  -23.185  71.456 0.0000000000
67252  47.052  -24.571  74.102 0.0000000000
59966  44.180  -30.573  75.565 0.0000000000
61064  46.619  -29.641  76.536 0.0000000000
59978  45.215  -29.960  73.945 0.0000000000
60011  44.957  -29.559  71.679 0.0000000000
60043  42.630  -29.794  70.572 0.0000000000
61163  41.396  -29.469  68.373 0.0000000000
60045  40.469  -30.311  70.763 0.0000000000
57842  36.050  -32.039  68.649 0.0000000000
48600  33.491  -40.312  76.235 0.0000000000
50840  33.751  -38.955  75.324 0.0000000000
48673  31.437  -39.539  73.516 0.0000000000
50965  28.435  -38.666  67.651 0.0000000000
77132  59.901  -15.882  54.323 0.0000000000
77121  58.322  -15.465  55.418 0.0000000000
47284  26.261  -40.530  84.800 0.0000000000
47338  24.083  -40.538  82.714 0.0000000000
47255  25.194  -40.697  85.561 0.0000000000
47194  23.226  -40.287  87.144 0.0000000000
47169  21.404  -40.002  87.468 0.0000000000
47158  33.699  -41.138  87.741 0.0000000000
46119  33.543  -41.381  85.317 0.0000000000
46077  31.559  -41.205  87.451 0.0000000000
47217  29.649  -40.771  86.461 0.0000000000
78070  51.522  -16.142  73.772 0.0000000000
69830  50.541  -21.923  77.328 0.0000000000
57626  45.024  -32.032  80.866 0.0000000000
57694  43.248  -31.935  77.575 0.0000000000
58893  41.707  -31.363  75.068 0.0000000000
58957  39.312  -31.538  71.964 0.0000000000
57764  38.488  -32.270  73.954 0.0000000000
56590  36.584  -33.378  72.756 0.0000000000
55500  34.552  -34.538  71.520 0.0000000000
49697  28.454  -39.079  74.799 0.0000000000
49743  29.755  -38.964  72.885 0.0000000000
49764  26.208  -39.053  70.940 0.0000000000
77057  57.289  -16.447  59.584 0.0000000000
77112  56.173  -16.111  56.795 0.0000000000
75776  55.339  -16.765  57.593 0.0000000000
47386  21.488  -40.853  80.635 0.0000000000
53017  39.538  -36.646  83.585 0.0000000000
50783  39.372  -38.051  81.455 0.0000000000
51940  37.429  -37.400  79.459 0.0000000000
49613  36.988  -39.797  80.494 0.0000000000
48558  35.185  -40.572  79.213 0.0000000000
48576  32.253  -40.328  78.082 0.0000000000
47306  32.804  -40.762  83.321 0.0000000000
48542  31.426  -40.029  80.347 0.0000000000
49657  29.701  -39.384  77.269 0.0000000000
49672  27.082  -39.332  76.582 0.0000000000
48616  24.287  -40.108  75.031 0.0000000000
74500  50.533  -17.913  63.400 0.0000000000
73375  50.743  -18.787  60.613 0.0000000000
73378  48.407  -19.507  61.468 0.0000000000
49480  21.498  -38.912  90.766 0.0000000000
48380  20.391  -39.693  89.397 0.0000000000
49484  17.774  -39.380  91.039 0.0000000000
47171  17.616  -40.265  87.793 0.0000000000
76996  58.261  -15.844  62.371 0.0000000000
76981  56.684  -16.432  63.264 0.0000000000
76964  55.036  -16.537  64.320 0.0000000000
75664  52.775  -16.848  65.020 0.0000000000
75646  51.259  -16.702  66.168 0.0000000000
75631  49.525  -17.412  67.527 0.0000000000
73294  48.358  -18.847  68.470 0.0000000000
75576  50.792  -17.656  72.787 0.0000000000
73268  48.771  -19.527  71.236 0.0000000000
72155  46.717  -20.838  69.760 0.0000000000
69924  45.756  -22.395  69.817 0.0000000000
67305  44.412  -24.662  69.955 0.0000000000
65902  49.984  -24.604  77.473 0.0000000000
62108  47.481  -28.820  79.794 0.0000000000
62141  47.982  -27.794  77.531 0.0000000000
65923  47.823  -25.397  75.976 0.0000000000
64596  45.910  -26.987  73.286 0.0000000000
62250  44.786  -28.337  70.587 0.0000000000
59000  38.012  -30.963  69.085 0.0000000000
53162  35.470  -36.680  76.399 0.0000000000
53207  33.959  -36.521  73.760 0.0000000000
53259  32.549  -36.316  71.060 0.0000000000
49778  29.935  -38.967  70.917 0.0000000000
52068  30.355  -37.334  69.137 0.0000000000
48328  26.083  -39.170  89.472 0.0000000000
50635  26.170  -38.338  90.118 0.0000000000
53084  41.272  -36.362  81.318 0.0000000000
54158  42.411  -35.645  82.494 0.0000000000
54188  41.083  -35.668  80.671 0.0000000000
55339  41.748  -34.734  80.576 0.0000000000
55341  40.364  -35.066  79.939 0.0000000000
55362  39.191  -34.693  78.724 0.0000000000
54209  38.969  -35.484  79.382 0.0000000000
75715  53.349  -17.496  61.733 0.0000000000
74537  53.021  -18.064  60.379 0.0000000000
74529  52.300  -18.189  60.815 0.0000000000
48548  25.095  -39.778  81.195 0.0000000000
47408  23.577  -39.871  79.802 0.0000000000
47383  24.305  -40.402  81.320 0.0000000000
47261  19.343  -40.469  85.404 0.0000000000
48467  19.162  -40.468  84.024 0.0000000000
46135  18.080  -41.266  84.704 0.0000000000
46151  17.365  -42.315  83.596 0.0000000000
47263  17.676  -41.154  85.406 0.0000000000
48395  35.769  -39.616  87.423 0.0000000000
47183  36.344  -39.768  86.208 0.0000000000
48432  37.033  -39.171  85.794 0.0000000000
47243  36.875  -40.521  85.189 0.0000000000
47303  36.536  -40.484  83.865 0.0000000000
46131  35.994  -41.344  84.950 0.0000000000
48506  26.982  -40.166  82.517 0.0000000000
48505  27.867  -40.331  82.411 0.0000000000
48547  26.274  -39.776  80.978 0.0000000000
48566  25.437  -39.677  79.771 0.0000000000
72190  46.859  -19.807  65.824 0.0000000000
72232  46.489  -20.161  64.500 0.0000000000
72233  45.672  -20.639  64.615 0.0000000000
79341  52.479  -14.566  71.265 0.0000000000
79367  52.074  -15.208  71.141 0.0000000000
79318  52.044  -15.279  72.101 0.0000000000
69858  49.977  -21.996  75.422 0.0000000000
71027  49.781  -21.222  74.433 0.0000000000
69869  49.228  -22.193  74.565 0.0000000000
68608  47.738  -23.130  73.834 0.0000000000
67235  48.279  -23.532  75.241 0.0000000000
59980  43.382  -30.204  74.449 0.0000000000
59979  44.395  -29.895  74.411 0.0000000000
59997  43.188  -29.932  73.365 0.0000000000
60013  43.353  -29.922  72.297 0.0000000000
60027  42.499  -30.021  71.420 0.0000000000
60044  41.747  -30.013  70.406 0.0000000000
60028  41.367  -30.155  71.667 0.0000000000
48615  32.045  -40.142  75.614 0.0000000000
48629  32.552  -40.005  74.724 0.0000000000
48631  31.425  -39.857  74.352 0.0000000000
77109  59.555  -15.712  56.491 0.0000000000
77110  58.496  -15.541  56.547 0.0000000000
47220  26.569  -41.006  86.477 0.0000000000
47285  25.556  -40.534  84.972 0.0000000000
47191  26.119  -40.744  87.103 0.0000000000
49519  24.294  -39.877  88.536 0.0000000000
47193  24.316  -40.511  87.117 0.0000000000
48399  23.092  -40.175  87.985 0.0000000000
47195  21.979  -40.122  86.960 0.0000000000
48378  22.750  -39.606  88.783 0.0000000000
47121  32.598  -40.003  88.298 0.0000000000
46076  32.496  -41.376  87.505 0.0000000000
47140  31.554  -40.762  88.103 0.0000000000
47162  28.189  -40.451  87.542 0.0000000000
47188  28.960  -40.986  87.136 0.0000000000
47189  27.915  -40.876  87.187 0.0000000000
47252  27.927  -40.553  85.616 0.0000000000
56439  43.073  -33.343  83.068 0.0000000000
58753  43.465  -31.594  83.543 0.0000000000
58773  44.424  -31.437  82.466 0.0000000000
58772  44.906  -30.974  81.962 0.0000000000
57627  44.545  -32.323  81.484 0.0000000000
57681  41.948  -32.977  78.569 0.0000000000
57679  43.260  -32.174  78.526 0.0000000000
57714  41.995  -31.948  77.247 0.0000000000
58862  42.731  -31.767  76.623 0.0000000000
58879  40.838  -31.955  75.448 0.0000000000
58895  40.030  -31.740  74.278 0.0000000000
57734  39.921  -32.282  75.886 0.0000000000
55440  37.460  -34.185  75.199 0.0000000000
56567  37.566  -33.393  74.130 0.0000000000
55459  36.711  -34.374  74.025 0.0000000000
55498  36.006  -33.886  72.505 0.0000000000
54356  35.385  -34.999  73.196 0.0000000000
49721  26.772  -38.950  73.364 0.0000000000
49745  27.646  -38.895  72.410 0.0000000000
49746  26.444  -39.033  72.157 0.0000000000
77058  56.469  -16.923  59.768 0.0000000000
77079  56.514  -16.518  58.928 0.0000000000
77080  55.884  -16.785  59.178 0.0000000000
75790  53.324  -17.636  56.819 0.0000000000
47436  22.996  -41.241  75.376 0.0000000000
47437  22.412  -41.532  75.664 0.0000000000
47315  22.917  -41.047  83.471 0.0000000000
47364  22.892  -40.584  81.783 0.0000000000
47341  21.385  -40.695  82.560 0.0000000000
46177  18.544  -42.351  81.477 0.0000000000
46176  19.137  -42.200  80.765 0.0000000000
48454  38.455  -39.205  83.806 0.0000000000
51869  38.289  -37.416  84.607 0.0000000000
49585  39.304  -38.863  83.258 0.0000000000
50763  39.928  -38.347  82.918 0.0000000000
49600  39.114  -39.208  81.919 0.0000000000
49611  38.267  -38.911  80.839 0.0000000000
48518  38.067  -40.231  81.781 0.0000000000
46182  35.714  -40.821  81.879 0.0000000000
47390  35.985  -40.742  80.434 0.0000000000
47392  34.304  -40.451  79.465 0.0000000000
47406  33.405  -40.676  78.261 0.0000000000
47380  33.582  -40.276  79.960 0.0000000000
47248  32.021  -41.023  85.211 0.0000000000
47277  33.589  -41.378  84.094 0.0000000000
47307  31.571  -40.509  83.509 0.0000000000
48544  29.435  -39.936  80.579 0.0000000000
48543  30.452  -39.815  80.607 0.0000000000
49630  29.509  -39.501  79.223 0.0000000000
49629  30.417  -39.589  78.796 0.0000000000
49647  29.569  -39.334  78.186 0.0000000000
50830  28.329  -38.876  76.914 0.0000000000
49659  27.868  -39.114  77.454 0.0000000000
48592  25.060  -39.682  77.264 0.0000000000
49674  25.121  -39.645  76.296 0.0000000000
48617  23.343  -40.744  75.541 0.0000000000
74491  49.674  -17.990  64.175 0.0000000000
74509  49.547  -18.689  62.397 0.0000000000
73353  48.990  -18.953  62.917 0.0000000000
71172  46.853  -21.032  60.812 0.0000000000
49463  20.808  -39.020  91.769 0.0000000000
48358  21.056  -39.539  90.169 0.0000000000
48334  20.321  -39.235  90.840 0.0000000000
48337  16.177  -39.775  90.754 0.0000000000
48363  16.783  -40.075  90.000 0.0000000000
49522  18.041  -39.834  89.342 0.0000000000
48406  16.476  -40.459  88.694 0.0000000000
47231  16.359  -41.489  86.511 0.0000000000
47174  15.302  -41.623  88.200 0.0000000000
77011  59.794  -15.671  61.193 0.0000000000
76961  58.118  -15.796  64.492 0.0000000000
76962  57.076  -16.050  64.389 0.0000000000
76982  55.620  -16.534  63.414 0.0000000000
76941  56.397  -15.957  65.340 0.0000000000
76883  54.695  -15.475  67.786 0.0000000000
76921  54.558  -15.736  66.065 0.0000000000
76922  53.238  -16.107  66.113 0.0000000000
75645  51.911  -16.768  65.981 0.0000000000
76923  52.195  -16.519  66.547 0.0000000000
76859  50.470  -16.639  70.247 0.0000000000
76887  49.990  -16.655  68.055 0.0000000000
75620  49.536  -17.224  68.485 0.0000000000
74435  48.478  -18.520  67.888 0.0000000000
74423  48.973  -18.382  69.151 0.0000000000
75549  51.761  -17.507  74.636 0.0000000000
76783  51.678  -17.128  73.781 0.0000000000
74375  51.231  -18.590  73.806 0.0000000000
71045  48.595  -20.936  72.647 0.0000000000
73256  49.627  -19.564  72.459 0.0000000000
72135  48.161  -20.290  71.359 0.0000000000
72143  48.187  -20.013  69.969 0.0000000000
72144  47.351  -20.786  70.448 0.0000000000
71071  46.098  -21.801  69.687 0.0000000000
69911  46.997  -21.896  70.993 0.0000000000
67286  45.802  -24.168  72.103 0.0000000000
68632  45.538  -23.489  71.130 0.0000000000
67288  44.566  -24.804  70.462 0.0000000000
64652  44.421  -26.803  70.436 0.0000000000
64540  49.623  -25.238  78.463 0.0000000000
58800  46.630  -30.317  80.338 0.0000000000
60997  47.028  -29.293  80.127 0.0000000000
61020  46.710  -29.798  78.979 0.0000000000
61078  46.397  -29.373  75.372 0.0000000000
61063  47.304  -29.211  77.076 0.0000000000
62149  47.609  -28.221  76.494 0.0000000000
64557  47.979  -26.333  76.519 0.0000000000
63312  47.497  -27.534  75.443 0.0000000000
64579  46.701  -26.401  74.462 0.0000000000
63330  46.970  -27.746  73.888 0.0000000000
60041  44.131  -29.499  69.987 0.0000000000
61140  44.695  -29.059  70.409 0.0000000000
61153  44.361  -29.147  69.622 0.0000000000
62280  44.123  -28.621  69.129 0.0000000000
60089  43.875  -29.556  67.979 0.0000000000
60091  42.943  -29.543  67.322 0.0000000000
61181  40.447  -29.591  67.613 0.0000000000
61198  40.696  -29.494  66.536 0.0000000000
58958  38.527  -31.628  71.498 0.0000000000
58989  38.933  -31.149  70.518 0.0000000000
58974  37.615  -31.703  70.208 0.0000000000
59009  36.270  -31.350  67.075 0.0000000000
50812  36.596  -38.249  78.806 0.0000000000
51964  36.891  -37.239  78.115 0.0000000000
50821  35.866  -38.111  77.540 0.0000000000
50868  32.925  -38.542  73.941 0.0000000000
51991  33.687  -37.495  74.362 0.0000000000
52034  32.929  -36.926  72.534 0.0000000000
53248  33.357  -36.102  72.185 0.0000000000
52049  32.492  -37.253  71.815 0.0000000000
49780  28.305  -38.920  70.542 0.0000000000
49779  29.075  -38.896  70.966 0.0000000000
48705  28.680  -39.038  70.103 0.0000000000
50946  29.422  -37.877  68.391 0.0000000000
53283  30.622  -36.579  68.537 0.0000000000
77124  55.504  -16.156  55.696 0.0000000000
77136  55.759  -16.204  54.691 0.0000000000
73392  50.432  -19.355  59.255 0.0000000000
47144  27.519  -39.990  87.946 0.0000000000
47164  26.457  -40.425  87.414 0.0000000000
47128  26.063  -39.668  87.813 0.0000000000
48354  25.673  -39.495  88.686 0.0000000000
48355  24.573  -39.565  89.236 0.0000000000
47125  28.083  -39.782  88.336 0.0000000000
55310  41.010  -34.903  83.556 0.0000000000
57594  41.528  -33.305  83.561 0.0000000000
54142  42.116  -35.369  83.260 0.0000000000
55307  42.829  -34.215  82.921 0.0000000000
56461  43.286  -33.648  81.752 0.0000000000
56460  43.902  -32.953  81.210 0.0000000000
55338  42.535  -33.934  80.395 0.0000000000
56483  41.723  -33.606  79.357 0.0000000000
56508  40.438  -33.062  77.896 0.0000000000
56522  39.563  -33.115  76.739 0.0000000000
55375  39.339  -33.900  77.581 0.0000000000
55392  38.441  -34.056  76.679 0.0000000000
55421  36.851  -34.861  76.210 0.0000000000
48677  24.238  -40.591  72.629 0.0000000000
48690  24.801  -40.570  71.561 0.0000000000
47500  24.461  -41.610  71.751 0.0000000000
75713  55.031  -17.312  61.331 0.0000000000
75749  54.499  -17.468  59.770 0.0000000000
75750  53.705  -17.765  60.056 0.0000000000
74543  53.049  -18.212  59.511 0.0000000000
48594  23.230  -40.094  77.895 0.0000000000
47430  22.288  -41.129  76.869 0.0000000000
48580  23.126  -39.937  78.488 0.0000000000
47410  22.033  -40.591  78.762 0.0000000000
48568  21.559  -40.643  79.285 0.0000000000
47289  21.613  -40.935  84.309 0.0000000000
47317  20.956  -40.650  83.475 0.0000000000
47318  19.695  -40.687  83.545 0.0000000000
47343  19.187  -41.307  82.600 0.0000000000
45200  16.527  -43.562  83.334 0.0000000000
49565  37.679  -38.870  84.787 0.0000000000
48477  38.248  -40.122  83.330 0.0000000000
47353  37.408  -40.599  82.144 0.0000000000
47328  37.034  -40.657  83.076 0.0000000000
46174  35.940  -40.851  82.330 0.0000000000
47331  34.925  -41.021  82.194 0.0000000000
48459  29.998  -40.374  84.000 0.0000000000
48481  30.578  -40.390  83.372 0.0000000000
48504  28.837  -40.320  82.400 0.0000000000
48525  29.143  -40.186  81.476 0.0000000000
48563  27.892  -39.639  79.809 0.0000000000
49650  26.776  -39.573  78.594 0.0000000000
49633  26.733  -39.643  79.394 0.0000000000
48578  25.092  -39.754  78.396 0.0000000000
73331  48.457  -18.880  65.376 0.0000000000
73354  48.226  -19.143  63.328 0.0000000000
73347  47.231  -19.600  64.422 0.0000000000
72257  46.187  -20.461  62.539 0.0000000000
48318  15.055  -39.996  91.602 0.0000000000
47129  14.941  -40.570  90.213 0.0000000000
47151  14.592  -41.647  88.905 0.0000000000
46055  14.121  -41.954  89.926 0.0000000000
78175  53.205  -14.926  68.893 0.0000000000
76884  52.178  -15.660  68.085 0.0000000000
78156  52.052  -15.446  70.056 0.0000000000
78157  51.415  -15.844  70.309 0.0000000000
76848  50.316  -16.649  71.010 0.0000000000
72098  51.004  -19.769  75.024 0.0000000000
73231  51.091  -19.283  74.332 0.0000000000
72109  50.222  -20.493  74.388 0.0000000000
71035  49.619  -21.013  73.723 0.0000000000
69888  48.227  -21.806  72.664 0.0000000000
69898  47.330  -22.201  71.661 0.0000000000
69889  47.587  -22.688  72.883 0.0000000000
68621  46.506  -23.877  72.508 0.0000000000
67270  46.036  -24.792  72.855 0.0000000000
59944  45.143  -30.570  77.447 0.0000000000
59943  45.976  -30.146  77.222 0.0000000000
59955  45.281  -30.417  76.311 0.0000000000
59964  45.915  -29.761  75.307 0.0000000000
59977  45.847  -29.784  73.734 0.0000000000
61121  46.113  -28.811  73.045 0.0000000000
59995  45.262  -29.625  72.944 0.0000000000
60025  44.149  -29.619  70.974 0.0000000000
58986  42.924  -29.616  69.846 0.0000000000
61154  42.252  -29.484  68.486 0.0000000000
58988  42.178  -29.750  69.796 0.0000000000
60077  40.780  -29.585  68.897 0.0000000000
60078  39.858  -29.920  68.998 0.0000000000
57819  36.597  -32.625  70.394 0.0000000000
57830  37.084  -32.165  70.050 0.0000000000
57832  35.578  -32.586  69.040 0.0000000000
57843  35.234  -32.452  68.253 0.0000000000
57865  34.961  -32.185  65.967 0.0000000000
48599  34.419  -40.292  76.892 0.0000000000
49664  35.076  -39.166  76.973 0.0000000000
49678  33.732  -39.658  75.758 0.0000000000
49715  33.035  -39.174  74.322 0.0000000000
50870  31.765  -38.777  72.872 0.0000000000
49813  28.160  -39.030  68.389 0.0000000000
49863  27.543  -39.690  66.574 0.0000000000
77108  60.591  -15.903  56.270 0.0000000000
78376  59.433  -15.537  55.067 0.0000000000
77144  57.875  -16.111  53.490 0.0000000000
47335  26.070  -40.529  83.036 0.0000000000
47362  24.577  -40.485  82.179 0.0000000000
47312  25.408  -40.706  84.013 0.0000000000
48463  24.266  -40.570  84.246 0.0000000000
47287  23.620  -40.617  84.305 0.0000000000
47192  25.229  -40.535  87.063 0.0000000000
47223  23.755  -40.455  86.262 0.0000000000
47258  22.289  -40.560  85.214 0.0000000000
47225  21.924  -40.486  85.971 0.0000000000
47226  21.154  -40.560  86.160 0.0000000000
47227  20.196  -40.486  86.257 0.0000000000
46086  34.525  -40.959  86.860 0.0000000000
46117  35.221  -41.348  85.523 0.0000000000
46088  33.329  -41.565  86.974 0.0000000000
46089  32.344  -41.489  86.932 0.0000000000
46105  31.475  -41.348  86.444 0.0000000000
47160  30.533  -40.848  87.603 0.0000000000
47187  30.268  -41.037  87.137 0.0000000000
47250  30.159  -40.566  85.604 0.0000000000
47282  28.359  -40.268  84.460 0.0000000000
47310  27.398  -40.132  83.849 0.0000000000
71111  45.119  -21.305  66.696 0.0000000000
71129  44.951  -21.396  65.361 0.0000000000
71112  44.685  -21.833  66.192 0.0000000000
78090  51.727  -15.834  72.960 0.0000000000
74349  51.398  -18.407  75.744 0.0000000000
72091  51.005  -20.335  76.280 0.0000000000
71013  50.708  -21.127  76.284 0.0000000000
69832  50.143  -22.745  76.524 0.0000000000
58788  45.834  -30.719  80.868 0.0000000000
58813  45.379  -31.228  79.325 0.0000000000
56471  43.849  -32.701  80.276 0.0000000000
57661  44.727  -31.770  79.459 0.0000000000
58828  45.038  -31.017  78.173 0.0000000000
58860  43.598  -31.053  76.571 0.0000000000
59968  42.555  -31.151  75.483 0.0000000000
59999  41.612  -30.876  73.987 0.0000000000
60016  40.460  -31.099  72.540 0.0000000000
58939  40.413  -31.347  73.057 0.0000000000
57801  38.904  -31.863  72.612 0.0000000000
57784  38.234  -32.310  73.000 0.0000000000
56549  38.480  -32.929  74.773 0.0000000000
56588  37.936  -32.732  73.656 0.0000000000
56608  36.979  -32.812  72.378 0.0000000000
56609  36.233  -33.190  71.845 0.0000000000
55509  34.943  -34.019  71.243 0.0000000000
55510  34.279  -34.357  70.781 0.0000000000
49696  29.648  -39.164  74.605 0.0000000000
49718  30.049  -39.302  73.721 0.0000000000
49719  29.151  -38.975  73.693 0.0000000000
49763  27.356  -38.826  71.251 0.0000000000
49781  27.292  -39.213  70.246 0.0000000000
49765  25.651  -39.985  70.887 0.0000000000
49782  26.335  -39.892  70.040 0.0000000000
77056  58.223  -15.904  59.287 0.0000000000
77097  58.228  -15.693  57.678 0.0000000000
77098  57.288  -16.159  57.673 0.0000000000
75775  55.778  -16.537  57.168 0.0000000000
75796  54.271  -17.000  55.785 0.0000000000
75777  54.431  -17.270  57.747 0.0000000000
47363  23.780  -40.650  81.917 0.0000000000
47385  22.513  -40.764  80.801 0.0000000000
47398  21.117  -40.854  79.604 0.0000000000
47366  20.847  -40.998  81.553 0.0000000000
47388  19.641  -41.743  80.283 0.0000000000
55300  39.509  -35.041  83.869 0.0000000000
53016  40.677  -36.550  83.449 0.0000000000
51909  40.976  -37.263  82.576 0.0000000000
51925  39.469  -37.261  81.067 0.0000000000
53087  38.406  -36.625  80.023 0.0000000000
50798  38.251  -37.943  80.405 0.0000000000
50799  37.618  -38.234  80.023 0.0000000000
49644  36.395  -39.162  78.841 0.0000000000
48520  36.818  -40.463  81.042 0.0000000000
48557  35.838  -40.227  79.445 0.0000000000
48573  35.497  -39.762  78.325 0.0000000000
47417  34.194  -40.696  77.950 0.0000000000
47419  32.867  -40.566  77.398 0.0000000000
48602  31.795  -40.023  76.498 0.0000000000
46133  34.573  -41.512  84.117 0.0000000000
46134  34.323  -41.365  83.532 0.0000000000
47333  33.089  -40.342  82.127 0.0000000000
48502  31.090  -40.269  82.515 0.0000000000
48501  32.021  -40.078  82.013 0.0000000000
48521  33.023  -40.225  80.802 0.0000000000
48559  32.236  -40.246  78.991 0.0000000000
49645  31.160  -39.627  77.760 0.0000000000
49668  30.961  -39.596  76.147 0.0000000000
49682  29.230  -39.278  75.602 0.0000000000
49684  27.581  -39.233  75.643 0.0000000000
49699  25.941  -39.115  74.382 0.0000000000
49673  25.837  -39.501  76.677 0.0000000000
49686  25.221  -39.518  75.499 0.0000000000
49700  24.782  -39.540  74.127 0.0000000000
48656  23.787  -40.771  73.479 0.0000000000
74507  51.401  -17.926  62.634 0.0000000000
74519  51.356  -18.379  61.412 0.0000000000
74508  50.394  -18.405  62.285 0.0000000000
73379  47.935  -19.497  61.996 0.0000000000
72273  47.483  -20.483  60.172 0.0000000000
71150  44.864  -21.200  64.098 0.0000000000
51745  25.234  -38.044  90.814 0.0000000000
49459  24.558  -38.979  91.140 0.0000000000
48315  23.934  -38.916  90.639 0.0000000000
49461  22.550  -38.469  90.926 0.0000000000
48357  22.184  -39.542  90.124 0.0000000000
48379  21.594  -39.769  89.161 0.0000000000
48401  21.028  -39.804  88.272 0.0000000000
48423  19.205  -40.113  87.698 0.0000000000
49465  18.834  -39.091  91.926 0.0000000000
49520  18.805  -39.434  89.861 0.0000000000
48403  18.841  -39.984  88.341 0.0000000000
47198  18.835  -40.376  87.104 0.0000000000
47230  17.329  -41.072  86.421 0.0000000000
77055  59.126  -15.717  59.274 0.0000000000
77034  58.930  -15.716  60.294 0.0000000000
77035  57.997  -16.139  60.408 0.0000000000
77014  56.955  -16.682  61.574 0.0000000000
76979  58.727  -15.554  63.443 0.0000000000
76997  57.370  -16.371  62.399 0.0000000000
77015  56.302  -17.003  61.753 0.0000000000
75699  55.587  -17.244  61.964 0.0000000000
77001  54.455  -17.029  62.822 0.0000000000
75689  53.860  -17.241  63.102 0.0000000000
76942  55.359  -16.292  65.288 0.0000000000
75663  53.509  -16.777  64.636 0.0000000000
75680  53.106  -16.740  64.033 0.0000000000
75682  51.683  -17.006  64.303 0.0000000000
74474  50.798  -16.950  65.227 0.0000000000
74457  50.204  -17.388  65.728 0.0000000000
76903  51.405  -16.525  67.449 0.0000000000
75630  50.195  -17.092  67.142 0.0000000000
74459  48.966  -18.169  66.157 0.0000000000
73315  48.120  -18.659  66.659 0.0000000000
73304  47.485  -19.202  67.315 0.0000000000
72164  46.939  -19.792  68.065 0.0000000000
76806  51.593  -16.252  73.211 0.0000000000
76829  51.098  -16.786  72.461 0.0000000000
75589  50.296  -17.447  71.643 0.0000000000
73254  50.225  -19.055  73.150 0.0000000000
74402  50.028  -18.679  72.388 0.0000000000
74404  49.265  -18.343  71.182 0.0000000000
74413  48.498  -18.804  69.945 0.0000000000
72154  47.478  -20.052  69.218 0.0000000000
72177  46.107  -20.506  67.591 0.0000000000
71096  46.029  -21.088  68.519 0.0000000000
69935  45.050  -22.399  68.605 0.0000000000
68645  45.971  -22.722  70.811 0.0000000000
67316  44.604  -23.815  69.526 0.0000000000
68541  50.300  -23.095  77.462 0.0000000000
67192  49.474  -24.160  76.529 0.0000000000
63275  48.848  -27.182  79.608 0.0000000000
61051  47.046  -29.183  78.063 0.0000000000
62131  47.720  -28.312  78.363 0.0000000000
63292  48.635  -27.331  78.488 0.0000000000
64547  49.142  -26.109  77.715 0.0000000000
65904  48.964  -25.426  76.726 0.0000000000
67211  48.848  -23.997  76.087 0.0000000000
67236  47.334  -25.025  74.616 0.0000000000
65958  46.348  -25.855  74.176 0.0000000000
65979  45.445  -26.050  72.843 0.0000000000
62214  45.916  -28.435  72.588 0.0000000000
63369  45.338  -27.861  71.505 0.0000000000
64651  44.984  -27.351  71.084 0.0000000000
63404  44.286  -27.773  69.677 0.0000000000
61179  42.297  -29.358  66.806 0.0000000000
61211  41.700  -29.444  65.392 0.0000000000
60046  39.576  -30.834  70.964 0.0000000000
60064  39.407  -30.602  69.874 0.0000000000
60079  38.696  -30.226  68.838 0.0000000000
59001  37.383  -31.332  68.537 0.0000000000
59008  37.364  -30.902  67.547 0.0000000000
53130  37.642  -36.095  78.702 0.0000000000
54257  36.603  -36.168  77.316 0.0000000000
54307  35.627  -35.965  75.931 0.0000000000
51972  34.580  -37.832  76.156 0.0000000000
53176  34.914  -36.568  75.451 0.0000000000
54335  34.667  -35.866  74.262 0.0000000000
54357  34.531  -35.513  73.260 0.0000000000
54377  33.649  -35.484  71.648 0.0000000000
54409  32.535  -34.991  69.531 0.0000000000
48674  30.872  -39.540  73.179 0.0000000000
49759  31.019  -39.381  72.137 0.0000000000
50917  30.837  -38.344  71.153 0.0000000000
50935  29.091  -38.536  68.949 0.0000000000
50933  30.395  -38.055  69.723 0.0000000000
50916  31.082  -37.856  70.838 0.0000000000
53271  31.509  -36.430  69.830 0.0000000000
54410  31.798  -35.519  69.254 0.0000000000
77122  57.375  -15.512  55.611 0.0000000000
77134  57.526  -15.617  54.554 0.0000000000
75823  56.343  -16.938  52.271 0.0000000000
74530  51.570  -18.598  60.301 0.0000000000
53085  40.288  -36.378  80.988 0.0000000000
54189  40.126  -35.452  80.192 0.0000000000
54208  39.687  -35.307  79.630 0.0000000000
54190  39.539  -35.644  79.853 0.0000000000
75716  52.975  -17.366  62.219 0.0000000000
74517  52.915  -17.558  61.529 0.0000000000
74518  52.433  -17.662  61.882 0.0000000000
48549  24.397  -40.084  80.796 0.0000000000
47382  24.951  -40.261  81.798 0.0000000000
47262  18.423  -40.816  85.304 0.0000000000
46120  18.025  -41.240  85.098 0.0000000000
48448  18.576  -40.550  85.744 0.0000000000
47184  35.504  -40.282  86.738 0.0000000000
48417  35.796  -40.070  86.983 0.0000000000
47211  36.187  -40.359  85.768 0.0000000000
47244  36.142  -40.940  85.337 0.0000000000
46116  35.782  -41.211  85.316 0.0000000000
48528  26.094  -40.266  81.995 0.0000000000
72191  46.205  -20.259  66.388 0.0000000000
72210  46.289  -20.253  65.357 0.0000000000
72211  45.572  -20.670  65.872 0.0000000000
79317  52.112  -14.916  72.124 0.0000000000
69859  49.464  -22.535  75.356 0.0000000000
68574  49.124  -23.149  75.478 0.0000000000
68594  48.570  -23.086  75.023 0.0000000000
67234  48.615  -23.610  75.480 0.0000000000
60014  42.329  -30.189  72.534 0.0000000000
49667  31.538  -39.786  75.678 0.0000000000
49693  31.535  -39.900  74.611 0.0000000000
49694  31.199  -39.670  74.611 0.0000000000
77075  59.898  -15.585  58.496 0.0000000000
77096  59.126  -15.705  57.698 0.0000000000
47190  27.113  -40.875  87.283 0.0000000000
48377  23.927  -39.941  88.525 0.0000000000
48348  32.008  -39.497  88.738 0.0000000000
47122  31.677  -40.202  88.491 0.0000000000
48397  27.615  -40.631  87.466 0.0000000000
48419  27.366  -40.876  87.265 0.0000000000
47219  27.508  -40.895  86.496 0.0000000000
56438  43.620  -32.817  82.690 0.0000000000
57593  43.271  -32.496  83.251 0.0000000000
57592  43.857  -31.969  82.892 0.0000000000
58752  44.124  -31.028  83.179 0.0000000000
57611  44.195  -32.250  82.256 0.0000000000
58790  44.673  -31.707  81.894 0.0000000000
57697  40.965  -32.534  77.955 0.0000000000
57696  41.654  -32.460  78.171 0.0000000000
57715  40.923  -32.152  77.250 0.0000000000
57732  41.661  -31.971  76.383 0.0000000000
57733  40.783  -32.062  76.044 0.0000000000
57747  40.446  -32.138  75.375 0.0000000000
55441  36.883  -34.548  75.163 0.0000000000
54333  36.139  -34.922  73.947 0.0000000000
55460  36.006  -34.757  73.466 0.0000000000
49747  25.212  -39.484  71.936 0.0000000000
77037  56.597  -17.039  60.268 0.0000000000
77059  55.985  -17.046  59.582 0.0000000000
75747  56.060  -17.188  59.784 0.0000000000
48618  22.804  -40.825  76.032 0.0000000000
47340  22.393  -40.732  82.626 0.0000000000
46184  18.539  -42.785  80.477 0.0000000000
48476  38.797  -39.355  83.304 0.0000000000
49574  38.739  -38.807  83.653 0.0000000000
48475  39.346  -39.122  83.078 0.0000000000
49592  39.640  -38.846  82.781 0.0000000000
48517  38.636  -39.665  81.889 0.0000000000
47357  34.744  -40.769  81.485 0.0000000000
47379  34.532  -40.544  80.508 0.0000000000
47278  32.419  -40.957  84.308 0.0000000000
47279  31.474  -40.627  84.545 0.0000000000
49614  29.207  -39.619  79.909 0.0000000000
48562  29.828  -39.635  80.036 0.0000000000
49648  28.612  -39.343  78.381 0.0000000000
48593  24.104  -39.843  77.580 0.0000000000
48605  24.426  -39.992  76.330 0.0000000000
74501  49.598  -18.338  63.169 0.0000000000
73345  48.917  -18.797  64.054 0.0000000000
49446  20.808  -38.656  92.098 0.0000000000
49481  20.618  -38.998  91.020 0.0000000000
49464  19.971  -39.163  92.054 0.0000000000
48364  15.793  -40.211  89.895 0.0000000000
48384  16.325  -40.375  89.140 0.0000000000
47173  16.249  -40.732  88.355 0.0000000000
47149  16.028  -40.656  88.910 0.0000000000
76977  60.241  -15.167  62.819 0.0000000000
76939  58.286  -15.618  65.438 0.0000000000
76940  57.415  -15.750  65.376 0.0000000000
76963  56.048  -16.328  64.364 0.0000000000
76901  53.881  -15.594  67.192 0.0000000000
76902  52.513  -15.847  67.496 0.0000000000
75610  49.949  -17.061  69.954 0.0000000000
75619  49.981  -16.969  69.179 0.0000000000
75611  49.475  -17.634  69.584 0.0000000000
74373  51.671  -18.002  74.611 0.0000000000
75550  51.629  -17.591  74.188 0.0000000000
74374  51.471  -18.515  74.471 0.0000000000
71051  48.116  -21.098  72.121 0.0000000000
72127  48.442  -20.594  72.168 0.0000000000
72136  47.593  -20.976  71.114 0.0000000000
71062  46.940  -21.597  70.571 0.0000000000
71061  47.338  -21.515  71.028 0.0000000000
67271  45.479  -24.996  72.183 0.0000000000
67287  45.188  -24.312  71.236 0.0000000000
65997  44.653  -25.619  70.893 0.0000000000
64533  49.569  -25.436  78.660 0.0000000000
58812  46.175  -30.786  79.555 0.0000000000
59915  47.009  -30.009  79.903 0.0000000000
59916  46.596  -30.286  79.507 0.0000000000
62159  46.540  -29.014  74.783 0.0000000000
62158  47.108  -28.510  75.093 0.0000000000
63319  47.338  -27.786  74.414 0.0000000000
62192  47.151  -28.023  73.969 0.0000000000
61141  44.437  -29.248  70.034 0.0000000000
60059  43.915  -29.473  68.974 0.0000000000
60073  43.921  -29.574  68.423 0.0000000000
60090  43.481  -29.579  67.705 0.0000000000
60075  42.997  -29.667  68.275 0.0000000000
61182  39.738  -29.639  67.372 0.0000000000
61199  39.865  -29.567  66.766 0.0000000000
60130  39.157  -29.596  66.153 0.0000000000
57817  37.883  -31.920  71.388 0.0000000000
58973  38.216  -31.552  70.793 0.0000000000
50820  36.138  -38.362  78.129 0.0000000000
50827  35.750  -38.658  77.597 0.0000000000
52015  32.585  -37.989  72.904 0.0000000000
52014  33.064  -37.563  73.403 0.0000000000
52035  32.632  -37.585  72.609 0.0000000000
48704  28.964  -38.958  70.411 0.0000000000
49798  28.314  -39.154  69.591 0.0000000000
77137  54.813  -16.496  54.778 0.0000000000
47126  27.580  -39.738  88.239 0.0000000000
47127  26.749  -39.664  88.069 0.0000000000
48353  26.811  -39.413  88.630 0.0000000000
48329  24.922  -38.784  89.780 0.0000000000
48326  27.944  -39.379  89.079 0.0000000000
48352  27.649  -39.583  88.627 0.0000000000
54132  41.641  -35.925  83.721 0.0000000000
54143  41.603  -35.428  83.560 0.0000000000
54130  42.036  -35.824  83.703 0.0000000000
54173  42.330  -35.600  81.748 0.0000000000
54157  42.581  -34.925  82.688 0.0000000000
54172  42.629  -35.060  82.131 0.0000000000
55321  42.964  -34.392  82.274 0.0000000000
55348  41.105  -34.053  79.474 0.0000000000
55360  40.864  -33.646  78.790 0.0000000000
56497  40.755  -33.491  78.470 0.0000000000
56509  39.822  -33.433  77.528 0.0000000000
55376  38.271  -34.727  77.859 0.0000000000
55393  37.563  -34.951  76.898 0.0000000000
54280  37.113  -35.455  76.923 0.0000000000
48691  24.327  -41.001  72.022 0.0000000000
75732  54.402  -17.504  60.676 0.0000000000
74544  52.303  -18.545  59.001 0.0000000000
47409  22.898  -40.055  79.127 0.0000000000
47397  22.040  -40.447  79.695 0.0000000000
47290  20.656  -40.629  84.387 0.0000000000
47319  18.723  -41.106  83.398 0.0000000000
46165  18.283  -42.088  82.739 0.0000000000
46166  17.450  -42.783  82.709 0.0000000000
46136  17.497  -41.568  84.471 0.0000000000
46152  16.738  -42.932  83.785 0.0000000000
45190  16.153  -43.427  84.263 0.0000000000
49543  37.015  -38.665  85.989 0.0000000000
47242  37.375  -39.956  84.861 0.0000000000
48442  37.426  -39.379  85.138 0.0000000000
48455  38.000  -39.552  84.178 0.0000000000
47273  37.629  -40.188  84.002 0.0000000000
47301  37.622  -40.523  83.217 0.0000000000
47302  37.088  -40.376  83.817 0.0000000000
46146  35.926  -40.812  84.156 0.0000000000
46162  36.090  -41.007  83.194 0.0000000000
46163  35.532  -41.180  82.757 0.0000000000
47330  35.317  -41.075  82.343 0.0000000000
46164  35.097  -41.243  82.638 0.0000000000
48460  29.194  -40.288  83.957 0.0000000000
48482  29.502  -40.338  83.253 0.0000000000
48526  28.104  -40.271  81.520 0.0000000000
48545  28.317  -39.868  80.478 0.0000000000
48564  27.377  -39.677  79.983 0.0000000000
48565  26.556  -39.681  80.079 0.0000000000
73346  47.940  -19.178  64.338 0.0000000000
72245  46.218  -20.204  63.666 0.0000000000
72258  45.461  -20.984  62.675 0.0000000000
71168  45.792  -21.179  61.994 0.0000000000
48339  14.664  -40.417  91.218 0.0000000000
48338  15.301  -40.168  90.848 0.0000000000
47113  14.441  -40.877  90.773 0.0000000000
47130  14.405  -41.544  90.048 0.0000000000
78155  52.697  -14.969  69.683 0.0000000000
79392  52.879  -14.589  70.028 0.0000000000
78135  51.549  -15.604  71.026 0.0000000000
76858  50.834  -16.226  70.620 0.0000000000
76847  50.848  -16.425  71.504 0.0000000000
72108  50.729  -19.843  74.696 0.0000000000
72100  50.300  -20.887  74.952 0.0000000000
69878  48.946  -21.659  73.421 0.0000000000
69887  48.784  -21.335  72.980 0.0000000000
68609  47.214  -23.695  73.473 0.0000000000
68610  46.606  -24.297  73.098 0.0000000000
59956  44.477  -30.590  76.862 0.0000000000
59965  45.312  -29.911  75.102 0.0000000000
61094  45.729  -29.816  74.363 0.0000000000
60026  43.385  -29.785  71.237 0.0000000000
60012  44.283  -29.736  72.055 0.0000000000
60042  43.256  -29.619  70.246 0.0000000000
58970  42.660  -29.659  70.106 0.0000000000
58987  42.641  -29.661  69.717 0.0000000000
58971  42.350  -29.787  70.122 0.0000000000
60063  40.643  -30.004  69.731 0.0000000000
56631  36.001  -33.105  70.148 0.0000000000
56632  35.337  -33.179  69.671 0.0000000000
57844  34.592  -32.605  67.647 0.0000000000
57854  34.357  -32.521  66.852 0.0000000000
49666  34.023  -39.944  76.336 0.0000000000
48652  32.072  -39.781  74.015 0.0000000000
48628  32.939  -39.875  74.844 0.0000000000
48651  32.454  -39.697  74.328 0.0000000000
49716  32.528  -39.282  73.947 0.0000000000
49717  31.870  -39.198  73.439 0.0000000000
78368  58.926  -15.473  55.971 0.0000000000
78367  59.378  -15.588  55.781 0.0000000000
78377  58.961  -15.474  55.342 0.0000000000
77133  58.724  -15.622  54.456 0.0000000000
47311  26.394  -40.431  83.689 0.0000000000
47336  25.709  -40.626  83.103 0.0000000000
48461  25.112  -40.564  84.657 0.0000000000
48444  24.879  -40.489  85.041 0.0000000000
47286  24.181  -40.569  84.605 0.0000000000
47256  24.264  -40.571  85.277 0.0000000000
47146  25.849  -39.951  87.467 0.0000000000
47165  25.626  -40.230  87.404 0.0000000000
47257  23.187  -40.683  85.311 0.0000000000
47224  22.735  -40.341  86.165 0.0000000000
47168  21.787  -39.943  87.376 0.0000000000
47196  20.903  -40.404  86.989 0.0000000000
47120  33.318  -39.827  87.990 0.0000000000
47119  34.053  -39.843  88.013 0.0000000000
47137  34.006  -40.268  87.824 0.0000000000
47156  34.605  -40.475  87.330 0.0000000000
46074  34.009  -41.242  87.378 0.0000000000
46087  34.155  -41.588  87.025 0.0000000000
46075  33.329  -41.393  87.701 0.0000000000
46104  32.072  -41.394  86.382 0.0000000000
46090  31.367  -41.370  86.941 0.0000000000
47124  30.071  -39.815  87.817 0.0000000000
47141  30.584  -40.564  87.920 0.0000000000
47142  29.778  -40.114  87.556 0.0000000000
47281  29.570  -40.278  84.742 0.0000000000
47251  29.037  -40.489  85.608 0.0000000000
47283  27.203  -40.342  84.716 0.0000000000
73210  51.181  -19.660  75.876 0.0000000000
72079  51.269  -19.846  76.572 0.0000000000
71006  50.788  -21.125  77.187 0.0000000000
71012  50.784  -21.121  76.822 0.0000000000
69845  50.556  -21.689  76.760 0.0000000000
69846  50.427  -21.943  76.177 0.0000000000
69831  50.274  -22.425  76.918 0.0000000000
56427  41.857  -33.479  83.592 0.0000000000
58789  45.225  -31.439  81.337 0.0000000000
58771  45.478  -30.560  81.577 0.0000000000
58802  45.478  -31.390  80.478 0.0000000000
56480  43.596  -32.721  79.690 0.0000000000
57662  44.186  -32.267  79.287 0.0000000000
57678  43.873  -31.788  78.149 0.0000000000
58829  44.631  -31.575  78.620 0.0000000000
58845  44.299  -31.097  77.632 0.0000000000
57693  43.625  -31.667  77.216 0.0000000000
58877  42.318  -31.612  75.910 0.0000000000
59982  41.721  -31.092  74.544 0.0000000000
58915  41.214  -31.227  74.350 0.0000000000
58938  40.987  -31.097  73.633 0.0000000000
58916  40.528  -31.414  73.948 0.0000000000
57763  39.298  -31.836  74.123 0.0000000000
58917  39.838  -31.638  73.540 0.0000000000
57783  39.064  -31.899  73.289 0.0000000000
56535  38.546  -33.468  75.898 0.0000000000
56534  39.168  -32.691  75.540 0.0000000000
56568  36.882  -33.613  73.449 0.0000000000
56589  37.347  -32.878  73.143 0.0000000000
55499  35.308  -34.249  71.992 0.0000000000
49720  28.006  -38.852  73.580 0.0000000000
47499  24.800  -41.387  70.989 0.0000000000
48707  25.451  -40.769  70.492 0.0000000000
48722  25.905  -40.783  69.552 0.0000000000
49800  26.504  -39.941  68.905 0.0000000000
77077  57.987  -15.729  58.422 0.0000000000
77078  57.310  -16.236  58.616 0.0000000000
77100  55.835  -16.619  58.442 0.0000000000
77099  56.341  -16.446  57.873 0.0000000000
77114  54.971  -16.637  56.425 0.0000000000
75789  54.468  -16.903  56.606 0.0000000000
75763  54.483  -17.373  58.807 0.0000000000
75778  53.710  -17.845  58.112 0.0000000000
47431  21.660  -41.870  76.539 0.0000000000
47365  21.913  -40.708  81.652 0.0000000000
46183  19.175  -42.443  80.030 0.0000000000
52953  37.659  -37.661  85.369 0.0000000000
52972  37.786  -37.264  85.266 0.0000000000
51885  39.001  -37.438  83.833 0.0000000000
52994  38.679  -36.585  84.308 0.0000000000
54133  39.049  -35.817  83.863 0.0000000000
54145  39.970  -35.818  83.398 0.0000000000
51884  40.044  -37.529  83.264 0.0000000000
50772  39.893  -38.027  82.578 0.0000000000
51897  40.277  -37.553  82.839 0.0000000000
51911  39.625  -37.430  81.788 0.0000000000
51924  39.916  -36.807  81.687 0.0000000000
51926  38.699  -37.279  80.476 0.0000000000
50784  38.677  -38.234  81.028 0.0000000000
49612  37.579  -39.358  80.583 0.0000000000
50785  38.113  -38.563  80.559 0.0000000000
49626  37.063  -38.879  79.597 0.0000000000
49627  36.696  -39.582  79.969 0.0000000000
46179  36.730  -40.641  81.840 0.0000000000
47354  37.217  -40.525  81.793 0.0000000000
47376  36.767  -40.586  81.794 0.0000000000
47391  35.168  -40.583  79.896 0.0000000000
48574  34.939  -40.483  78.488 0.0000000000
48588  34.499  -40.467  77.765 0.0000000000
48575  34.414  -40.568  78.166 0.0000000000
47394  32.866  -40.554  78.582 0.0000000000
47407  32.800  -40.554  77.932 0.0000000000
48589  32.327  -40.377  77.294 0.0000000000
46102  34.226  -41.513  86.252 0.0000000000
46118  34.260  -41.411  85.184 0.0000000000
47305  33.922  -40.969  83.040 0.0000000000
48480  31.076  -40.448  83.128 0.0000000000
48523  31.279  -39.922  81.377 0.0000000000
48522  32.367  -40.135  81.133 0.0000000000
48541  32.553  -40.154  80.022 0.0000000000
48560  31.435  -39.848  79.240 0.0000000000
49646  30.456  -39.420  77.932 0.0000000000
49628  31.053  -39.614  78.421 0.0000000000
49656  30.808  -39.335  77.095 0.0000000000
49669  29.939  -39.425  76.352 0.0000000000
49671  27.995  -38.814  76.563 0.0000000000
49685  26.448  -39.240  75.571 0.0000000000
49660  26.846  -39.441  77.612 0.0000000000
48633  24.181  -40.055  74.287 0.0000000000
48655  24.148  -40.134  73.617 0.0000000000
74499  51.548  -17.473  63.778 0.0000000000
73363  49.028  -19.005  61.988 0.0000000000
73362  49.790  -18.888  61.687 0.0000000000
73377  49.246  -19.283  61.221 0.0000000000
73365  47.698  -19.494  62.645 0.0000000000
72278  47.736  -21.000  59.453 0.0000000000
71151  44.395  -22.040  64.498 0.0000000000
51762  25.037  -37.894  90.522 0.0000000000
50625  24.587  -38.413  91.220 0.0000000000
50626  23.687  -38.336  91.217 0.0000000000
49460  23.565  -38.637  90.883 0.0000000000
49479  22.166  -38.769  90.729 0.0000000000
48331  23.044  -39.041  90.405 0.0000000000
48402  19.904  -39.823  88.212 0.0000000000
49466  17.999  -38.737  91.907 0.0000000000
49483  18.841  -39.003  91.216 0.0000000000
49501  18.763  -39.282  90.509 0.0000000000
48404  17.848  -40.074  88.160 0.0000000000
48382  18.332  -40.010  89.011 0.0000000000
48424  18.452  -40.138  87.710 0.0000000000
47199  17.811  -40.382  87.343 0.0000000000
46079  14.888  -42.153  88.234 0.0000000000
77032  60.517  -15.408  60.320 0.0000000000
77033  59.759  -15.556  60.236 0.0000000000
77012  58.705  -15.825  61.338 0.0000000000
77013  57.720  -16.218  61.436 0.0000000000
76959  59.603  -15.180  64.264 0.0000000000
76960  59.134  -15.448  64.580 0.0000000000
76980  57.664  -15.848  63.384 0.0000000000
76998  56.704  -16.699  62.308 0.0000000000
76999  56.021  -16.738  62.518 0.0000000000
77000  55.164  -16.761  62.622 0.0000000000
76983  54.730  -16.680  63.458 0.0000000000
76984  54.210  -17.086  63.517 0.0000000000
76920  55.686  -15.685  66.190 0.0000000000
76944  53.226  -16.677  65.317 0.0000000000
76943  54.141  -16.322  65.057 0.0000000000
75681  52.098  -16.714  64.524 0.0000000000
74473  51.667  -16.598  65.008 0.0000000000
75667  50.977  -16.699  65.782 0.0000000000
76885  51.544  -15.883  68.550 0.0000000000
76905  49.838  -16.881  67.722 0.0000000000
75648  49.826  -17.411  66.826 0.0000000000
74458  49.733  -17.614  66.201 0.0000000000
74444  49.271  -17.889  67.012 0.0000000000
74445  48.691  -18.422  67.254 0.0000000000
73303  48.105  -18.789  67.671 0.0000000000
73295  47.740  -19.353  68.299 0.0000000000
75566  51.233  -17.749  73.407 0.0000000000
76808  51.107  -17.221  73.027 0.0000000000
75588  50.718  -17.221  72.154 0.0000000000
75577  50.433  -17.743  72.307 0.0000000000
73245  50.322  -19.866  73.837 0.0000000000
73244  50.691  -19.253  73.684 0.0000000000
73267  49.305  -19.232  71.772 0.0000000000
73266  49.825  -19.002  72.356 0.0000000000
73275  48.911  -18.953  70.989 0.0000000000
73276  48.534  -19.303  70.437 0.0000000000
72165  46.570  -20.576  68.758 0.0000000000
71082  45.673  -21.644  69.050 0.0000000000
69936  44.656  -22.882  68.466 0.0000000000
68671  44.835  -23.039  68.734 0.0000000000
68630  46.773  -22.721  71.685 0.0000000000
69899  46.658  -22.539  71.391 0.0000000000
67304  44.860  -24.097  70.022 0.0000000000
68646  45.495  -23.195  70.559 0.0000000000
68659  44.496  -23.678  69.225 0.0000000000
65890  50.211  -24.609  77.957 0.0000000000
67179  50.398  -24.040  77.429 0.0000000000
67191  50.045  -24.168  76.922 0.0000000000
62098  47.162  -28.634  80.507 0.0000000000
63276  48.276  -28.027  80.227 0.0000000000
62107  48.261  -28.209  79.455 0.0000000000
61052  46.646  -29.646  77.640 0.0000000000
62142  47.442  -28.537  77.712 0.0000000000
62129  48.347  -27.690  78.378 0.0000000000
62140  48.251  -27.645  77.927 0.0000000000
63299  48.708  -27.107  77.988 0.0000000000
63300  48.503  -27.126  77.544 0.0000000000
65905  48.429  -25.666  76.521 0.0000000000
65922  48.615  -24.926  76.200 0.0000000000
67213  47.628  -24.841  75.212 0.0000000000
65938  47.324  -25.738  75.213 0.0000000000
64595  46.651  -26.931  73.917 0.0000000000
65959  45.971  -26.301  73.625 0.0000000000
65978  45.992  -25.543  73.481 0.0000000000
64613  45.596  -27.098  72.726 0.0000000000
61122  45.597  -29.100  72.333 0.0000000000
62266  44.736  -28.705  70.404 0.0000000000
62249  45.000  -28.519  71.018 0.0000000000
63386  44.975  -27.959  70.989 0.0000000000
63387  44.665  -27.833  70.485 0.0000000000
61178  43.988  -29.205  67.624 0.0000000000
61162  42.266  -29.354  67.746 0.0000000000
61180  41.434  -29.418  67.212 0.0000000000
61212  40.874  -29.382  65.578 0.0000000000
61226  40.986  -29.399  64.727 0.0000000000
60029  40.262  -30.905  71.818 0.0000000000
60030  39.571  -31.204  71.467 0.0000000000
58990  38.268  -31.142  69.925 0.0000000000
60065  38.568  -30.699  69.451 0.0000000000
59007  37.948  -30.736  68.323 0.0000000000
58992  36.766  -31.792  68.859 0.0000000000
59023  37.092  -30.670  66.283 0.0000000000
51939  37.960  -37.281  80.043 0.0000000000
53108  37.778  -36.409  79.348 0.0000000000
53109  37.427  -36.977  78.983 0.0000000000
53150  35.968  -36.632  77.185 0.0000000000
53149  36.807  -36.682  77.671 0.0000000000
53161  35.845  -36.230  76.723 0.0000000000
54281  36.363  -35.685  76.714 0.0000000000
54282  35.763  -36.083  76.469 0.0000000000
50839  34.320  -38.547  75.765 0.0000000000
50829  34.819  -38.522  76.531 0.0000000000
50848  33.924  -38.222  75.046 0.0000000000
52013  33.533  -37.118  73.747 0.0000000000
53177  34.515  -36.829  75.220 0.0000000000
53188  34.424  -36.599  74.777 0.0000000000
54321  34.780  -36.080  74.754 0.0000000000
53231  33.880  -36.043  73.244 0.0000000000
53258  33.120  -35.889  71.546 0.0000000000
54393  33.434  -35.336  70.988 0.0000000000
54394  32.634  -35.316  70.379 0.0000000000
48654  30.701  -39.641  73.737 0.0000000000
48675  30.353  -39.318  73.083 0.0000000000
49760  30.391  -39.395  71.895 0.0000000000
50903  30.402  -39.002  71.421 0.0000000000
50902  30.882  -38.894  71.619 0.0000000000
50918  30.491  -38.728  71.191 0.0000000000
50948  28.455  -38.624  68.096 0.0000000000
49812  28.700  -38.778  68.959 0.0000000000
50934  29.641  -38.164  69.015 0.0000000000
50932  30.798  -37.843  70.280 0.0000000000
52067  30.996  -37.378  69.717 0.0000000000
52066  31.411  -37.315  70.336 0.0000000000
53272  30.948  -36.772  69.248 0.0000000000
53294  31.027  -35.888  68.138 0.0000000000
53282  31.284  -36.130  68.890 0.0000000000
54427  31.558  -35.375  68.401 0.0000000000
77131  60.888  -16.457  54.061 0.0000000000
77111  57.322  -15.719  56.720 0.0000000000
77135  56.576  -15.751  54.596 0.0000000000
77146  55.955  -16.180  53.749 0.0000000000
77145  56.843  -16.107  53.621 0.0000000000
73385  50.924  -18.909  59.729 0.0000000000
49476  26.528  -38.837  89.712 0.0000000000
53060  41.380  -36.930  81.971 0.0000000000
53059  42.021  -36.313  82.219 0.0000000000
53083  41.873  -36.262  81.661 0.0000000000
54187  41.781  -35.672  81.214 0.0000000000
55332  42.064  -35.124  81.291 0.0000000000
55340  40.738  -34.898  80.153 0.0000000000
55349  40.106  -34.756  79.542 0.0000000000
54232  38.699  -35.160  78.812 0.0000000000
54233  38.100  -35.571  78.575 0.0000000000
75733  53.643  -17.736  60.912 0.0000000000
48567  24.346  -39.744  80.190 0.0000000000
47395  23.864  -40.229  80.535 0.0000000000
47291  19.664  -40.534  84.455 0.0000000000
47292  18.665  -40.693  84.328 0.0000000000
47294  17.185  -41.434  84.934 0.0000000000
48415  36.690  -39.184  86.609 0.0000000000
47182  36.711  -39.412  85.944 0.0000000000
47210  36.823  -39.781  85.513 0.0000000000
48479  36.825  -40.419  84.173 0.0000000000
47275  36.621  -40.737  84.624 0.0000000000
46132  35.290  -41.364  84.616 0.0000000000
48484  27.610  -40.043  83.159 0.0000000000
48527  27.115  -40.287  81.666 0.0000000000
72209  46.961  -20.000  64.959 0.0000000000
48320  13.469  -40.744  91.900 0.0000000000
79366  52.674  -14.686  70.700 0.0000000000
79342  52.119  -15.194  71.600 0.0000000000
78114  51.739  -15.686  71.786 0.0000000000
69857  50.380  -21.577  75.684 0.0000000000
71026  50.074  -21.239  74.917 0.0000000000
69868  49.762  -21.653  74.851 0.0000000000
69870  48.467  -22.794  74.496 0.0000000000
68595  47.877  -23.403  74.615 0.0000000000
68596  47.360  -24.177  74.484 0.0000000000
59967  43.071  -30.746  75.394 0.0000000000
61096  43.981  -29.700  74.292 0.0000000000
59996  44.235  -29.703  73.356 0.0000000000
48601  32.631  -40.435  76.471 0.0000000000
48614  32.632  -40.286  75.475 0.0000000000
48630  31.887  -40.108  74.682 0.0000000000
48653  31.324  -39.839  73.943 0.0000000000
77095  60.283  -15.721  57.327 0.0000000000
78358  59.078  -15.566  56.348 0.0000000000
47253  26.921  -40.721  85.657 0.0000000000
47254  26.029  -40.928  85.637 0.0000000000
47221  25.634  -40.986  86.416 0.0000000000
47148  24.561  -39.992  88.092 0.0000000000
47166  24.855  -40.041  87.599 0.0000000000
47167  24.015  -40.382  87.856 0.0000000000
48421  22.551  -39.975  87.409 0.0000000000
48422  22.197  -39.907  87.327 0.0000000000
48400  22.051  -39.861  87.831 0.0000000000
48347  32.961  -39.663  88.998 0.0000000000
47138  33.344  -40.770  88.114 0.0000000000
47139  32.435  -40.757  88.272 0.0000000000
46066  31.874  -41.089  87.761 0.0000000000
47159  31.242  -40.883  87.738 0.0000000000
47143  28.592  -39.918  87.924 0.0000000000
47161  29.414  -40.460  87.419 0.0000000000
47218  28.513  -40.765  86.488 0.0000000000
56425  42.706  -32.924  83.564 0.0000000000
57573  42.780  -32.049  83.718 0.0000000000
58737  42.956  -31.304  84.115 0.0000000000
58751  44.739  -30.594  82.635 0.0000000000
59870  45.228  -30.399  82.192 0.0000000000
56495  42.080  -33.141  78.789 0.0000000000
57663  43.235  -32.631  79.308 0.0000000000
57680  42.462  -32.676  78.781 0.0000000000
57695  42.577  -32.097  77.923 0.0000000000
57713  42.769  -32.023  77.072 0.0000000000
57712  43.217  -31.888  76.896 0.0000000000
57731  42.329  -31.853  76.618 0.0000000000
58878  41.365  -31.812  75.601 0.0000000000
58894  40.737  -31.731  74.879 0.0000000000
57748  39.768  -32.272  74.894 0.0000000000
57749  38.968  -32.258  74.592 0.0000000000
56550  37.918  -33.803  75.143 0.0000000000
55458  37.324  -34.082  74.706 0.0000000000
55481  36.291  -34.082  73.171 0.0000000000
55482  35.709  -34.519  72.801 0.0000000000
54375  35.052  -34.872  72.674 0.0000000000
75762  55.231  -16.982  58.558 0.0000000000
74549  53.008  -18.237  58.564 0.0000000000
47422  21.511  -41.586  77.423 0.0000000000
47314  23.706  -40.606  83.351 0.0000000000
47339  23.297  -40.776  82.639 0.0000000000
47368  18.827  -41.748  82.046 0.0000000000
47367  19.571  -41.499  81.456 0.0000000000
50738  37.927  -38.413  84.639 0.0000000000
50737  38.426  -38.158  84.140 0.0000000000
50752  39.219  -38.232  83.502 0.0000000000
50751  39.683  -38.431  83.163 0.0000000000
50764  39.716  -38.560  82.570 0.0000000000
50773  39.626  -38.336  82.030 0.0000000000
50774  39.091  -38.669  81.557 0.0000000000
49601  38.420  -39.277  81.381 0.0000000000
49602  37.837  -39.790  81.260 0.0000000000
46181  36.115  -40.732  81.824 0.0000000000
47377  36.423  -40.683  81.325 0.0000000000
47378  35.538  -40.820  81.138 0.0000000000
47404  34.758  -40.607  79.090 0.0000000000
47393  33.546  -40.506  78.982 0.0000000000
47381  32.949  -40.453  79.297 0.0000000000
47247  32.969  -41.338  85.095 0.0000000000
47246  33.702  -41.410  84.859 0.0000000000
48524  30.209  -39.921  81.526 0.0000000000
48561  30.513  -39.759  79.711 0.0000000000
49670  28.822  -39.316  76.621 0.0000000000
49658  28.756  -39.288  77.452 0.0000000000
48604  25.078  -39.649  76.648 0.0000000000
48634  23.705  -40.653  74.362 0.0000000000
47453  23.132  -41.355  74.894 0.0000000000
72268  46.487  -20.899  61.635 0.0000000000
72267  47.437  -20.079  61.603 0.0000000000
49462  21.402  -38.531  91.129 0.0000000000
49498  21.259  -39.242  90.520 0.0000000000
49499  20.898  -39.242  90.556 0.0000000000
48333  20.630  -39.262  90.590 0.0000000000
48359  20.209  -39.373  90.445 0.0000000000
49486  16.066  -39.712  91.432 0.0000000000
48336  17.117  -39.652  90.593 0.0000000000
48335  17.641  -39.569  90.489 0.0000000000
49502  18.050  -39.388  90.165 0.0000000000
48362  17.517  -39.676  90.081 0.0000000000
48383  17.452  -39.947  89.241 0.0000000000
47172  17.173  -40.368  87.884 0.0000000000
47200  16.846  -40.974  87.345 0.0000000000
47201  15.962  -41.366  87.408 0.0000000000
76994  60.131  -15.554  62.169 0.0000000000
76995  59.313  -15.658  62.324 0.0000000000
76900  55.062  -15.536  67.060 0.0000000000
75644  52.579  -16.694  65.699 0.0000000000
76924  51.545  -16.649  66.596 0.0000000000
76870  50.601  -16.551  69.364 0.0000000000
76886  50.482  -16.587  68.396 0.0000000000
74434  48.917  -18.159  68.094 0.0000000000
73293  48.815  -18.724  68.857 0.0000000000
73283  48.873  -18.822  69.101 0.0000000000
76782  51.717  -16.760  73.846 0.0000000000
75565  51.529  -17.430  73.741 0.0000000000
72125  49.840  -20.070  72.953 0.0000000000
72126  49.085  -20.203  72.243 0.0000000000
72134  48.860  -19.819  71.656 0.0000000000
71081  46.267  -21.268  69.315 0.0000000000
72145  46.819  -21.210  70.271 0.0000000000
71070  46.505  -21.598  70.065 0.0000000000
69923  46.281  -22.068  70.038 0.0000000000
66018  44.218  -25.505  69.890 0.0000000000
65875  49.912  -24.698  78.464 0.0000000000
65891  49.648  -25.187  77.843 0.0000000000
59883  46.514  -29.749  80.557 0.0000000000
60979  46.689  -29.383  80.436 0.0000000000
59899  46.888  -29.961  80.262 0.0000000000
60998  47.130  -29.505  79.921 0.0000000000
62109  47.269  -29.287  79.639 0.0000000000
61077  46.982  -28.961  76.114 0.0000000000
62148  47.950  -27.602  76.820 0.0000000000
63306  48.250  -27.101  76.938 0.0000000000
63307  47.707  -27.207  76.374 0.0000000000
64568  47.401  -26.498  75.794 0.0000000000
64578  47.104  -26.820  74.786 0.0000000000
64594  47.071  -27.404  74.238 0.0000000000
63331  46.340  -27.730  73.229 0.0000000000
60024  44.586  -29.338  70.770 0.0000000000
61130  45.121  -29.070  71.311 0.0000000000
60040  44.453  -29.276  70.282 0.0000000000
61152  44.659  -28.954  70.030 0.0000000000
61161  44.059  -29.274  68.523 0.0000000000
60109  43.610  -29.400  67.328 0.0000000000
60111  42.893  -29.544  66.523 0.0000000000
61213  39.992  -29.413  65.812 0.0000000000
58972  39.055  -31.368  71.177 0.0000000000
57852  35.905  -31.893  67.858 0.0000000000
59002  36.647  -31.573  68.089 0.0000000000
51953  37.026  -37.467  78.785 0.0000000000
51954  36.512  -37.715  78.363 0.0000000000
51965  36.250  -37.461  77.761 0.0000000000
51966  35.714  -37.567  77.179 0.0000000000
50849  33.441  -38.609  74.527 0.0000000000
51992  33.233  -38.048  74.080 0.0000000000
53208  33.516  -36.945  73.469 0.0000000000
53232  33.502  -36.566  73.040 0.0000000000
52048  32.840  -36.646  72.079 0.0000000000
49762  28.466  -38.878  71.585 0.0000000000
49761  29.498  -39.205  71.878 0.0000000000
48703  29.301  -38.884  70.646 0.0000000000
48719  29.362  -38.874  70.389 0.0000000000
50964  28.929  -38.254  67.186 0.0000000000
50947  28.927  -38.320  68.239 0.0000000000
52077  29.824  -37.291  68.187 0.0000000000
77123  56.484  -15.738  55.625 0.0000000000
73386  50.171  -19.141  60.047 0.0000000000
73400  50.020  -19.579  58.898 0.0000000000
47163  27.272  -40.454  87.580 0.0000000000
47145  26.688  -40.014  87.607 0.0000000000
48375  25.379  -39.677  87.867 0.0000000000
48376  24.701  -39.772  88.418 0.0000000000
49496  24.512  -39.744  88.773 0.0000000000
49497  24.251  -39.741  88.826 0.0000000000
48374  28.962  -39.725  88.193 0.0000000000
48351  28.477  -39.738  88.527 0.0000000000
56442  40.190  -34.464  83.578 0.0000000000
56441  40.975  -34.056  83.584 0.0000000000
55299  41.875  -33.878  83.413 0.0000000000
55298  42.147  -33.857  83.365 0.0000000000
54141  42.471  -34.746  83.011 0.0000000000
55297  42.599  -33.708  83.336 0.0000000000
56450  43.313  -33.609  82.496 0.0000000000
56472  43.185  -33.492  80.835 0.0000000000
55346  42.583  -33.675  79.827 0.0000000000
55347  42.015  -33.853  79.874 0.0000000000
56482  42.308  -33.335  79.322 0.0000000000
56496  41.430  -33.298  78.683 0.0000000000
56507  41.102  -32.826  78.238 0.0000000000
56521  40.217  -32.587  77.180 0.0000000000
55391  39.072  -33.681  76.868 0.0000000000
56523  38.905  -33.579  76.537 0.0000000000
55420  37.703  -34.301  75.849 0.0000000000
54306  36.151  -35.248  75.593 0.0000000000
49748  24.719  -39.946  72.410 0.0000000000
48676  24.759  -40.137  72.139 0.0000000000
46276  24.531  -42.283  71.878 0.0000000000
46275  24.846  -42.449  71.242 0.0000000000
75731  55.243  -17.298  60.451 0.0000000000
75748  55.462  -17.195  59.546 0.0000000000
48607  22.617  -40.942  76.318 0.0000000000
47429  22.709  -40.668  77.536 0.0000000000
47420  22.723  -40.456  78.265 0.0000000000
47411  21.021  -41.214  78.518 0.0000000000
48489  19.302  -40.556  83.776 0.0000000000
45199  16.915  -43.077  83.056 0.0000000000
49555  37.437  -38.797  85.463 0.0000000000
50723  37.690  -38.361  85.157 0.0000000000
49575  38.213  -38.872  84.195 0.0000000000
48500  38.006  -40.500  82.571 0.0000000000
47327  37.288  -40.626  82.547 0.0000000000
46161  36.891  -40.670  82.609 0.0000000000
47329  36.756  -40.593  83.406 0.0000000000
46173  36.447  -40.699  82.301 0.0000000000
47356  35.328  -40.895  81.878 0.0000000000
47308  30.924  -40.606  84.012 0.0000000000
49615  28.846  -39.728  80.125 0.0000000000
49649  27.652  -39.489  78.459 0.0000000000
49632  27.469  -39.601  79.278 0.0000000000
49651  26.009  -39.438  78.954 0.0000000000
49634  26.186  -39.596  79.551 0.0000000000
73355  47.427  -19.427  63.604 0.0000000000
72231  46.892  -19.921  64.459 0.0000000000
72244  46.834  -19.819  63.939 0.0000000000
49468  15.781  -39.652  92.071 0.0000000000
48317  15.708  -39.884  91.394 0.0000000000
47150  15.397  -40.742  89.161 0.0000000000
47131  13.917  -41.704  90.362 0.0000000000
78192  52.599  -15.437  68.313 0.0000000000
78176  52.371  -15.280  69.232 0.0000000000
78177  51.726  -15.644  69.481 0.0000000000
78134  52.350  -15.119  70.463 0.0000000000
75600  49.981  -17.177  70.791 0.0000000000
74364  51.454  -18.920  74.902 0.0000000000
73230  51.286  -19.282  74.791 0.0000000000
72107  51.048  -19.543  74.753 0.0000000000
73232  50.567  -19.689  74.220 0.0000000000
72118  49.910  -20.670  73.927 0.0000000000
71043  49.702  -20.574  73.258 0.0000000000
71044  49.265  -20.844  73.043 0.0000000000
69897  47.846  -21.641  72.010 0.0000000000
68620  46.947  -23.058  72.260 0.0000000000
69880  47.657  -22.971  73.493 0.0000000000
65848  48.933  -25.745  80.036 0.0000000000
59931  45.682  -30.622  78.294 0.0000000000
59930  46.351  -30.123  78.463 0.0000000000
59954  46.083  -30.119  75.897 0.0000000000
61093  46.224  -29.470  74.399 0.0000000000
62173  46.586  -28.777  74.295 0.0000000000
61108  46.254  -29.264  73.611 0.0000000000
61109  45.842  -29.314  73.062 0.0000000000
60060  43.325  -29.695  69.287 0.0000000000
60061  42.459  -29.633  69.132 0.0000000000
61155  41.932  -29.502  68.865 0.0000000000
60062  41.559  -29.601  69.332 0.0000000000
61164  40.722  -29.597  68.299 0.0000000000
60092  40.256  -29.666  68.368 0.0000000000
60093  39.471  -29.760  68.011 0.0000000000
57804  36.683  -32.674  71.115 0.0000000000
57831  36.365  -32.418  69.529 0.0000000000
57853  35.179  -31.913  67.210 0.0000000000
48586  35.347  -39.585  77.545 0.0000000000
49665  34.481  -39.441  76.364 0.0000000000
48613  33.143  -40.078  75.272 0.0000000000
49691  33.277  -39.490  74.912 0.0000000000
50869  32.394  -38.511  73.281 0.0000000000
49814  27.080  -39.627  68.098 0.0000000000
49837  27.880  -39.263  67.274 0.0000000000
49889  27.656  -39.851  65.745 0.0000000000
49862  27.984  -39.162  66.253 0.0000000000
77119  60.827  -16.033  55.111 0.0000000000
77120  59.984  -15.769  55.522 0.0000000000
77143  58.994  -16.167  53.363 0.0000000000
75813  53.965  -17.132  53.761 0.0000000000
47360  25.934  -40.552  82.633 0.0000000000
47361  25.402  -40.455  82.373 0.0000000000
47337  24.905  -40.607  83.088 0.0000000000
48508  24.630  -40.630  83.547 0.0000000000
48487  24.725  -40.678  84.004 0.0000000000
48509  24.311  -40.539  83.280 0.0000000000
47288  22.470  -40.937  84.418 0.0000000000
47222  24.733  -40.722  86.334 0.0000000000
48445  22.198  -40.737  84.717 0.0000000000
47259  21.471  -40.482  85.086 0.0000000000
47228  19.219  -40.330  86.280 0.0000000000
47135  35.191  -39.800  88.111 0.0000000000
47185  34.823  -40.588  86.837 0.0000000000
46100  35.081  -40.858  86.510 0.0000000000
47213  35.346  -41.181  85.873 0.0000000000
46101  34.890  -41.272  86.317 0.0000000000
46103  33.177  -41.286  86.047 0.0000000000
47214  32.384  -41.251  85.769 0.0000000000
47215  31.642  -41.245  85.950 0.0000000000
47249  31.138  -40.795  85.432 0.0000000000
47123  30.664  -40.199  88.306 0.0000000000
46078  30.974  -41.108  87.408 0.0000000000
46091  30.876  -41.223  87.208 0.0000000000
47216  30.806  -41.160  86.389 0.0000000000
47309  27.986  -40.193  83.705 0.0000000000
48485  26.877  -39.992  83.217 0.0000000000
48507  26.354  -40.333  82.826 0.0000000000
71130  44.510  -22.143  65.565 0.0000000000
78052  51.567  -16.378  75.037 0.0000000000
76754  51.758  -16.778  74.738 0.0000000000
75529  51.686  -17.523  75.297 0.0000000000
73220  51.284  -19.425  75.267 0.0000000000
73211  51.012  -19.942  75.710 0.0000000000
72092  50.773  -20.486  75.759 0.0000000000
71019  50.552  -21.124  75.761 0.0000000000
69847  50.099  -22.629  76.056 0.0000000000
59884  45.866  -29.886  80.985 0.0000000000
58787  46.396  -30.252  80.569 0.0000000000
58801  46.361  -30.822  80.161 0.0000000000
56459  44.499  -32.478  80.748 0.0000000000
56470  44.309  -32.334  80.360 0.0000000000
57645  44.179  -32.227  80.053 0.0000000000
57644  44.637  -31.865  80.125 0.0000000000
58814  44.760  -31.754  79.154 0.0000000000
58844  44.806  -30.830  77.699 0.0000000000
59945  44.673  -30.716  77.438 0.0000000000
58861  43.016  -31.525  76.474 0.0000000000
58876  43.005  -31.216  75.911 0.0000000000
59981  42.291  -30.839  74.777 0.0000000000
60015  41.198  -30.709  72.870 0.0000000000
58956  40.080  -31.438  72.382 0.0000000000
58940  39.638  -31.663  72.765 0.0000000000
57802  38.228  -31.982  72.104 0.0000000000
56548  39.059  -32.473  74.985 0.0000000000
56566  38.111  -32.847  74.114 0.0000000000
57785  37.639  -32.511  72.436 0.0000000000
57803  37.320  -32.514  71.690 0.0000000000
56622  35.981  -33.044  70.886 0.0000000000
56610  35.531  -33.610  71.297 0.0000000000
56623  35.271  -33.615  70.550 0.0000000000
56624  34.660  -33.776  70.073 0.0000000000
49681  30.257  -39.336  75.381 0.0000000000
49695  30.591  -39.488  74.453 0.0000000000
49744  28.802  -38.832  72.650 0.0000000000
48723  25.573  -41.272  70.087 0.0000000000
48706  25.890  -40.409  70.118 0.0000000000
75761  58.453  -15.694  58.705 0.0000000000
75774  58.476  -15.665  58.268 0.0000000000
77113  55.371  -16.400  56.423 0.0000000000
77125  54.762  -16.626  55.824 0.0000000000
47438  21.609  -42.108  75.945 0.0000000000
47384  23.434  -40.616  81.056 0.0000000000
47399  20.217  -41.396  79.502 0.0000000000
47387  20.460  -41.198  80.504 0.0000000000
47412  19.842  -41.870  78.745 0.0000000000
51870  38.274  -36.794  84.881 0.0000000000
56430  38.858  -34.676  84.362 0.0000000000
56429  39.368  -34.179  84.070 0.0000000000
55311  40.348  -35.190  83.496 0.0000000000
54144  40.995  -35.740  83.539 0.0000000000
53015  41.391  -36.508  83.382 0.0000000000
51896  40.959  -37.226  83.097 0.0000000000
53037  41.451  -36.723  82.693 0.0000000000
53061  40.673  -36.794  81.632 0.0000000000
50811  36.997  -38.146  79.363 0.0000000000
49643  36.936  -38.698  79.020 0.0000000000
48519  37.297  -40.216  81.167 0.0000000000
48538  37.154  -39.973  80.698 0.0000000000
48539  36.663  -40.291  80.573 0.0000000000
48587  34.988  -40.101  77.644 0.0000000000
47427  33.896  -40.509  76.963 0.0000000000
46191  34.028  -40.745  78.140 0.0000000000
46199  33.987  -40.738  77.722 0.0000000000
47428  33.232  -40.544  76.875 0.0000000000
47276  34.051  -41.510  84.563 0.0000000000
46148  34.895  -41.386  83.209 0.0000000000
47304  34.635  -41.139  82.729 0.0000000000
47332  34.221  -40.746  82.124 0.0000000000
47334  32.124  -40.392  82.716 0.0000000000
47359  33.083  -40.262  81.287 0.0000000000
48540  33.252  -40.247  80.473 0.0000000000
48577  31.639  -39.956  78.317 0.0000000000
48590  31.586  -40.031  77.406 0.0000000000
48603  31.317  -39.713  76.852 0.0000000000
49683  28.398  -39.225  75.837 0.0000000000
49698  27.191  -39.142  74.554 0.0000000000
49723  24.671  -39.664  72.944 0.0000000000
48678  23.741  -41.105  73.165 0.0000000000
47488  23.756  -41.646  72.873 0.0000000000
74506  52.087  -17.608  63.071 0.0000000000
74520  50.458  -18.727  61.374 0.0000000000
73376  50.022  -19.202  60.934 0.0000000000
73364  48.364  -19.206  62.387 0.0000000000
72266  48.075  -19.813  61.221 0.0000000000
72272  48.378  -19.774  60.536 0.0000000000
71163  44.987  -21.263  63.167 0.0000000000
70031  44.724  -22.135  62.886 0.0000000000
51761  25.671  -38.016  90.468 0.0000000000
50624  25.299  -38.323  90.835 0.0000000000
49458  25.126  -38.711  91.201 0.0000000000
49478  24.937  -39.135  90.702 0.0000000000
48314  24.585  -39.102  90.666 0.0000000000
48330  24.104  -39.047  90.045 0.0000000000
50627  23.148  -38.409  91.124 0.0000000000
48316  23.319  -38.756  90.615 0.0000000000
47170  20.654  -40.000  87.586 0.0000000000
47197  19.879  -40.271  87.179 0.0000000000
49482  19.824  -39.236  91.252 0.0000000000
49500  19.481  -39.246  90.707 0.0000000000
48360  19.515  -39.405  90.010 0.0000000000
49521  18.407  -39.674  89.527 0.0000000000
48381  19.198  -39.765  89.207 0.0000000000
47229  18.296  -40.550  86.184 0.0000000000
47264  16.813  -41.468  85.562 0.0000000000
46092  15.067  -42.455  87.724 0.0000000000
78326  59.741  -15.543  58.987 0.0000000000
77054  59.940  -15.462  59.435 0.0000000000
78312  59.571  -15.589  59.167 0.0000000000
75746  58.616  -15.762  59.085 0.0000000000
77036  57.018  -16.670  60.559 0.0000000000
75711  56.511  -17.031  60.966 0.0000000000
78265  60.044  -15.071  63.493 0.0000000000
76978  59.695  -15.310  63.432 0.0000000000
75712  55.840  -17.251  61.131 0.0000000000
75700  54.839  -17.459  62.172 0.0000000000
75701  54.070  -17.415  62.333 0.0000000000
75702  53.389  -17.359  62.596 0.0000000000
76919  56.766  -15.537  66.414 0.0000000000
76965  54.240  -16.879  64.172 0.0000000000
75679  53.703  -17.057  63.861 0.0000000000
75690  53.160  -17.139  63.385 0.0000000000
75691  52.258  -17.102  63.676 0.0000000000
75665  52.158  -16.652  65.234 0.0000000000
74489  51.444  -16.935  64.566 0.0000000000
74490  50.692  -17.666  64.438 0.0000000000
74475  49.817  -17.880  65.278 0.0000000000
75629  50.922  -16.838  66.887 0.0000000000
76904  50.476  -16.738  67.600 0.0000000000
75647  50.471  -17.025  66.237 0.0000000000
74476  49.076  -18.322  65.392 0.0000000000
73316  47.457  -19.182  66.197 0.0000000000
72176  46.811  -19.761  66.898 0.0000000000
78091  51.724  -15.870  72.505 0.0000000000
76828  51.490  -16.234  72.396 0.0000000000
76807  51.397  -16.772  73.235 0.0000000000
74384  50.769  -18.470  73.248 0.0000000000
73255  49.910  -19.340  72.840 0.0000000000
73265  50.036  -18.876  72.680 0.0000000000
74392  50.304  -18.385  72.596 0.0000000000
74403  49.889  -18.383  71.933 0.0000000000
75590  49.696  -17.750  71.282 0.0000000000
74412  48.816  -18.364  70.223 0.0000000000
74424  48.646  -18.640  69.681 0.0000000000
73284  48.503  -19.088  69.378 0.0000000000
72153  48.093  -19.665  69.384 0.0000000000
73285  48.043  -19.412  68.958 0.0000000000
72178  45.512  -20.897  67.262 0.0000000000
71097  45.485  -21.417  67.878 0.0000000000
69912  46.465  -22.261  70.714 0.0000000000
69913  45.924  -22.589  70.464 0.0000000000
68658  44.993  -23.282  69.362 0.0000000000
68542  50.194  -23.337  76.957 0.0000000000
68556  49.861  -23.363  76.441 0.0000000000
68557  49.381  -23.519  76.100 0.0000000000
64527  48.625  -26.841  80.302 0.0000000000
61039  47.099  -29.440  78.811 0.0000000000
62132  47.427  -28.911  78.565 0.0000000000
62120  47.840  -28.745  79.050 0.0000000000
61018  48.267  -28.153  78.979 0.0000000000
63274  48.808  -27.215  79.328 0.0000000000
63284  49.093  -26.742  79.042 0.0000000000
64541  49.423  -25.846  78.462 0.0000000000
64556  48.655  -26.274  77.111 0.0000000000
64555  49.081  -25.719  77.160 0.0000000000
65903  49.477  -25.037  77.097 0.0000000000
65921  49.131  -24.749  76.486 0.0000000000
67212  48.160  -24.208  75.527 0.0000000000
68575  47.528  -24.139  75.075 0.0000000000
65939  46.882  -25.843  74.680 0.0000000000
67237  46.834  -25.210  74.275 0.0000000000
67253  46.561  -24.827  73.654 0.0000000000
62193  46.607  -28.337  73.652 0.0000000000
62213  46.308  -28.282  73.015 0.0000000000
63350  46.142  -28.067  72.801 0.0000000000
62232  45.528  -28.494  71.831 0.0000000000
63351  45.755  -27.795  72.448 0.0000000000
63332  45.877  -27.469  72.958 0.0000000000
64629  45.268  -26.954  71.952 0.0000000000
64630  44.860  -26.526  71.251 0.0000000000
61197  41.572  -29.440  66.236 0.0000000000
60094  38.370  -30.202  67.615 0.0000000000
58991  37.364  -31.668  69.437 0.0000000000
53107  38.511  -36.089  79.710 0.0000000000
54210  38.301  -35.849  79.303 0.0000000000
54234  37.587  -35.988  78.326 0.0000000000
53131  37.364  -36.604  78.396 0.0000000000
54256  37.318  -35.756  77.612 0.0000000000
50828  35.449  -38.430  77.097 0.0000000000
51971  35.219  -37.632  76.607 0.0000000000
51981  34.791  -37.171  76.079 0.0000000000
51982  34.365  -37.410  75.359 0.0000000000
54320  35.302  -35.744  74.933 0.0000000000
54334  35.466  -35.259  73.926 0.0000000000
54376  34.283  -35.178  72.163 0.0000000000
53247  33.792  -35.773  72.809 0.0000000000
54392  34.037  -34.980  71.403 0.0000000000
55511  33.378  -34.624  70.308 0.0000000000
55521  32.947  -34.714  69.552 0.0000000000
48632  31.043  -39.796  74.182 0.0000000000
48689  30.100  -39.347  72.452 0.0000000000
49742  30.778  -39.464  72.526 0.0000000000
49741  31.275  -39.278  72.844 0.0000000000
50888  31.440  -38.820  72.226 0.0000000000
50901  31.535  -38.106  71.569 0.0000000000
48721  28.760  -39.011  69.855 0.0000000000
49797  29.036  -38.780  69.520 0.0000000000
49796  29.720  -38.669  69.992 0.0000000000
49795  30.382  -38.412  70.370 0.0000000000
49794  30.683  -38.141  70.608 0.0000000000
52057  31.883  -37.316  70.986 0.0000000000
53270  31.853  -36.700  70.564 0.0000000000
53260  32.000  -36.007  70.460 0.0000000000
54395  31.955  -35.543  69.984 0.0000000000
54425  32.918  -34.739  69.063 0.0000000000
78370  56.862  -15.568  55.498 0.0000000000
78378  57.014  -15.373  55.016 0.0000000000
77153  57.069  -16.570  52.575 0.0000000000
74539  51.640  -18.782  59.415 0.0000000000
46056  13.724  -42.151  90.133 0.0000000000
46064  32.923  -41.191  88.235 0.0000000000
46065  32.433  -41.220  88.043 0.0000000000
46073  34.258  -40.916  87.261 0.0000000000
46085  34.955  -40.697  86.674 0.0000000000
46121  17.839  -41.371  84.945 0.0000000000
46149  34.481  -41.246  83.143 0.0000000000
46160  37.028  -40.604  82.346 0.0000000000
46172  36.829  -40.628  82.249 0.0000000000
46175  35.577  -40.939  82.242 0.0000000000
46192  33.782  -40.743  78.149 0.0000000000
46200  33.544  -40.740  77.861 0.0000000000
46201  33.071  -40.652  77.757 0.0000000000
46210  34.018  -40.597  77.248 0.0000000000
46211  33.666  -40.632  77.399 0.0000000000
46212  33.278  -40.639  77.500 0.0000000000
47112  14.834  -40.500  90.780 0.0000000000
47155  35.195  -39.895  87.658 0.0000000000
47157  34.003  -40.838  87.604 0.0000000000
47175  14.767  -41.977  88.450 0.0000000000
47186  30.834  -41.253  86.966 0.0000000000
47245  35.621  -41.100  85.592 0.0000000000
47293  17.588  -41.388  84.936 0.0000000000
47313  24.930  -40.706  83.649 0.0000000000
47355  36.876  -40.522  81.507 0.0000000000
47375  37.141  -40.531  81.841 0.0000000000
47405  34.137  -40.593  78.490 0.0000000000
47418  33.012  -40.653  78.002 0.0000000000
47426  34.166  -40.574  77.446 0.0000000000
48332  22.261  -39.084  90.525 0.0000000000
48346  33.637  -39.563  88.544 0.0000000000
48361  17.724  -39.522  90.293 0.0000000000
48396  35.860  -39.830  87.136 0.0000000000
48405  16.871  -40.199  88.549 0.0000000000
48416  36.232  -39.658  86.947 0.0000000000
48418  36.163  -39.995  87.072 0.0000000000
48420  27.286  -40.899  87.404 0.0000000000
48425  18.048  -40.136  87.709 0.0000000000
48433  19.063  -40.334  85.784 0.0000000000
48443  25.195  -40.515  85.068 0.0000000000
48446  21.957  -40.600  84.804 0.0000000000
48447  18.828  -40.466  85.590 0.0000000000
48456  37.118  -40.354  84.223 0.0000000000
48457  36.975  -40.481  84.364 0.0000000000
48458  30.525  -40.474  84.011 0.0000000000
48462  24.624  -40.573  84.582 0.0000000000
48464  22.009  -40.848  84.544 0.0000000000
48465  21.757  -40.701  84.634 0.0000000000
48466  19.483  -40.486  83.942 0.0000000000
48478  36.980  -40.326  84.014 0.0000000000
48486  24.970  -40.651  84.294 0.0000000000
48488  24.208  -40.544  83.779 0.0000000000
48490  19.015  -40.612  83.739 0.0000000000
48498  39.334  -39.211  82.846 0.0000000000
48569  21.268  -40.767  79.069 0.0000000000
48581  21.810  -40.568  79.154 0.0000000000
48582  21.532  -40.694  78.932 0.0000000000
48591  31.304  -39.654  77.113 0.0000000000
48597  35.270  -39.477  77.210 0.0000000000
48598  35.031  -39.766  77.038 0.0000000000
48688  30.482  -39.415  72.624 0.0000000000
48720  29.090  -38.997  70.044 0.0000000000
49503  17.898  -39.649  89.654 0.0000000000
49518  24.497  -39.810  88.540 0.0000000000
49535  36.071  -39.759  87.136 0.0000000000
49544  36.288  -39.282  87.465 0.0000000000
49545  36.207  -39.888  86.989 0.0000000000
49546  35.965  -39.933  86.973 0.0000000000
49584  39.642  -38.893  83.028 0.0000000000
49593  39.417  -39.027  82.445 0.0000000000
49655  31.254  -39.622  77.352 0.0000000000
49663  35.447  -39.120  77.388 0.0000000000
49677  34.125  -39.201  75.763 0.0000000000
49679  31.570  -39.887  75.026 0.0000000000
49692  32.781  -39.624  74.520 0.0000000000
49776  30.751  -38.182  70.845 0.0000000000
49777  30.510  -38.463  70.836 0.0000000000
49783  25.831  -40.240  70.374 0.0000000000
50706  37.740  -38.018  85.297 0.0000000000
50822  28.539  -39.115  77.046 0.0000000000
50823  28.303  -38.932  77.197 0.0000000000
50831  28.107  -38.694  77.077 0.0000000000
50985  28.487  -38.758  66.779 0.0000000000
51840  37.635  -37.930  85.399 0.0000000000
51856  37.934  -37.714  85.036 0.0000000000
51857  38.014  -37.159  85.048 0.0000000000
51883  40.886  -37.065  83.422 0.0000000000
51910  40.136  -37.162  82.319 0.0000000000
52078  29.345  -37.768  68.103 0.0000000000
52991  42.089  -36.112  83.938 0.0000000000
52992  41.777  -36.147  83.794 0.0000000000
52993  41.404  -36.156  83.559 0.0000000000
53036  41.908  -36.108  82.965 0.0000000000
53151  35.596  -37.133  76.829 0.0000000000
53187  34.839  -36.229  74.991 0.0000000000
53249  32.830  -36.426  71.741 0.0000000000
54131  41.921  -35.948  83.835 0.0000000000
54408  32.954  -34.726  69.307 0.0000000000
55308  42.324  -34.407  83.168 0.0000000000
55309  41.738  -34.466  83.432 0.0000000000
55350  39.485  -35.027  79.346 0.0000000000
55363  38.578  -35.038  78.485 0.0000000000
55374  39.999  -33.648  77.833 0.0000000000
55377  37.702  -35.126  77.590 0.0000000000
55394  37.014  -35.273  76.643 0.0000000000
55419  38.230  -33.981  75.991 0.0000000000
55512  32.904  -34.725  69.887 0.0000000000
56440  41.555  -33.742  83.514 0.0000000000
57595  41.031  -33.290  83.456 0.0000000000
57664  42.793  -32.986  79.344 0.0000000000
57711  43.362  -31.605  76.822 0.0000000000
58875  43.436  -30.885  75.854 0.0000000000
58892  42.238  -31.267  75.323 0.0000000000
58969  42.887  -29.604  70.097 0.0000000000
59882  46.700  -29.593  80.446 0.0000000000
59898  46.830  -29.717  80.290 0.0000000000
59900  46.746  -30.294  80.101 0.0000000000
59994  45.827  -29.549  73.352 0.0000000000
60076  41.242  -29.491  68.899 0.0000000000
60980  46.408  -29.271  80.658 0.0000000000
60995  48.396  -27.932  79.237 0.0000000000
60996  48.311  -28.133  79.224 0.0000000000
61017  48.346  -27.931  79.012 0.0000000000
61019  47.037  -29.650  79.466 0.0000000000
61037  48.304  -27.900  78.774 0.0000000000
61038  48.179  -28.039  78.630 0.0000000000
61040  46.738  -29.629  78.417 0.0000000000
61079  45.866  -29.609  74.909 0.0000000000
61095  44.236  -29.757  74.267 0.0000000000
61110  44.154  -29.643  74.058 0.0000000000
61111  43.752  -29.685  73.930 0.0000000000
62106  48.514  -27.689  79.240 0.0000000000
62118  48.463  -27.636  78.834 0.0000000000
62119  48.096  -28.305  78.792 0.0000000000
62121  47.423  -29.203  79.249 0.0000000000
62130  47.952  -27.958  78.249 0.0000000000
62139  48.427  -27.492  77.969 0.0000000000
62267  44.579  -28.530  69.983 0.0000000000
63283  48.802  -27.183  79.055 0.0000000000
63293  48.988  -26.755  78.470 0.0000000000
63298  48.529  -27.423  78.187 0.0000000000
64526  49.100  -26.308  79.715 0.0000000000
64534  49.413  -26.101  79.132 0.0000000000
64548  48.758  -26.665  77.627 0.0000000000
65860  49.590  -25.303  78.896 0.0000000000
65874  50.204  -24.334  78.418 0.0000000000
65876  49.727  -25.077  78.247 0.0000000000
68576  47.467  -24.547  74.843 0.0000000000
71020  50.335  -21.204  75.350 0.0000000000
71034  49.745  -20.639  73.474 0.0000000000
71164  44.573  -21.736  63.505 0.0000000000
72090  51.209  -19.805  76.247 0.0000000000
72110  49.872  -20.838  74.109 0.0000000000
72117  49.979  -20.387  73.570 0.0000000000
72124  50.074  -19.561  73.117 0.0000000000
73197  51.377  -19.351  76.603 0.0000000000
73209  51.349  -19.268  76.182 0.0000000000
73219  51.409  -19.072  75.613 0.0000000000
73221  50.899  -19.997  75.367 0.0000000000
74393  50.166  -17.988  72.167 0.0000000000
74472  51.920  -16.632  65.199 0.0000000000
74488  51.877  -16.584  64.804 0.0000000000
74498  51.931  -17.409  63.485 0.0000000000
74528  52.943  -17.719  61.145 0.0000000000
75551  51.410  -17.962  73.960 0.0000000000
75666  51.510  -16.660  65.531 0.0000000000
75692  51.840  -17.035  64.111 0.0000000000
75729  56.592  -17.037  60.513 0.0000000000
75745  58.731  -15.732  58.770 0.0000000000
75773  58.696  -15.627  57.941 0.0000000000
75787  55.653  -16.442  56.837 0.0000000000
75788  55.282  -16.629  56.841 0.0000000000
77076  59.130  -15.704  58.546 0.0000000000
78136  51.077  -15.915  70.875 0.0000000000
78193  52.013  -15.470  68.886 0.0000000000
78205  52.714  -15.526  67.821 0.0000000000
78311  59.799  -15.522  59.229 0.0000000000
78327  59.459  -15.624  58.865 0.0000000000
78357  59.258  -15.597  56.175 0.0000000000
78369  56.992  -15.469  55.334 0.0000000000
78379  56.751  -15.541  55.210 0.0000000000
