#!ascii label  , from subject 3826 vox2ras=TkReg
206
82521  31.993  -12.709  6.780 0.0000000000
70683  30.221  -21.817  8.862 0.0000000000
88020  30.435  -7.798  5.753 0.0000000000
96386  26.607  0.634  4.974 0.0000000000
69508  28.822  -23.634  9.073 0.0000000000
90116  32.550  -5.045  7.176 0.0000000000
92224  30.981  -3.361  6.355 0.0000000000
78975  30.125  -15.781  6.228 0.0000000000
75195  30.748  -17.892  6.751 0.0000000000
78961  32.521  -15.529  7.572 0.0000000000
84754  33.559  -10.602  7.734 0.0000000000
82488  34.263  -12.702  8.799 0.0000000000
84768  31.103  -10.710  6.478 0.0000000000
88011  33.056  -7.832  7.454 0.0000000000
94234  28.143  -1.762  5.282 0.0000000000
95243  31.061  -0.351  6.649 0.0000000000
72849  32.609  -19.953  8.750 0.0000000000
91162  30.809  -4.418  6.411 0.0000000000
92225  29.986  -3.069  6.300 0.0000000000
80150  30.643  -14.474  6.057 0.0000000000
78973  31.458  -15.647  6.672 0.0000000000
80148  31.836  -14.141  6.782 0.0000000000
69519  29.130  -23.013  8.956 0.0000000000
85854  30.633  -9.763  6.261 0.0000000000
85844  31.497  -9.714  6.671 0.0000000000
88012  31.903  -7.882  6.980 0.0000000000
91160  32.959  -4.220  6.980 0.0000000000
90115  33.685  -5.173  7.565 0.0000000000
95266  25.500  -0.387  4.007 0.0000000000
93257  27.286  -1.871  3.841 0.0000000000
95264  27.750  -0.286  5.382 0.0000000000
98478  29.991  3.402  4.458 0.0000000000
97470  31.017  1.900  4.717 0.0000000000
96368  30.285  0.445  6.284 0.0000000000
96382  31.509  0.601  5.495 0.0000000000
95261  32.331  -0.307  5.762 0.0000000000
76394  32.162  -17.903  8.184 0.0000000000
73986  32.111  -19.123  7.897 0.0000000000
68197  27.903  -24.799  8.915 0.0000000000
89087  31.454  -6.853  6.446 0.0000000000
90117  31.295  -5.569  6.599 0.0000000000
91161  31.817  -4.341  6.637 0.0000000000
92222  33.412  -3.123  6.776 0.0000000000
75196  30.205  -18.027  6.433 0.0000000000
77767  30.411  -16.499  6.327 0.0000000000
77757  31.615  -16.459  7.062 0.0000000000
77744  33.396  -16.389  8.516 0.0000000000
83671  32.433  -11.745  7.117 0.0000000000
82504  32.595  -12.881  7.636 0.0000000000
83654  34.431  -11.584  8.494 0.0000000000
82523  30.606  -12.712  5.912 0.0000000000
83704  29.831  -11.584  5.617 0.0000000000
83685  31.652  -11.696  6.481 0.0000000000
84767  32.012  -10.718  6.883 0.0000000000
85829  33.501  -9.539  7.716 0.0000000000
86920  35.008  -8.069  7.864 0.0000000000
89086  32.158  -6.954  7.198 0.0000000000
89073  34.428  -7.041  7.488 0.0000000000
93255  28.459  -2.701  5.737 0.0000000000
96385  27.986  0.895  5.395 0.0000000000
96370  28.579  0.326  5.811 0.0000000000
94232  29.593  -1.349  6.192 0.0000000000
93243  29.226  -2.342  6.026 0.0000000000
93241  31.425  -2.286  6.322 0.0000000000
93254  33.104  -1.636  6.248 0.0000000000
71754  30.169  -21.125  7.970 0.0000000000
75182  30.388  -18.568  6.960 0.0000000000
81305  33.060  -13.764  8.119 0.0000000000
78944  33.676  -15.524  8.922 0.0000000000
91171  29.192  -4.496  5.253 0.0000000000
92238  29.320  -3.456  5.798 0.0000000000
81324  30.910  -13.595  6.280 0.0000000000
81322  32.124  -13.661  7.035 0.0000000000
66833  26.573  -25.827  9.948 0.0000000000
66852  27.192  -25.272  9.423 0.0000000000
70669  29.678  -22.565  9.087 0.0000000000
86944  30.121  -8.910  5.636 0.0000000000
86943  30.915  -8.753  6.302 0.0000000000
88013  31.238  -7.776  6.328 0.0000000000
92221  34.498  -3.453  6.638 0.0000000000
91159  34.058  -4.287  7.105 0.0000000000
94251  25.653  -1.336  4.058 0.0000000000
94250  26.417  -1.273  4.270 0.0000000000
95265  26.533  -0.399  4.724 0.0000000000
97452  31.415  1.395  4.998 0.0000000000
96381  32.477  0.444  5.128 0.0000000000
76393  32.922  -17.471  8.378 0.0000000000
75169  32.409  -18.496  8.244 0.0000000000
70685  28.300  -22.397  7.927 0.0000000000
90125  30.886  -6.228  6.320 0.0000000000
90126  30.064  -5.648  6.119 0.0000000000
92223  32.208  -3.269  6.507 0.0000000000
96400  24.864  0.271  3.488 0.0000000000
77768  29.660  -16.435  6.086 0.0000000000
78962  31.912  -15.626  7.134 0.0000000000
77756  32.253  -16.377  7.476 0.0000000000
76404  32.499  -16.897  7.833 0.0000000000
77755  32.741  -16.345  8.029 0.0000000000
68213  28.314  -24.079  8.847 0.0000000000
84755  32.877  -10.770  7.314 0.0000000000
83670  33.419  -11.710  7.824 0.0000000000
83669  33.960  -11.069  8.049 0.0000000000
81336  30.349  -13.558  5.726 0.0000000000
84782  30.482  -10.616  5.959 0.0000000000
83703  30.303  -11.101  5.700 0.0000000000
83686  30.735  -11.650  5.961 0.0000000000
86935  32.547  -8.649  7.309 0.0000000000
85842  32.954  -9.143  7.430 0.0000000000
86934  33.213  -8.730  7.491 0.0000000000
86921  33.896  -8.508  7.702 0.0000000000
87999  34.165  -7.595  7.570 0.0000000000
89084  34.245  -5.895  7.594 0.0000000000
89072  34.860  -6.508  7.575 0.0000000000
93276  27.216  -2.500  3.679 0.0000000000
93263  27.524  -2.583  4.466 0.0000000000
93256  27.916  -2.241  5.054 0.0000000000
98466  29.641  2.791  5.082 0.0000000000
133356  28.723  3.187  5.445 0.0000000000
96384  28.714  1.381  5.749 0.0000000000
96369  29.208  0.627  6.041 0.0000000000
95244  29.954  -0.368  6.381 0.0000000000
94231  30.689  -1.321  6.483 0.0000000000
93242  30.321  -2.296  6.300 0.0000000000
95260  33.212  -0.263  5.139 0.0000000000
94247  32.485  -1.148  6.308 0.0000000000
94246  33.175  -1.006  5.793 0.0000000000
71768  29.597  -20.939  7.332 0.0000000000
73976  31.906  -19.786  7.970 0.0000000000
73987  31.447  -19.336  7.603 0.0000000000
72851  31.127  -20.374  7.810 0.0000000000
82503  33.420  -12.794  8.346 0.0000000000
81287  33.857  -13.691  8.744 0.0000000000
91170  30.112  -4.451  5.873 0.0000000000
92237  30.285  -3.738  6.087 0.0000000000
78986  30.226  -15.100  6.053 0.0000000000
78974  30.806  -15.526  6.319 0.0000000000
80149  31.434  -14.610  6.509 0.0000000000
80139  31.709  -15.137  6.848 0.0000000000
80138  32.100  -14.666  7.135 0.0000000000
69507  29.589  -23.390  9.507 0.0000000000
69506  30.536  -23.101  9.900 0.0000000000
84753  34.348  -10.348  8.313 0.0000000000
85855  29.997  -9.911  6.024 0.0000000000
86936  31.801  -8.722  6.768 0.0000000000
94249  27.411  -1.365  5.177 0.0000000000
98465  30.529  2.234  4.828 0.0000000000
97453  30.566  1.510  5.300 0.0000000000
97442  29.801  0.965  6.133 0.0000000000
96383  30.686  0.691  5.744 0.0000000000
96367  31.050  0.291  6.160 0.0000000000
95242  31.849  -0.630  6.368 0.0000000000
95262  31.548  -0.115  6.073 0.0000000000
76405  31.981  -17.390  7.592 0.0000000000
75181  31.161  -18.299  7.323 0.0000000000
75180  31.855  -18.422  7.842 0.0000000000
68198  26.901  -24.640  8.823 0.0000000000
68214  27.599  -23.994  8.535 0.0000000000
69520  28.402  -23.228  8.536 0.0000000000
70684  29.271  -22.250  8.457 0.0000000000
89093  30.689  -6.838  6.028 0.0000000000
90118  30.571  -5.023  6.273 0.0000000000
95278  25.055  0.032  3.605 0.0000000000
96399  25.196  0.446  3.642 0.0000000000
96387  25.733  0.479  4.336 0.0000000000
76417  29.915  -17.330  6.194 0.0000000000
76416  30.665  -17.288  6.426 0.0000000000
77766  31.096  -16.481  6.513 0.0000000000
76406  31.233  -17.310  6.877 0.0000000000
76392  33.729  -17.011  8.654 0.0000000000
83655  33.873  -12.191  8.365 0.0000000000
82487  35.106  -12.324  9.348 0.0000000000
80162  29.953  -14.384  5.698 0.0000000000
82522  31.148  -12.643  6.473 0.0000000000
82536  30.072  -12.662  5.508 0.0000000000
85843  32.513  -9.673  7.253 0.0000000000
85830  33.123  -10.152  7.481 0.0000000000
85828  34.398  -9.179  8.385 0.0000000000
89085  33.626  -6.519  7.531 0.0000000000
92239  27.875  -3.360  5.330 0.0000000000
97457  25.801  1.183  4.617 0.0000000000
95263  28.323  -0.748  5.558 0.0000000000
95245  28.815  -0.376  5.839 0.0000000000
94233  28.558  -1.376  5.586 0.0000000000
93244  28.497  -2.075  5.513 0.0000000000
94230  31.697  -1.299  6.536 0.0000000000
93240  32.542  -2.147  6.412 0.0000000000
92236  33.412  -2.231  6.387 0.0000000000
71755  29.117  -21.656  7.681 0.0000000000
73989  30.018  -19.425  6.868 0.0000000000
73988  30.693  -19.288  7.313 0.0000000000
72864  30.368  -20.289  7.313 0.0000000000
72852  30.569  -20.600  7.693 0.0000000000
71753  31.085  -21.126  8.561 0.0000000000
81306  32.509  -13.935  7.545 0.0000000000
80137  32.844  -14.676  7.762 0.0000000000
80119  33.440  -14.626  8.473 0.0000000000
78960  33.100  -15.506  8.197 0.0000000000
75168  32.972  -18.609  8.624 0.0000000000
81323  31.544  -13.566  6.678 0.0000000000
83687  30.335  -12.156  5.728 0.0000000000
84783  29.930  -10.572  5.649 0.0000000000
94248  28.033  -0.951  5.422 0.0000000000
94261  26.978  -1.789  3.485 0.0000000000
94272  27.052  -2.244  3.540 0.0000000000
95246  28.279  0.138  5.683 0.0000000000
133275  27.405  -2.477  3.915 0.0000000000
