#!ascii label  , from subject 4121 vox2ras=TkReg
946
101764  -50.065  28.707  25.046 0.0000000000
111841  -40.442  45.287  24.825 0.0000000000
105176  -41.555  34.750  27.906 0.0000000000
105253  -50.628  34.546  20.339 0.0000000000
114430  -44.576  48.300  23.433 0.0000000000
110075  -46.757  41.821  24.546 0.0000000000
110098  -47.409  41.794  21.432 0.0000000000
105264  -44.337  34.656  19.747 0.0000000000
98464  -45.687  23.102  33.097 0.0000000000
99156  -46.737  26.126  27.493 0.0000000000
111872  -35.195  44.655  20.564 0.0000000000
113842  -39.470  47.433  18.643 0.0000000000
114554  -44.232  48.731  16.204 0.0000000000
103142  -44.429  31.215  25.128 0.0000000000
108230  -41.036  39.056  23.980 0.0000000000
105978  -46.196  35.853  25.119 0.0000000000
103175  -45.744  31.234  22.272 0.0000000000
101818  -43.737  29.823  19.885 0.0000000000
102544  -40.278  30.327  18.757 0.0000000000
100452  -48.701  27.669  23.807 0.0000000000
113804  -45.560  47.733  21.268 0.0000000000
111853  -47.161  44.533  22.825 0.0000000000
111286  -45.503  43.615  21.650 0.0000000000
109511  -44.450  40.377  20.985 0.0000000000
98501  -46.548  24.303  29.684 0.0000000000
98514  -44.134  24.475  28.087 0.0000000000
112421  -34.389  45.775  22.406 0.0000000000
114538  -41.218  48.340  18.024 0.0000000000
102448  -42.571  30.031  26.424 0.0000000000
103804  -42.428  33.071  24.764 0.0000000000
111815  -38.489  45.029  26.047 0.0000000000
110681  -40.542  42.645  24.024 0.0000000000
107507  -48.511  37.720  22.555 0.0000000000
108206  -46.944  38.092  24.894 0.0000000000
106003  -47.795  35.715  22.716 0.0000000000
105231  -45.895  34.359  22.103 0.0000000000
103838  -48.008  32.607  20.084 0.0000000000
102519  -45.480  30.258  20.138 0.0000000000
102560  -47.689  31.289  17.755 0.0000000000
103851  -42.425  32.172  18.477 0.0000000000
113073  -42.163  46.990  23.594 0.0000000000
111261  -42.772  43.964  24.473 0.0000000000
111832  -45.590  44.689  24.444 0.0000000000
110087  -48.462  42.091  23.549 0.0000000000
107541  -48.939  37.600  20.902 0.0000000000
105267  -47.678  34.710  19.207 0.0000000000
107538  -45.932  37.502  20.586 0.0000000000
107536  -43.593  37.297  20.663 0.0000000000
98492  -49.035  24.064  30.211 0.0000000000
99159  -49.201  25.279  27.705 0.0000000000
100423  -48.749  28.054  26.278 0.0000000000
112395  -33.400  45.086  24.342 0.0000000000
111254  -36.094  44.166  24.363 0.0000000000
111862  -38.692  44.701  22.843 0.0000000000
112435  -40.352  46.143  21.821 0.0000000000
113821  -42.411  48.300  20.692 0.0000000000
115050  -44.776  49.510  19.809 0.0000000000
114525  -46.303  49.053  18.736 0.0000000000
113908  -45.916  47.973  15.831 0.0000000000
100413  -43.832  27.695  27.362 0.0000000000
101073  -45.828  29.136  26.838 0.0000000000
102470  -47.790  30.387  25.381 0.0000000000
107442  -41.491  36.867  26.332 0.0000000000
109477  -44.159  40.480  24.347 0.0000000000
107480  -43.974  37.775  25.483 0.0000000000
105968  -43.489  35.197  26.637 0.0000000000
104491  -43.990  33.818  24.060 0.0000000000
103167  -45.487  31.640  23.439 0.0000000000
102489  -47.546  30.356  23.776 0.0000000000
101772  -46.194  29.170  23.516 0.0000000000
101129  -43.953  28.428  22.313 0.0000000000
101126  -41.442  28.380  21.474 0.0000000000
103853  -44.523  32.252  17.910 0.0000000000
102530  -42.021  29.864  19.204 0.0000000000
101135  -39.710  28.198  19.829 0.0000000000
101088  -50.810  27.800  25.289 0.0000000000
101109  -50.293  28.032  24.630 0.0000000000
101108  -49.739  28.174  24.368 0.0000000000
113137  -45.972  47.103  20.227 0.0000000000
112439  -45.705  45.383  21.403 0.0000000000
112438  -44.541  45.272  21.360 0.0000000000
111285  -44.301  43.612  21.690 0.0000000000
105189  -41.665  34.318  26.482 0.0000000000
112397  -39.564  45.316  25.734 0.0000000000
106764  -49.838  36.163  21.350 0.0000000000
106743  -48.513  36.556  22.681 0.0000000000
105235  -49.769  34.717  21.460 0.0000000000
105250  -48.350  34.184  20.983 0.0000000000
104517  -49.499  33.583  20.252 0.0000000000
103204  -48.012  31.214  19.214 0.0000000000
104539  -49.367  33.367  18.804 0.0000000000
113767  -43.460  47.852  23.724 0.0000000000
113054  -43.621  46.399  24.418 0.0000000000
113055  -45.325  46.208  24.016 0.0000000000
111289  -47.721  43.326  22.326 0.0000000000
111279  -48.519  43.174  23.761 0.0000000000
110100  -48.531  41.216  22.058 0.0000000000
108894  -48.517  39.723  22.294 0.0000000000
108904  -48.186  39.588  21.199 0.0000000000
107540  -48.102  37.677  20.543 0.0000000000
108922  -46.783  39.418  20.930 0.0000000000
108285  -43.902  38.370  20.878 0.0000000000
98517  -47.158  24.798  28.779 0.0000000000
99133  -48.087  25.397  29.116 0.0000000000
99157  -47.591  26.020  27.566 0.0000000000
99820  -49.084  26.422  27.007 0.0000000000
100417  -47.855  27.727  26.661 0.0000000000
111847  -34.658  44.879  22.036 0.0000000000
111836  -34.492  44.817  23.149 0.0000000000
111848  -35.555  44.183  22.579 0.0000000000
111277  -36.973  43.885  23.448 0.0000000000
111860  -37.293  44.132  21.819 0.0000000000
113148  -38.707  46.672  19.129 0.0000000000
113131  -38.874  45.938  20.027 0.0000000000
113132  -39.754  46.528  19.925 0.0000000000
113112  -41.113  47.091  21.333 0.0000000000
113150  -40.688  47.863  19.409 0.0000000000
114540  -42.971  49.113  17.413 0.0000000000
114523  -42.674  49.103  18.328 0.0000000000
115081  -44.344  49.973  18.181 0.0000000000
115585  -46.073  50.176  19.184 0.0000000000
115099  -45.730  49.358  17.524 0.0000000000
114542  -45.875  48.911  17.659 0.0000000000
114566  -45.399  48.732  15.854 0.0000000000
101056  -39.547  28.161  27.331 0.0000000000
99810  -39.472  26.697  27.851 0.0000000000
100410  -40.913  27.355  27.493 0.0000000000
99813  -42.361  26.762  27.702 0.0000000000
101059  -42.346  28.427  27.341 0.0000000000
102466  -44.012  30.616  25.757 0.0000000000
101735  -44.162  29.465  26.788 0.0000000000
102451  -45.618  30.101  26.301 0.0000000000
101738  -47.098  29.510  26.459 0.0000000000
102468  -46.031  30.565  25.641 0.0000000000
108228  -39.476  38.953  23.986 0.0000000000
107477  -39.821  37.767  24.882 0.0000000000
107479  -41.451  38.033  25.077 0.0000000000
110672  -44.860  42.718  24.469 0.0000000000
110671  -43.469  42.547  24.172 0.0000000000
109478  -45.347  40.606  24.502 0.0000000000
106732  -46.680  36.547  25.241 0.0000000000
108204  -45.736  38.008  25.543 0.0000000000
106724  -45.231  36.516  26.324 0.0000000000
106710  -44.083  36.331  27.163 0.0000000000
105970  -45.007  35.825  25.973 0.0000000000
105199  -44.158  34.710  25.370 0.0000000000
105986  -45.005  35.327  24.532 0.0000000000
103828  -45.835  32.449  21.394 0.0000000000
103821  -45.207  32.640  22.841 0.0000000000
103176  -46.072  31.077  23.135 0.0000000000
103168  -46.603  30.882  23.691 0.0000000000
102498  -46.544  30.479  23.209 0.0000000000
101773  -47.239  29.479  23.658 0.0000000000
102497  -45.952  30.037  22.238 0.0000000000
102518  -44.963  29.761  20.098 0.0000000000
101795  -44.214  28.913  21.776 0.0000000000
101806  -43.368  29.410  20.623 0.0000000000
101127  -42.381  28.493  21.932 0.0000000000
101805  -42.263  29.357  20.573 0.0000000000
105266  -46.629  34.722  19.277 0.0000000000
104536  -46.598  33.492  18.397 0.0000000000
104534  -44.736  33.281  18.417 0.0000000000
103209  -41.008  30.942  18.744 0.0000000000
103210  -41.833  31.258  18.384 0.0000000000
102545  -41.494  30.139  18.776 0.0000000000
101815  -40.835  29.016  19.895 0.0000000000
101149  -39.630  28.868  18.601 0.0000000000
101142  -38.991  28.305  18.747 0.0000000000
99162  -50.311  25.587  25.910 0.0000000000
99849  -47.468  26.686  23.502 0.0000000000
113786  -45.452  47.507  22.500 0.0000000000
113077  -45.845  46.378  23.188 0.0000000000
113096  -46.500  45.882  22.380 0.0000000000
111867  -47.082  44.231  21.837 0.0000000000
110698  -47.025  42.737  21.518 0.0000000000
109501  -45.738  40.782  21.259 0.0000000000
110096  -45.295  41.820  21.475 0.0000000000
98481  -46.612  23.630  31.790 0.0000000000
98489  -45.553  24.081  30.440 0.0000000000
98527  -45.367  25.396  27.745 0.0000000000
112447  -33.992  45.172  20.890 0.0000000000
113870  -40.076  48.067  18.212 0.0000000000
113914  -43.482  47.985  15.318 0.0000000000
114572  -44.192  48.258  15.044 0.0000000000
102447  -41.728  29.867  26.290 0.0000000000
103140  -42.384  31.470  25.170 0.0000000000
103155  -42.910  32.159  24.838 0.0000000000
110083  -40.958  41.681  23.703 0.0000000000
108881  -47.489  39.665  24.023 0.0000000000
108880  -46.812  39.679  24.412 0.0000000000
107492  -47.337  37.420  23.673 0.0000000000
106741  -47.331  36.696  23.825 0.0000000000
105989  -47.263  36.074  23.783 0.0000000000
105211  -45.866  35.033  23.619 0.0000000000
105223  -47.215  35.168  22.460 0.0000000000
104514  -46.780  33.544  20.943 0.0000000000
103836  -46.014  31.820  20.572 0.0000000000
103184  -45.682  31.216  20.864 0.0000000000
103194  -46.621  31.607  19.735 0.0000000000
102535  -46.576  30.429  18.835 0.0000000000
102549  -45.917  30.527  18.265 0.0000000000
105274  -43.325  33.815  18.990 0.0000000000
105945  -40.256  35.204  27.899 0.0000000000
112413  -41.087  46.034  24.478 0.0000000000
111829  -42.185  45.056  24.809 0.0000000000
112400  -42.705  45.851  25.018 0.0000000000
111831  -44.442  44.807  24.559 0.0000000000
110673  -46.061  42.763  24.451 0.0000000000
112404  -46.479  45.099  23.707 0.0000000000
110675  -48.354  43.158  24.276 0.0000000000
110076  -47.660  41.999  24.390 0.0000000000
108891  -48.193  39.711  23.051 0.0000000000
108243  -49.198  38.041  21.728 0.0000000000
106783  -49.840  36.173  20.572 0.0000000000
105269  -49.421  34.730  19.275 0.0000000000
106794  -48.492  36.067  19.794 0.0000000000
106046  -47.083  35.435  19.739 0.0000000000
106032  -45.329  35.440  20.196 0.0000000000
108286  -45.092  38.506  20.858 0.0000000000
107537  -44.746  37.393  20.711 0.0000000000
98491  -47.762  23.920  30.746 0.0000000000
99135  -49.135  25.047  29.618 0.0000000000
98529  -49.758  24.757  27.691 0.0000000000
99821  -49.578  26.005  26.709 0.0000000000
100424  -49.596  27.436  26.070 0.0000000000
101741  -49.694  28.956  25.776 0.0000000000
111811  -34.724  44.772  25.284 0.0000000000
111821  -34.689  44.750  24.306 0.0000000000
111812  -35.930  45.000  25.685 0.0000000000
111824  -37.414  44.710  25.090 0.0000000000
111839  -38.292  44.723  24.453 0.0000000000
112422  -39.519  45.366  23.989 0.0000000000
111883  -36.548  44.539  20.159 0.0000000000
112449  -38.225  45.039  20.820 0.0000000000
112434  -39.211  45.190  22.335 0.0000000000
112423  -40.448  45.874  23.288 0.0000000000
112424  -41.366  46.508  23.291 0.0000000000
113782  -42.262  47.845  22.761 0.0000000000
114461  -42.629  48.620  22.078 0.0000000000
114498  -41.413  48.202  19.268 0.0000000000
114499  -42.628  48.690  19.681 0.0000000000
114463  -44.499  48.749  21.497 0.0000000000
114464  -45.137  48.473  20.936 0.0000000000
114481  -46.419  49.194  19.732 0.0000000000
113874  -45.334  48.447  18.500 0.0000000000
113896  -45.415  48.122  17.327 0.0000000000
113926  -45.394  47.996  14.772 0.0000000000
99153  -43.859  26.048  27.444 0.0000000000
99816  -45.347  26.947  27.317 0.0000000000
101721  -42.874  28.940  27.273 0.0000000000
101061  -44.325  28.457  27.328 0.0000000000
100415  -45.920  27.763  27.241 0.0000000000
101075  -47.562  28.735  26.693 0.0000000000
101739  -48.222  29.638  26.448 0.0000000000
101754  -49.455  29.655  25.531 0.0000000000
106692  -41.270  35.818  27.429 0.0000000000
110670  -42.129  43.050  24.435 0.0000000000
110085  -42.694  41.181  24.077 0.0000000000
108889  -42.819  40.021  24.086 0.0000000000
108878  -45.111  39.502  24.544 0.0000000000
108877  -44.118  39.311  24.492 0.0000000000
108218  -42.896  38.536  24.847 0.0000000000
107460  -42.614  37.582  26.079 0.0000000000
106709  -43.053  36.323  27.181 0.0000000000
105959  -42.552  35.087  27.258 0.0000000000
105197  -42.587  34.522  25.472 0.0000000000
104480  -42.849  33.875  24.755 0.0000000000
103806  -44.089  32.328  24.258 0.0000000000
105220  -44.776  34.414  23.402 0.0000000000
103813  -44.355  32.795  23.721 0.0000000000
103157  -44.796  31.767  24.268 0.0000000000
103145  -46.934  30.635  24.892 0.0000000000
102480  -47.803  30.487  24.608 0.0000000000
102491  -49.174  29.747  24.344 0.0000000000
101774  -48.349  29.398  24.014 0.0000000000
101105  -46.962  28.509  23.746 0.0000000000
100449  -45.734  27.407  23.522 0.0000000000
101796  -45.142  29.587  21.485 0.0000000000
101120  -45.209  28.494  23.124 0.0000000000
100448  -44.771  27.273  23.401 0.0000000000
100464  -43.461  27.163  22.833 0.0000000000
100462  -41.762  26.614  22.276 0.0000000000
104537  -47.570  33.482  18.316 0.0000000000
103224  -46.168  31.676  17.742 0.0000000000
102547  -43.706  30.564  18.485 0.0000000000
103852  -43.438  32.198  18.263 0.0000000000
103211  -42.988  31.289  18.149 0.0000000000
102532  -43.254  30.179  19.172 0.0000000000
101804  -41.302  28.919  20.646 0.0000000000
101136  -40.497  28.514  20.415 0.0000000000
101087  -50.375  28.238  25.164 0.0000000000
101098  -50.949  27.895  24.916 0.0000000000
101097  -50.451  28.274  24.926 0.0000000000
101096  -49.949  28.699  24.763 0.0000000000
113136  -45.283  46.880  20.178 0.0000000000
113115  -45.019  46.076  20.942 0.0000000000
104470  -40.966  33.751  26.333 0.0000000000
112398  -39.938  45.301  25.292 0.0000000000
111252  -40.102  44.787  25.610 0.0000000000
111827  -40.271  45.110  25.306 0.0000000000
106019  -51.234  35.524  21.383 0.0000000000
106018  -49.884  35.565  21.675 0.0000000000
105236  -50.646  34.820  21.174 0.0000000000
105252  -50.083  34.213  20.727 0.0000000000
104518  -50.005  33.883  20.054 0.0000000000
104526  -49.471  33.169  19.537 0.0000000000
104527  -49.873  34.004  19.541 0.0000000000
114429  -43.894  48.377  23.527 0.0000000000
112415  -44.555  46.457  24.223 0.0000000000
113076  -44.838  46.970  23.912 0.0000000000
110699  -48.012  42.716  22.093 0.0000000000
110099  -48.173  41.562  21.725 0.0000000000
109504  -48.308  40.646  21.654 0.0000000000
109503  -47.732  40.777  21.338 0.0000000000
108923  -47.732  39.278  20.894 0.0000000000
108903  -47.289  40.049  21.057 0.0000000000
97813  -46.713  23.197  32.500 0.0000000000
99144  -47.013  25.360  27.891 0.0000000000
99145  -47.818  25.447  28.392 0.0000000000
99819  -48.198  26.691  27.099 0.0000000000
99818  -47.285  26.895  27.244 0.0000000000
111858  -35.404  44.554  21.436 0.0000000000
111849  -36.573  43.975  22.473 0.0000000000
111859  -36.346  44.283  21.605 0.0000000000
113165  -38.637  46.980  18.365 0.0000000000
113164  -37.588  46.714  18.342 0.0000000000
113149  -39.884  47.415  19.343 0.0000000000
113133  -40.734  47.301  20.093 0.0000000000
113843  -40.272  48.070  18.949 0.0000000000
115115  -43.951  48.726  16.964 0.0000000000
115096  -43.574  49.105  17.372 0.0000000000
115097  -44.254  49.325  17.464 0.0000000000
115098  -45.221  49.754  17.623 0.0000000000
115116  -44.692  49.196  16.550 0.0000000000
115117  -45.349  49.219  16.635 0.0000000000
115136  -45.026  49.210  16.010 0.0000000000
101069  -39.211  28.872  26.853 0.0000000000
101070  -40.212  28.838  26.988 0.0000000000
101057  -40.540  28.062  27.207 0.0000000000
101058  -41.449  28.100  27.259 0.0000000000
102450  -44.610  30.054  26.338 0.0000000000
102467  -45.034  30.622  25.737 0.0000000000
108886  -40.300  39.831  23.725 0.0000000000
108229  -40.174  39.022  23.994 0.0000000000
108215  -40.012  38.372  24.364 0.0000000000
108216  -40.884  38.447  24.503 0.0000000000
110074  -45.690  41.707  24.536 0.0000000000
109479  -46.358  40.716  24.574 0.0000000000
106725  -45.972  36.586  25.757 0.0000000000
105971  -45.557  36.102  25.693 0.0000000000
105977  -45.365  35.648  25.177 0.0000000000
105976  -44.713  35.267  25.296 0.0000000000
102533  -44.489  30.064  19.482 0.0000000000
101807  -44.434  29.566  20.447 0.0000000000
105265  -45.498  34.741  19.477 0.0000000000
105276  -45.047  34.109  18.857 0.0000000000
101827  -40.569  29.406  19.004 0.0000000000
101826  -39.505  29.474  18.610 0.0000000000
99833  -50.857  26.357  25.609 0.0000000000
99850  -48.448  26.860  23.550 0.0000000000
100451  -47.736  27.634  23.796 0.0000000000
113095  -46.063  46.674  22.000 0.0000000000
113117  -46.359  46.004  21.766 0.0000000000
111866  -46.209  44.467  21.585 0.0000000000
112440  -46.870  45.291  21.780 0.0000000000
111287  -46.581  43.573  21.639 0.0000000000
110697  -45.948  42.720  21.618 0.0000000000
110695  -43.677  42.694  21.676 0.0000000000
98479  -44.751  24.144  31.351 0.0000000000
97853  -45.714  24.091  28.688 0.0000000000
98515  -45.093  24.659  28.161 0.0000000000
112431  -33.807  45.855  21.215 0.0000000000
114562  -42.283  48.112  16.033 0.0000000000
113923  -43.185  47.550  14.935 0.0000000000
113922  -42.637  47.381  14.906 0.0000000000
103803  -41.475  33.164  25.065 0.0000000000
103153  -41.423  32.532  24.910 0.0000000000
103154  -41.956  32.375  24.846 0.0000000000
111814  -37.552  45.170  26.141 0.0000000000
108890  -47.800  39.269  23.459 0.0000000000
108232  -47.464  38.413  23.472 0.0000000000
106004  -48.521  35.823  22.630 0.0000000000
106742  -47.715  36.655  23.062 0.0000000000
105990  -47.760  36.250  23.061 0.0000000000
106002  -47.096  35.494  23.214 0.0000000000
104515  -47.664  33.385  20.574 0.0000000000
105249  -47.471  34.186  21.106 0.0000000000
103829  -46.257  33.023  20.925 0.0000000000
103837  -46.744  32.327  20.314 0.0000000000
103845  -46.938  31.762  19.644 0.0000000000
102537  -48.077  30.955  18.540 0.0000000000
102536  -47.420  30.650  18.698 0.0000000000
102550  -46.802  30.504  18.092 0.0000000000
113052  -42.232  46.601  24.765 0.0000000000
112399  -41.747  45.880  25.236 0.0000000000
112402  -44.788  45.700  24.389 0.0000000000
111263  -45.257  43.776  24.555 0.0000000000
111264  -46.368  43.665  24.275 0.0000000000
112425  -46.966  45.186  22.714 0.0000000000
112417  -46.556  45.430  23.269 0.0000000000
111843  -46.942  44.273  23.278 0.0000000000
110685  -48.712  43.047  23.855 0.0000000000
110660  -48.706  43.892  24.795 0.0000000000
110676  -48.661  43.102  24.335 0.0000000000
110077  -48.155  42.148  24.076 0.0000000000
109482  -48.254  40.993  23.666 0.0000000000
108260  -48.755  38.550  21.427 0.0000000000
108261  -49.121  38.004  21.473 0.0000000000
107523  -49.313  37.428  21.285 0.0000000000
107542  -49.390  37.059  20.918 0.0000000000
106795  -49.362  36.003  19.877 0.0000000000
106782  -48.788  36.732  20.261 0.0000000000
107539  -47.091  37.575  20.592 0.0000000000
106781  -47.850  36.780  20.164 0.0000000000
106780  -46.806  36.477  20.264 0.0000000000
106033  -46.214  35.795  20.053 0.0000000000
109512  -45.089  40.510  21.089 0.0000000000
108921  -45.526  39.791  20.997 0.0000000000
98490  -46.639  24.168  30.680 0.0000000000
98502  -47.672  24.846  29.744 0.0000000000
99146  -48.584  25.392  28.586 0.0000000000
99134  -48.622  25.208  29.418 0.0000000000
99147  -49.257  25.210  29.066 0.0000000000
98519  -49.863  24.920  28.741 0.0000000000
99160  -49.917  25.423  26.809 0.0000000000
100418  -48.841  27.247  26.603 0.0000000000
100419  -49.305  26.960  26.499 0.0000000000
101078  -50.089  28.083  25.509 0.0000000000
101077  -49.392  28.507  26.091 0.0000000000
112394  -32.366  45.318  24.440 0.0000000000
111819  -32.371  45.013  24.931 0.0000000000
111810  -33.567  44.655  25.280 0.0000000000
112387  -33.989  44.880  24.910 0.0000000000
113072  -34.306  46.768  22.564 0.0000000000
112410  -34.114  45.851  23.102 0.0000000000
111837  -35.313  44.283  23.828 0.0000000000
111822  -35.522  44.651  24.842 0.0000000000
111813  -36.790  45.257  25.771 0.0000000000
111255  -36.842  44.295  24.493 0.0000000000
111851  -38.257  44.437  23.347 0.0000000000
111838  -37.659  44.365  24.036 0.0000000000
111840  -38.916  45.188  24.775 0.0000000000
111852  -38.871  44.885  23.650 0.0000000000
112448  -37.494  44.789  20.300 0.0000000000
112450  -39.544  45.780  20.882 0.0000000000
113093  -41.144  46.648  22.396 0.0000000000
113800  -41.498  47.712  20.595 0.0000000000
113801  -41.835  48.099  21.692 0.0000000000
114445  -42.616  48.198  22.630 0.0000000000
113802  -42.455  48.483  21.414 0.0000000000
113871  -40.830  48.249  17.750 0.0000000000
114521  -40.853  48.165  18.571 0.0000000000
114522  -41.796  48.465  18.579 0.0000000000
115065  -43.552  49.547  18.823 0.0000000000
114500  -43.893  49.303  19.584 0.0000000000
114478  -43.834  49.131  20.639 0.0000000000
114479  -44.959  49.020  20.474 0.0000000000
115084  -46.441  49.876  18.919 0.0000000000
115052  -46.313  49.468  19.664 0.0000000000
114503  -46.454  49.374  19.372 0.0000000000
113849  -45.898  48.044  19.822 0.0000000000
114524  -46.009  48.553  18.943 0.0000000000
114541  -45.793  48.724  18.246 0.0000000000
114557  -45.839  48.111  16.086 0.0000000000
113897  -45.734  48.393  16.853 0.0000000000
113907  -45.843  47.785  16.069 0.0000000000
113906  -45.306  47.301  16.476 0.0000000000
113925  -44.890  47.810  14.555 0.0000000000
99151  -41.882  25.846  27.673 0.0000000000
100412  -42.848  27.629  27.530 0.0000000000
99152  -42.881  25.969  27.585 0.0000000000
99814  -43.325  26.854  27.420 0.0000000000
99154  -44.848  26.104  27.433 0.0000000000
99815  -44.324  26.914  27.222 0.0000000000
101733  -42.108  29.218  27.017 0.0000000000
101734  -43.187  29.526  26.979 0.0000000000
101736  -45.210  29.399  26.735 0.0000000000
101723  -44.608  29.047  27.155 0.0000000000
101062  -45.483  28.641  27.091 0.0000000000
101063  -46.576  28.344  26.897 0.0000000000
101074  -46.461  29.002  26.817 0.0000000000
102453  -47.516  30.128  26.053 0.0000000000
102454  -48.273  30.211  25.927 0.0000000000
101753  -48.871  29.962  25.984 0.0000000000
107458  -40.661  37.388  25.711 0.0000000000
106706  -40.527  36.312  26.920 0.0000000000
111260  -41.595  44.203  24.546 0.0000000000
110072  -43.747  41.435  24.214 0.0000000000
110684  -43.140  41.625  24.145 0.0000000000
110086  -43.370  40.951  24.189 0.0000000000
109489  -42.350  40.585  23.947 0.0000000000
109476  -43.451  40.011  24.266 0.0000000000
108222  -46.568  38.794  24.759 0.0000000000
108879  -46.040  39.665  24.602 0.0000000000
108221  -45.846  38.747  24.967 0.0000000000
108203  -45.067  37.784  25.614 0.0000000000
108220  -44.935  38.424  24.947 0.0000000000
108219  -43.853  38.381  24.877 0.0000000000
108202  -43.404  38.042  25.337 0.0000000000
108201  -42.741  38.042  25.435 0.0000000000
107461  -43.558  37.602  26.034 0.0000000000
105961  -43.634  35.720  27.047 0.0000000000
105960  -43.008  35.549  27.185 0.0000000000
105967  -42.958  35.051  26.770 0.0000000000
105190  -42.411  34.726  26.454 0.0000000000
105191  -43.100  34.860  26.076 0.0000000000
105208  -43.914  34.290  24.689 0.0000000000
105198  -43.390  34.528  25.191 0.0000000000
104490  -43.517  33.832  24.468 0.0000000000
103805  -43.446  32.900  24.417 0.0000000000
103812  -43.797  33.331  24.142 0.0000000000
105221  -45.446  34.488  22.933 0.0000000000
103814  -44.972  32.307  23.424 0.0000000000
103820  -44.723  33.241  23.253 0.0000000000
103166  -44.893  32.135  23.715 0.0000000000
103158  -45.968  31.184  24.287 0.0000000000
103160  -47.439  30.661  24.134 0.0000000000
102481  -48.635  30.257  24.518 0.0000000000
102490  -48.798  29.907  24.170 0.0000000000
100450  -46.699  27.552  23.656 0.0000000000
101104  -45.839  28.440  23.497 0.0000000000
102507  -45.636  30.288  21.219 0.0000000000
101783  -44.698  28.782  22.435 0.0000000000
101119  -44.553  28.303  22.776 0.0000000000
101103  -45.176  28.015  23.359 0.0000000000
100465  -44.100  27.502  22.976 0.0000000000
100447  -44.085  26.719  23.146 0.0000000000
101118  -43.696  27.999  22.633 0.0000000000
101116  -42.035  27.612  22.130 0.0000000000
100475  -41.234  27.260  21.716 0.0000000000
105268  -48.620  34.750  19.070 0.0000000000
105280  -49.065  34.168  18.663 0.0000000000
105279  -48.131  34.186  18.584 0.0000000000
103854  -45.344  32.681  18.054 0.0000000000
103855  -46.154  32.735  18.134 0.0000000000
103864  -45.338  32.002  17.722 0.0000000000
103213  -44.848  30.965  17.674 0.0000000000
103212  -44.099  31.262  17.865 0.0000000000
104532  -42.786  33.155  18.795 0.0000000000
102546  -42.600  30.518  18.521 0.0000000000
102531  -42.397  30.090  19.017 0.0000000000
101817  -42.638  29.830  19.729 0.0000000000
101816  -41.535  29.554  19.589 0.0000000000
101144  -40.251  28.739  19.482 0.0000000000
100487  -39.962  27.414  20.540 0.0000000000
100426  -51.028  27.394  25.499 0.0000000000
100433  -51.365  27.481  25.149 0.0000000000
100454  -50.594  27.260  23.900 0.0000000000
113116  -46.162  46.505  20.959 0.0000000000
111865  -45.043  44.494  21.575 0.0000000000
103794  -41.078  33.501  25.594 0.0000000000
104479  -42.070  33.899  25.134 0.0000000000
111826  -39.013  45.302  25.633 0.0000000000
111251  -39.756  44.548  25.713 0.0000000000
110669  -41.048  43.378  24.324 0.0000000000
107494  -48.766  37.064  22.569 0.0000000000
107493  -47.899  37.380  22.862 0.0000000000
106753  -49.337  36.437  22.242 0.0000000000
106005  -49.086  35.950  22.538 0.0000000000
106017  -49.191  35.343  22.091 0.0000000000
106016  -48.539  35.364  22.203 0.0000000000
105234  -48.903  34.751  21.628 0.0000000000
105251  -49.303  34.024  20.992 0.0000000000
104516  -48.675  33.353  20.374 0.0000000000
103847  -48.575  32.311  19.460 0.0000000000
103848  -49.146  32.406  18.912 0.0000000000
103217  -48.462  31.937  18.227 0.0000000000
113074  -42.922  47.116  24.144 0.0000000000
113053  -43.115  46.472  24.555 0.0000000000
113075  -43.856  47.003  24.331 0.0000000000
112403  -45.862  45.451  24.085 0.0000000000
111868  -47.471  43.786  22.356 0.0000000000
111854  -47.400  43.929  22.896 0.0000000000
111278  -47.959  43.209  22.925 0.0000000000
110690  -48.394  42.624  22.995 0.0000000000
110090  -48.507  41.594  22.697 0.0000000000
109492  -48.399  40.823  22.940 0.0000000000
109505  -48.536  40.652  21.917 0.0000000000
108905  -48.495  39.986  21.778 0.0000000000
108289  -48.324  38.658  20.932 0.0000000000
108924  -48.126  39.207  20.941 0.0000000000
108288  -47.416  38.551  20.751 0.0000000000
108287  -46.312  38.557  20.834 0.0000000000
108920  -44.233  39.443  20.890 0.0000000000
97825  -47.775  23.429  31.507 0.0000000000
98518  -47.719  25.190  29.042 0.0000000000
99158  -48.399  25.767  27.626 0.0000000000
112408  -32.722  45.868  23.791 0.0000000000
111268  -36.025  43.909  23.448 0.0000000000
111269  -36.622  43.949  23.808 0.0000000000
111276  -36.636  43.839  23.157 0.0000000000
111850  -37.420  43.962  23.010 0.0000000000
113147  -37.626  46.133  19.045 0.0000000000
112463  -38.091  45.768  19.648 0.0000000000
112451  -40.404  46.475  20.746 0.0000000000
113820  -41.918  48.015  20.271 0.0000000000
114539  -42.015  48.656  17.466 0.0000000000
115080  -43.515  49.474  17.909 0.0000000000
115066  -44.500  50.078  19.120 0.0000000000
115067  -45.547  50.100  19.314 0.0000000000
115082  -45.255  50.175  18.546 0.0000000000
115617  -45.764  50.072  18.341 0.0000000000
115083  -46.214  49.654  18.448 0.0000000000
114556  -45.719  48.600  16.549 0.0000000000
114567  -45.799  48.231  15.842 0.0000000000
101729  -38.003  29.735  26.262 0.0000000000
101068  -38.287  28.994  26.670 0.0000000000
101055  -38.514  28.355  27.296 0.0000000000
99812  -41.344  26.632  27.748 0.0000000000
100411  -41.874  27.507  27.581 0.0000000000
102465  -42.972  30.663  25.776 0.0000000000
102449  -43.589  30.038  26.363 0.0000000000
101737  -46.141  29.519  26.567 0.0000000000
102452  -46.580  30.063  26.126 0.0000000000
102469  -46.952  30.410  25.409 0.0000000000
107478  -40.751  37.879  25.026 0.0000000000
107459  -41.634  37.539  25.773 0.0000000000
111262  -44.030  43.850  24.267 0.0000000000
110073  -44.564  41.583  24.369 0.0000000000
107465  -46.849  37.595  25.153 0.0000000000
108205  -46.460  38.128  25.262 0.0000000000
107464  -46.366  37.321  25.547 0.0000000000
107463  -45.477  37.303  26.082 0.0000000000
107462  -44.548  37.487  26.039 0.0000000000
107445  -44.211  37.120  26.745 0.0000000000
106711  -44.676  36.640  26.829 0.0000000000
106723  -44.735  36.097  26.668 0.0000000000
105969  -44.274  35.410  26.376 0.0000000000
105192  -43.722  34.853  25.990 0.0000000000
105209  -44.430  34.662  24.279 0.0000000000
104506  -45.448  33.586  22.194 0.0000000000
102488  -46.907  30.580  23.544 0.0000000000
102499  -47.050  30.373  23.458 0.0000000000
101786  -47.056  30.149  23.313 0.0000000000
101785  -46.413  29.771  23.097 0.0000000000
101808  -45.188  29.785  20.638 0.0000000000
101128  -43.331  28.504  22.131 0.0000000000
101794  -42.903  29.028  21.433 0.0000000000
101793  -41.912  28.999  21.311 0.0000000000
105278  -47.140  34.133  18.754 0.0000000000
105277  -46.082  34.198  18.733 0.0000000000
104535  -45.640  33.461  18.370 0.0000000000
103201  -41.069  31.630  18.779 0.0000000000
101828  -41.180  29.748  19.098 0.0000000000
101150  -40.099  28.842  18.942 0.0000000000
101143  -39.667  28.502  19.109 0.0000000000
100497  -39.205  28.062  19.330 0.0000000000
101148  -38.539  28.706  18.117 0.0000000000
98530  -50.373  24.713  27.050 0.0000000000
114448  -45.061  48.289  22.929 0.0000000000
113769  -45.108  47.648  23.441 0.0000000000
112426  -47.239  44.723  22.474 0.0000000000
112441  -47.329  44.450  22.227 0.0000000000
111288  -47.386  43.450  21.920 0.0000000000
109502  -46.833  40.937  21.115 0.0000000000
110097  -46.383  41.806  21.405 0.0000000000
109500  -44.741  41.074  21.212 0.0000000000
110696  -44.814  42.710  21.730 0.0000000000
110095  -44.231  41.857  21.490 0.0000000000
98473  -46.165  23.302  32.700 0.0000000000
98480  -45.689  24.138  31.575 0.0000000000
97824  -44.864  23.662  30.066 0.0000000000
98500  -45.945  24.005  29.766 0.0000000000
97854  -46.463  24.228  28.846 0.0000000000
98516  -46.122  24.966  28.235 0.0000000000
99143  -46.320  25.580  27.748 0.0000000000
112432  -34.156  45.737  21.508 0.0000000000
111857  -34.608  44.921  21.148 0.0000000000
111871  -34.366  44.851  20.409 0.0000000000
113893  -41.618  48.403  16.901 0.0000000000
114552  -42.209  48.453  16.495 0.0000000000
114563  -42.935  48.200  15.926 0.0000000000
114564  -43.939  48.425  15.562 0.0000000000
113915  -43.965  48.201  15.146 0.0000000000
113924  -44.074  47.891  14.821 0.0000000000
102464  -41.824  30.644  25.651 0.0000000000
103141  -43.426  31.332  25.243 0.0000000000
103156  -43.828  31.911  24.658 0.0000000000
109487  -40.527  40.786  23.608 0.0000000000
108887  -41.218  39.843  23.706 0.0000000000
109480  -47.229  40.812  24.436 0.0000000000
108223  -47.015  38.450  24.218 0.0000000000
107483  -47.156  37.390  24.567 0.0000000000
106733  -47.147  36.609  24.618 0.0000000000
105979  -46.898  36.041  24.670 0.0000000000
105988  -46.553  35.501  24.012 0.0000000000
105987  -45.710  35.353  24.404 0.0000000000
105222  -46.425  34.911  22.886 0.0000000000
105233  -47.880  35.048  21.692 0.0000000000
105232  -46.760  34.503  21.714 0.0000000000
104507  -46.005  33.671  21.379 0.0000000000
103193  -46.009  31.246  19.796 0.0000000000
103846  -47.547  31.873  19.626 0.0000000000
103203  -46.993  31.046  19.463 0.0000000000
102534  -45.718  30.307  19.145 0.0000000000
105275  -44.123  33.892  19.030 0.0000000000
104531  -41.984  32.912  18.821 0.0000000000
103844  -41.526  32.271  18.747 0.0000000000
103200  -40.251  31.398  18.995 0.0000000000
102529  -39.668  30.781  18.995 0.0000000000
111828  -41.104  45.185  24.706 0.0000000000
111830  -43.305  44.896  24.795 0.0000000000
112401  -43.657  45.777  24.523 0.0000000000
113056  -45.800  45.942  23.744 0.0000000000
111833  -46.466  44.447  23.962 0.0000000000
111271  -47.515  43.484  23.573 0.0000000000
111265  -47.405  43.421  23.885 0.0000000000
110674  -47.161  42.799  24.232 0.0000000000
109481  -47.880  40.970  24.159 0.0000000000
108882  -47.978  40.119  23.743 0.0000000000
108233  -47.979  38.476  22.889 0.0000000000
108242  -48.635  38.505  22.290 0.0000000000
107508  -49.247  37.365  22.082 0.0000000000
106035  -50.599  35.293  20.206 0.0000000000
105270  -49.966  34.645  19.773 0.0000000000
106049  -49.866  35.395  19.887 0.0000000000
106048  -49.024  35.402  19.467 0.0000000000
106047  -48.141  35.340  19.585 0.0000000000
106793  -47.711  35.995  19.939 0.0000000000
106045  -46.147  35.279  19.631 0.0000000000
105248  -44.821  34.857  20.082 0.0000000000
108902  -46.334  40.205  21.102 0.0000000000
98503  -48.713  24.750  29.953 0.0000000000
99825  -50.075  26.435  25.877 0.0000000000
99824  -49.544  26.651  26.384 0.0000000000
100425  -50.357  27.225  25.677 0.0000000000
101079  -50.655  27.652  25.459 0.0000000000
101755  -49.904  28.861  25.319 0.0000000000
112396  -34.097  45.246  23.874 0.0000000000
112388  -34.187  44.949  24.580 0.0000000000
111804  -35.466  44.584  26.113 0.0000000000
111805  -36.559  45.052  26.394 0.0000000000
111825  -38.307  45.037  25.449 0.0000000000
111256  -37.281  44.358  24.389 0.0000000000
112411  -39.523  45.335  25.080 0.0000000000
112412  -40.174  45.488  24.537 0.0000000000
111873  -36.089  44.479  20.715 0.0000000000
111874  -37.145  44.421  20.699 0.0000000000
111875  -37.778  44.439  21.316 0.0000000000
111861  -38.323  44.376  22.088 0.0000000000
112433  -38.614  44.834  21.716 0.0000000000
113113  -41.446  47.306  22.043 0.0000000000
113094  -41.720  47.242  22.642 0.0000000000
113765  -42.524  47.548  23.216 0.0000000000
113783  -42.791  47.875  23.036 0.0000000000
114446  -43.302  48.332  22.959 0.0000000000
114496  -40.278  48.238  19.140 0.0000000000
113844  -41.045  48.100  19.366 0.0000000000
113846  -42.129  48.200  19.880 0.0000000000
114477  -42.945  48.641  21.091 0.0000000000
114462  -43.522  48.921  21.911 0.0000000000
114447  -44.261  48.601  22.689 0.0000000000
113785  -44.926  48.179  22.068 0.0000000000
113803  -45.036  48.318  21.456 0.0000000000
115051  -45.726  49.585  19.929 0.0000000000
114480  -45.869  48.756  20.237 0.0000000000
113823  -45.842  47.739  20.261 0.0000000000
113822  -45.761  47.582  19.909 0.0000000000
114573  -44.638  48.360  14.980 0.0000000000
114574  -45.250  48.445  15.205 0.0000000000
113917  -45.955  47.853  15.419 0.0000000000
98525  -43.482  25.177  27.699 0.0000000000
98526  -44.448  25.277  27.686 0.0000000000
99155  -45.832  26.073  27.512 0.0000000000
99817  -46.338  26.943  27.366 0.0000000000
101720  -42.454  28.875  27.226 0.0000000000
101060  -43.338  28.394  27.435 0.0000000000
101722  -43.766  29.033  27.293 0.0000000000
100414  -44.866  27.763  27.248 0.0000000000
100416  -46.879  27.678  27.066 0.0000000000
100422  -48.217  28.380  26.513 0.0000000000
101076  -48.625  28.827  26.498 0.0000000000
101740  -49.161  29.345  26.183 0.0000000000
101763  -49.794  29.443  24.904 0.0000000000
106691  -40.428  35.777  27.467 0.0000000000
105947  -41.968  35.313  27.736 0.0000000000
110683  -42.460  42.025  24.126 0.0000000000
110682  -41.500  42.366  24.060 0.0000000000
110084  -41.898  41.409  23.946 0.0000000000
109488  -41.523  40.667  23.737 0.0000000000
108888  -42.184  39.765  23.900 0.0000000000
108876  -43.093  39.290  24.415 0.0000000000
108875  -42.373  39.018  24.326 0.0000000000
108231  -41.749  39.180  24.031 0.0000000000
108217  -41.906  38.477  24.663 0.0000000000
108200  -42.071  37.930  25.425 0.0000000000
107444  -43.330  37.010  26.700 0.0000000000
107443  -42.407  36.912  26.481 0.0000000000
106708  -42.180  36.333  26.899 0.0000000000
106693  -42.002  35.881  27.324 0.0000000000
105948  -42.442  35.560  27.396 0.0000000000
105183  -41.962  34.700  27.279 0.0000000000
105196  -41.984  34.375  25.787 0.0000000000
105210  -45.133  35.024  23.770 0.0000000000
104498  -44.430  33.799  23.526 0.0000000000
104499  -44.925  33.716  22.950 0.0000000000
103143  -45.456  31.052  25.018 0.0000000000
103144  -46.418  30.831  24.953 0.0000000000
103159  -46.992  30.794  24.401 0.0000000000
102471  -48.674  30.289  25.295 0.0000000000
102472  -49.347  30.130  24.940 0.0000000000
101775  -49.298  29.281  24.391 0.0000000000
101107  -48.974  28.462  24.088 0.0000000000
101106  -48.018  28.567  23.938 0.0000000000
101784  -45.344  29.114  22.771 0.0000000000
101771  -45.722  28.972  23.346 0.0000000000
99847  -45.532  26.521  23.396 0.0000000000
99846  -44.707  26.303  23.284 0.0000000000
99845  -44.155  26.131  23.157 0.0000000000
101117  -42.890  27.835  22.473 0.0000000000
100463  -42.618  26.873  22.633 0.0000000000
105281  -49.613  34.167  19.155 0.0000000000
104538  -48.495  33.433  18.363 0.0000000000
103226  -47.793  31.914  17.787 0.0000000000
103215  -46.642  32.213  17.946 0.0000000000
103225  -47.096  31.692  17.759 0.0000000000
102557  -45.410  30.764  17.816 0.0000000000
102548  -44.875  30.578  18.328 0.0000000000
104533  -43.832  33.092  18.584 0.0000000000
101792  -41.541  28.795  21.158 0.0000000000
101803  -40.879  28.826  20.315 0.0000000000
101137  -40.936  28.476  20.980 0.0000000000
97802  -46.515  22.905  32.983 0.0000000000
98465  -46.092  22.991  33.072 0.0000000000
98488  -44.542  23.942  30.614 0.0000000000
98528  -45.903  25.487  27.789 0.0000000000
100440  -50.748  27.798  24.663 0.0000000000
101064  -47.207  28.140  26.754 0.0000000000
101072  -41.775  28.627  27.182 0.0000000000
101819  -44.229  29.786  19.909 0.0000000000
102479  -47.317  30.541  24.915 0.0000000000
102482  -49.274  29.889  24.509 0.0000000000
102551  -47.674  30.661  17.976 0.0000000000
102552  -48.215  31.245  18.109 0.0000000000
102558  -46.101  30.852  17.694 0.0000000000
102559  -46.942  31.022  17.667 0.0000000000
102561  -48.135  31.608  17.868 0.0000000000
103169  -47.210  30.781  23.940 0.0000000000
103202  -46.335  30.674  19.326 0.0000000000
103205  -48.552  31.667  18.710 0.0000000000
103206  -48.766  32.142  18.606 0.0000000000
103214  -46.169  32.217  17.935 0.0000000000
103216  -47.300  32.240  17.903 0.0000000000
103218  -48.709  32.297  18.450 0.0000000000
103222  -44.731  31.490  17.661 0.0000000000
103223  -45.351  31.318  17.579 0.0000000000
103227  -48.195  31.944  17.880 0.0000000000
103839  -48.618  32.768  19.958 0.0000000000
103856  -47.034  32.784  18.186 0.0000000000
103857  -47.922  32.637  17.978 0.0000000000
103858  -48.624  32.625  18.336 0.0000000000
103859  -48.952  32.550  18.606 0.0000000000
103863  -44.956  31.767  17.605 0.0000000000
103865  -45.808  32.259  17.914 0.0000000000
103866  -48.078  32.175  17.841 0.0000000000
103867  -48.290  32.249  18.002 0.0000000000
104478  -41.499  33.883  25.687 0.0000000000
104525  -49.040  32.978  19.924 0.0000000000
104540  -49.696  33.961  19.201 0.0000000000
105237  -51.463  34.808  21.027 0.0000000000
105238  -52.057  34.921  20.833 0.0000000000
105254  -51.446  34.993  20.504 0.0000000000
105255  -51.861  35.382  20.559 0.0000000000
105282  -49.767  34.204  19.397 0.0000000000
105991  -48.291  36.201  22.754 0.0000000000
106006  -51.688  35.603  21.680 0.0000000000
106007  -51.987  35.705  21.555 0.0000000000
106008  -52.114  35.731  21.175 0.0000000000
106020  -52.014  35.225  21.379 0.0000000000
106021  -52.168  35.445  20.942 0.0000000000
106034  -50.156  35.595  20.196 0.0000000000
106036  -51.382  35.437  20.441 0.0000000000
106050  -50.218  35.077  19.929 0.0000000000
106690  -39.720  35.678  27.455 0.0000000000
106694  -42.579  35.977  27.372 0.0000000000
106754  -51.900  35.414  21.246 0.0000000000
106755  -51.849  36.109  21.299 0.0000000000
106756  -51.801  35.906  20.782 0.0000000000
106765  -51.140  36.114  21.106 0.0000000000
106784  -51.101  35.798  20.586 0.0000000000
106796  -49.738  35.863  20.055 0.0000000000
107446  -44.932  37.107  26.647 0.0000000000
107481  -44.502  37.907  25.369 0.0000000000
107482  -46.951  37.075  25.124 0.0000000000
107522  -49.039  37.865  21.192 0.0000000000
108259  -48.462  38.953  21.163 0.0000000000
108290  -48.717  38.284  21.050 0.0000000000
108901  -45.848  40.257  21.131 0.0000000000
109490  -43.019  40.533  24.142 0.0000000000
109491  -43.495  40.488  24.238 0.0000000000
109495  -48.537  40.684  22.279 0.0000000000
110661  -48.828  43.449  25.112 0.0000000000
110662  -49.178  43.638  24.791 0.0000000000
110677  -49.171  43.388  24.297 0.0000000000
110686  -49.051  43.469  23.967 0.0000000000
110689  -48.135  42.872  22.697 0.0000000000
110700  -48.446  41.986  22.284 0.0000000000
111270  -37.155  44.077  23.870 0.0000000000
111272  -48.319  43.292  23.943 0.0000000000
111275  -36.179  43.890  22.887 0.0000000000
111809  -32.380  44.709  25.455 0.0000000000
111816  -39.325  45.072  26.087 0.0000000000
111817  -39.939  45.074  26.014 0.0000000000
111820  -32.800  44.863  24.852 0.0000000000
111823  -36.437  44.755  25.122 0.0000000000
111842  -40.707  45.391  24.822 0.0000000000
111844  -47.506  43.598  23.353 0.0000000000
112389  -39.672  45.278  25.974 0.0000000000
112390  -39.870  45.285  25.772 0.0000000000
112414  -44.044  46.269  24.287 0.0000000000
112416  -46.137  45.681  23.625 0.0000000000
113078  -46.514  45.737  22.894 0.0000000000
113766  -42.847  47.522  23.497 0.0000000000
113768  -44.349  47.882  24.025 0.0000000000
113784  -43.116  47.885  23.294 0.0000000000
113819  -41.196  48.117  19.927 0.0000000000
113845  -41.561  48.566  19.832 0.0000000000
113927  -45.729  48.122  15.035 0.0000000000
114428  -43.551  48.210  23.436 0.0000000000
114444  -42.382  48.135  22.600 0.0000000000
114460  -42.299  48.269  22.398 0.0000000000
114497  -40.645  48.035  18.961 0.0000000000
114501  -46.056  48.428  19.282 0.0000000000
114502  -46.162  48.619  19.563 0.0000000000
114520  -40.406  48.103  18.742 0.0000000000
114526  -46.464  49.630  18.972 0.0000000000
114553  -43.178  48.613  16.637 0.0000000000
114555  -44.615  48.976  16.068 0.0000000000
114565  -44.728  48.830  15.649 0.0000000000
114575  -45.649  48.261  15.441 0.0000000000
115053  -46.528  49.548  19.571 0.0000000000
115068  -46.198  49.938  19.440 0.0000000000
115069  -46.452  49.767  19.247 0.0000000000
115114  -43.360  48.868  17.103 0.0000000000
115135  -44.793  49.118  15.992 0.0000000000
115586  -46.318  50.095  19.059 0.0000000000
115587  -46.530  50.057  18.897 0.0000000000
115599  -45.914  50.230  18.839 0.0000000000
115600  -46.233  50.045  18.632 0.0000000000
115601  -46.400  49.928  18.783 0.0000000000
115618  -45.891  49.828  18.125 0.0000000000
123986  -51.580  35.679  20.537 0.0000000000
124098  -48.534  43.636  24.587 0.0000000000
124099  -48.156  43.037  24.068 0.0000000000
124100  -49.063  43.790  24.307 0.0000000000
124101  -48.825  43.561  23.969 0.0000000000
