#!ascii label  , from subject 4121 vox2ras=TkReg
1292
66500  -43.026  -10.122  41.974 0.0000000000
79315  -54.989  1.826  33.684 0.0000000000
72955  -47.198  -3.775  38.385 0.0000000000
46700  -13.680  -28.316  65.251 0.0000000000
61147  -39.486  -14.794  49.076 0.0000000000
54145  -27.148  -21.419  64.565 0.0000000000
55266  -37.148  -20.300  62.557 0.0000000000
59856  -39.935  -17.533  57.016 0.0000000000
59897  -43.252  -16.196  54.181 0.0000000000
53052  -18.927  -21.956  58.495 0.0000000000
54114  -23.160  -21.016  65.334 0.0000000000
54243  -23.535  -21.121  59.166 0.0000000000
53061  -32.703  -21.524  58.301 0.0000000000
56345  -37.227  -18.350  58.165 0.0000000000
66432  -45.318  -10.182  48.952 0.0000000000
68461  -47.487  -8.003  45.236 0.0000000000
76259  -52.106  -1.053  37.025 0.0000000000
69573  -44.493  -6.894  39.284 0.0000000000
76324  -53.264  -1.217  30.372 0.0000000000
42886  -10.642  -31.810  65.859 0.0000000000
63236  -43.539  -12.616  51.199 0.0000000000
63311  -40.602  -12.725  45.493 0.0000000000
53036  -27.488  -21.983  59.489 0.0000000000
52958  -31.940  -21.513  63.112 0.0000000000
74065  -49.129  -2.650  43.980 0.0000000000
77425  -59.596  -0.316  24.168 0.0000000000
59874  -37.267  -16.461  55.745 0.0000000000
58582  -39.077  -17.051  53.676 0.0000000000
54240  -20.624  -21.278  59.196 0.0000000000
55358  -35.255  -19.890  55.784 0.0000000000
58526  -36.730  -17.325  56.046 0.0000000000
59806  -37.936  -17.325  57.354 0.0000000000
65392  -44.444  -10.781  45.598 0.0000000000
67441  -46.017  -9.129  46.655 0.0000000000
67478  -44.928  -8.896  43.700 0.0000000000
77321  -53.644  0.540  35.499 0.0000000000
77291  -53.745  0.934  38.606 0.0000000000
80285  -56.139  2.676  32.527 0.0000000000
44843  -12.973  -30.251  62.069 0.0000000000
43881  -12.193  -31.287  65.454 0.0000000000
61124  -41.114  -15.546  51.223 0.0000000000
62192  -43.310  -14.053  52.741 0.0000000000
62219  -41.775  -13.799  50.074 0.0000000000
63261  -42.646  -12.759  49.058 0.0000000000
62257  -39.571  -13.469  46.977 0.0000000000
54116  -25.320  -21.139  65.260 0.0000000000
54038  -24.551  -20.555  68.142 0.0000000000
54063  -27.188  -20.971  67.529 0.0000000000
54091  -29.915  -21.122  66.697 0.0000000000
54298  -25.065  -21.737  56.799 0.0000000000
51940  -27.269  -22.331  56.277 0.0000000000
54228  -35.214  -20.869  60.193 0.0000000000
53021  -32.128  -21.629  60.394 0.0000000000
54195  -34.523  -20.924  62.406 0.0000000000
54152  -33.905  -20.799  64.710 0.0000000000
49664  -16.131  -24.828  61.581 0.0000000000
52927  -16.512  -22.270  65.410 0.0000000000
52896  -14.969  -22.529  68.557 0.0000000000
72952  -45.589  -4.854  38.941 0.0000000000
71788  -46.972  -4.708  41.755 0.0000000000
75185  -47.481  -2.418  40.815 0.0000000000
79424  -60.212  -0.314  21.878 0.0000000000
46683  -11.917  -28.023  68.465 0.0000000000
58492  -42.387  -16.853  58.076 0.0000000000
58516  -43.788  -16.415  56.908 0.0000000000
58547  -41.938  -16.901  55.238 0.0000000000
58600  -40.459  -16.481  52.203 0.0000000000
52989  -18.679  -22.125  61.461 0.0000000000
54139  -20.522  -21.384  64.702 0.0000000000
54187  -20.925  -21.593  62.335 0.0000000000
54189  -23.061  -21.413  62.294 0.0000000000
54170  -25.686  -21.376  62.645 0.0000000000
51944  -30.345  -22.118  56.307 0.0000000000
53095  -33.140  -21.352  56.098 0.0000000000
54265  -35.379  -20.611  57.766 0.0000000000
55300  -37.083  -19.650  59.852 0.0000000000
57358  -38.745  -18.667  59.792 0.0000000000
59809  -40.330  -17.394  58.830 0.0000000000
50789  -17.708  -23.628  58.445 0.0000000000
66404  -46.694  -10.609  51.340 0.0000000000
67388  -48.913  -10.117  52.661 0.0000000000
67415  -47.179  -8.699  50.346 0.0000000000
68422  -48.803  -7.710  48.597 0.0000000000
74133  -49.900  -2.923  38.008 0.0000000000
75201  -49.698  -1.217  40.352 0.0000000000
76230  -51.783  -0.802  39.908 0.0000000000
39180  -7.476  -35.933  68.224 0.0000000000
67508  -43.678  -9.000  40.583 0.0000000000
71836  -43.542  -6.209  37.513 0.0000000000
71875  -47.501  -5.140  35.528 0.0000000000
74157  -49.939  -3.431  35.388 0.0000000000
75259  -51.487  -1.895  34.221 0.0000000000
77337  -53.070  -0.280  33.134 0.0000000000
78336  -54.368  0.209  32.335 0.0000000000
76314  -52.448  -1.274  31.204 0.0000000000
43863  -10.747  -30.258  68.156 0.0000000000
41883  -9.154  -31.853  69.947 0.0000000000
40933  -8.372  -33.842  69.032 0.0000000000
65272  -47.225  -11.983  55.351 0.0000000000
61064  -44.732  -14.780  55.621 0.0000000000
63191  -45.016  -13.459  54.622 0.0000000000
64244  -45.717  -11.555  52.561 0.0000000000
64265  -44.681  -11.337  50.280 0.0000000000
64293  -43.143  -11.329  47.304 0.0000000000
65401  -41.217  -11.415  43.544 0.0000000000
54036  -22.544  -20.447  68.015 0.0000000000
53014  -25.482  -21.532  59.743 0.0000000000
52974  -27.689  -21.621  62.250 0.0000000000
53058  -29.692  -21.967  58.614 0.0000000000
52997  -29.944  -21.641  61.414 0.0000000000
52942  -30.154  -21.341  64.221 0.0000000000
54093  -31.891  -20.949  66.730 0.0000000000
45771  -14.678  -29.727  61.251 0.0000000000
47595  -15.142  -26.698  61.757 0.0000000000
48528  -14.306  -26.347  65.015 0.0000000000
69538  -46.232  -7.142  42.625 0.0000000000
70617  -48.285  -5.375  44.275 0.0000000000
72858  -50.458  -3.755  46.305 0.0000000000
77249  -49.807  -0.592  42.375 0.0000000000
78345  -56.089  0.779  31.521 0.0000000000
78352  -58.071  0.879  29.589 0.0000000000
79367  -58.910  1.407  27.672 0.0000000000
76381  -58.899  -1.004  26.121 0.0000000000
79396  -60.173  0.964  26.399 0.0000000000
61061  -36.832  -16.740  55.376 0.0000000000
59912  -36.889  -16.889  54.220 0.0000000000
59911  -36.301  -16.462  53.825 0.0000000000
58543  -35.574  -17.331  54.805 0.0000000000
59872  -36.103  -16.924  55.023 0.0000000000
59852  -37.291  -16.695  56.060 0.0000000000
66478  -43.451  -10.550  44.158 0.0000000000
66479  -44.350  -9.635  44.158 0.0000000000
66489  -43.734  -9.788  42.985 0.0000000000
78310  -54.001  1.323  34.456 0.0000000000
78299  -54.677  1.683  36.018 0.0000000000
79308  -55.340  2.357  34.856 0.0000000000
79316  -55.796  2.547  33.835 0.0000000000
79324  -55.729  2.282  32.991 0.0000000000
44824  -13.304  -29.948  64.019 0.0000000000
44823  -13.071  -31.048  63.649 0.0000000000
45735  -12.913  -29.663  65.903 0.0000000000
61136  -40.603  -15.052  50.138 0.0000000000
61137  -41.472  -14.373  50.385 0.0000000000
61148  -40.293  -14.248  49.409 0.0000000000
62247  -41.036  -13.429  48.671 0.0000000000
62245  -39.694  -13.709  47.897 0.0000000000
54079  -17.989  -20.722  66.681 0.0000000000
54117  -26.434  -21.381  65.402 0.0000000000
54087  -25.777  -21.217  66.393 0.0000000000
54089  -27.879  -21.173  66.623 0.0000000000
54064  -28.220  -21.042  67.590 0.0000000000
54119  -28.527  -21.262  65.737 0.0000000000
54212  -35.854  -20.759  61.148 0.0000000000
54211  -34.853  -20.945  61.287 0.0000000000
54196  -35.576  -20.778  62.245 0.0000000000
54176  -35.318  -20.743  63.415 0.0000000000
52950  -17.713  -21.997  63.577 0.0000000000
52928  -16.937  -21.659  65.128 0.0000000000
54077  -16.727  -21.557  66.667 0.0000000000
66358  -48.454  -10.515  55.356 0.0000000000
72954  -46.565  -4.032  38.807 0.0000000000
74110  -46.371  -4.019  40.005 0.0000000000
75210  -47.305  -2.995  39.779 0.0000000000
58513  -40.960  -17.570  57.077 0.0000000000
58514  -41.979  -17.278  57.084 0.0000000000
58528  -40.379  -17.335  56.192 0.0000000000
58583  -40.240  -16.806  53.310 0.0000000000
58599  -39.225  -16.833  52.488 0.0000000000
58617  -40.251  -16.314  51.487 0.0000000000
53010  -18.754  -22.022  60.459 0.0000000000
52990  -19.337  -21.923  61.256 0.0000000000
53011  -19.517  -21.805  60.340 0.0000000000
54241  -21.671  -21.164  59.235 0.0000000000
54205  -22.292  -21.432  61.319 0.0000000000
54206  -23.229  -21.340  61.244 0.0000000000
54190  -23.993  -21.631  62.179 0.0000000000
54207  -24.119  -21.545  61.107 0.0000000000
53111  -32.340  -21.393  55.157 0.0000000000
56343  -36.396  -19.334  57.144 0.0000000000
54282  -34.837  -20.406  56.770 0.0000000000
55327  -36.151  -19.951  57.819 0.0000000000
54248  -36.096  -20.105  59.413 0.0000000000
55316  -37.156  -19.096  58.951 0.0000000000
55301  -37.968  -19.143  59.846 0.0000000000
56327  -37.471  -18.062  59.245 0.0000000000
59835  -38.657  -17.415  57.480 0.0000000000
59808  -39.239  -18.194  58.730 0.0000000000
59836  -39.588  -17.514  57.817 0.0000000000
59810  -41.199  -16.988  58.709 0.0000000000
51913  -18.109  -22.888  58.712 0.0000000000
65342  -45.587  -10.658  50.068 0.0000000000
66414  -46.728  -9.604  50.582 0.0000000000
66424  -46.643  -9.192  49.743 0.0000000000
67459  -47.438  -8.733  46.193 0.0000000000
67430  -47.662  -8.271  47.687 0.0000000000
68431  -48.109  -8.079  47.264 0.0000000000
69498  -49.344  -7.040  47.951 0.0000000000
69511  -49.250  -6.762  46.755 0.0000000000
75231  -50.928  -2.317  36.915 0.0000000000
75214  -51.186  -1.607  39.442 0.0000000000
76247  -52.273  -1.164  38.140 0.0000000000
79271  -54.653  2.256  38.647 0.0000000000
72985  -49.350  -4.069  35.616 0.0000000000
73005  -48.927  -3.909  33.554 0.0000000000
74176  -50.464  -2.664  33.457 0.0000000000
76291  -51.623  -2.424  32.832 0.0000000000
77329  -52.685  -0.820  33.741 0.0000000000
76302  -52.006  -1.801  32.013 0.0000000000
76303  -52.443  -1.335  31.721 0.0000000000
42901  -10.517  -31.524  63.774 0.0000000000
41928  -9.941  -32.936  65.661 0.0000000000
46680  -10.637  -27.504  69.616 0.0000000000
45722  -11.667  -29.001  68.470 0.0000000000
44787  -10.367  -29.111  69.529 0.0000000000
42848  -8.196  -30.960  69.865 0.0000000000
41863  -7.978  -31.860  69.922 0.0000000000
41882  -8.731  -32.607  69.624 0.0000000000
40921  -7.538  -33.493  69.868 0.0000000000
40020  -7.688  -33.875  70.385 0.0000000000
59877  -43.995  -16.578  54.822 0.0000000000
59857  -44.481  -16.181  55.991 0.0000000000
61081  -44.073  -15.627  53.827 0.0000000000
63219  -43.791  -13.370  52.408 0.0000000000
63203  -45.021  -13.941  53.413 0.0000000000
63204  -44.833  -12.977  53.357 0.0000000000
64214  -45.427  -12.430  53.946 0.0000000000
64243  -45.045  -11.833  52.226 0.0000000000
64253  -45.115  -11.483  51.281 0.0000000000
64252  -44.162  -11.884  50.830 0.0000000000
63285  -41.395  -12.641  47.005 0.0000000000
64281  -43.039  -12.070  47.597 0.0000000000
64307  -41.848  -12.304  45.948 0.0000000000
64326  -42.274  -11.611  45.358 0.0000000000
64325  -41.306  -11.974  45.337 0.0000000000
54140  -21.509  -21.279  64.527 0.0000000000
54083  -21.687  -20.912  66.362 0.0000000000
54084  -22.686  -20.950  66.313 0.0000000000
53055  -26.746  -21.831  58.478 0.0000000000
54280  -25.230  -21.757  57.775 0.0000000000
53035  -26.506  -21.779  59.437 0.0000000000
53015  -26.067  -21.586  60.363 0.0000000000
53016  -27.213  -21.844  60.430 0.0000000000
53078  -31.900  -21.736  57.329 0.0000000000
51929  -29.949  -22.140  56.909 0.0000000000
53060  -31.620  -21.733  58.401 0.0000000000
52979  -32.460  -21.477  62.109 0.0000000000
52998  -30.928  -21.616  61.397 0.0000000000
52977  -30.657  -21.625  62.390 0.0000000000
52976  -29.632  -21.646  62.384 0.0000000000
54172  -31.218  -21.363  64.157 0.0000000000
54149  -30.955  -21.152  64.992 0.0000000000
54150  -31.864  -21.172  64.925 0.0000000000
58432  -39.568  -17.328  62.115 0.0000000000
48570  -15.575  -26.199  61.581 0.0000000000
48546  -14.919  -25.744  62.974 0.0000000000
47580  -14.449  -26.861  63.367 0.0000000000
52851  -14.372  -21.947  70.653 0.0000000000
68515  -44.400  -7.942  39.552 0.0000000000
68491  -44.952  -8.188  41.864 0.0000000000
69563  -45.557  -6.862  40.481 0.0000000000
72886  -48.217  -4.036  42.616 0.0000000000
70639  -47.277  -5.182  42.412 0.0000000000
71778  -48.444  -4.604  43.573 0.0000000000
71758  -49.077  -4.506  45.327 0.0000000000
72877  -49.377  -3.005  44.795 0.0000000000
77267  -50.091  0.013  41.152 0.0000000000
76207  -49.146  -0.542  41.579 0.0000000000
78219  -50.589  0.916  42.595 0.0000000000
77359  -53.948  -1.188  31.124 0.0000000000
78344  -55.376  0.227  31.669 0.0000000000
77360  -55.331  -0.745  31.186 0.0000000000
76338  -56.496  -0.960  29.431 0.0000000000
76339  -57.400  -0.644  29.117 0.0000000000
78360  -58.289  0.993  28.528 0.0000000000
77388  -58.421  0.005  27.808 0.0000000000
75359  -58.312  -1.618  23.890 0.0000000000
76397  -58.167  -1.749  25.126 0.0000000000
77412  -59.212  -0.271  25.306 0.0000000000
78394  -59.259  0.242  25.963 0.0000000000
78396  -59.899  0.755  25.710 0.0000000000
78408  -60.413  0.081  25.055 0.0000000000
76432  -60.698  -1.292  23.054 0.0000000000
59876  -38.698  -16.788  56.253 0.0000000000
58545  -39.769  -17.043  55.462 0.0000000000
58561  -38.087  -17.209  54.751 0.0000000000
58598  -37.919  -16.627  52.947 0.0000000000
53032  -19.777  -21.568  59.326 0.0000000000
56394  -35.292  -18.463  54.711 0.0000000000
57395  -36.393  -18.294  56.075 0.0000000000
57396  -36.913  -18.022  56.535 0.0000000000
58487  -37.711  -17.709  57.497 0.0000000000
59832  -37.265  -16.753  56.323 0.0000000000
59853  -37.702  -16.529  56.476 0.0000000000
65377  -44.716  -10.656  46.564 0.0000000000
66447  -45.473  -9.506  47.415 0.0000000000
66459  -45.413  -9.935  46.406 0.0000000000
67457  -46.066  -9.466  45.669 0.0000000000
67480  -46.237  -8.695  44.483 0.0000000000
76260  -52.713  -0.489  36.469 0.0000000000
76248  -52.835  -0.562  37.598 0.0000000000
77302  -53.827  0.779  37.489 0.0000000000
79291  -54.606  1.768  37.394 0.0000000000
80294  -56.812  2.900  31.219 0.0000000000
43889  -12.270  -31.641  64.273 0.0000000000
43880  -11.394  -31.689  65.646 0.0000000000
61096  -42.345  -15.875  52.422 0.0000000000
61098  -43.309  -15.138  53.305 0.0000000000
61113  -42.343  -14.662  52.495 0.0000000000
62205  -42.259  -13.788  51.729 0.0000000000
63249  -42.141  -13.296  50.644 0.0000000000
63250  -42.816  -12.748  50.289 0.0000000000
63260  -41.960  -13.103  49.627 0.0000000000
63270  -40.715  -12.879  48.015 0.0000000000
63294  -39.902  -13.034  46.119 0.0000000000
54115  -24.213  -21.008  65.277 0.0000000000
54085  -23.705  -20.934  66.283 0.0000000000
54086  -24.749  -20.937  66.290 0.0000000000
54040  -26.486  -20.635  68.353 0.0000000000
54043  -29.583  -21.191  68.210 0.0000000000
53090  -25.844  -22.026  56.445 0.0000000000
53074  -28.068  -22.081  57.660 0.0000000000
53042  -33.466  -21.336  59.304 0.0000000000
53041  -32.404  -21.603  59.379 0.0000000000
53022  -33.098  -21.305  60.361 0.0000000000
53000  -32.817  -21.519  61.357 0.0000000000
54194  -33.389  -21.307  62.516 0.0000000000
54174  -33.185  -21.127  63.749 0.0000000000
54175  -34.225  -20.904  63.571 0.0000000000
49705  -17.184  -24.907  59.858 0.0000000000
50761  -17.104  -24.784  61.910 0.0000000000
51863  -15.873  -23.621  65.025 0.0000000000
51836  -15.555  -23.615  66.841 0.0000000000
52916  -15.839  -22.785  66.452 0.0000000000
71806  -44.648  -5.646  39.181 0.0000000000
70649  -45.805  -6.191  40.280 0.0000000000
72926  -45.981  -4.450  40.258 0.0000000000
72910  -47.647  -3.479  41.086 0.0000000000
74087  -48.176  -2.887  41.677 0.0000000000
76348  -52.675  -1.219  28.919 0.0000000000
76336  -54.571  -1.355  29.926 0.0000000000
76349  -53.642  -1.395  29.025 0.0000000000
76411  -59.544  -0.548  23.441 0.0000000000
78419  -60.055  -0.020  23.434 0.0000000000
77453  -59.618  -0.347  22.194 0.0000000000
77473  -59.888  -0.132  21.475 0.0000000000
47561  -13.410  -27.035  66.435 0.0000000000
46689  -13.216  -28.576  67.619 0.0000000000
59812  -43.822  -16.429  58.639 0.0000000000
58515  -42.950  -16.849  57.033 0.0000000000
58530  -42.478  -17.033  56.123 0.0000000000
58565  -42.548  -16.538  54.519 0.0000000000
58563  -40.037  -17.053  54.437 0.0000000000
58564  -41.420  -16.760  54.058 0.0000000000
59895  -41.918  -16.451  53.177 0.0000000000
59929  -41.258  -16.081  52.064 0.0000000000
59961  -39.928  -15.791  50.175 0.0000000000
52951  -18.287  -21.852  63.504 0.0000000000
54110  -19.250  -20.980  65.803 0.0000000000
54185  -19.148  -21.494  63.194 0.0000000000
54165  -20.775  -21.395  63.625 0.0000000000
54166  -21.794  -21.330  63.438 0.0000000000
53013  -21.033  -21.788  60.823 0.0000000000
54188  -22.081  -21.449  62.369 0.0000000000
54167  -22.832  -21.347  63.354 0.0000000000
54168  -23.845  -21.343  63.237 0.0000000000
54144  -25.965  -21.300  63.976 0.0000000000
52938  -26.967  -21.438  63.688 0.0000000000
53110  -31.415  -21.673  55.477 0.0000000000
53079  -32.988  -21.501  57.186 0.0000000000
54281  -34.391  -20.591  56.276 0.0000000000
53080  -34.110  -21.108  56.902 0.0000000000
53062  -33.932  -21.372  58.155 0.0000000000
54246  -34.526  -21.028  59.245 0.0000000000
54229  -36.173  -20.269  60.119 0.0000000000
55287  -37.339  -20.147  60.905 0.0000000000
55278  -39.022  -19.746  62.268 0.0000000000
55288  -38.204  -19.866  60.510 0.0000000000
57341  -38.930  -18.725  60.447 0.0000000000
58458  -39.510  -18.209  60.526 0.0000000000
58489  -38.238  -17.795  58.714 0.0000000000
58471  -39.127  -18.517  59.502 0.0000000000
59783  -40.388  -17.576  59.990 0.0000000000
59784  -41.052  -16.813  59.718 0.0000000000
51895  -18.317  -23.438  60.661 0.0000000000
66389  -47.243  -10.589  53.003 0.0000000000
66399  -47.953  -10.545  51.981 0.0000000000
67407  -48.119  -8.970  51.101 0.0000000000
68393  -48.780  -8.506  50.699 0.0000000000
67422  -47.016  -8.501  49.214 0.0000000000
68413  -47.465  -8.000  49.066 0.0000000000
74131  -48.472  -3.216  38.524 0.0000000000
75212  -48.755  -2.414  39.488 0.0000000000
75223  -49.643  -2.615  38.794 0.0000000000
76229  -50.745  -0.944  40.042 0.0000000000
77269  -51.715  0.209  40.581 0.0000000000
77279  -53.297  0.451  39.666 0.0000000000
78243  -52.880  1.401  40.740 0.0000000000
66532  -41.528  -10.087  40.027 0.0000000000
66517  -43.333  -9.509  41.154 0.0000000000
67519  -42.618  -9.560  39.653 0.0000000000
68536  -43.294  -8.125  38.416 0.0000000000
69593  -43.410  -7.086  38.221 0.0000000000
70681  -43.896  -6.247  38.613 0.0000000000
71837  -44.044  -5.488  38.045 0.0000000000
71848  -44.864  -5.159  37.699 0.0000000000
71849  -46.064  -4.961  37.402 0.0000000000
71851  -47.442  -4.265  37.029 0.0000000000
72967  -48.818  -3.752  37.200 0.0000000000
74150  -49.805  -3.502  36.392 0.0000000000
75239  -51.114  -2.408  35.765 0.0000000000
73006  -49.536  -3.545  33.977 0.0000000000
74167  -50.450  -2.777  34.168 0.0000000000
75249  -51.605  -1.764  35.260 0.0000000000
76280  -51.950  -0.980  34.573 0.0000000000
77330  -53.007  0.094  33.956 0.0000000000
78318  -53.527  0.421  33.370 0.0000000000
78330  -54.594  1.368  32.737 0.0000000000
78328  -53.444  0.049  32.839 0.0000000000
77350  -53.295  -1.122  31.377 0.0000000000
76323  -52.517  -1.135  30.470 0.0000000000
76333  -51.514  -0.930  29.544 0.0000000000
45728  -12.245  -29.029  67.448 0.0000000000
44807  -11.664  -30.434  66.911 0.0000000000
43868  -10.485  -31.315  67.476 0.0000000000
44786  -9.653  -29.182  70.041 0.0000000000
43862  -10.272  -30.736  68.495 0.0000000000
42873  -9.924  -31.881  67.851 0.0000000000
41916  -9.366  -33.254  67.277 0.0000000000
40947  -8.938  -34.055  67.754 0.0000000000
40066  -8.233  -34.572  66.934 0.0000000000
40035  -8.107  -35.084  68.847 0.0000000000
65290  -47.504  -11.340  54.827 0.0000000000
62142  -45.428  -14.085  56.302 0.0000000000
62164  -44.901  -14.532  54.282 0.0000000000
62165  -44.751  -14.083  54.985 0.0000000000
64198  -46.254  -12.345  54.825 0.0000000000
65299  -46.390  -11.491  54.259 0.0000000000
65308  -46.977  -10.709  53.610 0.0000000000
65324  -46.269  -11.023  51.689 0.0000000000
65332  -45.301  -10.955  50.495 0.0000000000
65340  -44.431  -10.975  48.999 0.0000000000
64263  -43.425  -12.274  49.514 0.0000000000
64273  -43.939  -11.592  48.950 0.0000000000
65360  -43.755  -10.828  47.274 0.0000000000
65376  -43.757  -10.980  46.207 0.0000000000
65404  -43.145  -10.983  44.566 0.0000000000
65415  -41.750  -10.937  43.064 0.0000000000
61167  -38.227  -14.629  46.903 0.0000000000
62256  -38.668  -14.061  46.515 0.0000000000
62284  -39.669  -13.751  45.170 0.0000000000
63331  -39.681  -13.183  44.073 0.0000000000
64340  -39.809  -12.729  43.839 0.0000000000
64356  -40.620  -11.538  43.155 0.0000000000
65428  -39.990  -10.879  42.087 0.0000000000
66515  -40.773  -10.583  41.099 0.0000000000
54037  -23.546  -20.491  68.054 0.0000000000
54261  -23.653  -21.228  58.068 0.0000000000
54262  -24.426  -21.289  58.179 0.0000000000
54244  -24.386  -21.100  59.158 0.0000000000
54209  -25.637  -21.374  60.858 0.0000000000
52973  -26.838  -21.606  62.238 0.0000000000
52953  -27.358  -21.411  63.021 0.0000000000
51942  -28.752  -22.375  56.131 0.0000000000
53075  -29.004  -22.116  57.750 0.0000000000
53057  -28.751  -21.978  58.610 0.0000000000
53040  -31.392  -21.773  59.449 0.0000000000
53019  -30.202  -21.756  60.460 0.0000000000
53018  -29.229  -21.801  60.469 0.0000000000
52996  -28.953  -21.673  61.398 0.0000000000
52955  -29.205  -21.529  63.250 0.0000000000
52940  -28.699  -21.474  64.016 0.0000000000
54120  -29.520  -21.267  65.797 0.0000000000
54092  -30.914  -21.168  66.716 0.0000000000
45761  -13.931  -30.394  62.481 0.0000000000
45753  -14.321  -28.782  63.519 0.0000000000
47604  -16.101  -27.148  61.041 0.0000000000
46735  -15.306  -27.916  60.233 0.0000000000
46716  -14.775  -28.149  62.437 0.0000000000
46709  -14.401  -27.833  63.825 0.0000000000
46693  -13.844  -27.740  65.501 0.0000000000
48511  -13.575  -25.984  66.583 0.0000000000
51787  -14.481  -23.249  68.627 0.0000000000
67487  -44.227  -8.950  42.443 0.0000000000
68481  -45.751  -8.106  43.035 0.0000000000
68471  -47.169  -7.306  44.362 0.0000000000
70637  -46.255  -6.185  41.705 0.0000000000
69540  -47.137  -6.277  43.293 0.0000000000
69523  -47.698  -6.936  44.706 0.0000000000
70594  -49.252  -5.518  46.003 0.0000000000
75199  -48.010  -1.809  40.536 0.0000000000
76205  -48.410  -1.386  42.052 0.0000000000
76181  -49.384  -1.557  42.986 0.0000000000
79331  -55.165  1.529  32.495 0.0000000000
79340  -56.296  1.502  31.715 0.0000000000
79341  -57.058  2.034  31.279 0.0000000000
77370  -56.057  -0.610  30.221 0.0000000000
77362  -57.055  0.508  30.565 0.0000000000
79349  -58.180  1.870  30.130 0.0000000000
80311  -58.684  2.493  29.162 0.0000000000
80320  -59.167  2.039  28.378 0.0000000000
76364  -57.944  -1.129  27.097 0.0000000000
77389  -58.690  -0.018  27.028 0.0000000000
79382  -59.417  1.354  26.784 0.0000000000
77436  -60.542  -1.077  23.614 0.0000000000
61078  -36.328  -16.811  54.794 0.0000000000
61095  -36.401  -16.710  54.397 0.0000000000
59850  -36.034  -17.025  55.169 0.0000000000
61060  -36.409  -16.903  55.093 0.0000000000
66488  -42.646  -10.640  43.153 0.0000000000
79314  -54.438  1.475  34.047 0.0000000000
79307  -54.673  1.590  34.647 0.0000000000
45743  -13.714  -28.916  64.431 0.0000000000
44815  -13.307  -29.555  64.765 0.0000000000
45736  -13.221  -29.015  65.518 0.0000000000
62232  -39.829  -13.813  48.795 0.0000000000
61158  -39.305  -14.256  48.243 0.0000000000
54109  -18.507  -20.891  66.007 0.0000000000
54118  -27.510  -21.307  65.612 0.0000000000
54197  -36.461  -20.533  61.987 0.0000000000
54178  -37.207  -20.395  63.452 0.0000000000
54107  -17.129  -21.474  65.707 0.0000000000
74121  -47.028  -3.646  39.661 0.0000000000
74129  -47.234  -3.722  39.077 0.0000000000
58615  -38.133  -16.970  51.596 0.0000000000
53031  -18.923  -21.944  59.529 0.0000000000
54242  -22.636  -21.186  59.214 0.0000000000
54222  -22.444  -21.304  60.258 0.0000000000
54223  -23.383  -21.175  60.212 0.0000000000
56344  -36.843  -18.655  57.486 0.0000000000
55328  -36.469  -19.268  57.967 0.0000000000
55315  -36.329  -19.676  58.855 0.0000000000
56325  -36.918  -18.895  58.380 0.0000000000
56326  -37.088  -18.221  58.851 0.0000000000
59855  -39.025  -17.230  56.899 0.0000000000
59837  -40.544  -17.264  57.904 0.0000000000
51914  -18.458  -22.503  58.310 0.0000000000
53030  -18.456  -22.416  59.665 0.0000000000
66422  -45.505  -10.404  49.346 0.0000000000
66423  -46.056  -10.180  49.638 0.0000000000
67471  -47.208  -8.766  45.572 0.0000000000
68446  -47.998  -8.213  46.346 0.0000000000
68447  -48.558  -7.604  46.526 0.0000000000
68462  -48.235  -7.735  45.856 0.0000000000
75232  -51.578  -1.732  37.599 0.0000000000
79262  -54.806  2.999  39.291 0.0000000000
72993  -47.997  -4.898  34.233 0.0000000000
76301  -51.344  -2.340  32.310 0.0000000000
42892  -10.542  -31.573  64.869 0.0000000000
42891  -9.972  -32.093  65.204 0.0000000000
45719  -10.803  -28.548  69.212 0.0000000000
45718  -10.125  -28.232  69.780 0.0000000000
41881  -7.763  -32.645  69.789 0.0000000000
40917  -7.870  -33.297  70.703 0.0000000000
63220  -44.675  -12.534  52.539 0.0000000000
64242  -44.266  -12.150  51.832 0.0000000000
63296  -41.524  -12.626  46.119 0.0000000000
64291  -41.964  -12.246  46.551 0.0000000000
54113  -22.141  -21.067  65.414 0.0000000000
53077  -30.767  -21.887  57.370 0.0000000000
54193  -32.496  -21.461  62.962 0.0000000000
52978  -31.682  -21.517  62.363 0.0000000000
52957  -31.345  -21.511  63.239 0.0000000000
54173  -32.163  -21.419  63.877 0.0000000000
58446  -39.508  -17.026  61.794 0.0000000000
50677  -15.124  -24.663  65.575 0.0000000000
69562  -45.011  -7.581  39.986 0.0000000000
69574  -45.143  -6.892  39.760 0.0000000000
74073  -48.418  -3.371  42.432 0.0000000000
72887  -48.617  -3.829  43.427 0.0000000000
72876  -48.819  -3.653  44.764 0.0000000000
78227  -50.836  1.078  41.808 0.0000000000
77258  -50.351  0.358  41.642 0.0000000000
76325  -54.110  -1.338  30.481 0.0000000000
76353  -57.946  -0.546  28.364 0.0000000000
77424  -59.240  -0.749  24.538 0.0000000000
77413  -59.587  0.096  24.908 0.0000000000
78406  -59.838  0.193  24.486 0.0000000000
78407  -60.076  0.420  24.966 0.0000000000
59875  -38.056  -16.442  56.073 0.0000000000
59894  -38.475  -16.819  55.722 0.0000000000
59893  -37.851  -17.010  55.401 0.0000000000
59926  -36.944  -16.478  53.310 0.0000000000
59927  -37.493  -16.861  53.796 0.0000000000
58597  -37.112  -16.476  52.681 0.0000000000
58525  -36.236  -17.204  55.269 0.0000000000
57409  -35.985  -18.088  55.239 0.0000000000
57410  -36.470  -17.737  55.819 0.0000000000
58511  -37.434  -17.334  56.587 0.0000000000
65393  -45.034  -10.774  45.808 0.0000000000
66471  -45.174  -10.104  45.249 0.0000000000
66480  -45.188  -9.253  44.422 0.0000000000
67469  -45.914  -9.244  44.752 0.0000000000
67479  -45.664  -8.549  44.039 0.0000000000
77313  -53.020  0.292  35.973 0.0000000000
77301  -53.206  0.177  37.028 0.0000000000
77314  -53.848  0.584  36.368 0.0000000000
79292  -54.852  2.246  37.031 0.0000000000
79282  -54.885  2.660  37.933 0.0000000000
80248  -55.220  3.088  37.400 0.0000000000
80286  -56.746  3.261  32.015 0.0000000000
44814  -12.953  -30.372  65.045 0.0000000000
43888  -11.284  -31.241  64.548 0.0000000000
61112  -41.843  -15.408  52.030 0.0000000000
61125  -41.585  -14.783  51.097 0.0000000000
62204  -41.915  -13.826  51.094 0.0000000000
63234  -42.209  -13.458  51.083 0.0000000000
62246  -40.477  -13.322  48.224 0.0000000000
63284  -40.439  -12.957  47.295 0.0000000000
63283  -39.938  -13.094  46.829 0.0000000000
54062  -26.180  -20.928  67.405 0.0000000000
54065  -29.268  -21.004  67.555 0.0000000000
51925  -27.079  -22.371  56.653 0.0000000000
53073  -26.921  -22.205  57.322 0.0000000000
51926  -27.592  -22.305  56.828 0.0000000000
54227  -34.122  -20.979  60.305 0.0000000000
54210  -33.812  -21.202  61.378 0.0000000000
54153  -35.007  -20.872  64.575 0.0000000000
50771  -18.104  -24.407  60.750 0.0000000000
50770  -17.787  -24.954  61.358 0.0000000000
50762  -17.902  -24.328  61.917 0.0000000000
52936  -16.852  -22.469  64.001 0.0000000000
51854  -16.010  -22.967  65.296 0.0000000000
52926  -15.964  -22.796  65.752 0.0000000000
54052  -16.675  -21.217  67.456 0.0000000000
52898  -16.244  -21.446  67.977 0.0000000000
71828  -45.139  -5.312  38.939 0.0000000000
71807  -45.598  -5.202  39.674 0.0000000000
72945  -45.764  -4.801  39.511 0.0000000000
74096  -47.038  -3.219  40.729 0.0000000000
72927  -46.665  -3.916  40.334 0.0000000000
74097  -47.594  -2.748  41.166 0.0000000000
75380  -58.421  -1.375  22.953 0.0000000000
76430  -58.899  -0.865  22.597 0.0000000000
76431  -59.430  -0.617  22.819 0.0000000000
76453  -59.047  -0.567  21.824 0.0000000000
47559  -12.880  -27.096  67.594 0.0000000000
47546  -10.948  -26.550  70.034 0.0000000000
58472  -42.946  -16.604  58.684 0.0000000000
58473  -43.403  -16.517  58.674 0.0000000000
58529  -41.444  -17.353  56.140 0.0000000000
58548  -42.953  -16.719  55.237 0.0000000000
58562  -38.818  -17.000  54.911 0.0000000000
58584  -41.178  -16.477  52.967 0.0000000000
59914  -41.816  -16.244  52.473 0.0000000000
58601  -41.185  -16.303  52.449 0.0000000000
59946  -40.257  -15.956  50.909 0.0000000000
54163  -19.012  -21.732  64.158 0.0000000000
52970  -19.994  -21.729  61.917 0.0000000000
54186  -19.980  -21.523  62.858 0.0000000000
53033  -20.378  -21.525  59.676 0.0000000000
54220  -20.705  -21.583  59.848 0.0000000000
54142  -23.559  -21.183  64.307 0.0000000000
54191  -24.893  -21.622  61.962 0.0000000000
54169  -24.854  -21.230  63.015 0.0000000000
53094  -32.158  -21.635  56.276 0.0000000000
55357  -34.918  -20.088  55.452 0.0000000000
54299  -34.515  -20.324  55.580 0.0000000000
54300  -34.745  -20.322  56.124 0.0000000000
53081  -34.739  -20.822  57.295 0.0000000000
53063  -34.668  -21.124  57.681 0.0000000000
54264  -34.885  -21.075  58.394 0.0000000000
55299  -36.401  -19.934  59.570 0.0000000000
54230  -36.805  -20.133  60.487 0.0000000000
54213  -36.637  -20.399  61.059 0.0000000000
56307  -37.969  -18.572  59.623 0.0000000000
56289  -38.813  -18.965  60.346 0.0000000000
57359  -39.361  -18.432  60.423 0.0000000000
58457  -38.975  -18.646  59.676 0.0000000000
58488  -37.819  -17.755  57.980 0.0000000000
59782  -39.998  -17.881  60.197 0.0000000000
59811  -41.795  -16.938  58.518 0.0000000000
59785  -42.197  -16.891  59.307 0.0000000000
50788  -17.752  -23.948  59.058 0.0000000000
52988  -18.389  -22.476  61.603 0.0000000000
65325  -47.089  -10.981  51.947 0.0000000000
66398  -47.385  -10.723  52.397 0.0000000000
66405  -47.055  -10.252  51.489 0.0000000000
67406  -47.222  -9.274  51.153 0.0000000000
67416  -48.028  -8.418  50.224 0.0000000000
67428  -46.150  -8.948  47.736 0.0000000000
68421  -47.857  -7.929  48.283 0.0000000000
68420  -47.359  -8.239  48.667 0.0000000000
68414  -48.153  -7.925  49.396 0.0000000000
68405  -48.690  -8.382  50.011 0.0000000000
68415  -49.134  -8.089  49.483 0.0000000000
69487  -49.555  -7.369  48.939 0.0000000000
69488  -49.903  -6.534  48.385 0.0000000000
74132  -49.220  -3.030  38.180 0.0000000000
75222  -49.015  -2.785  38.735 0.0000000000
75215  -51.798  -1.393  39.354 0.0000000000
76221  -51.118  -0.397  40.526 0.0000000000
77290  -53.429  0.110  38.197 0.0000000000
78255  -53.379  1.246  40.212 0.0000000000
39195  -7.058  -35.771  67.505 0.0000000000
39179  -6.954  -36.350  67.613 0.0000000000
69592  -42.720  -7.834  37.774 0.0000000000
70680  -43.504  -6.585  38.102 0.0000000000
70697  -43.861  -5.931  38.104 0.0000000000
71827  -44.096  -5.334  38.758 0.0000000000
72963  -45.883  -4.569  38.243 0.0000000000
71850  -47.001  -4.610  37.156 0.0000000000
71865  -47.674  -4.675  36.498 0.0000000000
72975  -47.767  -4.007  36.988 0.0000000000
71866  -48.251  -4.566  36.245 0.0000000000
74151  -50.460  -2.945  36.137 0.0000000000
75258  -50.974  -2.344  33.873 0.0000000000
75248  -51.083  -2.386  34.729 0.0000000000
76269  -52.008  -0.988  35.862 0.0000000000
77344  -53.244  -0.608  32.227 0.0000000000
40998  -9.553  -33.498  64.728 0.0000000000
46686  -12.544  -28.153  68.042 0.0000000000
44794  -10.811  -29.691  68.769 0.0000000000
44800  -11.254  -30.016  67.697 0.0000000000
43874  -10.987  -31.107  66.777 0.0000000000
43869  -10.766  -30.692  67.731 0.0000000000
42849  -8.951  -31.122  69.728 0.0000000000
42863  -9.719  -31.773  69.200 0.0000000000
41917  -9.839  -32.568  66.861 0.0000000000
42872  -9.637  -32.388  68.396 0.0000000000
40050  -8.212  -34.771  68.004 0.0000000000
40922  -7.866  -34.253  69.451 0.0000000000
40014  -7.984  -34.132  70.687 0.0000000000
65257  -47.521  -12.053  55.378 0.0000000000
65274  -47.724  -11.246  55.402 0.0000000000
65289  -47.162  -11.852  55.095 0.0000000000
58494  -44.030  -16.266  57.460 0.0000000000
59813  -44.583  -16.242  57.916 0.0000000000
59838  -44.377  -15.938  56.941 0.0000000000
61047  -44.692  -15.328  55.874 0.0000000000
59858  -44.760  -15.613  56.361 0.0000000000
61048  -44.958  -14.841  56.267 0.0000000000
61035  -45.745  -14.773  56.556 0.0000000000
62152  -44.866  -14.115  55.610 0.0000000000
62177  -42.945  -14.531  52.955 0.0000000000
62178  -44.010  -14.628  53.019 0.0000000000
63190  -45.097  -13.985  54.148 0.0000000000
63176  -45.355  -13.693  55.753 0.0000000000
63177  -45.934  -13.184  55.171 0.0000000000
63192  -45.710  -12.607  54.622 0.0000000000
64230  -45.841  -11.702  53.483 0.0000000000
64215  -46.069  -11.810  54.358 0.0000000000
65307  -46.324  -11.274  53.919 0.0000000000
65316  -46.224  -11.021  53.030 0.0000000000
64274  -44.432  -11.268  49.546 0.0000000000
64282  -43.595  -11.525  47.952 0.0000000000
65348  -44.092  -10.914  48.274 0.0000000000
65359  -43.049  -10.942  46.720 0.0000000000
65389  -42.051  -11.451  44.660 0.0000000000
65390  -42.805  -11.301  44.934 0.0000000000
65402  -41.938  -11.378  43.819 0.0000000000
65416  -42.239  -10.989  43.542 0.0000000000
61180  -38.215  -14.653  46.155 0.0000000000
62267  -37.854  -14.589  45.638 0.0000000000
62302  -38.760  -13.754  44.016 0.0000000000
63330  -39.029  -13.079  43.750 0.0000000000
64339  -39.184  -12.771  43.541 0.0000000000
64355  -39.866  -11.879  42.955 0.0000000000
65443  -40.314  -10.687  41.727 0.0000000000
54138  -19.565  -21.322  64.888 0.0000000000
54081  -19.752  -20.809  66.547 0.0000000000
54111  -20.173  -21.148  65.670 0.0000000000
54058  -22.146  -20.728  67.207 0.0000000000
54060  -24.159  -20.792  67.229 0.0000000000
54263  -25.124  -21.500  58.400 0.0000000000
54245  -25.074  -21.304  59.161 0.0000000000
54225  -25.175  -21.459  60.122 0.0000000000
54226  -25.631  -21.473  60.459 0.0000000000
52994  -27.004  -21.723  61.370 0.0000000000
52993  -26.238  -21.527  61.468 0.0000000000
51943  -29.554  -22.322  56.187 0.0000000000
53076  -29.871  -22.019  57.691 0.0000000000
51928  -29.248  -22.204  56.936 0.0000000000
52956  -30.314  -21.476  63.519 0.0000000000
52941  -29.609  -21.391  64.131 0.0000000000
54147  -29.111  -21.327  64.894 0.0000000000
54148  -30.073  -21.287  64.889 0.0000000000
54122  -31.453  -21.176  65.849 0.0000000000
54121  -30.491  -21.242  65.831 0.0000000000
54151  -32.843  -20.956  64.814 0.0000000000
54124  -33.483  -20.836  65.786 0.0000000000
45762  -14.495  -29.648  62.545 0.0000000000
49686  -17.166  -25.540  61.235 0.0000000000
48588  -17.000  -26.162  60.391 0.0000000000
48571  -16.284  -25.977  61.246 0.0000000000
46726  -15.127  -27.582  61.399 0.0000000000
46717  -14.780  -27.183  62.132 0.0000000000
48538  -14.374  -26.352  64.252 0.0000000000
47573  -14.102  -27.001  64.417 0.0000000000
46701  -13.979  -27.868  64.741 0.0000000000
47565  -13.920  -26.981  65.495 0.0000000000
47562  -13.699  -26.478  66.057 0.0000000000
52908  -15.656  -22.574  67.599 0.0000000000
51812  -15.083  -23.383  67.681 0.0000000000
67377  -49.253  -10.416  53.720 0.0000000000
66518  -43.800  -8.957  41.300 0.0000000000
66501  -43.752  -9.291  41.910 0.0000000000
67496  -44.064  -8.465  41.703 0.0000000000
68492  -45.805  -7.561  42.103 0.0000000000
68480  -45.269  -8.366  42.483 0.0000000000
68469  -45.928  -8.176  43.803 0.0000000000
68482  -46.406  -7.371  43.354 0.0000000000
70651  -46.509  -5.284  41.423 0.0000000000
70650  -46.159  -6.066  41.088 0.0000000000
70616  -47.877  -5.610  43.718 0.0000000000
70626  -47.306  -5.896  42.978 0.0000000000
69530  -47.336  -6.456  43.822 0.0000000000
70606  -47.948  -6.059  44.581 0.0000000000
69524  -48.518  -6.834  45.493 0.0000000000
70607  -48.557  -5.465  45.041 0.0000000000
72857  -49.989  -4.043  46.019 0.0000000000
71747  -49.932  -4.642  46.195 0.0000000000
71748  -50.447  -4.493  46.559 0.0000000000
75200  -49.169  -1.554  40.455 0.0000000000
75211  -47.733  -2.625  39.769 0.0000000000
77256  -49.184  -0.382  42.072 0.0000000000
76206  -48.702  -0.824  41.950 0.0000000000
77248  -49.039  -0.617  42.413 0.0000000000
76196  -48.911  -1.238  42.763 0.0000000000
76197  -49.604  -1.137  42.677 0.0000000000
78329  -53.995  0.496  32.657 0.0000000000
78337  -55.119  0.732  32.207 0.0000000000
78338  -55.896  1.263  31.896 0.0000000000
78346  -57.053  0.915  31.073 0.0000000000
77369  -55.420  -1.096  30.292 0.0000000000
76337  -55.497  -1.239  29.667 0.0000000000
77371  -57.272  -0.079  30.066 0.0000000000
78351  -57.626  0.890  30.455 0.0000000000
79348  -57.518  1.472  30.802 0.0000000000
79350  -58.501  2.353  29.410 0.0000000000
79357  -58.228  1.484  29.167 0.0000000000
78361  -58.612  1.293  28.112 0.0000000000
79358  -58.631  1.928  28.692 0.0000000000
79368  -59.303  1.710  27.962 0.0000000000
80321  -59.393  2.017  28.532 0.0000000000
76380  -58.152  -1.620  25.793 0.0000000000
75324  -57.228  -1.869  26.057 0.0000000000
76365  -58.734  -0.588  26.699 0.0000000000
79395  -59.967  1.088  26.137 0.0000000000
78382  -59.558  0.948  26.343 0.0000000000
79384  -60.264  1.221  27.041 0.0000000000
79385  -60.474  0.863  26.999 0.0000000000
78431  -60.273  -0.391  22.644 0.0000000000
78420  -60.265  -0.241  23.880 0.0000000000
78432  -60.720  -0.883  22.857 0.0000000000
61062  -37.043  -16.690  55.424 0.0000000000
59892  -37.142  -16.931  55.113 0.0000000000
61079  -36.693  -16.889  54.939 0.0000000000
59851  -36.742  -16.859  55.798 0.0000000000
59873  -36.772  -16.731  55.593 0.0000000000
66469  -43.713  -10.625  44.719 0.0000000000
66470  -44.077  -10.372  44.884 0.0000000000
66490  -44.505  -9.255  43.171 0.0000000000
78297  -53.620  0.908  34.923 0.0000000000
78298  -54.233  1.204  35.498 0.0000000000
79300  -54.729  1.850  35.391 0.0000000000
79309  -55.816  2.899  34.446 0.0000000000
80269  -56.246  3.321  34.044 0.0000000000
80277  -56.057  3.102  33.035 0.0000000000
44833  -13.521  -30.535  62.985 0.0000000000
62218  -41.051  -14.150  49.696 0.0000000000
62234  -41.445  -13.659  49.154 0.0000000000
62233  -40.700  -13.777  48.993 0.0000000000
54053  -17.330  -20.794  67.562 0.0000000000
54088  -26.840  -21.320  66.533 0.0000000000
54090  -28.904  -21.132  66.680 0.0000000000
54154  -36.164  -20.716  64.425 0.0000000000
54106  -16.690  -21.851  66.106 0.0000000000
54078  -17.195  -20.944  66.599 0.0000000000
72953  -45.953  -4.435  38.938 0.0000000000
72946  -46.006  -4.284  39.578 0.0000000000
72947  -46.386  -4.101  39.388 0.0000000000
74111  -46.880  -3.612  40.108 0.0000000000
75198  -47.192  -2.754  40.183 0.0000000000
58491  -41.453  -17.100  57.900 0.0000000000
58546  -40.837  -17.175  55.239 0.0000000000
58616  -39.464  -16.667  51.204 0.0000000000
52969  -19.224  -21.733  62.220 0.0000000000
52991  -20.083  -21.896  61.139 0.0000000000
54221  -21.375  -21.620  60.273 0.0000000000
56361  -36.007  -19.027  56.157 0.0000000000
55340  -35.693  -19.914  56.900 0.0000000000
55314  -35.920  -20.265  58.383 0.0000000000
56306  -37.497  -18.733  59.331 0.0000000000
57373  -37.867  -17.938  59.343 0.0000000000
59834  -38.026  -16.968  57.135 0.0000000000
59807  -38.229  -17.604  57.879 0.0000000000
51912  -18.047  -23.405  59.151 0.0000000000
51904  -18.283  -22.928  59.734 0.0000000000
53009  -18.349  -22.468  60.592 0.0000000000
66413  -46.510  -10.421  50.871 0.0000000000
67442  -46.834  -8.806  46.955 0.0000000000
67443  -47.581  -8.539  47.106 0.0000000000
68432  -48.710  -7.591  47.561 0.0000000000
74143  -50.261  -2.960  37.215 0.0000000000
75224  -50.764  -2.371  38.368 0.0000000000
75225  -51.691  -1.631  38.697 0.0000000000
76238  -52.293  -1.148  39.129 0.0000000000
78267  -53.993  1.668  39.017 0.0000000000
79261  -54.493  2.315  39.798 0.0000000000
80305  -59.252  2.761  29.576 0.0000000000
71846  -43.266  -6.297  37.115 0.0000000000
71886  -47.986  -5.002  35.118 0.0000000000
71876  -48.160  -4.848  35.708 0.0000000000
72994  -48.581  -4.749  34.723 0.0000000000
72995  -49.488  -3.912  34.593 0.0000000000
75269  -51.129  -2.630  33.042 0.0000000000
75270  -51.439  -2.231  33.635 0.0000000000
76292  -51.961  -1.911  33.272 0.0000000000
77336  -52.790  -1.219  32.788 0.0000000000
77343  -52.657  -1.244  32.184 0.0000000000
41936  -9.790  -32.949  64.524 0.0000000000
40981  -9.796  -33.388  65.077 0.0000000000
46682  -11.255  -27.856  68.885 0.0000000000
43854  -8.412  -30.268  70.507 0.0000000000
41864  -8.537  -31.676  69.902 0.0000000000
40932  -7.960  -33.128  69.585 0.0000000000
40013  -7.747  -33.794  70.608 0.0000000000
58531  -43.503  -16.749  56.014 0.0000000000
61063  -44.675  -15.388  55.062 0.0000000000
64229  -45.271  -12.183  53.016 0.0000000000
64264  -44.064  -11.797  49.909 0.0000000000
63272  -42.706  -12.811  48.070 0.0000000000
64280  -42.240  -12.474  47.355 0.0000000000
64292  -42.659  -11.730  46.780 0.0000000000
65375  -42.888  -11.306  45.883 0.0000000000
64308  -42.241  -11.941  45.953 0.0000000000
64342  -41.431  -11.641  44.281 0.0000000000
54112  -21.152  -21.221  65.548 0.0000000000
54082  -20.708  -20.846  66.432 0.0000000000
55230  -24.914  -20.161  68.935 0.0000000000
53072  -25.881  -22.000  57.594 0.0000000000
53054  -25.854  -21.717  58.508 0.0000000000
53034  -25.681  -21.566  59.282 0.0000000000
52995  -27.968  -21.748  61.377 0.0000000000
53059  -30.622  -21.881  58.517 0.0000000000
52999  -31.870  -21.595  61.344 0.0000000000
54171  -30.559  -21.321  64.355 0.0000000000
49642  -15.757  -24.949  62.637 0.0000000000
48555  -15.537  -25.468  61.869 0.0000000000
48547  -15.343  -25.491  62.550 0.0000000000
48554  -15.108  -25.955  62.172 0.0000000000
47588  -14.767  -26.514  62.590 0.0000000000
47581  -14.646  -26.219  63.169 0.0000000000
48529  -14.593  -25.805  64.711 0.0000000000
48519  -14.430  -25.812  65.328 0.0000000000
48518  -13.882  -25.933  65.669 0.0000000000
52872  -15.364  -21.630  69.135 0.0000000000
52871  -14.703  -22.176  69.598 0.0000000000
68503  -44.378  -8.444  40.707 0.0000000000
68490  -44.388  -8.340  41.495 0.0000000000
68504  -45.146  -7.728  40.877 0.0000000000
69550  -45.595  -7.312  41.382 0.0000000000
71789  -47.484  -4.653  42.237 0.0000000000
71777  -47.980  -4.802  42.912 0.0000000000
71769  -48.614  -4.649  44.302 0.0000000000
72868  -49.119  -3.935  45.255 0.0000000000
72869  -49.702  -3.794  45.434 0.0000000000
76219  -49.571  -0.650  40.904 0.0000000000
77257  -49.675  0.027  41.753 0.0000000000
78218  -50.076  0.303  42.308 0.0000000000
77351  -54.338  -0.413  31.942 0.0000000000
77352  -55.049  -0.030  31.791 0.0000000000
77372  -57.973  0.128  29.050 0.0000000000
78368  -58.339  0.615  28.040 0.0000000000
78369  -58.553  0.862  27.542 0.0000000000
75338  -58.082  -1.789  24.617 0.0000000000
76398  -58.734  -1.300  24.908 0.0000000000
77400  -58.961  -0.109  26.258 0.0000000000
78395  -59.713  0.537  25.700 0.0000000000
79405  -60.056  0.828  25.678 0.0000000000
79406  -60.229  0.662  25.727 0.0000000000
79436  -60.618  -0.333  21.381 0.0000000000
77455  -60.865  -1.028  22.502 0.0000000000
58527  -39.438  -17.141  56.248 0.0000000000
58544  -39.057  -16.827  55.724 0.0000000000
59913  -37.557  -17.120  54.548 0.0000000000
58581  -38.157  -17.061  54.084 0.0000000000
54258  -21.013  -20.910  58.180 0.0000000000
54259  -21.959  -20.924  58.213 0.0000000000
54260  -22.808  -21.269  58.136 0.0000000000
55396  -34.160  -19.562  54.356 0.0000000000
55378  -35.323  -19.334  54.862 0.0000000000
56380  -35.747  -19.025  55.252 0.0000000000
56362  -36.542  -18.680  56.672 0.0000000000
57382  -37.414  -18.080  57.418 0.0000000000
58512  -37.811  -17.384  57.179 0.0000000000
59833  -37.775  -17.001  56.749 0.0000000000
59854  -38.307  -16.762  56.744 0.0000000000
65361  -44.484  -10.410  47.672 0.0000000000
66446  -44.968  -9.866  48.088 0.0000000000
66458  -44.898  -9.954  47.199 0.0000000000
67458  -46.796  -9.107  46.006 0.0000000000
68460  -46.941  -8.315  44.808 0.0000000000
78286  -54.538  1.347  36.784 0.0000000000
78277  -54.279  1.532  37.961 0.0000000000
79281  -54.662  2.071  37.794 0.0000000000
79272  -54.889  2.980  38.587 0.0000000000
80278  -56.651  3.697  33.207 0.0000000000
80287  -57.477  3.565  31.538 0.0000000000
80295  -57.617  3.103  30.839 0.0000000000
43897  -11.302  -31.237  63.354 0.0000000000
59915  -42.452  -16.208  52.826 0.0000000000
61080  -43.174  -15.733  53.545 0.0000000000
61097  -42.652  -15.447  52.900 0.0000000000
62190  -41.902  -14.277  51.932 0.0000000000
62191  -42.722  -13.886  52.294 0.0000000000
63218  -43.063  -13.555  52.057 0.0000000000
63235  -42.703  -13.384  51.434 0.0000000000
63271  -41.501  -12.994  48.261 0.0000000000
63295  -40.857  -12.846  46.307 0.0000000000
54061  -25.170  -20.864  67.302 0.0000000000
54039  -25.544  -20.551  68.231 0.0000000000
55231  -25.886  -20.166  69.019 0.0000000000
54042  -28.565  -20.978  68.404 0.0000000000
53056  -27.751  -21.968  58.523 0.0000000000
54125  -34.598  -20.804  65.636 0.0000000000
49704  -17.233  -25.481  60.346 0.0000000000
50748  -17.126  -24.176  62.535 0.0000000000
50747  -16.443  -24.450  62.456 0.0000000000
50678  -15.629  -24.174  65.721 0.0000000000
50654  -15.649  -23.984  66.347 0.0000000000
51853  -15.797  -23.408  65.926 0.0000000000
52917  -16.191  -22.041  66.583 0.0000000000
52909  -16.173  -21.727  67.448 0.0000000000
52897  -15.634  -21.783  68.456 0.0000000000
70659  -44.456  -6.143  39.273 0.0000000000
70660  -45.259  -6.167  39.641 0.0000000000
71795  -45.849  -5.576  40.270 0.0000000000
71808  -45.822  -4.998  40.308 0.0000000000
71796  -46.101  -4.920  40.930 0.0000000000
72909  -46.906  -4.279  40.962 0.0000000000
72899  -47.319  -4.414  41.414 0.0000000000
72900  -47.816  -4.147  41.784 0.0000000000
74074  -48.869  -2.741  42.967 0.0000000000
76335  -53.432  -1.265  29.723 0.0000000000
76350  -54.660  -1.462  28.972 0.0000000000
76410  -59.094  -0.985  23.670 0.0000000000
78418  -59.829  -0.022  23.783 0.0000000000
77434  -59.817  -0.258  23.076 0.0000000000
77435  -60.076  0.001  23.001 0.0000000000
78430  -60.046  -0.249  22.068 0.0000000000
77454  -59.875  -0.271  22.053 0.0000000000
79423  -60.375  0.025  21.335 0.0000000000
46692  -13.709  -28.070  66.037 0.0000000000
45732  -13.446  -28.598  66.305 0.0000000000
46690  -13.309  -28.038  66.924 0.0000000000
46687  -12.968  -27.879  67.654 0.0000000000
58493  -43.513  -16.606  57.946 0.0000000000
58566  -43.198  -16.509  54.690 0.0000000000
59896  -42.541  -16.255  53.594 0.0000000000
61111  -41.296  -15.810  51.709 0.0000000000
61135  -39.757  -15.513  49.631 0.0000000000
54137  -18.591  -21.132  65.086 0.0000000000
54164  -19.837  -21.489  63.896 0.0000000000
54141  -22.522  -21.193  64.402 0.0000000000
53012  -20.452  -21.721  60.336 0.0000000000
52992  -20.745  -21.773  61.296 0.0000000000
54204  -21.446  -21.672  61.414 0.0000000000
54143  -24.647  -21.171  64.186 0.0000000000
53127  -31.303  -21.409  54.455 0.0000000000
51969  -30.916  -21.744  55.020 0.0000000000
51960  -30.673  -21.937  55.537 0.0000000000
53093  -31.193  -21.830  56.390 0.0000000000
53113  -33.838  -20.628  55.102 0.0000000000
53096  -33.840  -20.812  55.893 0.0000000000
54247  -35.575  -20.520  59.055 0.0000000000
55276  -37.106  -20.221  61.695 0.0000000000
55277  -38.084  -20.234  61.908 0.0000000000
56275  -39.046  -19.649  61.215 0.0000000000
56290  -39.257  -18.952  61.078 0.0000000000
57342  -39.334  -18.361  61.082 0.0000000000
58445  -39.584  -17.607  61.515 0.0000000000
58459  -39.627  -17.431  61.206 0.0000000000
57383  -37.536  -17.954  58.331 0.0000000000
57372  -37.223  -17.431  58.985 0.0000000000
58470  -38.359  -18.147  59.288 0.0000000000
58490  -38.698  -18.224  58.895 0.0000000000
59762  -39.634  -17.604  60.842 0.0000000000
59764  -40.991  -16.903  61.012 0.0000000000
49719  -17.330  -24.701  58.776 0.0000000000
50779  -17.858  -24.190  59.792 0.0000000000
51903  -18.230  -23.528  59.801 0.0000000000
66390  -47.875  -10.532  53.212 0.0000000000
66406  -47.779  -9.814  51.353 0.0000000000
67398  -48.444  -9.856  51.810 0.0000000000
67399  -48.857  -9.138  51.711 0.0000000000
66433  -45.737  -9.648  48.433 0.0000000000
67421  -46.487  -9.201  48.790 0.0000000000
67429  -47.080  -8.500  48.056 0.0000000000
67423  -47.548  -8.305  49.654 0.0000000000
72956  -47.810  -3.642  38.185 0.0000000000
74123  -48.018  -2.969  39.222 0.0000000000
75213  -50.014  -1.730  39.681 0.0000000000
76228  -50.058  -0.955  40.305 0.0000000000
76220  -50.403  -0.462  40.707 0.0000000000
77268  -50.817  0.267  41.065 0.0000000000
78241  -51.367  0.847  41.149 0.0000000000
76239  -52.920  -0.587  38.747 0.0000000000
76231  -52.626  -0.512  39.570 0.0000000000
77280  -53.721  1.114  39.302 0.0000000000
77278  -52.357  0.004  39.982 0.0000000000
77270  -52.514  0.547  40.466 0.0000000000
39209  -7.146  -35.798  66.579 0.0000000000
66516  -42.320  -10.031  40.918 0.0000000000
67507  -43.077  -9.493  40.461 0.0000000000
67520  -43.286  -9.264  40.043 0.0000000000
68513  -42.894  -9.310  39.053 0.0000000000
68514  -43.656  -8.886  39.427 0.0000000000
69572  -43.866  -7.594  38.934 0.0000000000
69594  -43.924  -6.896  38.754 0.0000000000
71838  -44.763  -5.134  38.514 0.0000000000
72962  -45.411  -4.873  38.491 0.0000000000
72964  -46.607  -4.160  37.872 0.0000000000
72965  -47.417  -3.972  37.576 0.0000000000
72966  -48.219  -3.742  37.567 0.0000000000
74141  -48.871  -3.486  37.798 0.0000000000
74142  -49.483  -3.461  37.376 0.0000000000
72984  -48.736  -4.526  35.989 0.0000000000
72977  -49.096  -3.896  36.543 0.0000000000
75240  -51.594  -1.735  36.407 0.0000000000
74166  -49.899  -3.225  34.454 0.0000000000
74158  -50.545  -2.918  35.105 0.0000000000
76270  -52.650  -0.414  35.387 0.0000000000
76281  -52.694  -0.355  34.521 0.0000000000
77320  -53.058  0.361  34.927 0.0000000000
78309  -53.537  0.754  34.181 0.0000000000
78319  -54.038  1.348  33.472 0.0000000000
78320  -54.589  1.688  33.113 0.0000000000
77345  -54.034  -0.107  32.423 0.0000000000
77358  -53.235  -1.166  30.838 0.0000000000
76334  -52.517  -1.007  29.621 0.0000000000
45731  -13.236  -29.174  66.692 0.0000000000
44808  -12.349  -30.108  66.389 0.0000000000
45727  -11.983  -29.697  67.910 0.0000000000
44801  -11.937  -29.891  67.300 0.0000000000
43875  -11.834  -31.067  66.360 0.0000000000
42881  -10.602  -31.817  66.589 0.0000000000
44793  -10.070  -29.788  69.216 0.0000000000
43855  -8.815  -30.158  69.934 0.0000000000
43856  -9.516  -30.433  69.400 0.0000000000
42880  -10.245  -31.864  66.974 0.0000000000
42885  -10.108  -32.097  66.159 0.0000000000
41900  -9.291  -33.111  68.441 0.0000000000
40065  -7.581  -35.210  67.244 0.0000000000
40049  -7.600  -35.352  68.079 0.0000000000
40034  -7.692  -35.464  68.401 0.0000000000
66351  -48.236  -10.693  55.386 0.0000000000
62151  -44.753  -14.510  55.159 0.0000000000
63164  -45.487  -13.845  56.123 0.0000000000
63178  -46.688  -12.695  54.980 0.0000000000
64199  -46.753  -12.070  54.957 0.0000000000
64216  -46.450  -11.888  54.705 0.0000000000
65300  -46.780  -11.435  54.488 0.0000000000
65301  -47.438  -10.793  54.295 0.0000000000
65317  -46.850  -10.803  52.653 0.0000000000
64254  -45.523  -11.461  51.943 0.0000000000
65333  -45.948  -10.809  50.582 0.0000000000
65341  -45.047  -10.630  49.588 0.0000000000
65349  -44.717  -10.495  48.597 0.0000000000
63251  -43.617  -12.287  50.346 0.0000000000
64272  -43.332  -12.267  48.505 0.0000000000
65391  -43.557  -10.901  45.118 0.0000000000
66477  -42.955  -10.791  43.783 0.0000000000
66487  -42.033  -10.671  42.806 0.0000000000
61157  -38.409  -14.770  48.059 0.0000000000
62244  -38.882  -14.024  47.492 0.0000000000
62269  -39.190  -13.837  45.866 0.0000000000
63310  -39.886  -12.980  44.808 0.0000000000
64324  -40.381  -12.502  44.673 0.0000000000
64341  -40.645  -11.940  43.996 0.0000000000
64365  -39.628  -11.216  42.433 0.0000000000
65413  -40.219  -11.043  42.753 0.0000000000
65414  -40.933  -10.968  42.952 0.0000000000
65430  -41.266  -10.708  42.626 0.0000000000
66498  -41.036  -10.419  41.883 0.0000000000
66499  -41.694  -10.396  42.237 0.0000000000
54059  -23.147  -20.768  67.202 0.0000000000
54224  -24.269  -21.274  60.140 0.0000000000
54208  -24.961  -21.410  60.994 0.0000000000
54192  -25.611  -21.495  61.700 0.0000000000
52972  -26.184  -21.523  62.220 0.0000000000
52952  -26.519  -21.377  62.967 0.0000000000
52939  -27.777  -21.458  63.872 0.0000000000
51941  -27.877  -22.325  56.037 0.0000000000
51927  -28.415  -22.244  56.902 0.0000000000
53037  -28.498  -21.960  59.526 0.0000000000
53039  -30.430  -21.919  59.515 0.0000000000
53020  -31.162  -21.728  60.430 0.0000000000
53038  -29.474  -21.934  59.543 0.0000000000
53017  -28.238  -21.891  60.461 0.0000000000
52975  -28.632  -21.585  62.297 0.0000000000
52954  -28.246  -21.450  63.117 0.0000000000
54146  -28.144  -21.339  64.784 0.0000000000
54123  -32.432  -20.991  65.828 0.0000000000
45752  -13.821  -29.628  63.329 0.0000000000
46725  -14.955  -28.636  60.788 0.0000000000
47587  -14.663  -27.156  62.634 0.0000000000
45744  -14.119  -28.345  64.153 0.0000000000
47564  -13.766  -27.446  65.904 0.0000000000
51762  -14.438  -22.678  69.049 0.0000000000
67497  -44.483  -8.542  42.168 0.0000000000
67488  -45.004  -8.750  42.684 0.0000000000
67489  -45.401  -8.671  43.342 0.0000000000
68470  -46.483  -8.018  44.230 0.0000000000
69564  -45.826  -6.716  41.199 0.0000000000
69552  -46.443  -6.558  42.416 0.0000000000
70638  -46.644  -5.897  42.154 0.0000000000
70625  -46.915  -6.100  42.729 0.0000000000
69539  -46.773  -6.508  43.044 0.0000000000
69529  -46.764  -7.077  43.821 0.0000000000
69512  -49.769  -5.926  46.656 0.0000000000
71746  -49.519  -4.816  45.722 0.0000000000
70595  -49.838  -5.393  46.425 0.0000000000
76218  -48.723  -0.998  41.111 0.0000000000
76217  -48.295  -1.326  41.434 0.0000000000
75186  -47.905  -1.970  41.460 0.0000000000
75175  -48.505  -1.914  42.168 0.0000000000
75176  -48.926  -2.077  42.613 0.0000000000
75163  -49.384  -2.006  43.124 0.0000000000
75164  -49.665  -1.874  43.513 0.0000000000
74066  -49.597  -2.578  44.469 0.0000000000
79323  -54.999  1.982  32.722 0.0000000000
79332  -56.130  1.883  32.252 0.0000000000
79333  -56.619  2.605  31.578 0.0000000000
79342  -57.705  2.458  30.658 0.0000000000
77361  -56.380  0.240  30.664 0.0000000000
80303  -57.740  2.513  30.454 0.0000000000
80304  -58.602  2.672  29.941 0.0000000000
80312  -59.050  2.552  28.820 0.0000000000
80313  -59.550  2.350  28.856 0.0000000000
79360  -59.637  1.942  28.777 0.0000000000
76363  -56.987  -1.850  27.497 0.0000000000
79381  -58.900  1.223  27.048 0.0000000000
78381  -59.028  0.747  26.487 0.0000000000
79383  -59.926  1.681  26.911 0.0000000000
78421  -60.431  -0.592  24.301 0.0000000000
41901  -9.604  -32.627  67.749 0.0000000000
42862  -9.513  -32.563  68.975 0.0000000000
43873  -10.592  -31.529  66.967 0.0000000000
45723  -12.234  -28.627  68.255 0.0000000000
47558  -12.787  -27.583  68.048 0.0000000000
48539  -14.666  -25.886  63.786 0.0000000000
49622  -15.154  -25.340  63.659 0.0000000000
49687  -17.593  -25.106  60.658 0.0000000000
51813  -15.500  -23.061  67.130 0.0000000000
51896  -18.307  -22.976  60.364 0.0000000000
52907  -14.987  -22.878  68.072 0.0000000000
52971  -20.442  -21.719  61.671 0.0000000000
53051  -18.632  -22.414  58.950 0.0000000000
54029  -15.709  -21.413  68.920 0.0000000000
54135  -17.304  -21.513  64.953 0.0000000000
54184  -18.646  -21.774  63.530 0.0000000000
57423  -35.251  -17.717  54.657 0.0000000000
58469  -37.829  -17.574  58.959 0.0000000000
59928  -40.798  -16.068  51.592 0.0000000000
62258  -39.991  -13.281  47.641 0.0000000000
63309  -39.502  -13.675  44.274 0.0000000000
63312  -41.134  -12.669  45.764 0.0000000000
64184  -46.770  -12.258  55.436 0.0000000000
64323  -40.099  -12.803  44.429 0.0000000000
65273  -47.472  -11.859  55.290 0.0000000000
65323  -45.679  -11.132  50.983 0.0000000000
65378  -45.291  -10.545  46.017 0.0000000000
65403  -42.674  -11.056  44.070 0.0000000000
65429  -40.747  -10.634  42.199 0.0000000000
66357  -47.985  -11.258  55.096 0.0000000000
67470  -46.753  -8.834  45.008 0.0000000000
67509  -43.982  -8.703  41.120 0.0000000000
68502  -43.925  -8.835  40.260 0.0000000000
69551  -46.095  -6.667  41.842 0.0000000000
71759  -49.606  -4.461  45.613 0.0000000000
71768  -48.307  -5.041  43.735 0.0000000000
71797  -46.643  -4.799  41.243 0.0000000000
72908  -46.291  -4.492  40.759 0.0000000000
72925  -45.794  -4.785  39.817 0.0000000000
72976  -48.346  -4.091  36.673 0.0000000000
74057  -49.942  -2.605  45.008 0.0000000000
74088  -48.615  -2.584  42.337 0.0000000000
74120  -46.536  -3.993  39.789 0.0000000000
74122  -47.510  -3.241  39.448 0.0000000000
74130  -47.751  -3.517  38.862 0.0000000000
75155  -49.522  -2.119  43.686 0.0000000000
76195  -48.652  -1.469  42.290 0.0000000000
77234  -50.105  -1.156  42.601 0.0000000000
77381  -58.222  0.280  28.363 0.0000000000
78226  -50.083  0.755  41.982 0.0000000000
78228  -51.619  1.418  41.562 0.0000000000
79359  -59.068  2.166  28.521 0.0000000000
79394  -59.805  1.012  26.290 0.0000000000
79425  -60.494  -0.527  22.070 0.0000000000
79437  -60.435  -0.443  21.831 0.0000000000
80240  -55.186  3.320  38.169 0.0000000000
