#!ascii label  , from subject 4121 vox2ras=TkReg
721
53933  25.732  -21.586  64.424 0.0000000000
71567  45.554  -4.767  46.751 0.0000000000
77568  52.112  0.114  43.788 0.0000000000
62004  47.439  -13.128  55.690 0.0000000000
52946  32.441  -21.263  58.430 0.0000000000
51807  30.456  -22.225  62.182 0.0000000000
73496  49.035  -2.228  45.591 0.0000000000
72440  50.113  -4.221  50.881 0.0000000000
59635  44.004  -16.247  57.756 0.0000000000
52872  38.083  -21.874  60.123 0.0000000000
78660  56.115  2.716  34.712 0.0000000000
77612  51.084  0.958  39.645 0.0000000000
63081  44.869  -12.472  52.570 0.0000000000
68349  47.043  -7.473  52.683 0.0000000000
53979  29.323  -20.839  61.784 0.0000000000
53930  28.639  -21.855  63.262 0.0000000000
72526  47.584  -3.681  46.458 0.0000000000
73449  49.492  -2.405  48.263 0.0000000000
72479  48.220  -3.635  49.006 0.0000000000
54041  44.105  -20.521  57.320 0.0000000000
53974  34.431  -21.403  61.261 0.0000000000
54014  35.432  -21.056  59.225 0.0000000000
51843  35.875  -22.229  60.286 0.0000000000
79627  54.493  3.162  35.738 0.0000000000
76657  54.748  1.001  36.208 0.0000000000
78633  53.189  2.378  37.514 0.0000000000
75645  50.067  -0.108  42.311 0.0000000000
76615  49.599  0.164  40.484 0.0000000000
77586  51.694  1.257  41.985 0.0000000000
75651  52.755  -0.232  41.071 0.0000000000
74537  51.811  -0.831  42.884 0.0000000000
60853  45.929  -14.662  55.919 0.0000000000
60916  44.355  -14.473  55.123 0.0000000000
64050  46.202  -12.091  55.953 0.0000000000
65043  45.993  -10.464  52.876 0.0000000000
66028  47.467  -9.969  54.608 0.0000000000
68325  49.072  -8.269  54.025 0.0000000000
63068  48.660  -11.681  53.983 0.0000000000
53996  32.320  -21.357  60.832 0.0000000000
74546  48.256  -1.717  42.895 0.0000000000
122382  50.277  -0.842  45.072 0.0000000000
74484  50.881  -1.864  47.508 0.0000000000
72476  51.231  -3.672  48.635 0.0000000000
55065  40.934  -19.900  58.882 0.0000000000
56062  43.455  -18.836  58.735 0.0000000000
57131  45.199  -17.460  56.775 0.0000000000
57155  45.673  -16.150  55.259 0.0000000000
60952  48.542  -14.801  53.257 0.0000000000
54026  38.985  -20.393  57.860 0.0000000000
52869  40.415  -21.564  61.079 0.0000000000
77685  56.646  2.327  33.310 0.0000000000
78635  51.274  1.970  37.225 0.0000000000
76624  52.838  1.209  38.785 0.0000000000
75666  51.747  -0.463  39.541 0.0000000000
71510  46.455  -5.531  49.540 0.0000000000
71475  48.484  -5.515  51.535 0.0000000000
69480  49.688  -6.999  51.684 0.0000000000
52831  26.467  -22.034  64.312 0.0000000000
53931  27.861  -21.951  63.418 0.0000000000
51785  27.801  -22.254  63.446 0.0000000000
71566  46.463  -4.446  46.622 0.0000000000
72500  47.548  -3.838  48.292 0.0000000000
72501  46.831  -4.383  48.219 0.0000000000
52897  34.944  -21.498  60.991 0.0000000000
78663  52.835  2.751  35.596 0.0000000000
78648  53.776  2.812  36.380 0.0000000000
78649  52.582  2.583  36.613 0.0000000000
76588  50.779  0.436  43.463 0.0000000000
75644  50.560  0.468  42.625 0.0000000000
77574  51.654  0.890  42.899 0.0000000000
76592  53.105  0.278  42.743 0.0000000000
60872  46.362  -14.143  55.895 0.0000000000
63033  45.949  -13.032  56.198 0.0000000000
64043  46.981  -12.172  56.313 0.0000000000
65015  46.852  -11.520  55.614 0.0000000000
64047  47.628  -11.778  55.197 0.0000000000
65022  48.172  -10.360  54.292 0.0000000000
63055  48.208  -11.930  54.761 0.0000000000
53997  31.253  -21.437  60.889 0.0000000000
53977  31.310  -21.633  61.337 0.0000000000
52876  32.163  -21.880  61.060 0.0000000000
72548  47.826  -3.208  44.344 0.0000000000
73533  47.394  -2.877  42.797 0.0000000000
74531  48.328  -1.783  44.789 0.0000000000
74530  49.079  -1.578  44.411 0.0000000000
73495  49.484  -1.725  45.685 0.0000000000
74497  50.687  -1.152  46.347 0.0000000000
74486  49.804  -1.737  47.115 0.0000000000
74442  50.029  -3.305  49.969 0.0000000000
72478  50.477  -3.005  48.968 0.0000000000
72457  50.933  -4.073  50.288 0.0000000000
71523  51.160  -4.146  49.343 0.0000000000
71506  50.630  -4.476  50.479 0.0000000000
53988  41.815  -20.911  59.311 0.0000000000
56053  42.633  -19.358  58.861 0.0000000000
54007  43.293  -20.320  58.624 0.0000000000
55084  44.552  -18.826  56.944 0.0000000000
57144  45.486  -16.634  56.523 0.0000000000
52919  36.252  -21.338  59.685 0.0000000000
54012  37.089  -20.787  58.908 0.0000000000
54011  38.158  -20.952  58.844 0.0000000000
53991  39.894  -21.463  59.893 0.0000000000
52871  38.704  -21.628  60.523 0.0000000000
79636  55.946  3.404  34.318 0.0000000000
77670  56.511  2.080  34.020 0.0000000000
76658  54.055  0.506  36.897 0.0000000000
76627  50.161  0.768  40.135 0.0000000000
77614  49.259  0.817  38.893 0.0000000000
77628  50.300  1.372  38.485 0.0000000000
77643  49.669  1.615  37.385 0.0000000000
77627  51.417  1.443  38.536 0.0000000000
77626  52.315  1.727  38.341 0.0000000000
77611  52.031  1.269  39.195 0.0000000000
74563  52.367  -0.915  41.005 0.0000000000
75652  52.208  -0.474  40.416 0.0000000000
58300  42.987  -16.979  56.991 0.0000000000
59663  43.146  -16.081  56.386 0.0000000000
60954  44.471  -14.124  53.742 0.0000000000
60956  43.034  -14.730  53.528 0.0000000000
67171  46.733  -8.520  52.587 0.0000000000
66082  45.785  -9.647  50.959 0.0000000000
68382  46.426  -7.617  50.627 0.0000000000
69529  45.746  -6.935  49.393 0.0000000000
69498  47.044  -6.618  51.486 0.0000000000
71493  47.627  -5.480  50.570 0.0000000000
69483  47.940  -6.455  52.339 0.0000000000
66066  49.352  -9.233  52.653 0.0000000000
68336  49.463  -8.167  52.693 0.0000000000
67186  49.972  -8.554  51.965 0.0000000000
68380  49.744  -7.468  51.418 0.0000000000
53956  29.507  -20.949  62.667 0.0000000000
53941  29.592  -21.618  62.796 0.0000000000
51808  29.717  -22.475  62.509 0.0000000000
51796  28.697  -22.517  63.223 0.0000000000
73485  48.184  -3.154  46.266 0.0000000000
73468  49.419  -2.337  47.187 0.0000000000
72515  48.343  -3.146  47.895 0.0000000000
73430  48.594  -3.086  48.911 0.0000000000
72459  49.349  -3.689  50.521 0.0000000000
52898  33.871  -21.206  60.602 0.0000000000
52944  33.944  -21.234  58.900 0.0000000000
52921  34.224  -21.478  59.635 0.0000000000
52896  36.150  -21.800  60.130 0.0000000000
51842  37.253  -22.106  59.815 0.0000000000
51841  38.427  -22.149  60.266 0.0000000000
50760  37.172  -22.377  59.609 0.0000000000
79616  55.448  3.060  35.468 0.0000000000
77650  55.137  1.854  35.832 0.0000000000
78647  54.660  2.363  36.389 0.0000000000
77638  54.320  1.674  37.086 0.0000000000
76647  53.942  1.017  37.528 0.0000000000
74557  48.774  -1.333  41.398 0.0000000000
75654  49.923  -0.173  41.381 0.0000000000
76614  50.610  0.410  41.129 0.0000000000
77597  51.604  0.943  40.927 0.0000000000
77596  52.030  0.948  40.260 0.0000000000
77585  52.258  0.896  41.417 0.0000000000
75643  53.003  -0.242  42.061 0.0000000000
60855  44.868  -15.368  56.987 0.0000000000
59661  43.975  -15.467  56.687 0.0000000000
62007  44.968  -14.740  56.429 0.0000000000
62021  45.272  -13.530  55.187 0.0000000000
63071  45.665  -12.320  53.855 0.0000000000
64078  45.455  -11.451  52.310 0.0000000000
64063  45.980  -11.539  54.447 0.0000000000
66042  46.686  -9.733  54.018 0.0000000000
67156  47.359  -8.489  53.697 0.0000000000
68327  48.103  -7.650  54.056 0.0000000000
67125  48.483  -9.194  54.343 0.0000000000
65033  48.656  -10.153  53.898 0.0000000000
64070  49.142  -11.166  53.092 0.0000000000
54019  30.300  -21.453  59.886 0.0000000000
54018  31.089  -21.313  60.113 0.0000000000
54017  32.066  -21.051  60.331 0.0000000000
53995  33.326  -21.050  60.992 0.0000000000
51824  33.668  -22.247  61.202 0.0000000000
74545  48.811  -1.181  42.399 0.0000000000
75623  49.946  -0.743  43.589 0.0000000000
122372  51.515  -0.477  44.763 0.0000000000
74496  51.263  -0.913  46.128 0.0000000000
73465  51.875  -2.615  46.194 0.0000000000
73446  51.851  -2.751  47.246 0.0000000000
74468  50.028  -1.706  47.906 0.0000000000
72497  51.258  -3.108  48.298 0.0000000000
55085  40.421  -19.157  57.803 0.0000000000
56074  41.790  -18.553  58.190 0.0000000000
56073  42.495  -18.207  58.432 0.0000000000
57117  43.658  -17.635  58.079 0.0000000000
54005  45.141  -19.862  59.032 0.0000000000
56060  44.254  -19.045  57.985 0.0000000000
58283  44.613  -16.817  57.170 0.0000000000
58297  45.328  -16.572  57.042 0.0000000000
59643  45.849  -14.958  55.759 0.0000000000
59659  46.932  -14.878  54.795 0.0000000000
60913  47.621  -14.299  54.568 0.0000000000
59689  47.394  -14.803  53.403 0.0000000000
55066  40.355  -20.063  58.900 0.0000000000
53990  40.924  -21.227  59.964 0.0000000000
51837  41.213  -21.558  59.506 0.0000000000
51840  39.244  -22.297  60.494 0.0000000000
51857  40.123  -22.276  59.550 0.0000000000
77698  57.736  2.290  32.440 0.0000000000
78650  51.629  2.253  36.602 0.0000000000
78634  52.251  2.172  37.511 0.0000000000
77625  53.018  1.765  38.363 0.0000000000
75677  53.029  0.539  38.279 0.0000000000
76625  52.371  0.839  39.404 0.0000000000
75678  52.469  0.334  38.669 0.0000000000
75679  51.683  -0.439  38.439 0.0000000000
60917  43.560  -15.174  55.247 0.0000000000
70572  45.083  -6.243  48.243 0.0000000000
71554  45.497  -4.965  47.420 0.0000000000
71524  47.263  -4.741  49.625 0.0000000000
71507  48.436  -4.571  50.674 0.0000000000
71490  49.427  -4.827  51.404 0.0000000000
69468  48.553  -6.814  52.773 0.0000000000
70502  49.214  -6.104  51.944 0.0000000000
71471  50.076  -5.324  51.309 0.0000000000
70520  50.239  -5.827  50.947 0.0000000000
62040  48.270  -13.420  53.251 0.0000000000
63079  48.566  -12.437  52.558 0.0000000000
53932  26.704  -21.847  64.087 0.0000000000
52815  26.048  -22.226  64.585 0.0000000000
53921  25.770  -21.900  64.833 0.0000000000
71577  45.643  -4.809  45.807 0.0000000000
71553  46.246  -4.649  47.448 0.0000000000
78664  51.892  2.376  35.740 0.0000000000
122377  51.225  0.171  44.032 0.0000000000
76593  51.397  0.542  43.484 0.0000000000
61986  47.207  -13.045  55.870 0.0000000000
63031  47.018  -12.547  56.158 0.0000000000
63046  47.158  -12.108  56.172 0.0000000000
64048  47.212  -11.871  55.946 0.0000000000
63045  47.485  -12.289  55.773 0.0000000000
63044  48.010  -12.159  55.138 0.0000000000
62003  47.972  -12.540  55.281 0.0000000000
52852  30.542  -21.774  62.233 0.0000000000
53954  30.814  -21.619  61.943 0.0000000000
52877  31.109  -21.923  61.615 0.0000000000
73497  48.286  -2.619  45.260 0.0000000000
73513  47.866  -2.321  44.258 0.0000000000
74514  48.581  -2.006  45.280 0.0000000000
74513  49.035  -1.754  45.142 0.0000000000
73483  49.526  -2.071  46.343 0.0000000000
74432  50.013  -3.556  50.313 0.0000000000
74441  50.479  -3.380  50.069 0.0000000000
73395  50.382  -3.926  50.575 0.0000000000
72439  50.374  -4.425  50.823 0.0000000000
52892  42.243  -20.791  58.862 0.0000000000
53987  42.473  -20.197  58.777 0.0000000000
52916  42.988  -21.165  58.574 0.0000000000
52918  37.059  -21.201  59.504 0.0000000000
54013  36.251  -20.877  59.065 0.0000000000
52917  37.570  -21.066  59.331 0.0000000000
52894  37.982  -21.532  59.727 0.0000000000
53992  38.936  -21.267  59.878 0.0000000000
79624  55.972  3.100  34.856 0.0000000000
78675  56.594  2.560  34.049 0.0000000000
77658  56.018  2.210  34.594 0.0000000000
77613  49.804  1.013  39.174 0.0000000000
74564  51.181  -1.229  41.040 0.0000000000
74577  51.744  -0.927  40.352 0.0000000000
58299  43.344  -16.627  57.373 0.0000000000
59648  43.026  -16.149  57.026 0.0000000000
59647  43.582  -15.962  57.387 0.0000000000
62043  44.892  -13.383  53.375 0.0000000000
62054  44.099  -13.446  52.210 0.0000000000
67170  47.061  -8.122  53.170 0.0000000000
67187  46.476  -8.461  51.430 0.0000000000
68350  46.730  -7.757  52.057 0.0000000000
68367  46.732  -7.371  51.413 0.0000000000
68366  46.909  -7.092  52.039 0.0000000000
69484  47.517  -6.705  52.226 0.0000000000
69470  47.516  -7.107  52.844 0.0000000000
67169  49.803  -8.696  52.110 0.0000000000
66081  49.641  -9.245  52.066 0.0000000000
67197  49.778  -8.646  51.619 0.0000000000
53943  28.626  -21.415  63.121 0.0000000000
53957  28.457  -20.978  62.669 0.0000000000
53942  29.247  -21.526  63.037 0.0000000000
52842  29.115  -21.705  63.215 0.0000000000
51783  28.809  -22.145  63.260 0.0000000000
52828  28.844  -21.947  63.481 0.0000000000
71576  46.661  -4.366  45.485 0.0000000000
72533  46.957  -4.019  44.908 0.0000000000
72532  47.575  -3.681  45.359 0.0000000000
73470  47.962  -3.194  46.898 0.0000000000
72499  48.231  -3.342  48.329 0.0000000000
73413  48.689  -3.171  49.473 0.0000000000
72460  48.393  -3.902  49.988 0.0000000000
78662  53.746  3.149  35.307 0.0000000000
79638  54.558  3.428  34.964 0.0000000000
79626  55.122  3.271  35.363 0.0000000000
79617  54.995  2.963  35.875 0.0000000000
79618  54.533  2.884  36.153 0.0000000000
78632  54.010  2.270  37.120 0.0000000000
77639  53.690  1.708  37.727 0.0000000000
75646  49.289  -0.600  41.854 0.0000000000
75655  49.034  -0.620  40.763 0.0000000000
76607  51.009  0.983  42.131 0.0000000000
75653  50.486  0.292  41.915 0.0000000000
76613  51.243  0.976  41.450 0.0000000000
76626  50.999  0.764  40.652 0.0000000000
75630  52.701  -0.313  42.824 0.0000000000
74543  52.387  -0.658  42.240 0.0000000000
74544  51.812  -0.963  42.304 0.0000000000
60854  45.094  -14.846  56.400 0.0000000000
60875  44.792  -15.136  56.730 0.0000000000
60874  45.171  -14.600  56.624 0.0000000000
63048  45.913  -12.698  56.084 0.0000000000
62006  45.584  -13.701  56.004 0.0000000000
63056  45.773  -12.624  55.656 0.0000000000
62031  45.494  -13.184  54.217 0.0000000000
63063  45.756  -12.465  54.832 0.0000000000
64058  46.210  -11.728  55.254 0.0000000000
65024  47.311  -10.704  54.717 0.0000000000
65025  46.870  -10.904  54.841 0.0000000000
66041  47.262  -9.507  54.251 0.0000000000
66040  47.910  -9.167  54.360 0.0000000000
66027  47.862  -9.741  54.425 0.0000000000
64062  48.603  -11.041  53.822 0.0000000000
65041  48.719  -10.890  53.713 0.0000000000
65042  48.988  -10.355  53.403 0.0000000000
53999  29.025  -21.310  60.917 0.0000000000
52900  29.514  -21.615  60.061 0.0000000000
53998  30.177  -21.137  60.806 0.0000000000
52923  31.769  -21.208  59.380 0.0000000000
54016  32.840  -21.041  60.562 0.0000000000
73524  47.741  -2.327  43.335 0.0000000000
73531  48.509  -2.001  41.943 0.0000000000
122378  49.864  -1.289  44.153 0.0000000000
122379  50.527  -0.504  44.509 0.0000000000
75603  51.071  -0.584  45.539 0.0000000000
75587  50.876  -0.689  45.997 0.0000000000
73467  50.843  -1.566  46.685 0.0000000000
73482  51.106  -1.464  46.423 0.0000000000
73466  51.222  -1.997  46.895 0.0000000000
74466  52.273  -2.558  46.581 0.0000000000
74469  49.642  -1.963  47.660 0.0000000000
72477  50.732  -3.448  49.323 0.0000000000
72498  50.748  -2.956  48.580 0.0000000000
72496  51.975  -3.453  47.965 0.0000000000
55075  40.861  -19.381  58.460 0.0000000000
56075  40.979  -18.846  58.043 0.0000000000
55074  41.506  -19.383  58.713 0.0000000000
56052  42.997  -19.311  58.932 0.0000000000
56063  42.594  -18.824  58.837 0.0000000000
57102  43.362  -18.200  58.584 0.0000000000
57118  43.030  -17.683  58.245 0.0000000000
57101  43.769  -18.289  58.308 0.0000000000
54025  44.505  -20.724  58.479 0.0000000000
52941  44.496  -20.722  57.947 0.0000000000
56071  44.642  -18.630  56.898 0.0000000000
55073  44.331  -19.333  57.860 0.0000000000
57098  44.400  -18.361  57.228 0.0000000000
58268  44.260  -17.726  57.307 0.0000000000
58282  44.870  -17.305  56.886 0.0000000000
58298  45.104  -16.226  57.251 0.0000000000
57156  45.518  -16.324  55.598 0.0000000000
58296  45.564  -16.383  56.523 0.0000000000
58311  45.562  -15.498  55.785 0.0000000000
59660  46.383  -14.763  55.472 0.0000000000
58321  46.138  -15.380  55.089 0.0000000000
59674  47.020  -14.722  54.264 0.0000000000
58331  46.438  -15.500  54.139 0.0000000000
54031  34.476  -20.964  58.681 0.0000000000
54048  33.736  -20.777  57.735 0.0000000000
54027  37.981  -20.626  57.743 0.0000000000
54043  38.270  -20.535  56.871 0.0000000000
55076  39.949  -19.839  58.299 0.0000000000
54010  39.570  -20.747  59.000 0.0000000000
53971  40.091  -21.331  60.838 0.0000000000
53970  40.943  -21.048  60.713 0.0000000000
52867  41.310  -21.361  60.446 0.0000000000
51817  41.169  -21.632  60.449 0.0000000000
51856  40.895  -22.173  59.201 0.0000000000
77699  56.942  2.521  32.706 0.0000000000
77700  56.008  2.062  32.625 0.0000000000
76616  48.873  -0.123  39.981 0.0000000000
76629  48.520  -0.123  39.313 0.0000000000
77642  50.806  1.659  37.741 0.0000000000
78636  50.411  1.927  37.075 0.0000000000
78651  50.773  2.067  36.566 0.0000000000
77610  52.539  1.351  38.787 0.0000000000
76636  53.218  0.973  38.313 0.0000000000
76637  52.792  0.871  38.844 0.0000000000
76612  52.422  0.512  40.720 0.0000000000
75665  52.275  0.137  40.022 0.0000000000
60895  44.243  -15.180  56.221 0.0000000000
60896  43.429  -15.562  55.973 0.0000000000
67199  46.094  -8.630  50.319 0.0000000000
70552  45.969  -6.086  49.468 0.0000000000
70553  45.497  -6.394  48.962 0.0000000000
70571  45.662  -5.902  48.755 0.0000000000
71541  45.671  -5.440  48.144 0.0000000000
71526  46.059  -5.531  48.998 0.0000000000
71525  46.625  -5.039  49.012 0.0000000000
70521  48.142  -5.882  51.564 0.0000000000
71492  48.191  -5.335  50.991 0.0000000000
71491  48.843  -4.795  51.251 0.0000000000
71474  48.923  -5.439  51.695 0.0000000000
68326  48.700  -7.757  54.054 0.0000000000
69456  48.368  -7.176  53.597 0.0000000000
68338  48.750  -7.307  53.303 0.0000000000
68348  49.839  -7.929  52.168 0.0000000000
69466  49.564  -7.265  52.195 0.0000000000
70501  49.753  -6.264  51.587 0.0000000000
71472  49.875  -5.253  51.453 0.0000000000
70500  50.020  -5.789  51.350 0.0000000000
70519  50.178  -5.543  51.213 0.0000000000
69479  49.963  -6.125  51.358 0.0000000000
69514  49.708  -7.319  50.632 0.0000000000
60933  47.986  -14.359  53.818 0.0000000000
62030  48.320  -13.544  54.301 0.0000000000
53944  27.634  -21.394  63.361 0.0000000000
52829  28.065  -21.915  63.665 0.0000000000
52830  27.362  -21.874  64.087 0.0000000000
71565  47.128  -4.263  46.308 0.0000000000
72527  47.210  -4.025  46.904 0.0000000000
72517  47.007  -4.140  47.513 0.0000000000
51823  34.432  -21.926  61.101 0.0000000000
51844  34.867  -22.288  60.474 0.0000000000
75632  50.374  0.179  43.271 0.0000000000
75631  50.598  0.501  42.996 0.0000000000
77575  51.286  0.965  42.639 0.0000000000
77573  52.463  0.762  42.606 0.0000000000
77567  52.723  0.389  43.192 0.0000000000
76587  52.713  -0.001  43.366 0.0000000000
61970  46.036  -14.233  56.203 0.0000000000
61989  45.487  -13.936  55.830 0.0000000000
61988  46.242  -13.820  56.137 0.0000000000
63032  46.407  -12.754  56.175 0.0000000000
64057  46.612  -11.665  55.620 0.0000000000
64049  46.699  -11.907  56.082 0.0000000000
65014  46.917  -11.372  55.481 0.0000000000
65013  47.274  -11.378  55.015 0.0000000000
65023  47.691  -10.529  54.506 0.0000000000
64056  47.719  -11.176  54.620 0.0000000000
63054  48.259  -11.708  54.519 0.0000000000
63062  48.582  -12.116  54.277 0.0000000000
53978  30.431  -20.971  61.765 0.0000000000
53976  32.728  -21.529  61.014 0.0000000000
72565  47.205  -3.500  43.401 0.0000000000
72564  47.768  -2.869  43.690 0.0000000000
74539  48.279  -1.723  43.870 0.0000000000
74512  49.826  -1.209  45.113 0.0000000000
75588  50.412  -0.791  45.609 0.0000000000
74498  49.969  -1.359  46.240 0.0000000000
74485  50.492  -1.626  47.092 0.0000000000
73429  49.065  -2.654  49.205 0.0000000000
73428  50.125  -2.983  49.518 0.0000000000
73427  50.600  -3.261  49.634 0.0000000000
70534  50.430  -5.212  50.773 0.0000000000
55054  41.908  -20.252  58.952 0.0000000000
55064  41.760  -19.870  58.950 0.0000000000
55053  42.420  -19.814  58.795 0.0000000000
55052  42.977  -19.735  58.749 0.0000000000
55062  43.712  -19.562  58.619 0.0000000000
54040  44.207  -20.039  57.424 0.0000000000
56083  44.945  -18.150  56.648 0.0000000000
56082  45.358  -17.416  56.592 0.0000000000
56093  45.204  -18.072  56.298 0.0000000000
56092  45.381  -17.295  56.112 0.0000000000
54030  35.422  -20.799  58.368 0.0000000000
54029  36.308  -20.804  58.162 0.0000000000
54028  37.207  -20.715  58.000 0.0000000000
53972  39.426  -21.423  60.541 0.0000000000
52870  39.535  -21.588  61.009 0.0000000000
78674  57.184  2.890  33.381 0.0000000000
77669  56.908  2.625  33.386 0.0000000000
76646  54.469  1.115  36.911 0.0000000000
76628  49.090  0.543  39.441 0.0000000000
77629  49.192  0.940  38.276 0.0000000000
77641  51.760  1.794  37.876 0.0000000000
74562  52.647  -0.591  41.233 0.0000000000
57133  42.415  -17.628  57.303 0.0000000000
60935  44.245  -14.410  54.270 0.0000000000
60936  43.643  -14.807  54.377 0.0000000000
60955  43.872  -14.502  53.599 0.0000000000
60975  43.436  -14.230  52.686 0.0000000000
66067  46.332  -9.561  52.134 0.0000000000
68394  45.584  -7.764  49.158 0.0000000000
69515  46.268  -6.828  50.045 0.0000000000
70537  46.696  -6.041  50.167 0.0000000000
70536  47.269  -5.821  50.538 0.0000000000
70523  47.125  -6.260  50.839 0.0000000000
70522  47.708  -6.120  51.222 0.0000000000
70504  48.300  -6.128  52.107 0.0000000000
66050  49.143  -8.837  53.124 0.0000000000
68337  49.124  -7.768  53.234 0.0000000000
67168  49.640  -8.585  52.367 0.0000000000
67185  49.939  -8.377  52.062 0.0000000000
68364  49.886  -7.847  51.822 0.0000000000
68365  49.928  -8.114  51.721 0.0000000000
53955  30.234  -21.415  62.401 0.0000000000
52853  29.853  -21.922  62.631 0.0000000000
51795  29.192  -22.284  62.961 0.0000000000
51809  29.145  -22.753  62.844 0.0000000000
51784  28.390  -22.296  63.323 0.0000000000
73484  49.006  -2.770  46.270 0.0000000000
73469  48.641  -2.945  47.339 0.0000000000
73450  48.733  -2.899  48.356 0.0000000000
72516  47.769  -3.472  47.476 0.0000000000
73412  49.219  -3.117  49.969 0.0000000000
72458  49.833  -3.865  50.680 0.0000000000
52943  43.535  -21.627  58.466 0.0000000000
52922  33.023  -21.112  59.826 0.0000000000
54033  33.139  -21.130  58.427 0.0000000000
52945  33.406  -21.334  58.923 0.0000000000
54015  34.873  -21.250  59.356 0.0000000000
52920  35.315  -21.506  59.832 0.0000000000
52895  37.251  -21.832  59.795 0.0000000000
51821  38.314  -21.924  60.264 0.0000000000
51822  37.871  -22.013  60.002 0.0000000000
51860  37.948  -22.282  59.702 0.0000000000
50778  37.615  -22.592  59.252 0.0000000000
79625  55.612  3.248  35.071 0.0000000000
78645  55.697  2.883  35.245 0.0000000000
78661  55.595  2.382  35.188 0.0000000000
78646  55.267  2.623  35.673 0.0000000000
77651  54.690  1.582  36.491 0.0000000000
75688  53.267  0.325  37.760 0.0000000000
76605  52.810  0.404  41.798 0.0000000000
74553  52.598  -0.615  41.567 0.0000000000
74554  51.985  -1.058  41.762 0.0000000000
59634  44.418  -15.816  57.495 0.0000000000
59646  44.141  -15.535  56.943 0.0000000000
60894  44.950  -14.399  55.679 0.0000000000
61990  45.151  -14.424  56.618 0.0000000000
60915  44.884  -14.125  55.292 0.0000000000
62032  44.817  -13.895  54.442 0.0000000000
63072  45.261  -12.630  53.299 0.0000000000
63080  45.263  -11.992  53.166 0.0000000000
64071  45.830  -11.390  53.463 0.0000000000
65026  46.351  -11.157  54.715 0.0000000000
65035  46.295  -10.536  54.093 0.0000000000
66053  46.529  -9.530  53.276 0.0000000000
67157  46.940  -8.775  53.300 0.0000000000
68340  47.507  -7.568  53.317 0.0000000000
68328  47.715  -7.847  53.859 0.0000000000
67143  48.287  -8.388  54.345 0.0000000000
67142  48.690  -8.555  54.375 0.0000000000
66026  48.238  -9.802  54.318 0.0000000000
66039  48.722  -9.592  54.045 0.0000000000
66051  49.053  -9.287  53.495 0.0000000000
65052  49.311  -10.254  52.537 0.0000000000
52899  33.304  -21.086  60.545 0.0000000000
53975  33.704  -21.423  61.183 0.0000000000
52874  34.058  -21.670  61.295 0.0000000000
75633  49.522  -0.553  42.827 0.0000000000
74538  49.142  -1.345  43.416 0.0000000000
122375  50.767  0.226  43.788 0.0000000000
74511  51.718  -1.066  45.533 0.0000000000
73480  52.160  -2.059  45.545 0.0000000000
73481  51.509  -1.807  45.909 0.0000000000
74467  50.612  -1.843  47.892 0.0000000000
73448  50.377  -2.447  48.484 0.0000000000
73447  51.115  -2.285  47.986 0.0000000000
55094  40.527  -19.257  56.881 0.0000000000
56084  41.737  -18.144  56.953 0.0000000000
56064  41.941  -19.139  58.746 0.0000000000
57119  42.520  -17.875  58.046 0.0000000000
57132  42.804  -17.395  57.702 0.0000000000
58286  43.113  -17.012  57.572 0.0000000000
58285  43.574  -16.884  57.664 0.0000000000
52915  43.931  -20.967  58.617 0.0000000000
54006  44.439  -20.179  58.784 0.0000000000
55061  44.517  -19.624  58.668 0.0000000000
54023  44.362  -19.422  57.520 0.0000000000
55060  44.732  -19.645  58.535 0.0000000000
56061  43.961  -18.988  58.355 0.0000000000
57100  43.925  -18.173  58.011 0.0000000000
58269  44.099  -17.544  57.473 0.0000000000
58284  44.179  -17.186  57.540 0.0000000000
59633  44.993  -15.690  57.160 0.0000000000
59632  45.299  -15.335  56.482 0.0000000000
59644  45.440  -15.783  56.391 0.0000000000
60873  45.731  -14.815  55.930 0.0000000000
62005  46.991  -13.834  55.783 0.0000000000
60892  47.237  -14.140  55.417 0.0000000000
62020  47.980  -13.410  55.108 0.0000000000
59690  47.500  -14.609  53.874 0.0000000000
58332  46.291  -16.054  53.701 0.0000000000
58345  46.906  -15.387  53.128 0.0000000000
54049  33.057  -21.006  57.894 0.0000000000
54047  34.576  -20.598  57.584 0.0000000000
55086  39.837  -19.803  57.342 0.0000000000
54009  40.472  -20.671  59.403 0.0000000000
54008  41.119  -20.552  59.429 0.0000000000
53989  41.400  -20.921  59.583 0.0000000000
52893  41.469  -21.207  59.743 0.0000000000
51836  42.016  -21.395  58.912 0.0000000000
51820  38.923  -22.004  60.901 0.0000000000
51839  40.003  -22.145  60.423 0.0000000000
51858  39.499  -22.507  59.772 0.0000000000
51838  40.565  -22.150  59.699 0.0000000000
78703  57.058  2.559  32.152 0.0000000000
78626  52.460  2.046  38.004 0.0000000000
78625  52.681  2.118  38.020 0.0000000000
75689  52.504  -0.578  37.730 0.0000000000
71568  44.862  -5.050  46.786 0.0000000000
59662  43.740  -15.603  56.690 0.0000000000
60897  43.239  -15.846  55.777 0.0000000000
69530  45.142  -6.996  48.893 0.0000000000
71555  44.867  -5.340  47.378 0.0000000000
71540  46.269  -4.872  48.138 0.0000000000
72481  46.758  -4.643  48.634 0.0000000000
72480  47.408  -4.332  49.070 0.0000000000
71509  47.018  -5.256  50.017 0.0000000000
71508  47.796  -4.800  50.229 0.0000000000
72461  47.718  -4.452  49.712 0.0000000000
72442  48.930  -4.154  50.771 0.0000000000
72441  49.579  -4.273  50.990 0.0000000000
69469  47.969  -6.809  52.999 0.0000000000
70488  48.323  -6.503  52.534 0.0000000000
70487  48.533  -6.508  52.534 0.0000000000
69467  49.100  -6.922  52.532 0.0000000000
69481  49.017  -6.473  52.309 0.0000000000
70503  48.809  -6.233  52.189 0.0000000000
71473  49.548  -5.239  51.623 0.0000000000
72428  50.115  -4.703  51.212 0.0000000000
71489  50.406  -4.890  51.002 0.0000000000
70535  50.322  -5.882  50.460 0.0000000000
69497  49.957  -6.517  50.951 0.0000000000
69513  49.843  -6.854  50.734 0.0000000000
62019  48.400  -12.690  54.710 0.0000000000
62029  48.615  -12.739  53.994 0.0000000000
62039  48.607  -12.630  53.538 0.0000000000
63070  48.669  -12.456  53.174 0.0000000000
63069  48.895  -12.010  53.626 0.0000000000
63078  49.097  -11.926  52.801 0.0000000000
51818  40.766  -22.162  61.028 0.0000000000
51819  39.823  -22.106  61.093 0.0000000000
52827  29.037  -21.829  63.302 0.0000000000
52841  29.125  -21.842  63.127 0.0000000000
52868  41.255  -21.472  61.042 0.0000000000
52873  34.739  -21.261  61.449 0.0000000000
53920  26.197  -21.995  64.686 0.0000000000
53929  28.996  -21.845  63.264 0.0000000000
53968  41.578  -21.247  60.085 0.0000000000
53969  41.281  -21.189  60.235 0.0000000000
53973  34.915  -21.201  61.385 0.0000000000
53993  34.666  -21.322  61.277 0.0000000000
53994  34.213  -21.209  61.157 0.0000000000
54024  44.790  -20.041  58.333 0.0000000000
54032  33.614  -21.003  58.450 0.0000000000
54062  44.027  -20.422  56.648 0.0000000000
55063  42.307  -19.605  58.829 0.0000000000
55072  44.457  -19.004  57.358 0.0000000000
56059  44.351  -18.605  57.357 0.0000000000
56072  44.386  -18.966  57.550 0.0000000000
57099  44.270  -18.276  57.391 0.0000000000
57114  44.556  -18.090  56.996 0.0000000000
57115  44.664  -17.587  56.775 0.0000000000
57116  43.839  -17.941  58.213 0.0000000000
57130  45.747  -17.036  56.822 0.0000000000
57166  45.814  -15.924  54.933 0.0000000000
58310  46.207  -15.030  55.376 0.0000000000
58322  45.607  -15.765  55.523 0.0000000000
59645  45.363  -15.864  57.045 0.0000000000
59675  47.367  -14.622  54.042 0.0000000000
59676  43.203  -16.010  55.594 0.0000000000
60893  46.583  -14.383  55.622 0.0000000000
60914  47.420  -14.556  54.247 0.0000000000
60918  43.266  -15.826  55.052 0.0000000000
60934  47.612  -14.515  54.099 0.0000000000
61971  45.840  -14.085  56.251 0.0000000000
61987  46.960  -13.294  55.956 0.0000000000
62022  44.798  -13.969  55.062 0.0000000000
62042  45.472  -12.940  53.622 0.0000000000
63030  47.216  -12.804  55.924 0.0000000000
63047  46.245  -12.423  56.174 0.0000000000
63061  48.420  -11.696  54.329 0.0000000000
64042  47.146  -12.077  56.319 0.0000000000
64046  48.010  -12.102  55.041 0.0000000000
64054  48.216  -11.466  54.415 0.0000000000
64055  47.914  -11.393  54.614 0.0000000000
64069  48.804  -11.228  53.668 0.0000000000
65021  48.291  -10.856  54.180 0.0000000000
65032  48.642  -10.685  53.826 0.0000000000
65034  46.720  -10.106  54.403 0.0000000000
66025  48.477  -9.751  54.184 0.0000000000
66052  46.954  -9.207  53.732 0.0000000000
66065  49.257  -8.870  52.840 0.0000000000
67124  48.626  -9.410  54.228 0.0000000000
67126  48.299  -8.973  54.396 0.0000000000
67141  49.005  -8.975  54.182 0.0000000000
67144  47.821  -8.480  54.138 0.0000000000
67154  49.307  -8.611  52.824 0.0000000000
67155  49.142  -8.564  53.420 0.0000000000
67200  45.719  -9.081  49.766 0.0000000000
68339  47.864  -7.350  53.663 0.0000000000
68393  46.016  -7.685  49.845 0.0000000000
69457  48.072  -7.180  53.676 0.0000000000
69482  48.874  -6.614  52.486 0.0000000000
69496  50.128  -6.008  51.137 0.0000000000
69499  46.728  -6.765  50.773 0.0000000000
70485  49.859  -7.069  51.918 0.0000000000
70486  49.538  -6.761  51.980 0.0000000000
70505  47.900  -6.198  51.946 0.0000000000
71542  44.990  -5.704  47.762 0.0000000000
71575  47.344  -4.115  45.899 0.0000000000
71592  46.474  -4.221  44.436 0.0000000000
72427  50.212  -4.861  51.165 0.0000000000
72429  49.870  -4.608  51.261 0.0000000000
73396  50.050  -3.785  50.542 0.0000000000
73410  50.540  -3.547  50.039 0.0000000000
73411  49.807  -3.449  50.264 0.0000000000
73525  47.560  -2.897  43.282 0.0000000000
74431  50.249  -3.577  50.275 0.0000000000
74453  50.565  -3.370  49.766 0.0000000000
74454  50.363  -3.318  49.835 0.0000000000
75586  51.109  -0.643  45.888 0.0000000000
76594  50.922  0.667  43.058 0.0000000000
76595  50.696  0.459  43.268 0.0000000000
76606  51.318  1.178  41.850 0.0000000000
76638  48.963  0.647  38.733 0.0000000000
77587  51.434  1.111  42.439 0.0000000000
77640  52.252  1.958  37.955 0.0000000000
79615  55.670  3.088  35.226 0.0000000000
122383  51.002  0.488  43.587 0.0000000000
