#!ascii label  , from subject 4033 vox2ras=TkReg
595
11537  -41.130  -48.770  -1.321 0.0000000000
16307  -37.202  -43.634  -5.319 0.0000000000
15311  -38.998  -44.147  -1.542 0.0000000000
14483  -43.218  -45.103  -7.078 0.0000000000
21480  -39.658  -38.651  -4.287 0.0000000000
12421  -41.356  -47.573  3.786 0.0000000000
14362  -35.397  -45.481  4.624 0.0000000000
17055  -33.860  -42.836  11.839 0.0000000000
18261  -37.413  -41.581  -1.572 0.0000000000
18274  -40.688  -41.121  -2.585 0.0000000000
21429  -38.857  -38.253  -1.499 0.0000000000
13381  -39.194  -46.420  4.721 0.0000000000
15258  -38.022  -45.187  7.922 0.0000000000
20129  -31.828  -39.453  11.770 0.0000000000
17091  -32.754  -42.190  8.094 0.0000000000
12506  -40.341  -47.448  -3.577 0.0000000000
15368  -40.972  -44.344  -5.888 0.0000000000
12600  -40.918  -48.462  -8.177 0.0000000000
12573  -37.688  -47.816  -7.172 0.0000000000
13463  -41.408  -46.287  -1.426 0.0000000000
14433  -42.923  -46.295  -3.794 0.0000000000
19360  -42.180  -41.009  -5.737 0.0000000000
18329  -38.902  -41.007  -5.027 0.0000000000
13426  -39.176  -47.317  1.018 0.0000000000
14381  -36.573  -45.353  1.135 0.0000000000
16211  -34.633  -43.010  0.940 0.0000000000
15206  -36.773  -44.721  11.377 0.0000000000
16143  -35.107  -44.152  7.786 0.0000000000
16171  -33.071  -43.528  4.604 0.0000000000
20307  -33.448  -39.390  1.174 0.0000000000
11615  -41.640  -48.621  -6.357 0.0000000000
21536  -35.357  -38.987  -8.397 0.0000000000
17321  -36.395  -42.414  -8.112 0.0000000000
15418  -38.381  -44.288  -9.403 0.0000000000
20326  -36.344  -39.551  -1.120 0.0000000000
20341  -38.045  -39.481  -1.341 0.0000000000
12492  -41.268  -47.858  -2.658 0.0000000000
15366  -38.719  -44.623  -5.012 0.0000000000
13517  -39.249  -46.113  -6.013 0.0000000000
13515  -37.466  -45.971  -5.792 0.0000000000
12572  -36.657  -47.376  -7.327 0.0000000000
14479  -37.038  -45.299  -6.291 0.0000000000
14409  -40.270  -44.921  -1.520 0.0000000000
16245  -41.015  -43.429  -2.035 0.0000000000
20357  -40.476  -39.099  -2.901 0.0000000000
18288  -41.881  -40.719  -4.092 0.0000000000
20389  -41.336  -39.880  -4.791 0.0000000000
18331  -41.213  -41.371  -5.529 0.0000000000
20404  -39.888  -39.464  -5.310 0.0000000000
12439  -40.172  -47.869  1.196 0.0000000000
12428  -40.479  -47.779  2.634 0.0000000000
14364  -37.235  -46.179  4.835 0.0000000000
13411  -37.470  -46.430  2.586 0.0000000000
14377  -36.493  -45.772  2.318 0.0000000000
15287  -35.680  -44.196  0.642 0.0000000000
15281  -34.693  -44.532  2.246 0.0000000000
15186  -35.136  -44.289  11.470 0.0000000000
15235  -36.039  -44.222  9.582 0.0000000000
17079  -34.278  -43.422  10.286 0.0000000000
18143  -31.882  -41.225  5.934 0.0000000000
17120  -32.685  -42.725  6.415 0.0000000000
18173  -32.127  -41.409  4.097 0.0000000000
18211  -33.210  -41.778  2.556 0.0000000000
14469  -43.025  -46.045  -5.321 0.0000000000
12536  -42.001  -47.621  -5.636 0.0000000000
13541  -42.740  -46.790  -6.623 0.0000000000
10756  -40.481  -49.865  -7.906 0.0000000000
22605  -36.766  -37.628  -8.905 0.0000000000
19380  -35.579  -40.657  -8.514 0.0000000000
18388  -37.700  -42.123  -9.758 0.0000000000
16241  -37.710  -43.289  -1.352 0.0000000000
17214  -39.862  -42.756  -2.038 0.0000000000
18262  -38.519  -41.386  -2.105 0.0000000000
19311  -39.154  -39.638  -2.083 0.0000000000
21445  -39.559  -37.938  -2.442 0.0000000000
13399  -40.728  -47.215  3.723 0.0000000000
14354  -38.423  -45.856  5.765 0.0000000000
14342  -36.976  -45.486  6.554 0.0000000000
18074  -32.725  -41.603  11.746 0.0000000000
18105  -32.920  -42.154  9.723 0.0000000000
18104  -32.464  -41.152  9.570 0.0000000000
19142  -31.713  -40.117  8.094 0.0000000000
20220  -31.471  -39.166  6.514 0.0000000000
14467  -41.974  -44.713  -6.702 0.0000000000
13560  -42.183  -46.583  -7.549 0.0000000000
13539  -40.832  -46.448  -7.187 0.0000000000
12598  -39.573  -48.308  -8.063 0.0000000000
11644  -38.271  -49.172  -8.241 0.0000000000
10737  -36.786  -48.974  -8.028 0.0000000000
11641  -35.825  -48.168  -8.388 0.0000000000
13592  -36.384  -46.413  -9.156 0.0000000000
12460  -41.692  -47.822  -1.321 0.0000000000
12493  -41.997  -47.670  -2.441 0.0000000000
15337  -43.534  -45.112  -3.455 0.0000000000
16291  -43.093  -43.248  -4.571 0.0000000000
17233  -41.202  -42.360  -2.475 0.0000000000
17271  -42.744  -42.352  -4.946 0.0000000000
17308  -42.880  -43.101  -6.520 0.0000000000
17287  -41.702  -42.559  -5.908 0.0000000000
16289  -39.712  -43.181  -4.832 0.0000000000
17268  -38.140  -42.677  -4.676 0.0000000000
11508  -40.773  -48.116  -0.141 0.0000000000
13436  -39.904  -47.229  0.070 0.0000000000
13447  -38.640  -45.853  -0.270 0.0000000000
12426  -38.932  -47.336  2.841 0.0000000000
13424  -37.869  -46.351  1.367 0.0000000000
15301  -37.657  -44.478  -0.481 0.0000000000
16227  -36.488  -43.659  -0.392 0.0000000000
17193  -35.254  -42.247  -0.121 0.0000000000
19296  -35.021  -40.543  -0.416 0.0000000000
15237  -37.688  -44.830  9.463 0.0000000000
15246  -36.623  -44.691  8.412 0.0000000000
15269  -35.217  -44.879  6.000 0.0000000000
17092  -33.343  -42.840  8.555 0.0000000000
16154  -34.139  -43.862  6.578 0.0000000000
14371  -34.227  -44.758  4.187 0.0000000000
16191  -33.880  -43.260  2.487 0.0000000000
19270  -33.744  -41.012  1.426 0.0000000000
12508  -41.924  -47.322  -3.527 0.0000000000
12534  -40.883  -47.990  -5.228 0.0000000000
11630  -41.624  -48.683  -7.641 0.0000000000
9851  -40.547  -50.288  -6.562 0.0000000000
20402  -37.647  -39.477  -5.273 0.0000000000
19355  -37.142  -40.479  -5.420 0.0000000000
17285  -36.917  -42.839  -5.459 0.0000000000
18350  -35.559  -41.493  -6.826 0.0000000000
16323  -36.638  -43.463  -6.804 0.0000000000
15396  -36.950  -44.310  -7.321 0.0000000000
15408  -37.746  -44.399  -8.622 0.0000000000
20325  -35.486  -39.579  -0.609 0.0000000000
11565  -40.452  -48.501  -2.074 0.0000000000
11566  -41.088  -48.434  -2.029 0.0000000000
15365  -37.735  -44.421  -5.187 0.0000000000
14463  -38.073  -45.328  -5.394 0.0000000000
14462  -37.333  -45.213  -5.722 0.0000000000
13514  -37.043  -45.744  -6.001 0.0000000000
15364  -37.014  -44.460  -5.776 0.0000000000
15312  -39.762  -44.355  -1.572 0.0000000000
15313  -40.634  -44.246  -1.738 0.0000000000
16244  -40.224  -43.508  -1.859 0.0000000000
20370  -40.586  -39.207  -3.664 0.0000000000
20371  -41.132  -39.743  -4.055 0.0000000000
20388  -40.473  -39.359  -4.524 0.0000000000
21499  -39.615  -39.023  -4.871 0.0000000000
11450  -41.421  -48.351  3.673 0.0000000000
11461  -41.150  -48.127  3.130 0.0000000000
12429  -40.997  -47.520  3.415 0.0000000000
14363  -36.277  -45.824  4.783 0.0000000000
13395  -36.720  -46.226  3.526 0.0000000000
14373  -36.147  -45.945  3.624 0.0000000000
14376  -35.305  -45.269  2.498 0.0000000000
14372  -34.804  -45.206  3.722 0.0000000000
17040  -33.747  -42.562  12.250 0.0000000000
18060  -34.285  -42.182  13.194 0.0000000000
17041  -34.208  -42.862  12.522 0.0000000000
16090  -35.170  -44.142  12.683 0.0000000000
16101  -34.682  -43.973  11.144 0.0000000000
16108  -34.806  -43.770  10.371 0.0000000000
17065  -34.322  -43.531  10.865 0.0000000000
19208  -31.531  -40.188  5.437 0.0000000000
18155  -31.957  -41.562  4.984 0.0000000000
19237  -32.334  -40.800  3.650 0.0000000000
20274  -31.904  -39.848  3.976 0.0000000000
14484  -43.237  -45.567  -6.419 0.0000000000
13519  -43.054  -46.354  -6.168 0.0000000000
13562  -43.289  -45.907  -7.072 0.0000000000
20438  -36.380  -39.721  -9.504 0.0000000000
18387  -37.326  -41.747  -9.722 0.0000000000
19399  -37.351  -41.032  -10.069 0.0000000000
17211  -37.075  -42.675  -1.298 0.0000000000
17212  -38.021  -42.515  -1.700 0.0000000000
19310  -38.635  -40.169  -1.876 0.0000000000
20343  -39.230  -38.881  -2.105 0.0000000000
20356  -39.746  -38.639  -2.472 0.0000000000
21430  -39.333  -38.044  -1.946 0.0000000000
14343  -37.834  -45.636  6.483 0.0000000000
14333  -37.325  -45.423  7.127 0.0000000000
19086  -32.775  -40.886  12.653 0.0000000000
19100  -32.204  -40.610  11.800 0.0000000000
18087  -32.538  -41.359  10.700 0.0000000000
19110  -31.889  -40.302  10.569 0.0000000000
19159  -31.532  -39.747  7.319 0.0000000000
12519  -39.278  -47.921  -4.541 0.0000000000
14466  -41.463  -45.020  -6.433 0.0000000000
14481  -41.173  -45.758  -6.840 0.0000000000
14465  -40.271  -45.482  -6.141 0.0000000000
13537  -38.708  -46.721  -6.313 0.0000000000
12553  -38.956  -47.150  -7.017 0.0000000000
12574  -38.658  -47.859  -7.254 0.0000000000
11628  -38.285  -48.572  -7.708 0.0000000000
10738  -37.282  -49.005  -7.992 0.0000000000
13557  -36.643  -46.502  -7.422 0.0000000000
12571  -36.027  -47.840  -7.890 0.0000000000
12596  -36.184  -47.213  -8.291 0.0000000000
13591  -36.022  -46.879  -8.827 0.0000000000
13577  -36.212  -46.719  -8.612 0.0000000000
12473  -41.728  -46.829  -1.582 0.0000000000
16292  -43.557  -44.293  -4.237 0.0000000000
16271  -43.164  -43.728  -3.560 0.0000000000
17232  -40.267  -42.061  -2.312 0.0000000000
18289  -42.312  -41.445  -4.390 0.0000000000
18309  -42.345  -41.560  -5.449 0.0000000000
17288  -42.706  -42.547  -5.954 0.0000000000
17307  -42.348  -43.059  -6.447 0.0000000000
18330  -40.050  -41.237  -5.265 0.0000000000
17286  -40.691  -42.195  -5.312 0.0000000000
18308  -39.315  -41.681  -4.751 0.0000000000
17269  -39.059  -42.463  -4.599 0.0000000000
18307  -38.440  -41.817  -4.692 0.0000000000
12438  -39.517  -47.586  1.466 0.0000000000
12445  -39.837  -47.510  0.619 0.0000000000
13435  -39.322  -47.057  0.394 0.0000000000
13448  -39.180  -46.087  -0.337 0.0000000000
13398  -39.761  -46.982  3.845 0.0000000000
13397  -38.544  -46.965  3.499 0.0000000000
14378  -37.186  -45.870  1.674 0.0000000000
14382  -37.301  -45.733  0.866 0.0000000000
14385  -37.673  -45.412  0.098 0.0000000000
14384  -37.056  -45.122  0.508 0.0000000000
15300  -36.956  -44.271  -0.348 0.0000000000
15288  -36.461  -44.487  0.312 0.0000000000
16212  -35.182  -43.471  0.680 0.0000000000
17181  -35.454  -42.889  0.138 0.0000000000
17180  -34.846  -42.509  0.441 0.0000000000
18251  -35.482  -41.573  -0.563 0.0000000000
18250  -34.618  -41.496  0.091 0.0000000000
15223  -38.019  -45.288  10.681 0.0000000000
16117  -35.862  -44.097  9.157 0.0000000000
16118  -36.324  -44.296  8.864 0.0000000000
15245  -36.080  -44.569  8.091 0.0000000000
15255  -35.714  -44.575  7.476 0.0000000000
15254  -35.120  -44.363  7.212 0.0000000000
18119  -32.773  -41.918  8.857 0.0000000000
17131  -32.511  -42.436  5.240 0.0000000000
16153  -33.370  -43.370  6.554 0.0000000000
16172  -33.405  -43.753  5.187 0.0000000000
16162  -33.636  -43.929  5.763 0.0000000000
15273  -33.340  -43.991  4.510 0.0000000000
16183  -33.882  -43.781  3.035 0.0000000000
16182  -33.310  -43.441  3.415 0.0000000000
19269  -33.334  -40.550  1.906 0.0000000000
18228  -33.630  -41.601  1.831 0.0000000000
19283  -33.387  -39.947  1.501 0.0000000000
19284  -33.795  -40.413  0.993 0.0000000000
13484  -42.696  -46.724  -3.512 0.0000000000
11606  -41.691  -48.223  -6.004 0.0000000000
12535  -41.502  -47.876  -5.367 0.0000000000
11605  -41.339  -48.578  -5.927 0.0000000000
11604  -40.636  -48.673  -5.661 0.0000000000
10717  -41.087  -49.422  -6.033 0.0000000000
13559  -41.334  -46.984  -7.721 0.0000000000
12577  -41.754  -47.915  -7.964 0.0000000000
11647  -41.200  -49.047  -7.997 0.0000000000
9059  -39.716  -50.770  -7.459 0.0000000000
9861  -40.675  -50.164  -7.273 0.0000000000
21497  -38.115  -38.563  -5.171 0.0000000000
21496  -37.155  -38.771  -5.078 0.0000000000
19354  -35.921  -40.595  -5.775 0.0000000000
18327  -36.858  -41.783  -5.474 0.0000000000
17320  -35.798  -41.904  -7.939 0.0000000000
18364  -35.406  -41.270  -7.915 0.0000000000
17305  -35.994  -42.435  -7.155 0.0000000000
16340  -36.866  -43.360  -7.844 0.0000000000
15409  -38.027  -43.893  -8.921 0.0000000000
15417  -38.149  -44.882  -8.971 0.0000000000
19308  -36.831  -40.591  -1.311 0.0000000000
19309  -37.778  -40.467  -1.602 0.0000000000
20340  -37.265  -39.577  -1.314 0.0000000000
21427  -37.654  -39.011  -1.075 0.0000000000
21428  -38.105  -38.407  -1.134 0.0000000000
20148  -31.686  -39.241  10.705 0.0000000000
21225  -31.753  -38.312  10.409 0.0000000000
12491  -40.437  -47.813  -2.703 0.0000000000
15367  -39.849  -44.361  -5.237 0.0000000000
14464  -39.088  -45.399  -5.469 0.0000000000
13516  -38.364  -46.119  -5.716 0.0000000000
13536  -37.754  -46.691  -6.156 0.0000000000
12551  -37.292  -47.131  -6.707 0.0000000000
13535  -37.004  -46.369  -6.598 0.0000000000
14493  -36.985  -45.469  -7.357 0.0000000000
13462  -40.938  -45.733  -1.366 0.0000000000
14410  -40.907  -45.006  -1.611 0.0000000000
15314  -41.496  -44.314  -1.935 0.0000000000
16255  -41.752  -43.423  -2.470 0.0000000000
19323  -41.006  -40.150  -2.931 0.0000000000
19324  -41.420  -40.275  -3.680 0.0000000000
19333  -41.726  -40.152  -4.388 0.0000000000
19359  -41.618  -40.637  -5.512 0.0000000000
19358  -40.555  -40.437  -5.477 0.0000000000
19357  -39.424  -40.264  -5.434 0.0000000000
13380  -37.999  -46.430  4.421 0.0000000000
13396  -37.237  -46.365  3.819 0.0000000000
13410  -36.777  -46.263  3.151 0.0000000000
15285  -35.947  -44.754  1.005 0.0000000000
14380  -35.880  -45.169  1.646 0.0000000000
15284  -35.214  -44.384  1.456 0.0000000000
15283  -34.557  -43.776  1.971 0.0000000000
15187  -35.704  -44.381  12.147 0.0000000000
15222  -36.862  -44.588  10.259 0.0000000000
15205  -35.796  -44.369  10.829 0.0000000000
16109  -35.516  -44.079  9.976 0.0000000000
16116  -34.786  -43.754  9.408 0.0000000000
18128  -31.757  -41.083  7.101 0.0000000000
17104  -32.409  -42.029  7.284 0.0000000000
17119  -32.186  -41.921  6.276 0.0000000000
18156  -32.267  -41.991  4.423 0.0000000000
17151  -33.090  -42.512  3.064 0.0000000000
18192  -32.443  -41.343  3.617 0.0000000000
19253  -32.806  -40.784  2.858 0.0000000000
20296  -32.927  -39.448  1.951 0.0000000000
14447  -42.874  -46.312  -4.316 0.0000000000
13497  -42.317  -46.955  -4.602 0.0000000000
14468  -42.698  -46.554  -4.972 0.0000000000
13518  -42.655  -46.900  -5.684 0.0000000000
12554  -42.309  -47.579  -6.494 0.0000000000
11646  -40.329  -49.115  -8.279 0.0000000000
21537  -36.075  -38.701  -8.935 0.0000000000
20428  -35.405  -39.856  -8.365 0.0000000000
20437  -35.758  -40.031  -8.921 0.0000000000
19381  -35.953  -41.007  -8.944 0.0000000000
17336  -36.149  -41.894  -8.474 0.0000000000
16355  -36.917  -42.761  -8.502 0.0000000000
17355  -37.475  -42.536  -9.422 0.0000000000
17356  -38.036  -42.512  -9.783 0.0000000000
16242  -38.505  -43.476  -1.487 0.0000000000
16243  -39.414  -43.459  -1.733 0.0000000000
17213  -39.018  -42.523  -1.968 0.0000000000
18263  -39.169  -41.810  -2.237 0.0000000000
18273  -39.561  -41.170  -2.382 0.0000000000
19321  -39.274  -40.296  -2.234 0.0000000000
19322  -39.971  -39.822  -2.456 0.0000000000
22547  -39.847  -37.974  -3.063 0.0000000000
13400  -41.103  -47.290  3.785 0.0000000000
13366  -39.489  -46.263  5.112 0.0000000000
14355  -39.366  -46.030  5.513 0.0000000000
14366  -38.813  -46.096  5.292 0.0000000000
14365  -38.207  -46.183  5.166 0.0000000000
14352  -36.544  -45.532  5.734 0.0000000000
18058  -33.148  -41.659  12.440 0.0000000000
18075  -33.345  -42.373  11.862 0.0000000000
18088  -33.117  -42.297  10.809 0.0000000000
18118  -32.330  -41.211  8.319 0.0000000000
19123  -31.602  -39.631  9.602 0.0000000000
19124  -31.894  -40.162  9.266 0.0000000000
18127  -31.586  -40.406  6.903 0.0000000000
19184  -31.511  -40.051  6.292 0.0000000000
20246  -31.504  -39.432  5.601 0.0000000000
15383  -42.903  -44.343  -6.985 0.0000000000
14496  -43.122  -45.687  -7.435 0.0000000000
14482  -42.322  -45.368  -7.112 0.0000000000
13540  -41.592  -46.200  -7.393 0.0000000000
12576  -40.786  -47.730  -8.024 0.0000000000
12599  -40.140  -48.360  -8.244 0.0000000000
10754  -38.566  -49.827  -8.434 0.0000000000
11625  -35.921  -48.112  -7.972 0.0000000000
10751  -35.808  -49.153  -8.762 0.0000000000
11661  -35.621  -48.515  -9.363 0.0000000000
12637  -35.917  -48.003  -9.904 0.0000000000
11510  -41.825  -47.939  -1.371 0.0000000000
11567  -41.542  -48.274  -1.825 0.0000000000
12474  -41.956  -47.348  -1.744 0.0000000000
13473  -42.641  -46.459  -2.681 0.0000000000
13474  -42.920  -46.000  -3.129 0.0000000000
14421  -42.681  -45.567  -2.488 0.0000000000
14434  -43.055  -45.875  -3.657 0.0000000000
15353  -43.574  -45.231  -4.169 0.0000000000
15370  -43.464  -44.974  -5.237 0.0000000000
16312  -43.390  -43.553  -5.629 0.0000000000
17215  -40.535  -42.827  -2.132 0.0000000000
18275  -41.582  -41.330  -3.378 0.0000000000
18276  -42.277  -41.936  -3.556 0.0000000000
16326  -43.145  -43.609  -6.551 0.0000000000
16325  -42.628  -43.615  -6.725 0.0000000000
16310  -41.513  -43.500  -6.188 0.0000000000
16309  -40.600  -43.301  -5.457 0.0000000000
16308  -40.000  -43.678  -5.048 0.0000000000
15351  -39.217  -43.937  -4.696 0.0000000000
15350  -38.424  -43.998  -4.744 0.0000000000
16287  -37.875  -43.508  -4.814 0.0000000000
11509  -41.365  -48.356  -0.963 0.0000000000
12459  -41.337  -47.386  -1.094 0.0000000000
13450  -40.979  -46.858  -0.894 0.0000000000
11486  -40.456  -48.074  0.722 0.0000000000
12446  -40.265  -47.572  0.103 0.0000000000
13449  -40.283  -46.525  -0.658 0.0000000000
14398  -40.414  -45.534  -1.290 0.0000000000
14397  -39.710  -45.338  -0.999 0.0000000000
15303  -39.101  -44.766  -1.249 0.0000000000
12427  -39.576  -47.531  2.589 0.0000000000
12437  -38.989  -47.441  2.095 0.0000000000
13412  -38.318  -47.099  2.282 0.0000000000
13425  -38.771  -47.061  1.263 0.0000000000
13434  -38.377  -46.262  0.298 0.0000000000
14395  -38.123  -45.085  -0.513 0.0000000000
15302  -38.445  -44.436  -0.972 0.0000000000
16229  -37.915  -43.871  -1.011 0.0000000000
16228  -37.157  -43.687  -0.912 0.0000000000
17210  -36.484  -42.572  -0.989 0.0000000000
16213  -35.868  -43.577  0.124 0.0000000000
17194  -35.991  -42.682  -0.494 0.0000000000
18260  -36.404  -41.768  -1.105 0.0000000000
15236  -36.645  -44.409  9.282 0.0000000000
15247  -37.449  -44.894  8.589 0.0000000000
15257  -37.300  -45.241  7.847 0.0000000000
15256  -36.546  -45.115  7.493 0.0000000000
15270  -35.817  -45.130  6.115 0.0000000000
14350  -34.987  -45.198  5.367 0.0000000000
17078  -33.736  -43.007  9.809 0.0000000000
16115  -34.085  -43.430  8.863 0.0000000000
16128  -34.062  -43.498  8.142 0.0000000000
17105  -32.984  -42.827  7.415 0.0000000000
16141  -33.730  -43.396  7.456 0.0000000000
16142  -34.544  -43.894  7.446 0.0000000000
15262  -34.810  -44.396  6.618 0.0000000000
15268  -34.391  -44.579  5.724 0.0000000000
14361  -34.536  -45.008  4.742 0.0000000000
15277  -33.984  -44.340  3.579 0.0000000000
15280  -34.289  -44.058  2.711 0.0000000000
16198  -34.289  -42.957  1.574 0.0000000000
17161  -33.486  -42.525  2.503 0.0000000000
17162  -33.810  -42.452  1.990 0.0000000000
17179  -34.370  -42.377  0.966 0.0000000000
18249  -34.266  -40.948  0.582 0.0000000000
20324  -34.683  -39.522  -0.151 0.0000000000
12507  -41.205  -47.441  -3.530 0.0000000000
12522  -41.713  -47.404  -4.559 0.0000000000
12521  -41.055  -47.533  -4.492 0.0000000000
12520  -40.205  -47.586  -4.508 0.0000000000
12533  -40.148  -48.050  -5.143 0.0000000000
13561  -42.880  -46.366  -7.291 0.0000000000
12578  -42.305  -47.256  -7.219 0.0000000000
10741  -41.826  -48.848  -6.819 0.0000000000
10757  -41.043  -49.516  -7.715 0.0000000000
10740  -41.421  -49.401  -7.245 0.0000000000
9852  -41.204  -49.863  -6.456 0.0000000000
21412  -37.665  -37.839  -0.887 0.0000000000
22512  -39.311  -37.402  -2.078 0.0000000000
22528  -39.339  -37.523  -2.549 0.0000000000
22563  -39.410  -38.134  -3.855 0.0000000000
22574  -38.988  -38.344  -4.720 0.0000000000
21498  -39.160  -38.666  -5.060 0.0000000000
20403  -38.773  -39.404  -5.416 0.0000000000
19356  -38.286  -40.281  -5.280 0.0000000000
20401  -36.413  -39.432  -5.232 0.0000000000
18328  -37.822  -41.224  -5.063 0.0000000000
18306  -37.567  -42.121  -4.891 0.0000000000
18305  -37.151  -42.412  -5.150 0.0000000000
19374  -35.131  -40.471  -7.680 0.0000000000
18349  -35.302  -41.142  -7.286 0.0000000000
19367  -35.708  -41.095  -6.380 0.0000000000
18326  -36.133  -41.664  -6.313 0.0000000000
17284  -36.478  -42.647  -6.142 0.0000000000
16306  -36.714  -43.608  -5.942 0.0000000000
15381  -36.864  -44.438  -6.534 0.0000000000
14494  -37.158  -44.800  -7.652 0.0000000000
14509  -37.283  -45.049  -8.142 0.0000000000
14508  -36.813  -45.735  -8.470 0.0000000000
14521  -36.836  -45.838  -9.017 0.0000000000
9020  -40.325  -50.454  -6.979 0.0000000000
9058  -39.393  -51.079  -7.635 0.0000000000
9862  -41.080  -50.037  -6.875 0.0000000000
9876  -39.959  -50.473  -7.608 0.0000000000
10585  -41.354  -48.912  2.922 0.0000000000
10727  -41.502  -49.104  -6.502 0.0000000000
10728  -41.711  -48.750  -6.602 0.0000000000
10739  -40.956  -49.743  -7.579 0.0000000000
10753  -37.484  -49.561  -8.337 0.0000000000
11538  -41.716  -48.090  -1.572 0.0000000000
11616  -41.877  -48.322  -6.479 0.0000000000
11626  -36.259  -48.289  -7.833 0.0000000000
11629  -39.110  -48.298  -7.775 0.0000000000
11631  -42.029  -48.358  -7.190 0.0000000000
11643  -37.703  -48.970  -7.997 0.0000000000
12418  -38.928  -47.249  3.218 0.0000000000
12419  -39.311  -47.301  3.234 0.0000000000
12420  -39.994  -47.416  3.217 0.0000000000
12458  -40.736  -47.282  -0.525 0.0000000000
12550  -36.890  -46.990  -6.802 0.0000000000
12552  -38.152  -47.306  -6.660 0.0000000000
12575  -39.706  -47.672  -7.612 0.0000000000
12597  -36.460  -46.871  -7.799 0.0000000000
12619  -35.857  -47.382  -9.272 0.0000000000
12620  -36.202  -46.923  -9.744 0.0000000000
13367  -39.852  -46.323  5.073 0.0000000000
13379  -37.496  -46.353  4.371 0.0000000000
13413  -40.867  -47.383  3.398 0.0000000000
13414  -41.007  -47.327  3.566 0.0000000000
13433  -37.741  -46.008  0.612 0.0000000000
13464  -42.121  -46.307  -1.997 0.0000000000
13485  -42.889  -46.247  -3.218 0.0000000000
13542  -43.173  -46.244  -6.765 0.0000000000
13558  -40.512  -47.083  -7.510 0.0000000000
13593  -36.931  -45.949  -9.333 0.0000000000
14334  -38.018  -45.406  7.205 0.0000000000
14351  -35.706  -45.372  5.460 0.0000000000
14353  -37.539  -45.835  5.768 0.0000000000
14374  -36.707  -46.145  4.279 0.0000000000
14386  -38.277  -45.629  -0.264 0.0000000000
14396  -38.774  -45.326  -0.674 0.0000000000
14422  -43.020  -45.631  -3.035 0.0000000000
14448  -43.275  -45.713  -4.512 0.0000000000
14480  -40.542  -46.103  -6.698 0.0000000000
14495  -42.690  -45.982  -7.533 0.0000000000
14497  -43.303  -45.553  -7.072 0.0000000000
15170  -35.461  -44.210  12.871 0.0000000000
15204  -35.151  -44.248  10.984 0.0000000000
15221  -36.160  -44.341  9.969 0.0000000000
15263  -35.486  -44.712  6.675 0.0000000000
15264  -36.153  -45.130  6.684 0.0000000000
15274  -33.755  -44.255  4.731 0.0000000000
15276  -33.249  -44.130  4.120 0.0000000000
15278  -34.571  -44.738  2.928 0.0000000000
15289  -37.196  -44.722  0.061 0.0000000000
15325  -43.196  -44.956  -2.858 0.0000000000
15352  -39.699  -43.807  -4.902 0.0000000000
15369  -41.684  -44.202  -6.531 0.0000000000
15382  -42.276  -44.273  -6.827 0.0000000000
15384  -43.265  -44.486  -6.370 0.0000000000
15397  -37.230  -44.306  -7.957 0.0000000000
16076  -34.633  -43.310  12.892 0.0000000000
16089  -34.686  -43.905  12.270 0.0000000000
16102  -35.151  -44.132  10.619 0.0000000000
16129  -34.694  -43.784  8.344 0.0000000000
16130  -35.462  -44.193  8.424 0.0000000000
16131  -36.079  -44.321  8.599 0.0000000000
16161  -33.117  -43.300  5.631 0.0000000000
16190  -33.433  -42.952  2.848 0.0000000000
16199  -34.752  -43.547  1.300 0.0000000000
16272  -43.385  -44.464  -3.355 0.0000000000
16288  -38.731  -43.303  -4.656 0.0000000000
16290  -40.257  -42.716  -5.097 0.0000000000
16311  -42.968  -42.917  -5.300 0.0000000000
16324  -42.045  -43.581  -6.634 0.0000000000
16357  -38.019  -43.604  -9.294 0.0000000000
16366  -37.861  -43.075  -9.455 0.0000000000
17027  -34.754  -42.702  13.307 0.0000000000
17056  -34.223  -43.365  11.599 0.0000000000
17064  -33.754  -43.058  11.015 0.0000000000
17130  -32.117  -41.810  5.612 0.0000000000
17140  -32.529  -42.590  3.916 0.0000000000
17168  -34.051  -42.185  1.459 0.0000000000
17195  -36.616  -43.080  -0.851 0.0000000000
17231  -39.596  -42.080  -2.203 0.0000000000
17267  -37.406  -42.874  -4.970 0.0000000000
17270  -39.933  -42.204  -4.808 0.0000000000
17289  -43.155  -43.104  -6.295 0.0000000000
17304  -35.570  -41.674  -7.420 0.0000000000
17306  -41.921  -43.149  -6.373 0.0000000000
17337  -36.550  -42.215  -8.891 0.0000000000
18059  -33.702  -42.086  12.719 0.0000000000
18142  -31.647  -40.703  6.421 0.0000000000
18174  -32.362  -41.810  3.835 0.0000000000
18193  -32.713  -41.699  3.305 0.0000000000
18212  -33.554  -42.095  2.216 0.0000000000
18227  -33.271  -41.170  2.285 0.0000000000
18238  -34.108  -41.507  0.971 0.0000000000
18239  -34.456  -41.988  0.580 0.0000000000
18272  -38.960  -40.747  -2.282 0.0000000000
18332  -42.050  -41.501  -5.882 0.0000000000
18377  -35.795  -41.409  -8.481 0.0000000000
18378  -36.213  -41.536  -8.981 0.0000000000
18394  -37.532  -41.497  -9.993 0.0000000000
18395  -37.950  -41.724  -10.154 0.0000000000
19109  -31.572  -39.752  10.029 0.0000000000
19160  -31.645  -40.353  7.361 0.0000000000
19185  -31.632  -40.618  5.865 0.0000000000
19209  -31.610  -40.846  5.236 0.0000000000
19225  -31.600  -40.359  4.845 0.0000000000
19238  -32.607  -41.147  3.380 0.0000000000
19252  -32.388  -40.255  3.353 0.0000000000
19295  -34.422  -40.394  0.266 0.0000000000
19297  -35.920  -40.605  -0.860 0.0000000000
19343  -41.868  -40.238  -5.050 0.0000000000
19388  -35.969  -40.466  -9.116 0.0000000000
19390  -36.931  -41.247  -9.689 0.0000000000
20147  -31.502  -39.180  9.933 0.0000000000
20286  -32.861  -40.093  2.388 0.0000000000
20342  -38.653  -39.124  -1.683 0.0000000000
20358  -41.007  -39.669  -3.361 0.0000000000
20387  -39.889  -39.160  -4.750 0.0000000000
20405  -40.949  -39.912  -5.274 0.0000000000
20406  -41.494  -40.125  -5.223 0.0000000000
20429  -35.759  -39.455  -8.855 0.0000000000
21446  -39.942  -38.279  -2.825 0.0000000000
21460  -39.637  -38.202  -3.681 0.0000000000
21461  -40.054  -38.439  -3.408 0.0000000000
21479  -39.183  -38.434  -4.600 0.0000000000
21481  -40.181  -38.947  -3.936 0.0000000000
22529  -39.643  -37.846  -2.824 0.0000000000
22546  -39.333  -37.655  -3.249 0.0000000000
22562  -38.979  -38.062  -4.249 0.0000000000
22573  -38.664  -38.257  -4.811 0.0000000000
22604  -35.549  -37.868  -8.303 0.0000000000
23578  -39.202  -37.175  -2.255 0.0000000000
23613  -38.892  -37.148  -2.748 0.0000000000
