#!ascii label  , from subject 4033 vox2ras=TkReg
1035
62974  26.492  -1.609  49.809 0.0000000000
83245  40.549  15.778  32.726 0.0000000000
71697  36.040  4.797  39.059 0.0000000000
52885  9.254  -8.895  60.914 0.0000000000
58182  22.244  -4.967  54.436 0.0000000000
76614  35.593  8.748  36.775 0.0000000000
55394  15.792  -7.165  55.546 0.0000000000
51759  13.293  -10.247  57.466 0.0000000000
53013  19.573  -8.838  53.825 0.0000000000
80984  45.912  13.739  31.459 0.0000000000
67927  27.042  2.439  49.033 0.0000000000
65449  30.833  -0.151  45.268 0.0000000000
65344  30.667  -1.342  50.375 0.0000000000
86854  44.046  18.687  30.387 0.0000000000
85656  46.553  17.482  27.001 0.0000000000
85564  37.381  17.768  36.582 0.0000000000
82009  40.875  13.737  35.612 0.0000000000
78903  37.738  11.424  35.406 0.0000000000
72874  40.283  6.145  38.163 0.0000000000
56760  27.792  -7.447  53.406 0.0000000000
48124  8.761  -13.825  62.295 0.0000000000
48057  5.697  -13.007  65.819 0.0000000000
50363  4.426  -11.043  68.686 0.0000000000
60616  23.691  -3.024  52.483 0.0000000000
54163  23.842  -8.804  53.788 0.0000000000
69304  31.381  3.399  41.146 0.0000000000
67994  36.880  1.538  43.906 0.0000000000
91307  47.527  22.537  24.839 0.0000000000
80988  42.992  13.789  31.975 0.0000000000
82028  42.162  14.449  33.945 0.0000000000
65384  25.716  1.215  49.668 0.0000000000
65381  28.876  -0.213  48.933 0.0000000000
64161  28.455  -1.343  50.318 0.0000000000
86836  41.201  18.355  32.873 0.0000000000
85607  43.589  18.162  32.513 0.0000000000
84438  42.592  16.915  31.254 0.0000000000
83278  44.137  15.790  29.579 0.0000000000
45871  4.263  -14.834  69.655 0.0000000000
82013  36.547  13.971  35.650 0.0000000000
81990  35.484  13.781  37.761 0.0000000000
72889  34.961  6.865  37.237 0.0000000000
72895  37.518  7.054  36.450 0.0000000000
71707  38.185  5.492  38.709 0.0000000000
70499  38.512  4.168  40.849 0.0000000000
52942  11.189  -9.501  58.659 0.0000000000
50529  12.817  -12.086  59.230 0.0000000000
50517  10.271  -11.410  59.744 0.0000000000
48122  10.894  -13.809  62.150 0.0000000000
50488  8.436  -11.537  61.429 0.0000000000
50444  6.239  -10.827  65.243 0.0000000000
50393  5.072  -11.165  67.698 0.0000000000
59443  23.206  -4.578  53.532 0.0000000000
56818  24.013  -6.441  51.646 0.0000000000
56803  22.455  -6.655  52.451 0.0000000000
52969  18.169  -9.649  56.375 0.0000000000
52967  20.719  -10.661  56.091 0.0000000000
64216  33.577  -1.175  47.485 0.0000000000
65467  33.951  0.133  44.156 0.0000000000
78862  36.413  11.717  38.515 0.0000000000
75435  34.933  8.626  38.366 0.0000000000
72879  33.675  6.647  38.438 0.0000000000
52971  16.429  -9.060  56.543 0.0000000000
52939  15.677  -10.047  57.736 0.0000000000
54130  14.104  -8.246  56.485 0.0000000000
54106  12.127  -8.240  58.149 0.0000000000
55307  11.201  -7.271  59.979 0.0000000000
55423  20.739  -7.391  53.036 0.0000000000
56766  18.823  -5.962  54.217 0.0000000000
54156  17.591  -7.765  54.775 0.0000000000
69165  28.863  3.124  47.602 0.0000000000
66699  29.105  1.719  44.200 0.0000000000
65414  28.643  0.904  47.115 0.0000000000
65396  31.439  -0.803  48.049 0.0000000000
89160  44.686  20.444  27.371 0.0000000000
85647  44.812  17.936  28.619 0.0000000000
83284  46.298  15.429  28.333 0.0000000000
85597  38.395  17.225  33.690 0.0000000000
83219  40.334  15.101  34.176 0.0000000000
83197  37.479  15.253  34.998 0.0000000000
79973  39.276  12.345  35.384 0.0000000000
76611  40.778  9.307  36.023 0.0000000000
76626  36.663  9.743  35.773 0.0000000000
74110  38.995  7.786  36.408 0.0000000000
59462  27.447  -4.559  50.761 0.0000000000
60615  29.171  -3.413  51.422 0.0000000000
87950  39.910  19.383  35.419 0.0000000000
52852  9.080  -8.707  62.541 0.0000000000
50475  7.086  -11.165  63.200 0.0000000000
48088  6.854  -13.332  64.109 0.0000000000
45923  6.660  -14.988  65.332 0.0000000000
46962  5.646  -14.205  66.877 0.0000000000
48040  4.882  -13.383  68.149 0.0000000000
49141  3.809  -12.051  69.491 0.0000000000
50354  2.646  -10.947  70.366 0.0000000000
61826  24.071  -2.886  50.407 0.0000000000
58208  25.774  -6.085  51.204 0.0000000000
55419  25.748  -8.350  53.249 0.0000000000
54153  21.657  -9.500  53.816 0.0000000000
69319  33.612  4.001  40.460 0.0000000000
66722  30.923  1.083  42.857 0.0000000000
68036  33.822  1.978  42.146 0.0000000000
69279  35.924  2.945  41.992 0.0000000000
62945  30.801  -2.356  52.027 0.0000000000
90270  49.734  21.540  23.360 0.0000000000
88020  47.390  19.427  25.481 0.0000000000
88018  49.585  19.486  25.017 0.0000000000
82046  42.012  14.525  32.348 0.0000000000
80969  42.237  13.816  32.947 0.0000000000
83232  41.140  14.956  32.906 0.0000000000
65364  26.237  -0.057  49.781 0.0000000000
65363  27.176  -0.282  49.621 0.0000000000
62973  27.756  -1.651  50.095 0.0000000000
84430  40.536  16.624  32.368 0.0000000000
85619  42.186  17.196  31.665 0.0000000000
84439  41.923  16.384  31.492 0.0000000000
83254  42.480  15.759  31.212 0.0000000000
48013  3.646  -14.210  69.844 0.0000000000
83155  36.104  15.297  37.620 0.0000000000
81977  35.780  14.162  38.531 0.0000000000
71710  35.276  5.500  38.190 0.0000000000
71718  36.607  5.742  38.095 0.0000000000
70524  36.609  4.744  38.843 0.0000000000
70512  38.248  4.258  40.189 0.0000000000
70514  36.498  4.509  39.618 0.0000000000
52923  10.470  -9.335  59.622 0.0000000000
50531  10.713  -11.128  59.258 0.0000000000
51713  9.703  -10.446  59.990 0.0000000000
49299  9.423  -11.824  60.513 0.0000000000
51696  9.046  -10.298  60.847 0.0000000000
58197  22.649  -4.884  53.828 0.0000000000
58210  22.984  -5.547  52.506 0.0000000000
58211  22.328  -5.909  52.832 0.0000000000
52951  18.328  -10.032  57.576 0.0000000000
69219  29.855  3.473  44.459 0.0000000000
65409  35.242  -0.677  46.705 0.0000000000
74090  34.086  7.743  38.522 0.0000000000
74080  33.778  8.197  39.422 0.0000000000
55375  15.670  -7.699  56.195 0.0000000000
54129  15.197  -8.451  56.501 0.0000000000
55376  14.795  -7.488  56.128 0.0000000000
55342  13.014  -6.978  57.610 0.0000000000
55305  12.139  -6.136  58.911 0.0000000000
55325  11.633  -7.390  59.444 0.0000000000
56765  19.706  -5.651  54.251 0.0000000000
56748  16.517  -6.489  55.321 0.0000000000
56768  17.330  -6.759  54.781 0.0000000000
55393  16.661  -7.336  55.235 0.0000000000
54127  16.988  -8.327  55.903 0.0000000000
66650  28.356  1.800  47.123 0.0000000000
66635  28.011  1.410  47.926 0.0000000000
65361  29.465  -0.719  49.671 0.0000000000
65398  29.541  -0.185  48.019 0.0000000000
65379  30.888  -0.872  48.819 0.0000000000
65377  32.320  -1.013  48.669 0.0000000000
64177  32.015  -1.486  49.799 0.0000000000
85617  44.668  18.799  31.749 0.0000000000
87994  44.554  19.226  28.758 0.0000000000
85636  44.139  17.895  29.376 0.0000000000
82065  44.414  14.332  30.466 0.0000000000
83277  45.001  15.634  29.117 0.0000000000
82073  45.870  14.390  29.988 0.0000000000
85583  38.364  17.800  34.461 0.0000000000
84414  37.929  16.213  33.964 0.0000000000
84404  37.350  16.485  34.707 0.0000000000
80953  36.451  12.878  35.617 0.0000000000
82012  37.592  14.071  35.328 0.0000000000
79974  38.124  12.295  35.444 0.0000000000
78901  40.111  11.320  35.448 0.0000000000
77744  39.312  10.453  35.423 0.0000000000
77722  35.679  10.679  37.645 0.0000000000
77723  35.570  11.230  37.133 0.0000000000
76613  35.862  9.636  36.808 0.0000000000
72886  37.975  6.602  37.036 0.0000000000
74111  38.038  7.395  36.178 0.0000000000
74099  39.513  7.291  37.059 0.0000000000
74109  39.896  7.935  36.689 0.0000000000
58206  27.638  -6.131  51.420 0.0000000000
58205  28.340  -5.633  51.654 0.0000000000
86789  38.299  18.533  36.728 0.0000000000
85572  38.846  18.515  35.356 0.0000000000
85582  39.047  18.331  34.891 0.0000000000
51758  14.057  -10.434  57.478 0.0000000000
51729  14.680  -11.460  58.829 0.0000000000
48123  9.703  -13.852  61.935 0.0000000000
48102  10.557  -14.034  63.154 0.0000000000
48103  9.374  -14.618  63.124 0.0000000000
47024  8.579  -14.682  63.392 0.0000000000
52833  8.350  -8.783  63.834 0.0000000000
51661  7.784  -10.188  62.734 0.0000000000
51638  7.292  -9.961  63.495 0.0000000000
49199  6.040  -11.573  65.509 0.0000000000
49239  6.600  -12.444  64.288 0.0000000000
48073  6.239  -13.159  65.113 0.0000000000
45941  6.884  -14.720  64.850 0.0000000000
46995  6.384  -14.021  65.314 0.0000000000
45908  6.227  -14.855  66.206 0.0000000000
46976  6.116  -13.934  66.198 0.0000000000
50375  4.604  -11.360  68.355 0.0000000000
49174  5.205  -12.670  68.020 0.0000000000
50376  4.548  -11.977  68.753 0.0000000000
48020  3.940  -12.975  68.970 0.0000000000
50365  4.009  -11.636  69.388 0.0000000000
62935  23.985  -1.391  52.557 0.0000000000
64114  24.078  -1.093  52.106 0.0000000000
61811  23.780  -2.467  51.500 0.0000000000
59474  24.884  -4.504  50.502 0.0000000000
59475  24.434  -4.814  50.865 0.0000000000
55436  23.946  -7.529  52.506 0.0000000000
56801  24.684  -7.244  52.269 0.0000000000
55407  24.797  -8.687  54.154 0.0000000000
54167  20.181  -8.340  53.376 0.0000000000
54166  21.345  -8.821  53.223 0.0000000000
53012  20.292  -9.215  53.607 0.0000000000
52966  21.878  -10.631  55.901 0.0000000000
82001  40.693  14.554  35.390 0.0000000000
83173  41.690  14.549  35.291 0.0000000000
81988  41.986  13.611  35.650 0.0000000000
71666  31.324  5.563  40.981 0.0000000000
71685  32.508  5.440  40.127 0.0000000000
69320  32.727  3.822  40.474 0.0000000000
65450  29.888  0.363  45.235 0.0000000000
65492  29.915  1.128  43.766 0.0000000000
65490  31.253  0.514  43.571 0.0000000000
66677  35.669  0.401  44.545 0.0000000000
66719  33.945  1.057  43.076 0.0000000000
66718  34.999  1.167  43.003 0.0000000000
68035  34.891  2.449  41.896 0.0000000000
68012  36.587  2.010  43.140 0.0000000000
69256  37.148  2.471  42.644 0.0000000000
61793  30.373  -3.057  52.036 0.0000000000
90257  48.895  21.524  23.996 0.0000000000
86885  45.687  18.695  26.610 0.0000000000
89167  46.013  20.104  26.300 0.0000000000
86897  46.787  18.754  26.071 0.0000000000
86894  49.134  18.729  25.466 0.0000000000
86893  50.170  18.715  25.247 0.0000000000
58167  15.492  -5.886  55.949 0.0000000000
56727  14.591  -6.370  56.378 0.0000000000
80986  44.461  13.712  31.435 0.0000000000
80965  45.723  13.566  32.884 0.0000000000
80967  43.769  13.489  33.119 0.0000000000
66622  26.170  1.704  49.216 0.0000000000
65400  27.569  0.965  48.458 0.0000000000
65382  27.532  0.104  48.858 0.0000000000
65362  28.448  -0.547  49.833 0.0000000000
65345  29.298  -0.991  50.182 0.0000000000
86824  43.269  18.704  33.496 0.0000000000
85594  42.997  18.339  32.908 0.0000000000
85618  43.146  17.628  31.856 0.0000000000
84437  43.447  17.450  31.182 0.0000000000
84460  43.719  16.619  29.883 0.0000000000
83265  43.391  15.861  30.463 0.0000000000
82066  43.516  14.838  30.712 0.0000000000
45870  4.735  -15.105  69.323 0.0000000000
85553  36.535  17.048  37.402 0.0000000000
84390  36.916  16.423  35.741 0.0000000000
84371  36.203  16.230  37.004 0.0000000000
82002  35.991  14.182  36.424 0.0000000000
79958  35.862  12.492  36.079 0.0000000000
74101  34.892  7.700  37.055 0.0000000000
75455  36.274  8.525  36.067 0.0000000000
72897  36.084  6.769  36.802 0.0000000000
72876  37.639  6.006  38.022 0.0000000000
72875  38.767  6.071  38.023 0.0000000000
71695  38.550  4.977  39.693 0.0000000000
71664  39.533  4.262  40.977 0.0000000000
55404  27.668  -8.075  53.832 0.0000000000
52941  11.940  -9.598  58.089 0.0000000000
51731  12.919  -11.538  58.635 0.0000000000
50530  11.466  -11.539  58.953 0.0000000000
49313  11.316  -11.974  59.478 0.0000000000
49282  11.755  -12.988  61.065 0.0000000000
49284  9.486  -12.492  61.094 0.0000000000
49264  8.700  -12.769  61.853 0.0000000000
52835  7.212  -9.318  64.679 0.0000000000
51604  6.328  -9.632  65.828 0.0000000000
50431  5.455  -11.514  66.414 0.0000000000
49185  5.241  -12.173  66.520 0.0000000000
50413  5.508  -11.115  66.999 0.0000000000
51562  5.152  -10.059  68.231 0.0000000000
51551  4.552  -10.254  68.738 0.0000000000
59442  23.600  -3.934  53.233 0.0000000000
58223  24.019  -5.432  51.495 0.0000000000
58209  23.569  -5.027  52.198 0.0000000000
56802  23.426  -6.817  52.014 0.0000000000
54180  23.241  -8.320  52.826 0.0000000000
52985  18.973  -9.748  55.310 0.0000000000
52984  20.150  -10.170  55.218 0.0000000000
52968  19.389  -10.372  56.598 0.0000000000
79956  41.697  12.426  35.755 0.0000000000
69281  30.590  3.353  42.400 0.0000000000
65424  32.918  -0.862  46.046 0.0000000000
65468  32.718  -0.124  44.337 0.0000000000
64238  33.724  -0.877  45.860 0.0000000000
65445  35.844  -0.196  45.350 0.0000000000
92402  46.941  23.076  25.680 0.0000000000
48015  2.694  -13.502  69.777 0.0000000000
77713  36.937  10.674  38.497 0.0000000000
77714  36.186  10.418  38.203 0.0000000000
76604  35.520  9.107  37.533 0.0000000000
74102  34.462  7.474  37.704 0.0000000000
71721  34.605  6.545  37.726 0.0000000000
71699  34.617  5.296  38.703 0.0000000000
52952  17.339  -9.545  57.325 0.0000000000
52938  16.578  -9.849  58.106 0.0000000000
52953  16.272  -9.387  57.011 0.0000000000
52954  15.151  -9.371  56.960 0.0000000000
52955  13.909  -9.454  56.895 0.0000000000
55358  13.574  -7.196  56.875 0.0000000000
54117  13.184  -8.248  57.125 0.0000000000
52957  12.385  -9.166  57.692 0.0000000000
54107  11.608  -8.893  58.489 0.0000000000
54092  11.292  -8.276  59.168 0.0000000000
54079  10.265  -7.860  60.010 0.0000000000
56784  21.763  -5.900  53.001 0.0000000000
56785  20.846  -5.856  53.046 0.0000000000
56786  20.012  -6.264  53.409 0.0000000000
55425  19.276  -7.530  53.921 0.0000000000
56746  18.325  -5.487  54.900 0.0000000000
55408  18.701  -7.184  54.340 0.0000000000
53001  18.847  -8.847  54.519 0.0000000000
52986  17.982  -9.035  55.329 0.0000000000
52970  17.020  -9.171  56.205 0.0000000000
69200  29.172  3.531  46.648 0.0000000000
67980  28.889  2.657  44.801 0.0000000000
67961  28.723  3.068  45.885 0.0000000000
66663  28.647  1.037  45.740 0.0000000000
65427  30.115  0.109  46.204 0.0000000000
65399  28.351  0.314  47.936 0.0000000000
65412  30.289  -0.289  47.123 0.0000000000
65426  31.117  -0.343  46.270 0.0000000000
64217  32.730  -0.895  47.514 0.0000000000
64205  33.778  -1.405  48.544 0.0000000000
89150  44.561  20.467  28.260 0.0000000000
87993  44.380  19.668  28.009 0.0000000000
85657  45.646  17.769  27.438 0.0000000000
84459  44.334  16.623  29.048 0.0000000000
84468  45.304  16.558  28.277 0.0000000000
84431  39.901  16.273  32.846 0.0000000000
83233  40.489  15.318  33.395 0.0000000000
83235  38.941  15.919  33.708 0.0000000000
83196  39.064  14.762  34.690 0.0000000000
82010  40.155  14.144  35.351 0.0000000000
82011  38.749  14.146  35.238 0.0000000000
80950  39.628  13.294  35.407 0.0000000000
78900  40.742  11.763  35.466 0.0000000000
77731  41.110  10.205  35.929 0.0000000000
79927  35.682  12.724  38.165 0.0000000000
79959  35.591  12.157  36.653 0.0000000000
77747  36.449  10.928  35.821 0.0000000000
75467  36.921  8.854  35.703 0.0000000000
75466  37.569  8.967  35.502 0.0000000000
76624  38.773  9.775  35.425 0.0000000000
76612  40.097  9.078  35.880 0.0000000000
60623  26.892  -3.700  50.405 0.0000000000
61809  28.224  -2.731  50.605 0.0000000000
59461  28.439  -4.598  51.251 0.0000000000
59440  29.458  -4.873  52.573 0.0000000000
86814  40.768  18.909  34.376 0.0000000000
85596  39.577  17.973  33.563 0.0000000000
54066  9.821  -7.895  61.311 0.0000000000
54059  9.383  -8.196  62.204 0.0000000000
52868  9.235  -9.131  61.812 0.0000000000
51676  8.728  -10.185  61.538 0.0000000000
50489  7.792  -11.733  62.244 0.0000000000
49265  8.075  -13.063  62.358 0.0000000000
50459  6.775  -10.437  63.673 0.0000000000
50476  6.938  -12.070  63.695 0.0000000000
48105  7.328  -13.786  63.625 0.0000000000
47008  7.743  -14.885  64.214 0.0000000000
45939  7.999  -15.444  64.659 0.0000000000
46951  5.118  -14.369  67.652 0.0000000000
48039  5.073  -13.330  67.454 0.0000000000
46952  4.783  -14.258  68.473 0.0000000000
46945  4.576  -14.272  69.066 0.0000000000
48021  3.902  -13.507  69.399 0.0000000000
48022  3.536  -12.978  69.364 0.0000000000
50352  3.711  -11.109  69.582 0.0000000000
49142  3.468  -12.218  69.632 0.0000000000
49143  2.773  -12.124  69.859 0.0000000000
64183  25.344  -0.504  49.987 0.0000000000
64163  24.281  -0.940  50.448 0.0000000000
62975  25.357  -1.762  49.800 0.0000000000
60638  25.823  -3.641  50.216 0.0000000000
58221  25.858  -5.395  50.640 0.0000000000
56799  27.111  -6.545  52.082 0.0000000000
56817  24.809  -6.409  51.467 0.0000000000
56800  25.916  -6.814  51.816 0.0000000000
56781  26.929  -7.450  52.865 0.0000000000
55422  21.600  -6.928  52.743 0.0000000000
54182  22.077  -8.330  52.818 0.0000000000
54151  23.424  -9.342  54.175 0.0000000000
52983  21.316  -10.284  55.105 0.0000000000
52997  22.718  -9.906  54.377 0.0000000000
54141  23.976  -9.621  54.767 0.0000000000
83218  41.352  14.722  34.054 0.0000000000
72852  32.715  6.499  39.736 0.0000000000
71684  33.285  5.376  39.436 0.0000000000
70503  34.849  4.197  40.171 0.0000000000
68016  29.790  2.472  43.539 0.0000000000
66744  30.319  2.126  42.775 0.0000000000
66754  31.351  2.013  41.801 0.0000000000
65488  33.189  0.323  43.502 0.0000000000
66741  32.464  1.380  42.440 0.0000000000
68056  33.111  2.467  41.382 0.0000000000
69302  33.385  3.296  40.920 0.0000000000
69301  34.396  3.611  40.934 0.0000000000
70502  35.830  4.140  40.331 0.0000000000
70482  36.977  3.481  41.335 0.0000000000
61795  29.011  -2.560  50.933 0.0000000000
64136  29.762  -1.575  51.181 0.0000000000
64135  30.480  -1.690  51.508 0.0000000000
64134  31.555  -2.296  51.809 0.0000000000
64157  32.047  -1.767  50.873 0.0000000000
90282  49.990  21.937  22.810 0.0000000000
90243  46.444  21.390  25.617 0.0000000000
90242  47.372  21.568  24.986 0.0000000000
86895  48.148  18.736  25.703 0.0000000000
88019  48.432  19.444  25.122 0.0000000000
89193  48.438  20.869  24.483 0.0000000000
89192  49.537  20.427  24.229 0.0000000000
88048  50.588  19.766  23.607 0.0000000000
83244  41.268  15.714  31.906 0.0000000000
64182  26.816  -0.792  49.848 0.0000000000
84429  41.323  17.009  31.818 0.0000000000
71698  35.397  5.055  38.907 0.0000000000
71709  36.150  5.235  38.447 0.0000000000
70523  37.154  4.564  39.049 0.0000000000
52904  9.743  -9.520  60.214 0.0000000000
52924  9.950  -9.908  59.714 0.0000000000
51714  9.317  -10.634  60.457 0.0000000000
51695  9.412  -9.929  60.628 0.0000000000
58198  22.230  -5.434  53.482 0.0000000000
52936  18.373  -10.410  58.742 0.0000000000
67978  30.339  4.044  45.885 0.0000000000
55395  15.286  -7.318  55.842 0.0000000000
56749  15.400  -6.301  55.812 0.0000000000
55374  16.470  -7.723  55.931 0.0000000000
65360  30.424  -1.122  49.749 0.0000000000
65359  31.346  -1.246  49.393 0.0000000000
65343  31.177  -1.508  50.192 0.0000000000
86845  44.245  18.677  30.742 0.0000000000
87982  44.413  19.163  30.468 0.0000000000
141781  44.225  19.235  29.842 0.0000000000
85626  43.917  18.228  29.897 0.0000000000
80994  44.833  13.893  30.908 0.0000000000
82064  45.415  14.055  30.539 0.0000000000
82052  45.911  13.843  31.056 0.0000000000
82063  46.341  14.079  30.529 0.0000000000
44816  6.141  -16.338  68.372 0.0000000000
85574  37.528  17.446  35.149 0.0000000000
79975  37.095  12.195  35.332 0.0000000000
78902  38.807  11.406  35.311 0.0000000000
77745  38.283  10.575  35.324 0.0000000000
76603  35.868  9.859  37.812 0.0000000000
72885  39.193  6.694  37.448 0.0000000000
74100  38.744  7.169  36.842 0.0000000000
72884  39.863  6.816  37.486 0.0000000000
56780  27.964  -6.690  52.679 0.0000000000
58196  28.108  -6.193  52.048 0.0000000000
85563  37.955  18.283  36.298 0.0000000000
86801  38.683  18.856  36.100 0.0000000000
85573  38.267  18.399  35.619 0.0000000000
51744  14.529  -10.902  57.905 0.0000000000
51745  13.804  -11.207  57.823 0.0000000000
52854  7.945  -9.407  63.470 0.0000000000
49222  6.138  -12.360  65.388 0.0000000000
50364  4.330  -11.396  69.019 0.0000000000
61787  24.097  -2.085  53.108 0.0000000000
61796  23.822  -2.095  52.295 0.0000000000
60624  23.795  -3.510  51.337 0.0000000000
60640  24.316  -3.966  50.715 0.0000000000
59464  24.040  -4.404  51.281 0.0000000000
55420  24.387  -8.317  53.260 0.0000000000
54150  24.283  -8.992  54.304 0.0000000000
82000  41.422  14.051  35.563 0.0000000000
80929  41.744  13.528  35.664 0.0000000000
70462  30.815  4.377  42.025 0.0000000000
70485  31.157  4.625  41.184 0.0000000000
70506  31.929  4.549  40.507 0.0000000000
69321  32.045  3.648  40.572 0.0000000000
65470  30.570  0.300  44.356 0.0000000000
65469  31.600  -0.003  44.369 0.0000000000
66695  36.152  1.138  44.188 0.0000000000
66696  35.487  1.074  43.744 0.0000000000
67995  36.149  1.566  43.585 0.0000000000
68013  35.612  2.040  42.913 0.0000000000
68011  37.291  2.058  43.312 0.0000000000
92411  48.156  23.090  24.537 0.0000000000
91317  48.823  22.592  24.024 0.0000000000
91318  48.292  22.283  24.367 0.0000000000
86873  45.944  18.160  26.730 0.0000000000
86884  46.253  18.772  26.347 0.0000000000
85666  46.598  18.062  26.571 0.0000000000
59395  15.603  -5.080  56.527 0.0000000000
58123  14.983  -5.324  56.786 0.0000000000
59353  15.295  -4.482  57.399 0.0000000000
58148  16.093  -5.016  56.220 0.0000000000
80987  43.565  13.734  31.768 0.0000000000
80976  44.155  13.375  32.360 0.0000000000
80977  43.299  13.539  32.450 0.0000000000
82038  42.487  13.948  33.571 0.0000000000
82037  43.318  13.908  33.725 0.0000000000
65383  26.371  0.587  49.341 0.0000000000
66621  26.866  1.030  48.817 0.0000000000
64181  27.861  -0.824  50.174 0.0000000000
64180  28.563  -0.953  50.290 0.0000000000
64160  29.160  -1.373  50.553 0.0000000000
86825  42.022  18.702  33.074 0.0000000000
86835  41.512  18.191  32.658 0.0000000000
84447  43.331  16.953  30.499 0.0000000000
84448  42.916  16.500  30.800 0.0000000000
82055  42.785  14.482  31.549 0.0000000000
82067  42.954  15.297  30.865 0.0000000000
82054  43.831  14.158  31.133 0.0000000000
85552  36.985  17.671  37.821 0.0000000000
84354  36.372  16.216  37.977 0.0000000000
81989  35.706  14.475  37.237 0.0000000000
82003  35.584  13.682  36.953 0.0000000000
80944  35.935  13.370  36.205 0.0000000000
80945  35.566  12.901  36.767 0.0000000000
74114  35.473  7.257  36.748 0.0000000000
72898  35.539  6.793  36.954 0.0000000000
72877  37.033  5.894  38.083 0.0000000000
72887  36.755  6.253  37.455 0.0000000000
71706  39.259  5.532  38.847 0.0000000000
71683  38.684  4.498  40.285 0.0000000000
70480  38.705  3.853  41.545 0.0000000000
86780  37.536  18.058  37.472 0.0000000000
51747  11.673  -10.574  58.455 0.0000000000
50516  10.947  -11.716  59.460 0.0000000000
49297  11.060  -12.419  59.949 0.0000000000
49283  10.679  -12.770  60.936 0.0000000000
49298  9.980  -12.158  60.272 0.0000000000
50502  8.921  -11.213  60.686 0.0000000000
51592  5.814  -9.693  66.848 0.0000000000
50430  5.639  -10.818  66.134 0.0000000000
50412  5.644  -10.496  66.799 0.0000000000
51593  5.633  -10.330  67.075 0.0000000000
59431  23.452  -3.823  54.577 0.0000000000
60609  23.686  -2.821  53.901 0.0000000000
59453  23.440  -4.711  52.705 0.0000000000
55437  23.262  -7.783  52.561 0.0000000000
70441  30.527  4.079  42.707 0.0000000000
69258  30.252  3.361  43.181 0.0000000000
64224  33.139  -1.031  46.573 0.0000000000
64239  33.231  -0.897  45.936 0.0000000000
64223  34.348  -0.895  46.469 0.0000000000
65422  35.878  -0.217  46.295 0.0000000000
65423  35.205  -0.465  46.012 0.0000000000
49154  2.428  -12.634  69.876 0.0000000000
75445  34.647  8.105  37.623 0.0000000000
75436  34.460  8.024  38.025 0.0000000000
74091  33.554  7.054  38.516 0.0000000000
72878  34.056  6.842  38.062 0.0000000000
71712  33.868  6.291  38.413 0.0000000000
71711  34.468  5.997  38.155 0.0000000000
71700  33.860  5.647  38.670 0.0000000000
52972  14.468  -8.901  56.635 0.0000000000
54116  13.784  -8.728  56.718 0.0000000000
56706  13.817  -6.161  57.044 0.0000000000
56728  13.996  -6.768  56.688 0.0000000000
55343  12.584  -7.310  58.288 0.0000000000
54105  12.671  -7.686  57.761 0.0000000000
54118  12.616  -8.753  57.516 0.0000000000
56670  11.517  -7.099  59.760 0.0000000000
56763  21.638  -5.246  54.544 0.0000000000
56764  20.627  -5.499  54.447 0.0000000000
56787  19.438  -6.697  53.999 0.0000000000
55424  19.843  -7.416  53.530 0.0000000000
55410  17.291  -7.324  54.747 0.0000000000
55409  17.864  -7.274  54.574 0.0000000000
54155  18.173  -8.126  54.582 0.0000000000
53002  18.247  -8.675  54.826 0.0000000000
54142  17.956  -8.579  54.940 0.0000000000
69186  28.867  3.318  46.761 0.0000000000
67943  28.417  2.772  46.937 0.0000000000
65429  28.580  1.173  46.422 0.0000000000
65428  29.126  0.584  46.130 0.0000000000
65397  30.532  -0.631  48.007 0.0000000000
65411  31.258  -0.688  47.198 0.0000000000
65410  32.074  -0.735  47.417 0.0000000000
64195  32.798  -1.231  49.154 0.0000000000
64206  32.914  -0.919  48.289 0.0000000000
85593  43.900  18.494  33.117 0.0000000000
90220  45.329  21.230  28.473 0.0000000000
90221  44.483  20.721  28.873 0.0000000000
86868  44.702  18.661  28.670 0.0000000000
86867  44.889  18.588  27.955 0.0000000000
85646  45.328  17.642  28.082 0.0000000000
85637  43.919  17.304  29.630 0.0000000000
83285  45.629  15.519  28.635 0.0000000000
84467  46.599  16.103  27.850 0.0000000000
84421  39.154  16.686  33.269 0.0000000000
83222  37.714  16.007  34.356 0.0000000000
83221  38.389  15.680  34.220 0.0000000000
83176  36.386  15.288  36.144 0.0000000000
83175  36.883  15.677  35.584 0.0000000000
83198  36.945  14.665  35.466 0.0000000000
80951  38.462  13.231  35.401 0.0000000000
79972  40.519  12.441  35.511 0.0000000000
77743  40.264  10.148  35.689 0.0000000000
78887  40.679  10.732  35.701 0.0000000000
79915  36.006  12.865  38.564 0.0000000000
78863  35.916  12.214  38.275 0.0000000000
77732  35.894  10.732  36.522 0.0000000000
78873  35.500  11.765  37.063 0.0000000000
77733  35.667  11.404  36.673 0.0000000000
78888  35.905  11.606  36.150 0.0000000000
74113  36.179  7.479  36.400 0.0000000000
74112  37.048  7.569  36.212 0.0000000000
75453  38.323  8.314  35.804 0.0000000000
76625  37.820  9.777  35.329 0.0000000000
75465  38.513  9.068  35.428 0.0000000000
75464  39.100  9.228  35.504 0.0000000000
75452  39.390  8.650  35.904 0.0000000000
60622  27.900  -3.735  50.633 0.0000000000
58194  29.348  -5.794  52.639 0.0000000000
59451  28.847  -5.150  52.053 0.0000000000
86815  39.854  18.832  34.646 0.0000000000
85610  39.867  17.126  32.784 0.0000000000
52920  16.790  -10.149  59.238 0.0000000000
52921  15.982  -10.361  58.790 0.0000000000
54051  9.221  -7.743  63.338 0.0000000000
52869  8.845  -9.379  62.256 0.0000000000
51618  6.617  -9.921  64.877 0.0000000000
51639  6.735  -9.784  64.067 0.0000000000
50460  6.506  -11.035  64.205 0.0000000000
49253  6.885  -12.913  63.669 0.0000000000
49252  7.301  -12.735  62.963 0.0000000000
47025  7.963  -14.615  63.608 0.0000000000
47026  7.523  -14.377  63.988 0.0000000000
45940  7.283  -15.049  64.761 0.0000000000
45922  7.543  -15.624  65.354 0.0000000000
45890  6.158  -15.386  67.201 0.0000000000
49173  5.062  -12.255  67.410 0.0000000000
48049  5.332  -13.205  66.702 0.0000000000
48030  4.379  -13.400  68.823 0.0000000000
49152  3.919  -12.413  69.189 0.0000000000
49153  3.675  -12.644  69.328 0.0000000000
50351  4.109  -10.911  69.326 0.0000000000
51545  3.470  -9.746  69.625 0.0000000000
50353  3.199  -10.980  70.069 0.0000000000
49144  2.402  -11.370  70.279 0.0000000000
65348  25.110  0.712  50.963 0.0000000000
62964  23.993  -1.745  50.925 0.0000000000
64138  24.073  -0.853  51.508 0.0000000000
62976  24.504  -1.878  50.135 0.0000000000
61825  25.021  -2.802  49.731 0.0000000000
58236  25.317  -4.882  50.520 0.0000000000
59473  25.525  -4.457  50.377 0.0000000000
58207  26.621  -6.268  51.123 0.0000000000
56783  25.178  -7.981  52.807 0.0000000000
56782  25.892  -7.947  52.466 0.0000000000
55418  26.434  -8.144  53.057 0.0000000000
55405  26.702  -7.872  54.014 0.0000000000
55388  26.605  -8.869  54.795 0.0000000000
54165  22.386  -8.720  53.151 0.0000000000
54152  22.410  -9.315  53.726 0.0000000000
52965  22.769  -10.536  55.703 0.0000000000
52981  23.323  -10.146  54.993 0.0000000000
74062  32.971  7.702  40.194 0.0000000000
74063  32.325  6.935  40.491 0.0000000000
70505  32.989  4.596  40.103 0.0000000000
70504  33.959  4.540  39.852 0.0000000000
70517  34.019  4.994  39.085 0.0000000000
66700  28.753  2.168  44.510 0.0000000000
67996  29.303  2.718  44.138 0.0000000000
66723  30.033  1.671  43.345 0.0000000000
66743  30.748  1.899  42.274 0.0000000000
66742  31.652  1.531  42.185 0.0000000000
66740  33.204  1.421  42.524 0.0000000000
68037  32.848  1.768  41.911 0.0000000000
68055  34.015  2.916  41.581 0.0000000000
68054  34.636  3.076  41.471 0.0000000000
69300  35.206  3.264  41.399 0.0000000000
70484  35.266  3.819  40.850 0.0000000000
70483  36.063  3.592  41.176 0.0000000000
70501  36.753  4.028  40.507 0.0000000000
70461  36.472  3.337  41.705 0.0000000000
69277  37.663  3.069  42.188 0.0000000000
60621  28.642  -3.613  51.183 0.0000000000
61808  28.952  -3.024  51.076 0.0000000000
62946  29.961  -2.203  51.500 0.0000000000
91325  49.294  22.386  23.530 0.0000000000
91324  49.678  22.532  23.054 0.0000000000
90269  50.392  21.086  23.141 0.0000000000
90228  45.273  21.211  27.209 0.0000000000
89178  46.413  20.262  25.950 0.0000000000
90244  45.972  20.914  25.878 0.0000000000
89177  47.574  20.473  24.976 0.0000000000
89176  48.878  20.156  24.823 0.0000000000
89175  49.476  20.010  24.742 0.0000000000
82045  42.447  14.290  32.093 0.0000000000
80978  42.574  13.933  32.378 0.0000000000
80979  42.194  14.045  32.632 0.0000000000
82039  41.808  14.228  33.238 0.0000000000
85609  40.713  17.809  32.635 0.0000000000
83255  41.917  15.746  31.547 0.0000000000
82056  42.056  15.208  31.666 0.0000000000
46940  3.961  -14.637  69.910 0.0000000000
83144  36.290  15.237  38.733 0.0000000000
81978  35.564  13.673  38.217 0.0000000000
71720  35.150  6.136  37.664 0.0000000000
72888  35.743  6.440  37.310 0.0000000000
71719  35.948  5.831  37.803 0.0000000000
71708  37.155  5.261  38.493 0.0000000000
71696  37.732  4.948  39.145 0.0000000000
70513  37.537  4.374  39.796 0.0000000000
70500  37.643  4.003  40.720 0.0000000000
51732  10.837  -10.436  58.911 0.0000000000
51733  10.285  -10.448  59.490 0.0000000000
50518  9.599  -11.286  60.269 0.0000000000
52745  5.776  -9.174  67.513 0.0000000000
52950  19.099  -10.628  57.896 0.0000000000
69238  30.344  3.998  44.174 0.0000000000
64215  34.743  -1.138  47.559 0.0000000000
74089  34.504  8.227  39.024 0.0000000000
74081  33.268  7.364  39.134 0.0000000000
54128  16.279  -8.488  56.461 0.0000000000
54115  15.815  -8.987  56.652 0.0000000000
56686  13.211  -5.867  58.025 0.0000000000
55323  12.631  -6.500  58.482 0.0000000000
54091  11.858  -7.744  59.009 0.0000000000
56745  19.204  -5.039  54.766 0.0000000000
58165  16.774  -5.404  55.556 0.0000000000
56747  17.530  -6.005  55.243 0.0000000000
56769  16.886  -7.060  54.842 0.0000000000
55392  17.177  -7.666  55.048 0.0000000000
54143  17.515  -8.286  55.200 0.0000000000
55373  17.037  -7.806  55.548 0.0000000000
65380  29.904  -0.704  48.861 0.0000000000
65378  31.701  -0.956  48.706 0.0000000000
64196  32.015  -1.269  49.108 0.0000000000
64176  32.935  -1.481  50.155 0.0000000000
141780  45.192  19.210  31.975 0.0000000000
90212  44.393  20.408  29.263 0.0000000000
87996  44.390  19.357  29.370 0.0000000000
86861  44.493  18.913  29.274 0.0000000000
82075  44.510  15.065  29.764 0.0000000000
82074  45.187  14.616  29.770 0.0000000000
83276  46.054  14.707  29.161 0.0000000000
83262  46.991  14.436  29.964 0.0000000000
85598  37.916  16.817  33.812 0.0000000000
85584  37.727  17.141  34.205 0.0000000000
80952  37.366  13.123  35.425 0.0000000000
76622  40.189  9.517  35.802 0.0000000000
78871  35.914  11.226  38.161 0.0000000000
78872  35.707  11.681  37.830 0.0000000000
58220  27.029  -5.444  50.801 0.0000000000
58219  27.839  -5.317  51.110 0.0000000000
58195  28.773  -6.062  52.349 0.0000000000
86778  38.960  19.084  37.833 0.0000000000
86788  39.244  19.172  36.611 0.0000000000
86800  39.205  18.851  35.592 0.0000000000
52940  14.739  -10.128  57.578 0.0000000000
52922  15.198  -10.645  58.351 0.0000000000
48087  9.661  -14.985  63.963 0.0000000000
47007  8.826  -15.104  64.175 0.0000000000
54052  8.685  -8.390  63.578 0.0000000000
52853  8.504  -9.013  62.988 0.0000000000
49221  6.656  -11.844  65.079 0.0000000000
49240  6.398  -12.599  64.859 0.0000000000
48089  6.473  -13.253  64.532 0.0000000000
47009  6.961  -14.181  64.494 0.0000000000
47010  6.448  -13.687  64.821 0.0000000000
46994  6.660  -14.530  64.940 0.0000000000
45907  6.807  -15.751  66.088 0.0000000000
45924  6.378  -14.459  65.774 0.0000000000
49162  5.192  -12.013  68.105 0.0000000000
49163  4.770  -12.480  68.451 0.0000000000
49151  4.269  -12.466  68.854 0.0000000000
50355  2.119  -10.547  70.454 0.0000000000
62948  23.910  -1.590  51.817 0.0000000000
60639  24.848  -3.740  50.134 0.0000000000
58237  24.992  -5.146  50.665 0.0000000000
55406  25.565  -8.597  54.325 0.0000000000
51768  21.435  -11.124  56.856 0.0000000000
83195  40.251  14.837  34.917 0.0000000000
83194  41.090  14.957  34.894 0.0000000000
83174  41.012  14.739  35.335 0.0000000000
71648  31.340  6.235  41.705 0.0000000000
72854  31.583  6.017  40.673 0.0000000000
72853  32.072  6.186  40.379 0.0000000000
71686  31.859  5.532  40.481 0.0000000000
65471  29.675  0.883  44.321 0.0000000000
66698  29.681  1.329  43.901 0.0000000000
65491  30.353  0.830  43.629 0.0000000000
66678  34.942  0.357  44.243 0.0000000000
66697  34.732  0.669  43.584 0.0000000000
68014  34.626  1.849  42.719 0.0000000000
69278  36.797  3.143  42.124 0.0000000000
60614  29.615  -3.791  51.866 0.0000000000
61794  29.551  -2.893  51.367 0.0000000000
61792  30.999  -2.792  52.502 0.0000000000
90256  49.412  21.039  23.749 0.0000000000
88012  44.954  19.555  26.715 0.0000000000
89168  45.457  20.321  26.478 0.0000000000
88011  45.395  19.343  26.573 0.0000000000
88010  46.075  19.696  26.318 0.0000000000
88021  46.663  19.246  25.920 0.0000000000
85673  49.644  18.018  25.749 0.0000000000
88017  50.112  19.256  25.009 0.0000000000
56750  15.057  -6.947  55.725 0.0000000000
56726  15.069  -6.121  56.190 0.0000000000
58124  14.507  -5.533  56.931 0.0000000000
58147  17.110  -4.588  56.154 0.0000000000
58166  15.867  -5.744  55.760 0.0000000000
80985  45.363  13.728  31.359 0.0000000000
80974  45.869  13.636  31.975 0.0000000000
80975  45.085  13.371  32.193 0.0000000000
80966  44.749  13.397  33.095 0.0000000000
80968  42.876  13.555  33.068 0.0000000000
66637  26.599  2.225  49.001 0.0000000000
66636  27.103  1.820  48.601 0.0000000000
64179  29.896  -1.046  50.091 0.0000000000
64178  30.341  -1.208  50.436 0.0000000000
85608  42.174  17.891  32.340 0.0000000000
85627  43.836  18.014  30.352 0.0000000000
83279  43.753  15.840  29.984 0.0000000000
83266  42.893  15.831  30.779 0.0000000000
83264  43.929  15.236  30.128 0.0000000000
80995  44.528  13.949  30.927 0.0000000000
45869  5.549  -16.048  69.240 0.0000000000
85565  36.628  16.796  36.611 0.0000000000
84391  36.507  16.210  36.381 0.0000000000
79976  36.329  12.008  35.595 0.0000000000
75456  35.458  8.031  36.538 0.0000000000
72896  36.931  6.858  36.608 0.0000000000
71694  39.632  5.230  39.659 0.0000000000
71682  39.320  4.614  40.452 0.0000000000
71663  40.078  4.450  40.985 0.0000000000
56738  28.410  -8.059  53.703 0.0000000000
55387  28.071  -8.547  54.893 0.0000000000
86790  37.838  18.188  37.116 0.0000000000
51746  12.699  -10.870  58.171 0.0000000000
50543  12.235  -11.389  58.575 0.0000000000
49312  11.765  -12.245  59.480 0.0000000000
48147  10.390  -13.376  61.449 0.0000000000
49200  5.694  -11.921  65.969 0.0000000000
51580  5.568  -9.994  67.478 0.0000000000
59452  23.648  -4.303  52.065 0.0000000000
58224  23.467  -6.080  51.713 0.0000000000
55421  23.564  -8.290  52.953 0.0000000000
53000  19.742  -9.550  54.349 0.0000000000
51769  20.224  -11.207  57.042 0.0000000000
79957  41.031  12.886  35.696 0.0000000000
80942  41.791  12.956  35.854 0.0000000000
69280  30.835  3.536  41.896 0.0000000000
65448  31.965  -0.309  45.350 0.0000000000
65447  33.178  -0.566  45.363 0.0000000000
65446  34.647  -0.363  45.201 0.0000000000
84477  47.202  16.713  27.270 0.0000000000
85655  47.124  17.215  26.911 0.0000000000
79926  36.809  12.168  39.283 0.0000000000
77721  36.237  10.936  38.219 0.0000000000
76596  35.702  9.381  38.251 0.0000000000
75444  35.084  8.425  37.249 0.0000000000
72890  34.447  6.918  37.608 0.0000000000
52937  17.507  -9.970  58.441 0.0000000000
55377  14.062  -7.304  56.454 0.0000000000
54131  13.699  -7.754  56.684 0.0000000000
52956  12.914  -9.327  57.261 0.0000000000
51760  12.533  -9.896  57.600 0.0000000000
52903  9.796  -8.627  60.453 0.0000000000
54168  19.446  -8.149  53.678 0.0000000000
53014  19.183  -8.502  53.990 0.0000000000
56767  18.105  -6.455  54.659 0.0000000000
54154  18.869  -8.087  54.048 0.0000000000
52987  17.351  -8.760  55.626 0.0000000000
67979  29.468  3.500  45.173 0.0000000000
67960  29.534  3.718  46.343 0.0000000000
66680  28.589  2.135  45.017 0.0000000000
66664  28.584  1.905  46.043 0.0000000000
66679  28.744  1.384  45.094 0.0000000000
65451  29.149  0.830  45.185 0.0000000000
65413  29.284  0.171  47.061 0.0000000000
65425  32.252  -0.685  46.406 0.0000000000
64225  32.511  -0.943  46.987 0.0000000000
65395  32.212  -0.746  48.143 0.0000000000
89151  44.113  20.018  28.844 0.0000000000
88002  44.674  19.426  27.026 0.0000000000
86874  45.270  18.595  26.978 0.0000000000
84469  44.527  17.252  28.682 0.0000000000
84458  44.801  16.220  28.715 0.0000000000
84479  45.648  17.257  27.885 0.0000000000
84478  46.187  17.004  27.658 0.0000000000
83234  39.697  15.707  33.478 0.0000000000
83220  39.421  15.296  34.191 0.0000000000
84422  38.321  16.460  33.739 0.0000000000
80949  40.588  13.324  35.586 0.0000000000
79971  41.086  11.990  35.455 0.0000000000
78886  41.244  11.264  35.682 0.0000000000
80916  35.734  13.366  38.412 0.0000000000
80917  35.503  13.280  38.006 0.0000000000
79938  35.694  12.258  37.968 0.0000000000
79939  35.543  12.442  37.478 0.0000000000
78905  36.351  11.486  35.728 0.0000000000
78904  36.857  11.443  35.519 0.0000000000
75454  37.339  8.228  35.797 0.0000000000
77746  37.285  10.642  35.488 0.0000000000
76623  39.603  9.541  35.631 0.0000000000
75451  40.396  8.563  36.357 0.0000000000
61824  26.314  -2.693  50.053 0.0000000000
61823  27.274  -2.364  50.032 0.0000000000
61810  27.344  -3.048  50.301 0.0000000000
59450  29.099  -4.418  51.745 0.0000000000
86813  41.689  18.990  34.091 0.0000000000
86826  40.784  18.440  33.453 0.0000000000
86827  40.246  18.498  34.012 0.0000000000
85595  40.291  18.167  33.106 0.0000000000
52902  15.527  -10.957  59.249 0.0000000000
51730  13.517  -11.667  58.595 0.0000000000
55289  10.746  -6.818  60.997 0.0000000000
52884  9.592  -8.451  60.876 0.0000000000
54067  9.427  -8.532  61.583 0.0000000000
51675  9.139  -9.694  61.170 0.0000000000
51660  8.422  -9.866  62.307 0.0000000000
51677  8.145  -10.657  61.989 0.0000000000
48104  8.173  -13.964  62.985 0.0000000000
45921  8.637  -15.795  65.279 0.0000000000
44828  6.112  -15.859  67.883 0.0000000000
45877  5.426  -15.289  68.381 0.0000000000
45878  4.933  -14.715  68.856 0.0000000000
46946  4.283  -14.349  69.463 0.0000000000
48031  4.297  -13.861  69.232 0.0000000000
48014  3.329  -13.547  69.684 0.0000000000
51552  4.281  -10.074  69.202 0.0000000000
51546  2.905  -10.148  69.808 0.0000000000
65365  25.586  0.580  49.974 0.0000000000
64162  24.579  -0.205  51.111 0.0000000000
64184  24.769  -1.223  50.018 0.0000000000
59463  26.448  -4.548  50.466 0.0000000000
58238  24.589  -5.317  50.938 0.0000000000
58222  25.037  -5.789  50.996 0.0000000000
56816  25.384  -6.287  51.347 0.0000000000
56761  27.260  -7.728  53.529 0.0000000000
55438  22.288  -7.695  52.577 0.0000000000
55439  21.583  -7.892  52.726 0.0000000000
54181  22.766  -8.326  52.767 0.0000000000
54164  23.276  -8.729  53.279 0.0000000000
52999  20.900  -9.754  54.151 0.0000000000
52998  21.898  -9.859  54.364 0.0000000000
52982  22.328  -10.302  55.047 0.0000000000
83193  41.995  14.732  34.975 0.0000000000
80928  42.103  13.253  35.885 0.0000000000
72867  33.346  6.393  38.838 0.0000000000
70516  34.720  4.740  39.354 0.0000000000
70515  35.555  4.595  39.586 0.0000000000
69239  29.911  3.146  43.792 0.0000000000
68015  30.131  2.492  43.104 0.0000000000
68040  30.462  2.639  42.567 0.0000000000
68039  30.883  2.764  41.900 0.0000000000
68058  31.354  2.507  41.600 0.0000000000
65489  32.263  0.340  43.550 0.0000000000
66721  31.906  1.049  43.013 0.0000000000
66720  32.837  1.037  43.111 0.0000000000
68038  32.262  1.636  41.935 0.0000000000
68057  32.048  2.224  41.505 0.0000000000
69303  32.417  3.013  40.780 0.0000000000
69318  34.211  4.114  40.385 0.0000000000
70481  37.858  3.707  41.544 0.0000000000
69298  37.248  3.351  41.811 0.0000000000
70459  38.313  3.369  41.902 0.0000000000
62963  28.814  -1.993  50.605 0.0000000000
62962  29.412  -1.958  51.010 0.0000000000
64159  29.971  -1.170  50.791 0.0000000000
64158  30.881  -1.440  50.953 0.0000000000
62944  31.429  -2.547  52.485 0.0000000000
90236  45.712  21.313  26.314 0.0000000000
91303  46.255  22.432  26.074 0.0000000000
91308  46.837  22.225  25.360 0.0000000000
86883  47.019  18.377  26.342 0.0000000000
86896  47.288  18.750  25.910 0.0000000000
89194  47.843  21.124  24.695 0.0000000000
90258  48.054  21.648  24.536 0.0000000000
88035  49.758  19.830  24.649 0.0000000000
89191  50.153  20.008  23.966 0.0000000000
89206  50.207  20.569  23.564 0.0000000000
50542  12.669  -11.499  58.615 0.0000000000
51579  5.771  -9.327  67.302 0.0000000000
52973  14.055  -8.849  56.651 0.0000000000
54114  16.185  -9.034  56.600 0.0000000000
54149  24.966  -9.015  54.615 0.0000000000
55411  16.988  -7.357  54.911 0.0000000000
56705  14.259  -5.996  56.747 0.0000000000
56798  27.699  -6.360  52.108 0.0000000000
58149  15.237  -5.658  56.358 0.0000000000
58150  14.754  -5.842  56.541 0.0000000000
59371  15.278  -4.935  56.841 0.0000000000
59372  14.902  -5.159  56.955 0.0000000000
59394  15.778  -4.674  56.633 0.0000000000
59441  29.149  -5.485  52.385 0.0000000000
59460  28.825  -4.116  51.441 0.0000000000
60620  29.086  -3.865  51.532 0.0000000000
62947  29.364  -2.300  51.088 0.0000000000
65346  28.873  -0.948  50.229 0.0000000000
65472  29.147  1.165  44.685 0.0000000000
66724  29.472  2.101  43.718 0.0000000000
66755  31.083  2.258  41.857 0.0000000000
67997  28.892  2.290  44.310 0.0000000000
69201  28.994  3.497  46.398 0.0000000000
69257  36.429  2.489  42.525 0.0000000000
69259  30.038  2.847  43.400 0.0000000000
69299  36.951  3.338  41.784 0.0000000000
70460  36.719  3.336  41.755 0.0000000000
70463  30.691  3.825  42.244 0.0000000000
72834  31.421  6.101  40.946 0.0000000000
78852  36.162  12.416  38.545 0.0000000000
78853  35.942  12.550  38.416 0.0000000000
78889  35.627  11.728  36.608 0.0000000000
79928  35.525  12.906  37.800 0.0000000000
80902  36.083  13.407  38.758 0.0000000000
80930  35.492  13.179  37.465 0.0000000000
80943  41.398  13.278  35.716 0.0000000000
80970  42.006  14.068  32.794 0.0000000000
82053  44.293  13.992  30.967 0.0000000000
83246  40.076  15.719  33.027 0.0000000000
83263  46.323  14.408  29.911 0.0000000000
84415  37.710  16.541  34.110 0.0000000000
84423  37.917  16.517  33.855 0.0000000000
85665  47.265  17.641  26.623 0.0000000000
86853  43.932  18.697  29.927 0.0000000000
87995  44.478  19.314  29.176 0.0000000000
88003  44.800  19.737  26.771 0.0000000000
89143  44.503  19.790  29.665 0.0000000000
89144  44.370  19.669  29.473 0.0000000000
89152  44.346  19.560  29.211 0.0000000000
89153  44.479  19.503  29.437 0.0000000000
89161  44.784  19.999  26.732 0.0000000000
89169  45.053  19.804  26.644 0.0000000000
89179  45.839  20.710  26.130 0.0000000000
89207  49.697  20.867  23.697 0.0000000000
90271  49.113  21.993  23.636 0.0000000000
141777  45.579  18.194  31.629 0.0000000000
