#!ascii label  , from subject 4033 vox2ras=TkReg
646
64960  19.785  0.148  -10.444 0.1428571492
64961  18.785  -0.043  -10.507 0.1428571492
67378  19.286  1.569  -11.034 0.1428571492
64959  20.844  0.180  -10.394 0.1428571492
66173  20.263  1.186  -11.244 0.2857142985
66154  18.869  0.856  -11.029 0.1428571492
66152  21.166  0.675  -10.944 0.1428571492
69973  19.376  3.156  -11.566 0.5714285970
67396  20.850  1.876  -11.355 0.1428571492
69959  22.203  3.122  -10.908 0.2857142985
68675  21.901  2.688  -10.946 0.2857142985
71182  22.782  4.567  -10.917 0.1428571492
69970  22.242  4.111  -10.902 0.2857142985
74796  23.391  7.329  -12.779 0.2857142985
73514  22.686  6.485  -12.508 0.1428571492
72367  22.754  6.005  -11.764 0.2857142985
77212  24.103  8.891  -14.050 0.2857142985
76079  24.162  8.138  -13.030 0.2857142985
77232  23.684  9.400  -14.671 0.2857142985
79533  24.173  11.409  -15.974 0.2857142985
81535  24.535  13.427  -17.652 0.8571428657
80556  24.281  12.395  -16.938 0.4285714328
78371  24.361  10.721  -15.346 0.2857142985
82630  25.145  14.712  -19.335 0.7142857313
82631  24.655  14.072  -18.722 0.7142857313
80567  23.757  12.324  -18.297 0.7142857313
85079  25.690  16.148  -20.662 0.8571428657
83864  25.455  15.680  -19.916 0.5714285970
82644  25.144  14.724  -20.488 0.8571428657
82645  24.639  13.969  -19.889 0.7142857313
81546  24.114  13.041  -19.212 0.7142857313
86308  27.898  17.733  -21.600 0.4285714328
85090  26.190  16.203  -21.350 0.7142857313
83878  25.457  15.616  -21.111 0.8571428657
88644  28.181  19.079  -22.047 0.2857142985
88657  27.260  19.403  -22.739 0.5714285970
86309  26.763  17.166  -21.857 0.8571428657
86321  28.232  17.794  -22.110 0.7142857313
86310  26.606  16.358  -21.897 0.8571428657
89768  27.361  20.464  -22.656 0.1428571492
88645  27.939  19.856  -22.008 0.1428571492
87492  27.939  18.229  -22.432 0.5714285970
86322  27.551  17.606  -22.296 0.8571428657
92950  26.422  23.412  -23.669 0.1428571492
91873  27.099  22.013  -22.578 0.1428571492
90828  27.123  21.341  -23.167 0.1428571492
89779  27.164  20.442  -24.008 0.4285714328
87493  27.107  18.255  -22.641 0.8571428657
94966  26.368  25.119  -23.922 0.1428571492
93926  26.350  23.977  -23.371 0.1428571492
93944  26.567  24.107  -23.977 0.1428571492
91874  26.757  22.413  -23.289 0.1428571492
91883  26.367  22.397  -24.417 0.4285714328
88669  27.098  19.761  -24.283 0.7142857313
87494  26.229  18.229  -22.614 0.8571428657
93955  26.395  24.359  -24.743 0.1428571492
94973  26.082  25.294  -25.113 0.1428571492
92973  26.167  23.771  -25.212 0.1428571492
91884  26.342  22.717  -25.210 0.5714285970
88679  26.818  20.067  -24.682 0.8571428657
88658  26.571  19.319  -22.842 0.8571428657
88670  26.816  19.371  -24.024 0.8571428657
95952  25.944  26.335  -24.991 0.1428571492
94974  25.822  25.836  -25.513 0.2857142985
93966  25.971  24.329  -25.433 0.1428571492
93967  25.586  24.212  -26.099 0.8571428657
90844  26.264  21.508  -25.597 0.8571428657
89780  26.755  20.952  -24.507 0.7142857313
90845  25.621  21.651  -26.257 0.8571428657
97050  24.821  27.324  -26.746 0.1428571492
98143  25.187  28.258  -26.269 0.1428571492
94982  25.552  25.288  -26.158 0.4285714328
93981  24.789  23.936  -27.275 0.8571428657
93993  25.118  23.608  -27.346 0.8571428657
90854  25.257  22.037  -26.980 0.8571428657
90837  25.678  21.132  -25.739 0.8571428657
95966  25.186  26.331  -26.578 0.4285714328
91909  25.126  22.869  -27.355 0.8571428657
92975  24.361  23.020  -27.223 0.8571428657
98155  24.699  28.233  -26.994 0.1428571492
99241  24.694  29.016  -27.238 0.2857142985
95973  24.005  26.940  -27.580 0.8571428657
95967  24.457  26.410  -27.063 0.8571428657
94990  24.480  25.215  -26.908 0.8571428657
93968  24.365  23.922  -26.796 0.8571428657
99242  24.136  29.056  -27.489 0.2857142985
98156  24.303  28.232  -27.492 0.7142857313
97051  24.390  27.411  -27.420 0.5714285970
97062  23.952  27.525  -27.702 0.8571428657
94991  24.028  25.647  -26.639 0.8571428657
94984  23.881  25.542  -25.936 0.8571428657
94983  24.410  24.881  -26.244 0.8571428657
97063  23.585  27.580  -27.651 0.8571428657
97052  23.276  27.273  -27.473 0.8571428657
95959  23.625  26.150  -26.498 0.8571428657
97034  23.437  27.154  -25.525 0.7142857313
95953  23.484  26.244  -25.753 0.7142857313
98170  23.357  28.123  -27.444 0.8571428657
98157  22.948  27.990  -27.103 0.8571428657
97041  23.185  26.950  -26.673 0.8571428657
98144  23.097  28.004  -26.258 0.8571428657
99243  22.828  29.091  -26.764 0.8571428657
100338  22.366  30.295  -27.469 0.7142857313
99253  22.683  29.588  -27.340 0.8571428657
100328  22.478  30.142  -26.474 0.8571428657
101377  21.992  31.394  -27.268 0.7142857313
100327  22.859  29.463  -26.216 0.8571428657
104569  21.412  34.235  -29.310 0.1428571492
101378  21.457  31.914  -27.683 0.7142857313
105471  20.359  35.119  -29.784 0.1428571492
102443  20.924  32.474  -28.603 0.5714285970
103533  20.521  33.434  -28.703 0.5714285970
104563  21.010  33.577  -27.775 0.5714285970
103542  20.487  33.861  -29.336 0.1428571492
107316  19.660  37.307  -29.870 0.1428571492
104555  21.016  34.733  -27.653 0.5714285970
107317  19.260  37.071  -29.519 0.1428571492
107324  18.956  37.886  -30.236 0.1428571492
104572  19.684  34.925  -29.239 0.1428571492
109136  18.638  39.448  -30.165 0.1428571492
104564  20.484  34.128  -27.979 0.5714285970
107318  18.897  37.978  -29.354 0.1428571492
107310  19.124  38.183  -28.743 0.1428571492
109128  18.694  39.747  -29.505 0.1428571492
108215  19.197  38.800  -28.574 0.1428571492
64938  19.585  -0.533  -9.805 0.1428571492
66172  20.647  1.206  -11.245 0.2857142985
66171  21.448  1.211  -11.240 0.1428571492
67377  22.259  2.142  -10.871 0.2857142985
68690  21.077  2.739  -11.055 0.2857142985
73505  23.326  6.451  -11.901 0.2857142985
72355  22.424  5.342  -11.470 0.1428571492
78372  23.651  10.377  -15.599 0.2857142985
79542  23.567  11.722  -17.415 0.5714285970
85078  26.321  16.488  -20.152 0.2857142985
87482  28.264  17.984  -21.506 0.1428571492
85102  26.770  16.109  -22.301 0.8571428657
95951  26.252  26.186  -24.252 0.1428571492
92974  25.970  23.552  -25.835 0.8571428657
91891  26.173  22.548  -26.050 0.8571428657
89798  26.020  20.780  -25.696 0.8571428657
90855  24.977  21.799  -26.922 0.8571428657
98169  23.827  28.227  -27.617 0.8571428657
100337  22.951  29.971  -27.786 0.8571428657
101387  22.152  31.426  -28.219 0.8571428657
101388  21.417  31.820  -28.162 0.7142857313
102444  20.722  33.016  -29.072 0.2857142985
104571  20.013  34.512  -28.998 0.1428571492
106400  19.729  36.020  -29.520 0.1428571492
110085  19.005  40.502  -31.133 0.1428571492
64939  18.663  -0.753  -9.905 0.1428571492
71183  21.940  4.616  -11.247 0.2857142985
69972  20.395  3.670  -11.627 0.2857142985
74783  24.288  7.041  -11.849 0.2857142985
74812  22.954  7.777  -13.614 0.2857142985
76092  23.494  8.329  -13.915 0.2857142985
92932  26.381  23.486  -22.791 0.1428571492
97033  26.078  27.328  -25.083 0.1428571492
97040  25.338  27.321  -25.912 0.2857142985
93980  25.367  24.144  -26.989 0.8571428657
89790  25.974  20.337  -24.896 0.8571428657
88671  26.241  19.776  -23.854 1.0000000000
99233  25.107  29.051  -26.700 0.1428571492
100325  24.890  29.480  -26.920 0.1428571492
100336  23.743  29.915  -27.647 0.2857142985
94976  23.799  25.556  -24.977 0.8571428657
99251  23.555  29.031  -27.422 0.5714285970
102449  21.165  32.594  -29.033 0.4285714328
102448  21.869  32.288  -28.804 0.2857142985
103540  21.563  33.289  -28.917 0.2857142985
103541  20.861  33.573  -29.396 0.1428571492
103549  20.332  34.102  -29.588 0.1428571492
104578  19.858  34.497  -29.766 0.1428571492
106385  20.086  36.560  -28.066 0.2857142985
105472  19.806  35.124  -29.944 0.1428571492
107309  19.196  37.359  -28.893 0.1428571492
106386  19.487  36.987  -28.572 0.1428571492
107302  19.446  37.823  -28.284 0.1428571492
109123  19.129  39.791  -28.735 0.1428571492
111083  18.413  41.573  -29.906 0.1428571492
101386  23.348  31.081  -27.922 0.4285714328
102442  22.651  32.155  -28.212 0.4285714328
101394  21.586  31.958  -28.825 0.5714285970
66153  20.098  0.839  -11.108 0.1428571492
64962  17.943  -0.245  -10.368 0.1428571492
67397  20.062  1.655  -11.170 0.4285714328
67379  18.750  1.568  -11.062 0.2857142985
68691  20.127  2.626  -11.127 0.5714285970
67395  21.723  1.899  -11.137 0.1428571492
69971  21.683  3.632  -11.106 0.1428571492
86294  26.370  16.833  -21.464 0.8571428657
85103  26.662  15.936  -21.945 0.8571428657
88656  28.078  18.652  -22.319 0.5714285970
92964  26.365  23.424  -24.668 0.2857142985
90829  26.724  21.460  -24.042 0.1428571492
89797  26.128  21.049  -25.730 0.8571428657
92982  25.765  23.384  -26.666 0.8571428657
94989  25.033  25.225  -27.052 0.8571428657
95968  23.808  26.480  -27.145 0.8571428657
99252  23.088  28.953  -27.272 0.8571428657
104570  20.673  34.369  -29.668 0.1428571492
103532  20.735  33.060  -28.062 0.5714285970
105458  20.106  35.226  -28.313 0.4285714328
106401  19.597  35.894  -29.351 0.1428571492
109135  18.709  39.533  -30.808 0.1428571492
108240  19.019  38.651  -30.714 0.1428571492
105473  19.654  35.185  -29.661 0.1428571492
106394  19.425  36.213  -28.906 0.1428571492
108223  18.961  38.842  -29.107 0.1428571492
73504  24.072  6.300  -11.559 0.1428571492
76093  22.748  7.989  -14.001 0.5714285970
74833  21.926  7.685  -14.638 0.5714285970
74834  21.209  7.319  -14.846 0.5714285970
74835  20.566  6.947  -15.078 0.2857142985
76126  22.094  8.714  -16.012 0.5714285970
76127  21.408  8.049  -15.711 0.5714285970
73534  20.347  6.003  -14.351 0.4285714328
76111  21.730  7.856  -14.978 0.5714285970
73571  19.968  6.825  -15.513 0.2857142985
76128  20.881  7.715  -16.002 0.4285714328
78373  22.910  9.915  -16.009 0.4285714328
77262  22.322  9.370  -16.482 0.5714285970
76141  21.395  8.744  -16.758 0.5714285970
76151  21.167  8.779  -17.327 0.4285714328
78404  22.890  10.580  -17.296 0.5714285970
78405  22.456  10.129  -17.851 0.5714285970
77263  21.774  9.251  -16.950 0.4285714328
79559  22.438  10.392  -18.434 0.4285714328
79558  23.019  11.085  -18.290 0.4285714328
74871  20.219  7.771  -16.336 0.2857142985
74856  19.605  7.368  -15.581 0.2857142985
77279  21.540  9.236  -17.656 0.4285714328
79543  23.395  11.030  -16.949 0.7142857313
80584  23.683  11.800  -19.270 0.7142857313
79584  22.813  11.729  -20.013 0.4285714328
81576  23.634  13.178  -20.924 0.7142857313
80608  23.150  12.624  -20.565 0.5714285970
82661  22.863  13.932  -20.812 0.2857142985
81547  23.969  12.318  -19.420 0.5714285970
81561  23.830  12.543  -19.973 0.7142857313
81575  24.366  13.603  -21.296 0.7142857313
82674  23.924  14.246  -21.680 0.7142857313
83911  24.214  15.168  -22.388 0.7142857313
83895  23.595  15.113  -22.015 0.7142857313
83896  22.977  15.157  -21.668 0.4285714328
85104  23.282  15.973  -22.050 0.4285714328
81560  24.254  13.300  -20.459 0.5714285970
82658  25.292  14.725  -21.584 0.5714285970
82684  25.015  14.662  -22.452 0.5714285970
83910  25.138  15.376  -22.600 0.7142857313
85118  24.544  16.130  -22.400 0.7142857313
87495  25.219  18.293  -22.567 0.7142857313
86326  23.526  17.026  -22.172 0.7142857313
87496  24.038  18.334  -22.591 0.5714285970
86323  26.630  17.283  -22.241 0.7142857313
85116  26.383  16.235  -22.689 0.5714285970
83909  25.917  15.492  -22.530 0.5714285970
86324  25.819  17.177  -22.261 0.7142857313
85117  25.517  16.199  -22.645 0.7142857313
89770  25.304  20.015  -22.886 0.7142857313
88660  24.607  19.590  -22.775 0.7142857313
89782  24.865  20.526  -23.350 0.7142857313
88661  23.334  19.615  -22.718 0.5714285970
88672  24.216  20.031  -23.229 0.7142857313
86325  24.792  17.169  -22.369 0.7142857313
88659  25.744  19.362  -22.881 0.8571428657
89769  25.628  20.009  -23.378 0.8571428657
90831  24.006  21.375  -23.427 0.5714285970
91860  23.676  22.191  -23.286 0.2857142985
89791  25.364  20.741  -24.388 0.7142857313
92953  24.331  23.404  -24.026 0.7142857313
90830  24.759  21.390  -24.209 0.8571428657
93956  24.266  23.902  -25.833 0.8571428657
91875  24.699  22.045  -24.898 0.8571428657
91876  24.346  22.374  -23.950 0.5714285970
92952  24.349  22.952  -25.149 0.8571428657
93946  24.168  24.040  -24.731 0.8571428657
93947  23.875  24.289  -23.657 0.7142857313
90838  25.232  21.361  -25.228 0.8571428657
92966  24.260  22.933  -26.448 0.8571428657
94967  24.020  24.865  -24.450 0.8571428657
94975  24.177  24.822  -25.348 0.8571428657
98134  23.584  28.148  -25.150 0.7142857313
98126  23.808  28.327  -23.971 0.7142857313
99234  23.140  28.915  -25.832 0.5714285970
99225  23.556  29.122  -24.783 0.7142857313
100317  23.155  29.731  -25.585 0.7142857313
101368  22.579  31.384  -25.883 0.7142857313
100298  23.402  30.179  -23.846 0.7142857313
101361  23.097  31.483  -24.685 0.7142857313
102413  23.227  32.300  -23.969 0.7142857313
102424  22.898  32.490  -25.122 0.7142857313
102412  23.336  33.039  -23.495 0.5714285970
103514  22.594  33.397  -25.748 0.4285714328
102423  23.267  33.002  -24.278 0.5714285970
102431  22.235  32.356  -26.343 0.5714285970
102399  22.976  32.452  -22.691 0.5714285970
103507  23.078  33.565  -24.760 0.5714285970
103496  23.275  33.699  -23.213 0.5714285970
103481  23.048  33.572  -22.606 0.4285714328
103482  22.377  33.473  -21.998 0.5714285970
102379  22.130  32.393  -21.751 0.4285714328
105423  23.066  34.733  -23.280 0.5714285970
104524  22.988  34.374  -22.918 0.5714285970
104545  22.894  34.440  -25.156 0.5714285970
103483  21.349  33.869  -22.018 0.4285714328
102380  21.131  32.354  -21.755 0.4285714328
104514  21.984  34.541  -22.230 0.5714285970
104513  22.695  34.164  -22.365 0.5714285970
105417  21.568  35.672  -22.249 0.4285714328
83908  26.538  15.746  -22.463 0.5714285970
105425  21.896  36.170  -23.065 0.2857142985
104515  20.906  34.821  -21.766 0.4285714328
74814  21.601  6.883  -14.240 0.5714285970
72387  20.923  5.757  -13.464 0.5714285970
77233  22.983  8.966  -14.800 0.2857142985
73551  20.684  6.778  -14.725 0.5714285970
77245  23.303  9.689  -15.452 0.2857142985
73552  20.154  6.357  -14.941 0.2857142985
76142  20.653  8.262  -16.553 0.4285714328
77293  22.106  9.500  -18.011 0.4285714328
78419  22.133  9.932  -18.363 0.5714285970
76143  20.004  8.121  -16.489 0.2857142985
77280  20.786  8.889  -17.404 0.2857142985
79572  22.946  11.378  -19.527 0.5714285970
83852  24.987  14.756  -18.450 0.2857142985
81562  22.238  12.892  -20.290 0.2857142985
82660  23.379  13.915  -21.192 0.7142857313
97026  23.606  27.335  -24.366 0.7142857313
103466  21.576  33.080  -21.791 0.2857142985
102436  21.570  32.334  -27.231 0.5714285970
103522  21.821  33.251  -26.665 0.5714285970
105432  23.260  34.890  -23.632 0.5714285970
105433  23.109  35.437  -24.291 0.2857142985
77294  21.872  9.557  -18.169 0.4285714328
76109  23.157  8.747  -14.528 0.2857142985
83894  26.293  15.489  -22.066 0.7142857313
91885  24.602  22.127  -25.922 0.7142857313
79557  23.403  11.724  -18.153 0.5714285970
95947  23.664  26.391  -24.661 0.7142857313
82659  24.718  14.012  -21.015 0.5714285970
76110  22.432  8.319  -14.762 0.5714285970
74813  22.263  7.313  -13.923 0.4285714328
74854  20.966  7.563  -15.632 0.4285714328
73533  21.002  6.398  -14.093 0.5714285970
74855  20.386  7.351  -15.727 0.4285714328
77246  22.845  9.168  -15.474 0.5714285970
72388  20.364  5.613  -13.904 0.5714285970
78387  22.583  10.054  -16.894 0.5714285970
77278  22.115  9.578  -17.342 0.5714285970
78406  21.207  9.400  -17.861 0.4285714328
79573  22.246  10.669  -18.979 0.4285714328
80568  23.483  11.685  -18.553 0.5714285970
80595  23.223  12.111  -20.248 0.5714285970
80609  22.905  12.437  -20.496 0.4285714328
80596  22.500  12.280  -20.225 0.4285714328
79585  22.417  11.592  -19.628 0.4285714328
81577  22.666  13.089  -20.534 0.2857142985
81589  24.398  13.834  -21.564 0.7142857313
82673  24.877  14.013  -21.916 0.7142857313
82685  24.580  14.453  -22.165 0.7142857313
85119  23.916  16.056  -22.185 0.7142857313
82672  25.540  14.801  -22.231 0.5714285970
90819  23.365  21.671  -23.029 0.2857142985
100308  23.374  29.985  -24.540 0.7142857313
100318  22.985  30.571  -25.251 0.7142857313
105424  22.716  35.334  -23.052 0.5714285970
77281  20.403  9.486  -17.311 0.1428571492
78420  21.569  9.946  -18.300 0.4285714328
68692  19.217  2.360  -11.163 0.4285714328
77211  24.579  9.360  -13.901 0.1428571492
77231  24.639  10.013  -14.351 0.1428571492
80542  24.597  12.444  -15.840 0.1428571492
79518  24.677  11.020  -15.314 0.1428571492
78360  24.822  10.646  -14.784 0.1428571492
81529  24.774  13.136  -16.366 0.1428571492
83851  25.482  15.380  -18.596 0.2857142985
83863  26.075  16.010  -19.072 0.1428571492
112010  18.962  42.592  -27.781 0.1428571492
94968  23.683  25.485  -23.739 0.4285714328
108214  19.389  38.738  -28.290 0.1428571492
97006  23.517  27.441  -23.301 0.4285714328
98107  23.314  28.337  -22.941 0.4285714328
108202  21.658  39.242  -25.753 0.2857142985
106366  22.051  36.470  -25.612 0.2857142985
105441  22.502  35.468  -25.568 0.2857142985
106367  21.565  36.543  -26.370 0.2857142985
98109  21.321  28.293  -21.887 0.1428571492
99215  23.462  29.440  -23.531 0.5714285970
100309  23.310  30.711  -24.183 0.5714285970
107285  22.282  37.516  -25.351 0.2857142985
104553  22.214  34.302  -26.155 0.4285714328
99194  22.066  29.332  -22.300 0.4285714328
100279  22.428  30.452  -22.382 0.5714285970
106357  22.632  36.500  -24.762 0.2857142985
99177  20.416  30.131  -21.860 0.4285714328
100261  21.028  30.564  -21.557 0.2857142985
106353  22.535  36.468  -23.626 0.1428571492
100262  20.049  30.705  -21.797 0.1428571492
106354  21.942  36.809  -23.088 0.1428571492
107276  22.283  37.476  -23.104 0.1428571492
108196  22.277  38.546  -24.438 0.1428571492
101319  20.593  31.488  -21.666 0.2857142985
106350  21.599  36.738  -22.424 0.2857142985
105406  19.221  36.199  -21.296 0.1428571492
106343  20.777  36.830  -21.631 0.1428571492
107269  21.184  37.725  -22.263 0.1428571492
107268  22.053  37.788  -22.561 0.1428571492
107261  20.598  37.676  -21.641 0.1428571492
71199  18.877  4.332  -13.027 0.2857142985
76091  24.411  8.732  -13.474 0.1428571492
79517  25.064  11.466  -14.933 0.1428571492
95934  23.221  26.655  -22.747 0.2857142985
102437  21.094  32.333  -27.882 0.4285714328
105448  21.258  35.580  -27.221 0.2857142985
107293  21.559  37.585  -26.292 0.2857142985
108188  22.362  38.352  -23.283 0.2857142985
71200  17.940  4.386  -12.941 0.2857142985
72354  23.530  5.397  -11.235 0.1428571492
71181  23.479  4.649  -10.742 0.1428571492
74795  24.578  7.745  -12.311 0.1428571492
76078  24.928  8.514  -12.713 0.1428571492
82618  24.800  14.415  -17.797 0.1428571492
99178  20.065  30.222  -22.044 0.1428571492
94952  23.469  25.975  -22.932 0.4285714328
98110  20.272  28.512  -22.073 0.2857142985
101338  22.877  31.253  -22.702 0.5714285970
104554  21.436  34.207  -27.250 0.4285714328
108205  21.832  38.431  -26.076 0.2857142985
106375  20.845  36.763  -27.082 0.2857142985
107294  20.656  37.780  -26.980 0.2857142985
108206  21.168  38.794  -26.635 0.2857142985
109111  20.116  39.757  -26.878 0.1428571492
110053  19.626  40.942  -26.743 0.1428571492
109116  19.681  39.819  -28.061 0.1428571492
108179  22.361  38.023  -22.735 0.2857142985
109112  19.525  40.386  -27.233 0.1428571492
110065  19.207  41.238  -27.676 0.1428571492
108213  19.925  38.680  -27.967 0.1428571492
105457  20.561  35.703  -27.823 0.4285714328
109099  21.349  40.023  -25.612 0.2857142985
106376  20.411  37.216  -27.434 0.2857142985
108207  20.452  38.681  -27.387 0.1428571492
69990  19.474  3.852  -12.306 0.4285714328
106384  20.689  36.152  -27.550 0.2857142985
99216  22.849  29.761  -22.791 0.5714285970
101352  23.167  31.446  -23.549 0.5714285970
105447  21.818  35.067  -26.444 0.2857142985
105416  22.292  35.099  -22.445 0.4285714328
104505  20.124  35.203  -21.628 0.2857142985
95933  23.515  26.554  -23.609 0.5714285970
100299  23.085  30.466  -23.251 0.5714285970
101317  22.439  31.463  -21.994 0.5714285970
79532  24.719  11.974  -15.395 0.1428571492
77230  25.109  10.356  -14.260 0.1428571492
81513  24.970  12.936  -15.667 0.1428571492
97007  22.925  27.451  -22.496 0.2857142985
108201  22.113  38.477  -25.462 0.2857142985
105442  21.879  35.836  -26.255 0.2857142985
107281  22.382  37.466  -24.074 0.1428571492
100280  21.658  30.109  -21.968 0.4285714328
99195  20.947  29.489  -21.856 0.2857142985
100260  21.877  30.802  -21.807 0.5714285970
101318  21.572  31.502  -21.674 0.4285714328
69991  18.489  3.326  -12.208 0.2857142985
81528  25.118  13.865  -16.663 0.1428571492
94953  22.671  25.833  -22.536 0.2857142985
87497  22.896  18.514  -22.232 0.4285714328
90832  23.336  21.082  -23.086 0.2857142985
110023  21.854  40.561  -24.108 0.1428571492
109088  21.614  39.840  -24.960 0.1428571492
111002  20.772  42.176  -24.107 0.1428571492
109069  20.841  39.304  -21.754 0.1428571492
111001  21.238  41.652  -23.465 0.1428571492
110035  21.250  40.783  -25.267 0.1428571492
109071  21.412  39.484  -22.278 0.1428571492
110004  21.589  40.477  -22.004 0.1428571492
110011  22.016  40.037  -23.539 0.1428571492
111976  20.935  42.775  -23.604 0.1428571492
109078  22.246  39.356  -23.634 0.1428571492
110012  21.624  40.493  -22.949 0.1428571492
110981  21.855  41.270  -21.852 0.1428571492
110990  21.597  41.474  -22.523 0.1428571492
89771  23.027  20.229  -23.024 0.2857142985
111975  21.443  42.578  -22.833 0.1428571492
79534  23.591  10.850  -16.238 0.2857142985
109087  22.181  39.604  -24.330 0.1428571492
111016  21.105  41.480  -24.483 0.1428571492
111030  20.852  41.502  -25.156 0.1428571492
109997  21.517  40.436  -21.325 0.1428571492
78386  23.135  10.511  -16.469 0.4285714328
72369  21.378  5.603  -12.829 0.2857142985
72368  22.136  5.841  -12.280 0.1428571492
73515  21.944  6.341  -13.303 0.2857142985
73532  21.739  6.700  -13.917 0.2857142985
72357  20.907  5.164  -12.225 0.2857142985
72370  20.476  5.264  -13.002 0.4285714328
74797  22.571  6.876  -13.115 0.1428571492
72356  21.565  5.311  -11.817 0.1428571492
73516  21.339  5.994  -13.441 0.2857142985
99193  22.948  29.057  -22.631 0.2857142985
71198  19.722  4.654  -12.902 0.2857142985
71197  20.415  4.580  -12.275 0.2857142985
72371  19.945  5.078  -13.634 0.2857142985
79586  21.761  11.470  -19.212 0.2857142985
82675  22.941  14.508  -21.174 0.1428571492
83897  21.874  15.087  -21.230 0.1428571492
86327  22.365  17.715  -22.016 0.1428571492
90820  22.713  21.408  -22.806 0.1428571492
91861  23.148  22.358  -22.689 0.1428571492
93927  23.361  24.094  -22.846 0.1428571492
92935  22.813  23.382  -22.584 0.1428571492
93928  22.514  24.647  -22.612 0.1428571492
95921  22.009  26.637  -21.621 0.1428571492
98108  22.445  28.248  -22.171 0.1428571492
97009  20.543  27.485  -21.853 0.1428571492
96987  21.601  27.287  -21.566 0.1428571492
103467  20.742  33.247  -21.828 0.1428571492
102381  20.158  32.427  -21.643 0.1428571492
103484  20.520  34.047  -22.048 0.1428571492
103468  19.729  33.696  -21.649 0.1428571492
69974  18.799  2.815  -11.564 0.2857142985
93948  23.301  24.790  -23.146 0.2857142985
68693  18.270  2.324  -11.505 0.2857142985
79574  21.413  10.872  -18.812 0.2857142985
85105  22.331  16.082  -21.596 0.1428571492
88662  22.247  19.608  -22.189 0.1428571492
90821  21.779  21.345  -22.621 0.1428571492
91862  22.104  22.439  -22.604 0.1428571492
91877  21.364  22.848  -23.078 0.1428571492
94969  23.168  25.346  -22.930 0.1428571492
95935  20.744  26.618  -21.661 0.1428571492
69989  20.008  4.162  -12.302 0.2857142985
86312  22.769  16.786  -21.776 0.1428571492
92934  23.781  23.170  -23.129 0.1428571492
101320  19.609  31.496  -21.701 0.1428571492
78407  20.833  9.920  -17.741 0.1428571492
95920  22.551  26.653  -22.204 0.1428571492
80598  21.113  12.264  -19.054 0.1428571492
91863  21.195  22.208  -22.718 0.1428571492
68711  17.770  2.664  -11.924 0.1428571492
68710  17.997  2.770  -12.141 0.1428571492
69975  17.071  3.092  -11.772 0.1428571492
69992  17.512  3.241  -12.195 0.1428571492
71216  19.314  4.805  -13.982 0.1428571492
86293  26.851  17.217  -20.905 0.1428571492
86282  27.087  17.297  -19.768 0.1428571492
101376  23.679  31.709  -27.436 0.1428571492
67398  18.345  1.472  -11.219 0.1428571492
72389  19.886  5.201  -14.200 0.1428571492
71217  18.539  4.870  -13.767 0.1428571492
73572  19.717  6.724  -15.237 0.1428571492
101385  23.892  30.529  -27.458 0.1428571492
102441  23.361  32.227  -27.632 0.1428571492
100326  24.476  29.978  -27.127 0.1428571492
68677  18.509  1.861  -11.138 0.1428571492
86292  27.639  17.789  -20.529 0.1428571492
72404  20.081  5.643  -14.470 0.1428571492
77264  20.500  8.697  -16.902 0.1428571492
68694  17.338  2.501  -11.529 0.1428571492
72405  19.555  5.440  -14.566 0.1428571492
68676  18.836  2.066  -11.027 0.1428571492
69993  17.013  3.473  -11.849 0.1428571492
76140  21.877  9.025  -16.567 0.5714285970
76152  20.989  8.569  -17.115 0.4285714328
80583  24.005  12.256  -19.109 0.5714285970
81563  21.839  12.916  -20.038 0.2857142985
81590  24.139  13.631  -21.430 0.7142857313
82676  22.349  14.389  -21.085 0.1428571492
82683  25.431  15.032  -22.463 0.5714285970
83838  25.074  15.055  -17.846 0.2857142985
83893  26.622  15.751  -22.296 0.5714285970
85089  26.224  16.808  -20.970 0.8571428657
86307  28.350  17.844  -21.884 0.1428571492
86311  23.197  16.598  -21.961 0.4285714328
88673  23.909  19.827  -23.163 0.5714285970
88680  26.642  19.935  -24.580 0.8571428657
88681  26.466  19.804  -24.407 0.8571428657
89781  25.665  20.261  -24.009 0.8571428657
89783  23.670  20.380  -23.192 0.2857142985
89784  22.979  20.670  -23.035 0.2857142985
89788  27.002  20.151  -24.595 0.8571428657
89789  26.470  20.616  -24.909 0.8571428657
90818  27.281  21.321  -22.212 0.1428571492
90836  26.531  21.471  -24.839 0.7142857313
90846  25.081  21.692  -26.286 0.8571428657
91890  26.415  22.102  -25.287 0.8571428657
91892  24.440  22.145  -26.874 0.8571428657
91899  25.554  22.597  -27.060 0.8571428657
91900  24.885  22.463  -27.208 0.8571428657
91908  25.325  23.006  -27.312 0.8571428657
92933  26.304  23.769  -23.245 0.1428571492
92951  26.403  23.759  -23.471 0.1428571492
92965  26.237  23.193  -25.424 0.5714285970
92983  24.825  23.156  -27.425 0.8571428657
92991  25.393  23.321  -27.206 0.8571428657
92992  25.120  23.239  -27.414 0.8571428657
93925  26.284  24.268  -23.238 0.1428571492
93945  26.460  23.972  -23.592 0.1428571492
93994  24.928  23.466  -27.444 0.8571428657
94981  25.778  24.786  -25.699 0.5714285970
95922  21.321  26.648  -21.528 0.1428571492
95958  25.669  26.414  -25.730 0.2857142985
95974  23.658  27.111  -27.645 0.8571428657
96986  22.328  27.394  -21.827 0.2857142985
96988  21.027  27.139  -21.590 0.1428571492
97008  21.147  27.609  -21.702 0.1428571492
98088  21.870  27.811  -21.689 0.1428571492
98089  21.458  27.754  -21.706 0.1428571492
99244  22.474  29.730  -27.092 0.8571428657
100281  19.825  30.309  -22.097 0.1428571492
101395  21.380  31.934  -28.722 0.7142857313
102398  23.264  33.189  -22.955 0.4285714328
102450  20.796  33.212  -29.218 0.2857142985
103506  23.287  33.669  -23.923 0.5714285970
103523  21.215  33.072  -27.466 0.5714285970
103550  20.098  34.140  -29.790 0.1428571492
104525  22.592  34.725  -22.553 0.5714285970
104535  23.238  34.301  -23.523 0.5714285970
104536  23.276  34.402  -24.223 0.7142857313
104577  20.090  34.443  -29.946 0.1428571492
104579  19.674  34.825  -29.492 0.1428571492
105405  19.770  36.227  -21.470 0.1428571492
105449  20.644  35.042  -27.816 0.4285714328
105465  19.669  35.261  -28.912 0.1428571492
105466  19.606  35.317  -29.317 0.1428571492
106393  19.817  35.774  -28.621 0.1428571492
107270  20.592  38.241  -21.766 0.1428571492
107277  21.873  37.284  -22.652 0.1428571492
107286  21.727  37.009  -25.783 0.2857142985
107292  22.117  38.004  -25.889 0.2857142985
107301  20.142  37.776  -27.687 0.2857142985
107303  19.240  38.367  -28.429 0.1428571492
107323  19.262  38.113  -30.318 0.1428571492
107325  18.625  37.933  -29.966 0.1428571492
108197  21.931  39.112  -24.968 0.2857142985
108232  18.725  38.733  -29.762 0.1428571492
108241  18.750  38.673  -30.325 0.1428571492
109072  20.983  39.201  -22.074 0.1428571492
109079  21.773  39.680  -23.077 0.1428571492
109115  20.142  39.256  -27.638 0.1428571492
109117  19.382  39.216  -28.423 0.1428571492
109122  19.384  40.109  -28.469 0.1428571492
110022  22.353  39.983  -23.882 0.1428571492
110036  20.769  41.239  -25.528 0.1428571492
110051  21.118  40.406  -25.837 0.2857142985
