#!ascii label  , from subject 3763 vox2ras=TkReg
944
73669  -24.096  -14.648  -15.364 0.4285714328
74908  -24.590  -13.022  -15.819 0.2857142985
74884  -24.699  -13.540  -15.631 0.4285714328
76074  -25.321  -13.181  -15.624 0.4285714328
76099  -26.462  -12.449  -16.208 0.4285714328
76128  -25.161  -11.997  -17.146 0.2857142985
77263  -25.946  -11.818  -16.756 0.4285714328
77264  -27.031  -11.668  -16.626 0.4285714328
78422  -25.864  -10.498  -17.739 0.4285714328
78444  -26.128  -9.842  -18.305 0.4285714328
79652  -26.330  -9.037  -18.810 0.4285714328
80919  -25.026  -8.503  -19.790 0.5714285970
79668  -25.544  -8.758  -19.261 0.5714285970
80898  -26.661  -8.044  -18.725 0.2857142985
80921  -26.119  -7.931  -19.158 0.7142857313
82185  -26.266  -7.325  -19.326 0.7142857313
83337  -27.435  -6.187  -19.224 0.7142857313
83338  -28.058  -6.275  -19.059 0.4285714328
83316  -26.927  -6.807  -18.934 0.7142857313
85726  -27.776  -4.727  -19.861 0.5714285970
84512  -26.576  -5.747  -19.933 0.5714285970
85744  -28.124  -4.182  -20.155 0.5714285970
84513  -27.059  -5.487  -19.703 0.5714285970
85727  -28.760  -4.319  -19.647 0.4285714328
86992  -28.203  -3.338  -20.222 0.5714285970
88176  -29.159  -2.923  -19.812 0.5714285970
86991  -27.157  -3.455  -21.078 0.7142857313
88203  -28.622  -2.072  -20.205 0.7142857313
88204  -29.694  -2.102  -19.945 0.5714285970
87010  -26.208  -3.545  -21.647 0.5714285970
88202  -27.479  -2.086  -20.854 0.8571428657
89326  -29.334  -1.188  -20.398 0.7142857313
88222  -26.945  -2.036  -21.763 0.7142857313
88221  -26.501  -2.568  -22.001 0.5714285970
90479  -29.019  -0.217  -20.670 0.7142857313
90480  -30.021  -0.260  -20.229 0.5714285970
89324  -27.516  -1.223  -20.925 0.7142857313
92644  -29.103  1.106  -20.804 0.5714285970
89325  -28.109  -0.952  -20.631 0.7142857313
91585  -30.106  0.692  -20.479 0.5714285970
89343  -27.539  -0.845  -20.990 0.5714285970
90496  -27.619  -0.221  -21.177 0.7142857313
91583  -28.726  0.651  -20.771 0.7142857313
92659  -29.197  1.955  -21.350 0.7142857313
92645  -29.588  1.480  -20.952 0.7142857313
92657  -27.738  1.514  -21.723 0.7142857313
92658  -28.692  1.505  -21.298 0.7142857313
94832  -29.341  3.748  -21.544 0.7142857313
93733  -29.522  2.554  -21.310 0.5714285970
90495  -27.116  -0.141  -21.875 0.5714285970
95964  -29.662  4.427  -21.259 0.5714285970
93731  -28.120  2.366  -21.704 0.8571428657
95973  -29.053  4.863  -21.722 0.7142857313
95972  -28.630  4.638  -22.163 0.7142857313
94840  -28.056  3.390  -22.122 0.8571428657
94841  -28.713  3.922  -22.000 0.7142857313
98391  -28.708  6.599  -22.478 0.8571428657
97175  -28.982  6.012  -21.754 0.5714285970
97173  -28.181  4.943  -22.474 0.8571428657
95971  -28.280  4.273  -22.339 0.8571428657
99553  -28.431  7.320  -22.942 0.8571428657
100652  -29.018  8.356  -23.076 0.8571428657
101712  -28.978  9.615  -23.116 0.8571428657
97174  -28.546  5.545  -22.354 0.8571428657
100651  -28.270  8.066  -23.293 0.8571428657
100660  -28.082  8.559  -23.496 1.0000000000
100661  -28.506  8.488  -23.350 1.0000000000
98400  -27.861  6.696  -23.114 0.8571428657
101722  -28.525  9.000  -23.421 1.0000000000
102648  -28.087  10.666  -23.582 1.0000000000
103607  -27.437  11.643  -24.373 0.7142857313
101711  -28.390  9.841  -23.518 1.0000000000
101710  -27.847  10.001  -23.824 1.0000000000
103597  -27.847  11.395  -23.779 1.0000000000
106419  -28.828  14.880  -25.730 1.0000000000
106418  -28.082  14.478  -25.254 0.8571428657
107497  -28.435  15.951  -26.326 0.8571428657
107498  -29.353  15.824  -26.563 1.0000000000
112745  -28.328  20.281  -27.562 0.8571428657
110674  -28.301  18.149  -26.882 0.8571428657
109609  -28.639  17.303  -26.362 1.0000000000
113660  -27.496  21.487  -27.821 0.8571428657
113661  -28.055  20.988  -27.625 0.8571428657
113670  -26.682  21.727  -28.772 0.7142857313
111760  -27.220  19.942  -29.229 0.5714285970
114530  -26.117  22.482  -29.309 0.7142857313
114531  -26.475  22.717  -28.788 0.5714285970
112749  -25.165  20.837  -28.468 0.5714285970
112759  -26.332  20.613  -29.537 0.5714285970
115428  -25.273  23.552  -28.141 0.4285714328
116379  -25.342  24.580  -28.521 0.4285714328
114501  -26.126  22.561  -25.727 0.2857142985
114488  -25.904  22.050  -24.718 0.2857142985
113652  -25.842  21.856  -26.474 0.2857142985
76098  -24.988  -12.560  -16.074 0.2857142985
97167  -29.700  5.392  -21.316 0.5714285970
94831  -28.769  3.183  -21.582 0.7142857313
94842  -28.928  4.290  -21.872 0.7142857313
99545  -29.256  7.454  -22.399 0.8571428657
99554  -28.937  7.583  -22.844 0.8571428657
104533  -28.333  12.493  -24.349 0.8571428657
114475  -27.492  22.455  -22.669 0.1428571492
76127  -24.305  -12.247  -17.203 0.2857142985
77288  -24.600  -11.380  -17.445 0.2857142985
77290  -26.462  -11.007  -17.135 0.4285714328
78423  -26.968  -10.249  -17.733 0.4285714328
78421  -24.959  -10.765  -17.875 0.2857142985
79651  -25.396  -9.401  -18.722 0.4285714328
77289  -25.461  -11.149  -17.213 0.4285714328
78445  -26.863  -9.487  -18.201 0.4285714328
79669  -26.074  -8.381  -19.153 0.5714285970
82162  -26.759  -7.389  -18.841 0.4285714328
82184  -25.721  -7.371  -19.787 0.2857142985
83336  -26.507  -6.244  -19.678 0.7142857313
84530  -26.224  -5.548  -20.512 0.5714285970
86968  -29.534  -3.643  -19.512 0.4285714328
85742  -26.576  -4.279  -20.952 0.7142857313
86967  -28.905  -3.550  -19.768 0.5714285970
87011  -26.897  -2.754  -21.500 0.5714285970
92646  -30.390  1.528  -20.390 0.5714285970
90465  -30.331  0.284  -20.120 0.5714285970
91597  -27.972  0.741  -21.083 0.7142857313
90478  -28.241  0.026  -20.739 0.7142857313
93722  -29.943  2.050  -20.859 0.5714285970
98392  -29.156  6.704  -22.053 0.5714285970
97183  -27.919  5.715  -22.946 1.0000000000
102649  -28.782  10.572  -23.223 1.0000000000
99561  -27.168  7.711  -23.738 1.0000000000
102647  -27.866  10.570  -24.397 0.8571428657
104532  -27.542  12.504  -24.908 0.7142857313
105468  -28.529  13.463  -24.584 1.0000000000
105469  -29.175  13.425  -24.249 1.0000000000
105484  -28.087  13.740  -24.911 0.7142857313
106431  -28.941  15.430  -26.170 0.8571428657
110684  -28.285  18.420  -27.732 0.8571428657
108574  -29.460  16.477  -26.309 1.0000000000
112751  -27.302  20.558  -28.756 0.7142857313
113668  -25.337  21.738  -28.175 0.7142857313
112760  -26.982  20.321  -29.485 0.5714285970
113681  -25.906  21.779  -29.333 0.7142857313
114540  -25.899  22.700  -29.517 0.7142857313
111758  -24.918  20.083  -27.788 0.4285714328
114515  -25.772  22.594  -26.758 0.2857142985
115449  -26.020  23.138  -29.542 0.4285714328
114502  -26.625  23.114  -25.337 0.2857142985
115419  -25.391  23.633  -26.868 0.4285714328
83356  -25.492  -6.293  -20.681 0.4285714328
84529  -25.610  -5.788  -20.838 0.4285714328
114521  -25.400  22.646  -27.689 0.4285714328
113680  -25.478  21.701  -28.929 0.7142857313
115403  -25.828  23.102  -26.249 0.2857142985
76097  -23.839  -12.835  -16.625 0.2857142985
74907  -24.152  -13.160  -15.990 0.2857142985
76075  -26.005  -13.078  -15.642 0.4285714328
78443  -25.247  -10.185  -18.372 0.2857142985
80920  -25.610  -7.960  -19.581 0.2857142985
83357  -25.987  -6.218  -20.196 0.5714285970
84531  -26.993  -4.802  -20.237 0.5714285970
85743  -27.486  -4.134  -20.434 0.5714285970
86990  -26.655  -3.755  -21.232 0.7142857313
85762  -26.058  -4.246  -21.395 0.7142857313
89342  -27.251  -1.095  -21.602 0.5714285970
91584  -29.451  0.572  -20.649 0.5714285970
91596  -27.383  0.630  -21.744 0.8571428657
93732  -28.806  2.391  -21.518 0.7142857313
97184  -28.404  6.056  -22.741 0.8571428657
99544  -28.834  7.241  -22.678 0.8571428657
95983  -27.690  4.456  -22.750 0.8571428657
112752  -27.910  20.047  -28.289 0.8571428657
112750  -26.727  20.940  -29.302 0.7142857313
113669  -26.308  21.507  -29.329 0.5714285970
112758  -25.515  20.726  -29.189 0.5714285970
111752  -25.557  20.361  -27.147 0.4285714328
112743  -25.304  20.943  -27.652 0.4285714328
115438  -25.567  23.364  -28.933 0.4285714328
114483  -25.813  21.636  -23.956 0.2857142985
113659  -25.538  21.789  -27.282 0.2857142985
114489  -26.793  22.859  -24.781 0.2857142985
114474  -26.733  21.850  -22.893 0.1428571492
83335  -25.861  -6.811  -19.999 0.2857142985
105467  -28.042  13.115  -24.856 1.0000000000
114539  -25.717  22.585  -29.219 0.5714285970
119978  -24.548  28.259  -29.006 0.2857142985
118995  -25.242  27.581  -27.424 0.1428571492
117271  -24.234  25.724  -28.489 0.2857142985
119990  -24.735  28.150  -29.289 0.2857142985
119971  -25.528  28.657  -26.712 0.1428571492
116356  -25.239  24.322  -26.361 0.1428571492
116354  -24.235  24.901  -27.556 0.2857142985
117231  -24.671  25.312  -26.563 0.1428571492
118111  -25.711  27.148  -28.961 0.2857142985
118109  -24.689  26.632  -28.647 0.2857142985
118079  -29.550  26.626  -26.620 0.2857142985
118077  -27.411  26.616  -27.499 0.2857142985
118972  -26.123  27.139  -25.965 0.1428571492
116369  -27.186  24.496  -27.508 0.2857142985
117272  -24.788  25.823  -28.897 0.2857142985
116359  -29.683  24.195  -25.694 0.1428571492
117247  -27.599  25.605  -27.189 0.2857142985
118076  -26.803  26.379  -28.018 0.2857142985
118075  -25.365  26.557  -26.799 0.1428571492
117262  -26.381  25.660  -28.196 0.2857142985
116345  -32.240  24.320  -26.102 0.1428571492
116343  -30.591  24.108  -25.503 0.1428571492
116357  -27.992  24.777  -26.837 0.4285714328
115429  -26.642  24.005  -28.379 0.2857142985
113629  -29.885  20.659  -24.994 0.2857142985
114517  -28.276  22.591  -26.541 0.4285714328
115430  -27.210  23.426  -27.867 0.2857142985
116388  -25.680  23.622  -28.992 0.2857142985
113631  -31.308  21.108  -24.680 0.1428571492
114505  -29.748  22.178  -25.557 0.2857142985
115421  -27.922  23.653  -26.829 0.4285714328
113643  -28.686  21.055  -25.901 0.5714285970
114516  -27.588  22.403  -27.284 0.7142857313
111732  -31.729  19.261  -24.368 0.1428571492
112717  -30.896  20.121  -24.508 0.1428571492
113654  -28.249  21.450  -26.964 0.7142857313
114522  -27.032  22.529  -28.212 0.4285714328
112728  -29.100  20.458  -25.734 0.4285714328
110648  -31.990  17.581  -24.026 0.2857142985
109588  -31.192  17.296  -24.701 0.7142857313
112736  -28.786  20.240  -26.525 0.7142857313
107499  -29.818  16.000  -26.638 0.8571428657
110669  -30.207  18.334  -25.375 0.8571428657
111748  -29.032  19.342  -26.350 0.5714285970
108546  -31.916  16.085  -23.822 0.2857142985
109581  -32.252  17.295  -23.914 0.2857142985
111741  -29.600  19.064  -25.825 0.7142857313
109619  -28.148  17.928  -27.712 0.5714285970
110675  -29.021  18.397  -26.373 0.8571428657
107467  -32.313  15.374  -23.257 0.1428571492
108552  -30.657  16.621  -24.872 0.7142857313
98406  -25.611  6.092  -24.866 0.5714285970
100658  -26.684  8.776  -24.561 0.8571428657
101720  -27.170  9.653  -24.136 0.8571428657
101719  -26.609  9.670  -24.754 0.5714285970
106404  -29.054  14.220  -25.034 0.8571428657
105456  -29.817  13.370  -23.828 0.8571428657
107486  -29.485  15.246  -25.702 0.8571428657
106382  -31.613  13.873  -23.032 0.2857142985
107464  -29.641  14.671  -23.960 0.8571428657
107475  -30.189  15.775  -24.898 0.8571428657
109610  -29.312  17.439  -26.042 0.8571428657
105444  -32.739  13.528  -22.306 0.4285714328
107466  -31.161  15.589  -23.850 0.7142857313
107476  -30.832  16.138  -24.468 0.7142857313
97210  -25.363  5.705  -25.200 0.2857142985
99560  -26.628  7.559  -24.176 0.5714285970
99571  -25.932  7.083  -25.030 0.5714285970
101721  -27.901  9.243  -23.683 0.8571428657
104521  -28.544  12.110  -23.810 0.8571428657
104534  -28.848  12.946  -24.216 0.8571428657
106391  -29.544  14.116  -24.233 0.8571428657
107474  -29.776  14.758  -24.719 0.8571428657
105442  -31.121  12.897  -22.816 0.4285714328
105457  -30.544  13.351  -23.304 0.8571428657
106392  -30.044  14.204  -23.681 0.8571428657
104508  -31.684  11.999  -22.688 0.4285714328
91608  -26.162  0.520  -23.041 0.7142857313
92700  -25.598  1.568  -24.209 0.4285714328
92671  -26.528  1.356  -22.832 0.7142857313
93757  -26.957  2.934  -22.994 0.8571428657
94870  -26.044  3.328  -23.957 0.5714285970
95997  -25.593  4.170  -24.546 0.5714285970
94884  -24.910  3.941  -25.025 0.4285714328
95982  -27.153  4.166  -23.391 0.8571428657
95998  -26.396  4.441  -23.890 0.5714285970
97193  -25.715  5.332  -24.509 0.5714285970
98399  -27.034  6.504  -23.533 0.7142857313
97194  -26.379  5.573  -23.843 0.5714285970
101702  -29.595  9.522  -22.564 0.7142857313
102640  -30.279  10.439  -22.663 0.7142857313
103599  -29.313  11.359  -23.100 0.7142857313
104506  -29.771  11.849  -23.036 0.8571428657
102626  -31.511  10.209  -21.725 0.2857142985
102641  -30.960  10.379  -22.396 0.4285714328
103586  -30.992  11.130  -22.972 0.5714285970
89355  -26.619  -1.528  -22.256 0.4285714328
90508  -25.689  -0.415  -23.423 0.4285714328
91620  -25.759  0.646  -23.755 0.4285714328
93744  -27.298  2.422  -22.427 0.7142857313
94852  -27.383  3.446  -22.936 0.7142857313
97182  -27.060  5.147  -23.347 0.8571428657
100644  -29.489  8.569  -22.211 0.7142857313
101692  -30.389  9.317  -21.776 0.2857142985
101691  -29.863  9.258  -22.032 0.5714285970
88233  -26.630  -2.084  -22.171 0.4285714328
88231  -25.379  -2.120  -23.007 0.5714285970
90509  -26.432  -0.481  -22.423 0.5714285970
98384  -29.818  6.717  -21.566 0.4285714328
99537  -29.904  7.945  -21.791 0.4285714328
100635  -30.464  8.622  -21.363 0.4285714328
100634  -29.973  8.754  -21.803 0.4285714328
85761  -25.589  -4.348  -21.801 0.5714285970
91574  -30.555  0.694  -20.054 0.4285714328
95965  -30.359  4.558  -20.747 0.4285714328
93734  -29.873  3.131  -21.284 0.4285714328
97150  -31.262  5.042  -20.347 0.4285714328
79629  -27.688  -9.526  -17.928 0.1428571492
93723  -30.308  2.627  -20.798 0.4285714328
94818  -30.720  3.491  -20.557 0.4285714328
80899  -27.672  -8.093  -18.342 0.1428571492
82164  -28.180  -7.354  -18.465 0.1428571492
84515  -29.397  -5.121  -19.170 0.2857142985
89329  -31.737  -1.728  -19.515 0.2857142985
91576  -31.853  0.549  -19.204 0.2857142985
90467  -31.547  -0.335  -19.561 0.2857142985
88205  -30.584  -2.167  -19.679 0.4285714328
91575  -31.077  0.585  -19.656 0.2857142985
90481  -30.839  -0.775  -19.741 0.2857142985
92632  -31.166  1.558  -19.692 0.2857142985
79654  -28.171  -8.822  -18.117 0.1428571492
80900  -28.587  -8.081  -18.100 0.1428571492
79653  -27.248  -8.861  -18.396 0.1428571492
83318  -28.611  -6.452  -18.721 0.2857142985
84493  -29.100  -5.818  -18.725 0.2857142985
86953  -31.172  -4.051  -18.700 0.2857142985
88179  -31.717  -2.609  -19.251 0.2857142985
88178  -30.966  -2.845  -19.387 0.2857142985
86969  -30.548  -3.826  -19.155 0.2857142985
88206  -31.327  -2.183  -19.487 0.2857142985
83320  -30.713  -6.515  -17.956 0.2857142985
82165  -29.112  -7.340  -18.203 0.2857142985
84494  -30.128  -5.554  -18.583 0.2857142985
83319  -29.640  -6.519  -18.330 0.2857142985
85707  -30.746  -4.645  -18.780 0.2857142985
73670  -25.059  -14.395  -15.222 0.2857142985
73656  -24.685  -14.897  -15.045 0.2857142985
77291  -27.561  -10.975  -17.148 0.2857142985
72424  -23.721  -15.263  -15.047 0.2857142985
72411  -23.284  -15.766  -14.841 0.1428571492
88207  -31.820  -2.166  -19.416 0.2857142985
89305  -32.180  -1.169  -19.476 0.2857142985
89327  -30.287  -1.362  -20.001 0.4285714328
90466  -30.705  0.028  -19.825 0.4285714328
93709  -31.622  2.513  -19.347 0.2857142985
93773  -25.835  2.360  -24.094 0.7142857313
93724  -30.927  2.622  -20.065 0.4285714328
100619  -30.874  8.244  -20.872 0.2857142985
102614  -31.526  9.660  -21.367 0.2857142985
101704  -30.916  9.759  -22.031 0.5714285970
109598  -28.286  16.879  -25.897 0.7142857313
103585  -30.098  11.237  -22.928 0.7142857313
107487  -29.911  15.895  -26.172 0.8571428657
111761  -27.633  19.451  -28.918 0.4285714328
111754  -28.293  19.322  -28.126 0.5714285970
111747  -28.630  19.174  -27.118 0.7142857313
104494  -31.764  11.503  -22.076 0.2857142985
108563  -29.965  16.569  -25.671 0.8571428657
108553  -31.401  16.512  -24.308 0.5714285970
116380  -26.059  24.552  -28.610 0.2857142985
112716  -30.251  20.343  -24.912 0.4285714328
113644  -29.428  21.149  -25.265 0.4285714328
118064  -26.377  26.477  -25.482 0.1428571492
116358  -28.823  24.511  -26.296 0.2857142985
118112  -26.342  27.430  -28.539 0.2857142985
74885  -25.610  -13.736  -15.377 0.1428571492
74883  -23.815  -13.918  -15.932 0.2857142985
80880  -29.584  -8.990  -17.571 0.1428571492
82166  -30.154  -7.473  -17.862 0.1428571492
84514  -28.329  -5.600  -19.239 0.2857142985
86952  -30.821  -4.172  -18.885 0.2857142985
86971  -32.263  -3.014  -18.835 0.2857142985
85728  -29.769  -4.364  -19.252 0.2857142985
88180  -32.382  -2.096  -19.175 0.2857142985
89354  -25.894  -1.286  -22.801 0.5714285970
88177  -30.110  -2.938  -19.648 0.2857142985
90521  -25.524  0.012  -24.080 0.2857142985
92633  -32.149  1.509  -18.909 0.2857142985
94801  -32.021  3.403  -19.240 0.2857142985
92685  -26.052  1.460  -23.550 0.7142857313
93743  -26.706  1.913  -22.552 0.5714285970
93785  -25.021  2.848  -25.170 0.4285714328
94819  -31.277  3.424  -19.828 0.4285714328
97209  -24.756  5.784  -25.664 0.2857142985
96015  -25.229  4.928  -25.248 0.5714285970
98417  -25.329  6.496  -25.367 0.2857142985
98385  -30.559  6.824  -20.793 0.4285714328
99524  -31.118  7.508  -20.607 0.1428571492
103598  -28.513  11.515  -23.488 0.8571428657
100620  -31.634  8.448  -20.632 0.1428571492
101703  -30.348  9.787  -22.265 0.5714285970
103587  -31.486  11.045  -22.316 0.2857142985
106393  -31.036  14.398  -23.296 0.7142857313
109599  -29.818  17.457  -25.642 0.8571428657
106384  -33.124  14.374  -22.589 0.2857142985
107468  -33.405  15.472  -23.311 0.1428571492
106394  -31.609  15.013  -23.149 0.4285714328
107459  -32.639  14.841  -22.800 0.4285714328
108547  -32.624  16.281  -23.639 0.1428571492
111731  -30.867  18.993  -24.841 0.5714285970
109582  -32.807  17.143  -23.632 0.1428571492
110660  -31.612  18.086  -24.282 0.1428571492
112718  -31.967  20.284  -24.337 0.1428571492
117232  -25.137  25.668  -25.927 0.1428571492
112729  -29.797  20.094  -25.415 0.5714285970
115422  -29.029  23.337  -26.001 0.2857142985
113645  -30.185  21.632  -25.261 0.2857142985
114506  -30.650  22.345  -25.277 0.1428571492
115408  -31.061  23.287  -25.508 0.1428571492
116344  -31.459  24.115  -25.656 0.1428571492
117248  -28.665  25.602  -26.584 0.2857142985
118080  -30.701  26.240  -26.434 0.1428571492
76076  -27.084  -13.090  -15.740 0.1428571492
79630  -28.753  -9.487  -17.664 0.1428571492
102627  -32.307  10.463  -21.317 0.2857142985
118082  -32.073  25.645  -26.689 0.1428571492
118096  -30.073  27.066  -27.128 0.2857142985
73668  -23.162  -14.398  -15.869 0.2857142985
83317  -27.757  -6.740  -18.823 0.2857142985
82163  -27.312  -7.400  -18.638 0.1428571492
91609  -26.787  0.534  -22.370 0.5714285970
92672  -27.097  1.378  -22.298 0.7142857313
102639  -29.532  10.450  -22.936 0.7142857313
100659  -27.348  8.412  -23.770 0.8571428657
99552  -27.594  7.540  -23.356 0.8571428657
103608  -28.084  11.865  -23.906 0.8571428657
115439  -26.245  23.451  -29.059 0.2857142985
115440  -26.702  23.269  -28.522 0.2857142985
84543  -26.001  -4.845  -21.283 0.5714285970
99551  -27.088  7.335  -23.665 0.5714285970
108562  -29.564  16.943  -25.856 0.8571428657
116367  -24.869  24.408  -27.763 0.2857142985
116366  -24.212  24.962  -28.303 0.2857142985
116355  -24.851  24.555  -26.925 0.2857142985
118994  -24.615  27.444  -28.387 0.2857142985
119979  -24.954  28.868  -28.243 0.1428571492
118093  -24.694  26.619  -27.585 0.2857142985
118984  -25.654  27.414  -26.451 0.1428571492
117261  -24.298  25.912  -27.625 0.2857142985
119007  -25.101  27.830  -29.333 0.2857142985
117245  -24.841  25.862  -27.005 0.1428571492
117244  -24.382  25.374  -27.280 0.1428571492
118110  -25.034  26.869  -29.096 0.2857142985
118078  -28.257  26.560  -26.808 0.2857142985
118095  -26.993  27.045  -28.229 0.2857142985
117246  -26.849  25.940  -27.539 0.2857142985
118063  -25.767  26.515  -26.031 0.1428571492
117263  -26.837  25.286  -27.635 0.2857142985
117273  -25.613  25.922  -28.736 0.2857142985
118094  -26.306  26.609  -28.481 0.2857142985
117249  -29.795  25.413  -26.068 0.1428571492
117234  -30.399  24.813  -25.733 0.1428571492
116368  -26.476  24.754  -27.986 0.2857142985
117251  -31.748  25.049  -26.336 0.1428571492
115407  -29.922  23.250  -25.497 0.1428571492
117250  -30.892  25.418  -26.058 0.1428571492
114491  -30.736  21.586  -25.010 0.1428571492
114504  -28.795  22.076  -25.807 0.4285714328
113646  -31.818  21.686  -24.875 0.1428571492
115406  -29.338  22.722  -25.672 0.2857142985
110659  -30.892  18.018  -24.915 0.4285714328
111742  -30.151  19.252  -25.250 0.5714285970
109600  -30.473  17.380  -25.223 0.7142857313
110668  -29.573  18.145  -25.837 0.7142857313
98407  -26.052  6.406  -24.332 0.5714285970
104522  -29.260  12.454  -23.579 0.8571428657
105458  -31.250  13.559  -23.016 0.4285714328
105443  -31.866  13.266  -22.674 0.5714285970
104507  -30.471  12.209  -23.095 0.7142857313
93756  -26.371  2.437  -23.114 0.7142857313
94851  -26.736  3.445  -23.422 0.7142857313
94869  -25.540  3.128  -24.706 0.4285714328
99538  -30.402  7.652  -21.143 0.4285714328
101678  -31.606  9.200  -21.137 0.2857142985
92631  -30.774  1.091  -19.923 0.4285714328
94833  -30.094  3.647  -21.123 0.4285714328
95948  -31.127  4.139  -20.353 0.4285714328
97168  -30.466  5.815  -20.801 0.4285714328
92647  -30.670  2.087  -20.230 0.4285714328
84516  -30.103  -4.860  -19.070 0.2857142985
90482  -31.485  -1.119  -19.590 0.2857142985
89328  -31.045  -1.558  -19.623 0.2857142985
80879  -28.903  -8.696  -17.776 0.1428571492
86970  -31.424  -3.327  -18.923 0.2857142985
80901  -29.484  -8.187  -17.822 0.1428571492
84495  -31.249  -5.597  -18.366 0.2857142985
73657  -25.238  -15.055  -14.858 0.1428571492
72412  -24.300  -15.505  -14.742 0.1428571492
73671  -25.934  -14.478  -14.965 0.1428571492
117227  -25.723  25.340  -25.122 0.1428571492
116337  -25.440  24.991  -25.320 0.1428571492
108572  -27.503  16.783  -26.404 0.5714285970
106429  -27.574  15.217  -25.579 0.4285714328
107485  -26.925  15.457  -25.702 0.4285714328
107496  -27.447  15.945  -26.033 0.5714285970
106417  -26.972  14.598  -25.378 0.4285714328
108560  -27.746  17.037  -25.941 0.4285714328
103620  -27.020  11.707  -25.413 0.4285714328
105483  -27.369  13.548  -24.917 0.4285714328
104546  -26.015  12.695  -25.572 0.4285714328
106430  -28.281  15.342  -25.881 0.5714285970
102658  -27.015  10.524  -25.088 0.5714285970
91578  -33.983  0.531  -18.741 0.1428571492
92634  -33.226  1.505  -18.569 0.1428571492
90468  -32.571  -0.350  -19.332 0.1428571492
90471  -35.358  -0.907  -19.297 0.1428571492
90469  -33.597  -0.408  -19.101 0.1428571492
90483  -35.308  -0.181  -19.178 0.1428571492
91586  -35.510  0.504  -19.394 0.1428571492
79667  -24.713  -9.081  -19.227 0.2857142985
88181  -33.032  -1.984  -18.461 0.1428571492
89307  -34.099  -1.278  -18.826 0.1428571492
89306  -33.106  -1.304  -19.079 0.1428571492
89330  -36.334  -1.501  -20.284 0.1428571492
89308  -35.144  -1.710  -18.830 0.1428571492
90510  -35.977  -0.436  -22.580 0.1428571492
90497  -36.236  -0.606  -20.736 0.1428571492
91611  -36.252  0.269  -22.052 0.1428571492
79666  -23.794  -9.661  -19.350 0.2857142985
85708  -31.654  -4.686  -18.367 0.1428571492
85709  -32.655  -4.569  -18.139 0.1428571492
86955  -33.040  -3.506  -18.355 0.1428571492
86972  -32.865  -2.634  -18.627 0.1428571492
88165  -35.228  -2.743  -18.802 0.1428571492
88163  -33.670  -2.629  -18.536 0.1428571492
88182  -35.782  -2.539  -19.326 0.1428571492
89291  -34.351  -2.084  -18.618 0.1428571492
89357  -36.249  -1.815  -22.089 0.1428571492
89356  -35.827  -1.333  -22.653 0.1428571492
90511  -36.200  -0.748  -21.799 0.1428571492
79650  -24.572  -9.770  -18.747 0.2857142985
79649  -24.030  -10.067  -18.709 0.2857142985
78419  -23.671  -10.869  -17.916 0.2857142985
83321  -31.811  -6.481  -17.755 0.1428571492
84496  -32.271  -5.552  -18.128 0.1428571492
85710  -33.759  -4.511  -18.139 0.1428571492
86956  -34.172  -3.594  -18.416 0.1428571492
86993  -36.355  -3.199  -20.502 0.1428571492
88223  -36.342  -2.420  -21.676 0.1428571492
88208  -36.388  -2.425  -20.860 0.1428571492
90522  -34.998  -1.128  -24.125 0.1428571492
90523  -35.390  -0.673  -23.465 0.1428571492
84498  -34.432  -5.465  -17.905 0.1428571492
83323  -33.909  -6.430  -17.792 0.1428571492
85712  -35.517  -4.483  -18.904 0.1428571492
84497  -33.322  -5.477  -17.901 0.1428571492
85730  -36.157  -4.363  -19.893 0.1428571492
85711  -34.840  -4.499  -18.222 0.1428571492
86974  -36.167  -3.294  -19.834 0.1428571492
88234  -35.771  -2.476  -22.648 0.1428571492
87013  -36.244  -3.414  -21.479 0.1428571492
89367  -35.246  -1.588  -24.006 0.1428571492
89368  -35.473  -1.865  -23.374 0.1428571492
82150  -32.213  -8.129  -17.613 0.1428571492
82170  -34.377  -7.521  -17.872 0.1428571492
82168  -32.449  -7.332  -17.545 0.1428571492
83324  -34.798  -6.472  -18.247 0.1428571492
83322  -32.868  -6.417  -17.775 0.1428571492
84532  -35.796  -5.547  -20.425 0.1428571492
84517  -35.687  -5.468  -19.364 0.1428571492
85745  -36.108  -4.726  -20.983 0.1428571492
85763  -35.903  -4.354  -21.873 0.1428571492
88235  -36.187  -2.396  -22.153 0.1428571492
85731  -36.420  -3.711  -20.205 0.1428571492
80904  -34.875  -8.450  -18.361 0.1428571492
82152  -33.775  -8.020  -17.367 0.1428571492
82151  -32.988  -8.026  -17.311 0.1428571492
82186  -35.375  -7.392  -19.525 0.1428571492
82171  -35.012  -7.441  -18.693 0.1428571492
83358  -35.516  -6.393  -20.780 0.1428571492
83339  -35.546  -6.437  -19.901 0.1428571492
87025  -35.833  -3.516  -22.285 0.1428571492
84545  -35.513  -5.795  -21.709 0.1428571492
84499  -35.286  -5.485  -18.455 0.1428571492
86957  -35.075  -3.586  -18.574 0.1428571492
86954  -31.966  -3.766  -18.327 0.1428571492
90535  -34.633  -0.544  -24.489 0.1428571492
89309  -35.969  -1.569  -19.442 0.1428571492
89344  -36.340  -1.578  -21.249 0.1428571492
78442  -24.384  -10.343  -18.314 0.2857142985
88245  -35.442  -2.589  -23.382 0.1428571492
90534  -33.851  -0.531  -25.413 0.1428571492
90536  -35.048  -0.022  -23.819 0.1428571492
91598  -36.302  0.282  -21.161 0.1428571492
91610  -35.862  0.325  -22.775 0.1428571492
93710  -32.491  2.511  -18.660 0.1428571492
108571  -27.089  16.193  -26.808 0.4285714328
109627  -28.123  17.926  -28.088 0.4285714328
118999  -30.630  27.448  -27.593 0.1428571492
110673  -27.994  17.829  -27.003 0.4285714328
118998  -29.658  27.495  -27.131 0.1428571492
91577  -32.896  0.530  -18.908 0.1428571492
82167  -31.446  -7.772  -17.700 0.1428571492
95949  -31.636  4.264  -19.681 0.1428571492
90470  -34.673  -0.495  -18.930 0.1428571492
91579  -34.957  0.556  -18.741 0.1428571492
90484  -35.840  -0.551  -19.772 0.1428571492
92635  -34.276  1.521  -18.693 0.1428571492
92636  -35.149  1.452  -19.001 0.1428571492
91587  -35.883  0.370  -20.271 0.1428571492
89290  -33.647  -1.825  -18.634 0.1428571492
88164  -34.582  -2.822  -18.552 0.1428571492
88183  -36.296  -2.416  -19.977 0.1428571492
86973  -35.610  -3.506  -19.272 0.1428571492
87026  -36.171  -2.863  -22.093 0.1428571492
82169  -33.411  -7.278  -17.581 0.1428571492
85764  -36.266  -4.131  -21.276 0.1428571492
85781  -35.423  -4.251  -22.710 0.1428571492
83325  -35.428  -6.464  -18.941 0.1428571492
71179  -22.491  -16.565  -14.560 0.1428571492
72423  -23.186  -15.161  -15.297 0.1428571492
72409  -21.710  -15.572  -15.262 0.1428571492
72422  -22.328  -14.985  -15.439 0.1428571492
74882  -23.436  -14.032  -16.156 0.1428571492
76096  -23.406  -13.077  -16.874 0.1428571492
76142  -23.166  -11.877  -18.182 0.1428571492
77287  -23.678  -11.450  -17.778 0.1428571492
74930  -22.334  -13.390  -17.341 0.1428571492
76141  -22.543  -12.113  -18.192 0.1428571492
78440  -22.341  -10.522  -18.791 0.1428571492
78454  -22.751  -10.208  -19.255 0.1428571492
78455  -23.180  -10.116  -19.341 0.1428571492
80917  -23.399  -8.824  -20.023 0.2857142985
80918  -24.287  -8.804  -19.973 0.1428571492
80939  -25.189  -8.041  -20.074 0.1428571492
83355  -25.085  -6.908  -21.212 0.2857142985
87023  -25.344  -3.544  -22.441 0.4285714328
87024  -25.974  -2.810  -22.375 0.4285714328
88232  -26.223  -2.097  -22.490 0.4285714328
101731  -26.003  9.318  -25.123 0.2857142985
102667  -26.047  10.248  -25.713 0.2857142985
106415  -25.632  13.956  -26.220 0.2857142985
107484  -26.325  15.234  -25.644 0.2857142985
80937  -23.922  -8.146  -20.552 0.2857142985
82204  -25.289  -7.401  -20.363 0.1428571492
73690  -22.788  -14.244  -16.257 0.1428571492
76126  -23.202  -12.772  -17.480 0.1428571492
77307  -22.780  -11.295  -18.364 0.1428571492
79665  -22.710  -9.556  -19.785 0.1428571492
82202  -23.609  -7.370  -21.209 0.2857142985
82203  -24.513  -7.491  -21.013 0.2857142985
82218  -24.234  -7.005  -21.500 0.2857142985
82219  -24.668  -7.011  -21.449 0.2857142985
83374  -25.141  -6.298  -21.271 0.2857142985
84542  -25.361  -5.624  -21.474 0.4285714328
84562  -25.350  -5.007  -22.310 0.4285714328
87022  -24.484  -3.608  -23.069 0.2857142985
100671  -26.003  8.152  -25.058 0.2857142985
101730  -25.597  9.501  -25.756 0.2857142985
102657  -26.372  9.971  -25.117 0.2857142985
102666  -25.470  9.916  -26.064 0.2857142985
102668  -26.405  11.144  -25.564 0.2857142985
104547  -26.749  12.640  -25.188 0.2857142985
105481  -25.819  13.440  -25.941 0.2857142985
104557  -24.751  12.557  -26.725 0.2857142985
106416  -26.056  14.356  -25.876 0.2857142985
100670  -25.490  8.666  -25.704 0.2857142985
100687  -24.917  8.223  -26.175 0.2857142985
102683  -25.853  11.186  -25.961 0.2857142985
103631  -25.520  11.791  -26.488 0.2857142985
103632  -26.065  11.742  -25.971 0.2857142985
103618  -25.933  12.169  -26.032 0.2857142985
104545  -25.574  12.676  -26.249 0.2857142985
105482  -26.438  13.551  -25.360 0.2857142985
101745  -24.390  9.588  -26.678 0.2857142985
102682  -24.999  10.639  -26.383 0.2857142985
87009  -25.629  -3.781  -21.898 0.4285714328
78420  -24.069  -10.778  -17.797 0.1428571492
74906  -23.247  -13.673  -16.566 0.1428571492
80938  -24.702  -8.094  -20.326 0.1428571492
78441  -23.400  -10.523  -18.428 0.1428571492
72410  -22.407  -15.723  -15.010 0.1428571492
73689  -22.323  -14.159  -16.437 0.1428571492
74931  -22.812  -13.442  -17.115 0.1428571492
77308  -23.215  -11.285  -18.136 0.1428571492
80936  -23.083  -8.075  -20.534 0.2857142985
85779  -25.319  -4.392  -22.354 0.4285714328
84541  -24.916  -5.918  -21.889 0.4285714328
102705  -24.579  11.190  -26.691 0.2857142985
88243  -24.921  -2.113  -23.470 0.2857142985
90507  -25.767  -0.843  -23.898 0.2857142985
121652  -28.702  30.253  -28.954 0.1428571492
120842  -29.325  29.754  -28.993 0.1428571492
120830  -28.069  29.259  -27.906 0.1428571492
119974  -28.134  28.216  -26.951 0.1428571492
119975  -29.072  28.157  -27.073 0.1428571492
121659  -28.801  30.469  -29.649 0.1428571492
119973  -27.415  27.968  -27.301 0.1428571492
119008  -25.940  28.047  -28.737 0.1428571492
121649  -24.973  30.546  -28.698 0.1428571492
89353  -25.635  -1.184  -23.723 0.2857142985
90520  -25.601  -0.755  -24.147 0.2857142985
119983  -29.904  28.325  -27.726 0.1428571492
120850  -30.064  29.313  -29.597 0.1428571492
118987  -28.711  27.462  -26.684 0.1428571492
119982  -28.715  28.858  -27.789 0.1428571492
119009  -26.333  27.807  -28.497 0.1428571492
118986  -27.773  27.392  -26.903 0.1428571492
120840  -26.974  29.828  -28.548 0.1428571492
120839  -25.507  29.893  -28.693 0.1428571492
119992  -25.972  29.010  -28.217 0.1428571492
119991  -25.047  28.684  -28.841 0.1428571492
118985  -27.335  27.372  -27.659 0.1428571492
118997  -26.649  27.921  -27.951 0.1428571492
120841  -28.357  29.702  -28.477 0.1428571492
121651  -28.167  31.064  -28.951 0.1428571492
119994  -29.046  29.377  -28.360 0.1428571492
119981  -27.395  28.891  -27.621 0.1428571492
120829  -27.705  29.481  -28.077 0.1428571492
121658  -28.704  31.492  -30.255 0.1428571492
119993  -26.638  29.219  -27.814 0.1428571492
119995  -29.633  29.066  -28.379 0.1428571492
100686  -24.495  8.583  -26.650 0.1428571492
101746  -25.133  9.284  -26.303 0.1428571492
103650  -24.165  11.497  -26.764 0.1428571492
103617  -22.324  12.158  -26.133 0.1428571492
104555  -23.092  12.932  -26.746 0.1428571492
99570  -25.200  7.561  -25.679 0.1428571492
104571  -24.003  12.210  -26.720 0.1428571492
105493  -23.360  13.449  -26.417 0.1428571492
105480  -24.098  14.248  -25.864 0.1428571492
93772  -25.502  2.317  -24.752 0.2857142985
92699  -25.127  1.799  -24.905 0.1428571492
96031  -24.179  5.644  -25.900 0.1428571492
98416  -24.515  6.834  -25.909 0.1428571492
99585  -24.415  7.578  -26.508 0.1428571492
104509  -32.374  12.645  -21.984 0.1428571492
105495  -25.241  13.478  -26.350 0.1428571492
106427  -25.173  14.592  -26.237 0.1428571492
106426  -24.342  14.747  -26.064 0.1428571492
107507  -25.596  15.926  -27.353 0.2857142985
110681  -25.602  18.508  -26.358 0.2857142985
110667  -24.249  19.080  -25.661 0.2857142985
111753  -25.674  19.672  -27.117 0.2857142985
115420  -25.637  24.033  -26.191 0.1428571492
113615  -26.101  21.246  -22.664 0.1428571492
107493  -24.544  15.712  -26.377 0.2857142985
108583  -26.613  16.770  -27.388 0.2857142985
110699  -27.228  18.555  -29.295 0.2857142985
109617  -26.440  17.606  -27.879 0.2857142985
109606  -24.687  17.979  -26.408 0.2857142985
111767  -25.899  19.510  -29.101 0.2857142985
155672  -25.005  18.906  -26.061 0.2857142985
111759  -25.355  19.267  -27.945 0.2857142985
112735  -25.599  21.046  -26.738 0.1428571492
111730  -24.702  18.776  -24.493 0.2857142985
114490  -26.901  23.256  -25.083 0.1428571492
115393  -27.079  23.574  -23.920 0.1428571492
110666  -23.746  18.809  -25.024 0.1428571492
109587  -23.382  17.772  -24.966 0.1428571492
106414  -23.860  14.817  -25.637 0.2857142985
111740  -23.924  19.260  -24.947 0.2857142985
112704  -26.098  19.353  -24.802 0.1428571492
155666  -25.335  18.767  -24.300 0.2857142985
113628  -25.615  20.881  -24.786 0.1428571492
111717  -25.414  19.282  -23.578 0.1428571492
105478  -22.819  13.624  -25.622 0.2857142985
110646  -24.518  18.770  -23.224 0.1428571492
111703  -26.085  20.406  -22.313 0.1428571492
110647  -25.102  19.106  -22.758 0.1428571492
105452  -21.091  13.548  -22.841 0.1428571492
102615  -31.964  9.781  -21.164 0.1428571492
96014  -24.456  4.863  -25.655 0.1428571492
98435  -24.182  6.693  -26.748 0.1428571492
105445  -33.684  13.533  -22.234 0.1428571492
99607  -24.026  7.251  -27.191 0.1428571492
101764  -23.285  9.226  -26.836 0.1428571492
102703  -22.953  9.670  -26.892 0.1428571492
102681  -24.048  10.480  -26.844 0.1428571492
103628  -22.702  11.598  -26.580 0.1428571492
104556  -23.779  12.919  -26.715 0.1428571492
105494  -24.313  13.729  -26.311 0.1428571492
107506  -24.944  15.902  -27.110 0.1428571492
108569  -24.631  16.737  -26.749 0.1428571492
108570  -25.041  17.111  -27.096 0.2857142985
109605  -24.252  17.360  -26.406 0.1428571492
109607  -25.356  17.628  -27.033 0.1428571492
110632  -23.917  19.224  -22.226 0.1428571492
110658  -24.420  18.588  -24.012 0.2857142985
112705  -25.775  19.854  -23.477 0.1428571492
113642  -25.800  21.394  -25.750 0.1428571492
113614  -25.668  20.780  -23.015 0.1428571492
103570  -31.985  11.040  -21.783 0.1428571492
104495  -32.102  11.812  -21.729 0.1428571492
104496  -32.832  12.086  -21.357 0.1428571492
110698  -26.626  18.503  -29.264 0.2857142985
113621  -26.142  21.631  -23.328 0.1428571492
110682  -26.107  18.747  -26.525 0.2857142985
155673  -26.208  19.317  -25.742 0.2857142985
112715  -25.607  20.026  -26.048 0.2857142985
113620  -25.649  20.864  -23.628 0.1428571492
115396  -26.670  23.790  -24.758 0.1428571492
108584  -27.253  17.163  -27.810 0.2857142985
94883  -24.409  3.804  -25.472 0.1428571492
110692  -27.537  18.289  -28.952 0.2857142985
101679  -32.355  9.073  -21.017 0.1428571492
106428  -25.750  15.230  -25.959 0.1428571492
107495  -26.395  15.789  -26.657 0.1428571492
100708  -24.085  8.033  -26.978 0.1428571492
101744  -23.764  9.691  -26.914 0.1428571492
103629  -23.595  11.129  -26.859 0.1428571492
101765  -23.933  8.857  -27.003 0.1428571492
100707  -23.406  7.955  -27.004 0.1428571492
103649  -23.496  11.833  -26.671 0.1428571492
103648  -23.132  12.092  -26.590 0.1428571492
105492  -22.916  13.236  -26.456 0.1428571492
105479  -23.673  14.013  -25.746 0.1428571492
97228  -24.197  6.220  -26.058 0.1428571492
107494  -25.392  15.485  -26.616 0.2857142985
107483  -24.049  15.441  -25.862 0.2857142985
108581  -25.126  16.434  -27.294 0.2857142985
155668  -25.870  18.495  -25.589 0.2857142985
155669  -26.145  18.733  -25.065 0.2857142985
112696  -26.852  20.648  -22.366 0.1428571492
108582  -25.667  16.791  -27.475 0.2857142985
108592  -26.883  17.132  -28.213 0.2857142985
109625  -26.814  17.558  -28.886 0.2857142985
109616  -25.896  17.669  -27.351 0.2857142985
109595  -23.992  17.898  -25.801 0.1428571492
110691  -26.150  18.383  -28.356 0.2857142985
111716  -24.876  18.643  -23.770 0.2857142985
116327  -26.306  24.591  -24.005 0.1428571492
107492  -23.939  16.131  -25.872 0.1428571492
108568  -23.970  16.772  -26.303 0.2857142985
111718  -25.969  19.915  -23.011 0.1428571492
82201  -22.763  -7.310  -20.831 0.1428571492
83372  -23.742  -6.482  -21.703 0.1428571492
83370  -22.332  -6.067  -20.609 0.1428571492
84539  -22.535  -5.404  -21.391 0.1428571492
85760  -22.551  -4.534  -22.021 0.1428571492
84540  -23.058  -5.947  -21.946 0.1428571492
84560  -23.662  -5.613  -22.401 0.1428571492
83391  -24.321  -6.228  -22.093 0.1428571492
87020  -22.789  -3.667  -22.455 0.1428571492
85777  -24.097  -4.647  -22.759 0.1428571492
85778  -24.954  -4.535  -22.676 0.1428571492
87021  -23.526  -3.640  -23.110 0.1428571492
88242  -24.578  -2.180  -23.563 0.1428571492
90532  -25.019  -0.182  -24.403 0.1428571492
90533  -25.345  0.171  -24.194 0.1428571492
106413  -23.367  14.741  -25.007 0.1428571492
83390  -24.101  -6.079  -22.275 0.1428571492
80935  -22.240  -8.123  -20.516 0.1428571492
82200  -21.805  -7.049  -20.464 0.1428571492
83371  -22.953  -6.321  -21.169 0.1428571492
111729  -23.973  18.921  -24.586 0.1428571492
91633  -25.301  0.798  -24.035 0.1428571492
88230  -24.903  -2.775  -23.250 0.1428571492
82217  -22.890  -6.820  -20.995 0.1428571492
84561  -24.668  -5.660  -22.354 0.1428571492
82216  -22.559  -6.710  -20.778 0.1428571492
83353  -23.252  -6.914  -21.256 0.1428571492
84538  -21.812  -5.237  -20.701 0.1428571492
84559  -22.925  -5.300  -22.210 0.1428571492
85776  -23.223  -4.606  -22.581 0.1428571492
88228  -22.971  -2.750  -22.778 0.1428571492
87033  -24.005  -3.055  -23.386 0.1428571492
87008  -22.197  -3.605  -21.776 0.1428571492
80916  -21.436  -8.319  -19.974 0.1428571492
83354  -23.543  -6.933  -21.397 0.1428571492
83373  -24.683  -6.378  -21.702 0.1428571492
84492  -28.665  -5.943  -18.866 0.2857142985
85729  -30.300  -4.426  -19.076 0.2857142985
85746  -36.474  -3.954  -20.719 0.1428571492
87012  -36.023  -3.769  -21.889 0.1428571492
89292  -34.860  -2.331  -18.634 0.1428571492
90544  -25.142  0.332  -24.262 0.1428571492
90545  -25.317  0.343  -24.192 0.1428571492
91643  -25.234  0.575  -24.198 0.1428571492
91644  -25.461  0.511  -24.115 0.1428571492
94830  -28.386  2.865  -21.614 0.7142857313
97227  -23.941  6.101  -26.208 0.1428571492
98401  -28.289  6.457  -22.882 0.8571428657
98418  -25.740  6.517  -24.925 0.5714285970
98454  -23.819  6.932  -27.171 0.1428571492
98455  -24.021  6.797  -27.105 0.1428571492
99569  -24.623  7.432  -25.984 0.1428571492
99586  -24.723  7.717  -26.051 0.1428571492
99606  -23.600  7.129  -27.180 0.1428571492
100636  -31.029  8.893  -20.918 0.2857142985
100650  -27.822  8.154  -23.442 1.0000000000
101693  -31.024  9.433  -21.425 0.2857142985
102684  -26.187  11.450  -25.793 0.2857142985
102704  -24.362  10.977  -26.740 0.2857142985
103619  -26.447  12.086  -25.743 0.2857142985
103630  -24.044  11.028  -26.870 0.1428571492
103633  -26.436  11.647  -25.698 0.2857142985
103651  -24.777  11.613  -26.738 0.1428571492
104510  -33.240  12.856  -21.678 0.1428571492
104523  -30.077  12.818  -23.524 0.8571428657
104569  -22.979  12.399  -26.608 0.1428571492
104570  -23.388  12.435  -26.669 0.1428571492
104572  -24.443  11.970  -26.779 0.1428571492
106383  -32.127  14.336  -22.886 0.2857142985
106395  -33.577  14.804  -22.909 0.2857142985
106403  -28.421  14.009  -24.926 0.7142857313
107460  -33.027  15.057  -22.861 0.1428571492
107465  -30.097  15.077  -23.864 0.8571428657
107508  -26.133  16.180  -27.460 0.2857142985
108554  -32.039  16.611  -23.999 0.2857142985
108561  -27.977  16.756  -25.851 0.4285714328
108573  -28.594  16.483  -26.329 0.7142857313
108575  -29.860  16.152  -26.376 0.8571428657
108593  -27.138  17.289  -28.457 0.2857142985
109589  -31.915  17.171  -24.306 0.2857142985
109590  -32.314  16.900  -23.901 0.2857142985
109596  -24.259  18.479  -25.996 0.1428571492
109597  -28.033  17.121  -25.831 0.4285714328
109608  -27.939  17.421  -26.452 0.4285714328
109618  -27.867  17.539  -27.445 0.5714285970
109626  -27.524  17.723  -28.484 0.2857142985
109635  -26.973  18.046  -29.266 0.2857142985
109636  -27.228  17.953  -29.086 0.2857142985
110650  -33.034  17.974  -23.675 0.1428571492
110657  -23.765  18.384  -24.146 0.1428571492
110683  -28.134  17.965  -27.364 0.5714285970
110693  -27.973  18.525  -28.573 0.2857142985
110700  -27.640  18.756  -29.120 0.2857142985
111766  -25.186  20.037  -28.573 0.2857142985
111768  -26.975  19.486  -29.484 0.5714285970
111769  -27.412  19.046  -29.302 0.2857142985
112694  -25.768  20.238  -23.474 0.1428571492
112695  -25.820  20.503  -22.724 0.1428571492
112730  -30.380  19.771  -24.950 0.5714285970
112737  -29.204  19.824  -25.924 0.5714285970
112744  -27.848  20.670  -28.018 0.8571428657
113630  -30.308  20.967  -24.801 0.4285714328
113653  -27.725  21.765  -27.313 0.7142857313
114503  -26.728  23.261  -25.247 0.1428571492
114529  -25.365  22.601  -28.628 0.4285714328
115397  -26.643  23.467  -25.199 0.1428571492
115404  -26.195  23.635  -25.693 0.2857142985
115405  -26.540  23.354  -25.382 0.2857142985
115423  -29.533  23.612  -25.700 0.1428571492
115448  -25.822  23.199  -29.380 0.5714285970
116340  -24.551  24.983  -26.863 0.1428571492
116341  -24.808  24.844  -26.079 0.1428571492
116378  -24.586  25.317  -28.545 0.2857142985
116389  -25.910  23.670  -29.108 0.4285714328
117233  -25.954  25.825  -25.589 0.1428571492
117235  -31.117  24.714  -25.798 0.1428571492
117236  -31.607  24.525  -26.015 0.1428571492
117260  -23.830  25.484  -27.949 0.2857142985
118092  -24.218  26.305  -28.153 0.2857142985
118996  -26.282  28.409  -28.205 0.1428571492
119006  -24.701  27.627  -29.117 0.2857142985
119980  -26.533  28.706  -27.786 0.1428571492
120843  -30.015  29.309  -28.864 0.1428571492
155667  -25.653  18.706  -25.059 0.2857142985
155670  -26.129  18.662  -25.553 0.2857142985
155671  -26.268  18.826  -25.686 0.2857142985
155674  -26.185  18.666  -25.921 0.2857142985
