#!ascii label  , from subject 3763 vox2ras=TkReg
1555
70395  18.809  -12.442  52.960 0.0000000000
71593  28.053  -11.408  61.333 0.0000000000
89547  39.131  2.606  34.750 0.0000000000
81776  30.348  -4.314  44.376 0.0000000000
75373  32.380  -8.852  52.609 0.0000000000
101882  52.345  11.995  26.842 0.0000000000
85810  40.733  0.942  38.747 0.0000000000
85811  35.633  0.288  38.071 0.0000000000
62691  15.721  -18.361  50.604 0.0000000000
75317  25.432  -8.910  55.740 0.0000000000
69113  27.549  -12.499  53.510 0.0000000000
73026  22.072  -10.258  49.213 0.0000000000
98416  46.279  8.247  30.604 0.0000000000
71671  20.685  -10.849  58.869 0.0000000000
67750  16.780  -14.561  56.866 0.0000000000
93296  45.151  5.021  34.204 0.0000000000
59973  13.216  -19.136  54.533 0.0000000000
58821  8.969  -22.869  53.462 0.0000000000
86944  33.479  0.313  43.843 0.0000000000
77861  34.360  -7.123  48.053 0.0000000000
70502  29.861  -12.699  47.707 0.0000000000
66561  29.342  -14.308  50.126 0.0000000000
86954  40.545  2.515  41.137 0.0000000000
84461  38.111  0.606  38.496 0.0000000000
88219  37.723  1.779  40.901 0.0000000000
88214  43.347  2.484  41.310 0.0000000000
69191  17.593  -14.104  49.357 0.0000000000
65297  16.738  -17.000  48.702 0.0000000000
67861  16.851  -15.135  51.221 0.0000000000
72938  21.889  -10.037  54.466 0.0000000000
72954  23.861  -9.052  53.049 0.0000000000
70436  20.144  -11.399  50.909 0.0000000000
70483  19.779  -12.950  47.721 0.0000000000
93320  39.900  4.227  32.738 0.0000000000
88305  42.675  2.211  36.345 0.0000000000
90764  42.156  3.443  34.085 0.0000000000
94608  42.201  5.480  32.804 0.0000000000
65143  16.296  -16.396  59.720 0.0000000000
63918  14.612  -17.392  55.797 0.0000000000
62514  14.088  -18.008  58.393 0.0000000000
59893  7.867  -20.616  59.482 0.0000000000
157617  9.237  -19.543  56.821 0.0000000000
57570  7.729  -22.409  55.952 0.0000000000
56440  6.908  -24.539  55.073 0.0000000000
56428  5.751  -24.434  56.582 0.0000000000
79064  35.141  -5.905  50.599 0.0000000000
76608  33.422  -7.836  50.782 0.0000000000
74266  31.449  -9.456  48.157 0.0000000000
71781  31.055  -11.244  50.345 0.0000000000
69188  26.922  -12.588  49.175 0.0000000000
67857  27.601  -14.505  51.626 0.0000000000
67910  27.310  -14.100  47.579 0.0000000000
65343  28.590  -15.725  46.516 0.0000000000
85729  31.940  -1.207  44.343 0.0000000000
85768  31.984  -0.947  40.763 0.0000000000
81804  29.592  -3.498  41.886 0.0000000000
101896  55.345  12.530  24.839 0.0000000000
101906  52.730  11.372  24.238 0.0000000000
87076  40.409  1.476  36.693 0.0000000000
87078  38.355  0.505  36.061 0.0000000000
85833  42.797  1.612  38.247 0.0000000000
72868  27.030  -10.173  59.391 0.0000000000
69053  28.463  -12.737  57.806 0.0000000000
72922  26.678  -10.611  54.866 0.0000000000
71745  25.927  -10.090  51.070 0.0000000000
73061  24.128  -10.491  47.084 0.0000000000
94621  48.096  7.107  32.344 0.0000000000
97202  48.930  8.760  31.365 0.0000000000
100720  49.448  10.443  29.131 0.0000000000
100734  49.601  10.651  26.463 0.0000000000
71706  20.418  -11.671  55.249 0.0000000000
69099  17.810  -13.758  54.741 0.0000000000
71687  19.236  -12.782  57.836 0.0000000000
75300  23.133  -8.474  57.932 0.0000000000
95871  45.416  6.547  32.439 0.0000000000
65234  15.330  -16.702  53.196 0.0000000000
61286  14.324  -19.227  52.557 0.0000000000
58856  12.119  -20.421  51.803 0.0000000000
61188  11.593  -18.516  57.952 0.0000000000
61269  10.994  -20.351  54.036 0.0000000000
52842  3.855  -27.032  56.567 0.0000000000
89410  36.850  2.747  44.301 0.0000000000
83066  32.259  -3.139  47.079 0.0000000000
81685  33.642  -4.741  49.064 0.0000000000
80450  32.530  -5.886  46.617 0.0000000000
75455  32.331  -8.631  46.073 0.0000000000
73092  29.686  -10.520  46.065 0.0000000000
69279  29.524  -14.208  43.924 0.0000000000
67768  29.278  -14.500  55.870 0.0000000000
67804  31.007  -14.137  54.094 0.0000000000
69148  31.129  -12.172  52.482 0.0000000000
67894  30.271  -14.191  48.955 0.0000000000
67926  29.400  -15.251  46.236 0.0000000000
86977  34.710  1.233  41.138 0.0000000000
84491  32.838  -1.530  37.881 0.0000000000
88185  40.684  3.203  42.673 0.0000000000
86973  39.436  2.501  40.533 0.0000000000
88187  38.928  3.314  42.466 0.0000000000
88184  41.633  2.883  42.684 0.0000000000
69152  18.163  -12.793  51.346 0.0000000000
67860  17.468  -14.454  50.732 0.0000000000
67846  17.742  -13.308  52.168 0.0000000000
71724  20.755  -11.051  53.545 0.0000000000
71735  21.313  -10.266  53.141 0.0000000000
70416  19.413  -11.910  51.485 0.0000000000
70437  19.358  -12.339  50.288 0.0000000000
90783  39.753  3.650  34.311 0.0000000000
88324  41.602  2.218  35.561 0.0000000000
89560  42.710  2.914  34.925 0.0000000000
89562  41.072  2.878  34.738 0.0000000000
92043  40.756  4.304  34.173 0.0000000000
58705  7.325  -21.716  59.096 0.0000000000
58721  8.018  -21.695  57.191 0.0000000000
58738  7.059  -22.295  57.125 0.0000000000
57546  7.314  -23.003  56.042 0.0000000000
57573  6.657  -23.524  56.365 0.0000000000
55282  6.543  -24.785  55.627 0.0000000000
76573  33.345  -7.205  51.961 0.0000000000
75387  32.188  -8.294  51.865 0.0000000000
75402  31.728  -9.158  51.076 0.0000000000
74208  31.562  -9.884  51.374 0.0000000000
70269  28.810  -11.545  60.395 0.0000000000
70503  26.632  -12.518  47.551 0.0000000000
67897  26.993  -13.870  48.433 0.0000000000
69241  26.868  -13.467  45.884 0.0000000000
67928  27.328  -14.306  46.270 0.0000000000
83122  30.851  -3.424  44.681 0.0000000000
83139  30.472  -2.675  42.567 0.0000000000
101873  52.314  11.906  27.836 0.0000000000
101872  53.114  12.368  27.588 0.0000000000
101881  53.309  12.343  26.589 0.0000000000
101880  53.911  12.541  26.089 0.0000000000
101899  52.431  11.553  24.974 0.0000000000
85835  40.496  0.996  38.122 0.0000000000
85883  39.134  0.825  36.193 0.0000000000
84548  39.681  0.296  37.733 0.0000000000
84462  37.212  0.554  38.481 0.0000000000
84520  36.491  0.304  37.099 0.0000000000
84521  35.316  -0.319  36.836 0.0000000000
85757  41.781  1.701  39.743 0.0000000000
85809  41.649  1.177  38.871 0.0000000000
85859  41.774  1.500  37.607 0.0000000000
64010  16.098  -17.684  50.328 0.0000000000
62693  14.882  -19.586  50.400 0.0000000000
74092  26.589  -9.200  58.815 0.0000000000
71682  27.464  -10.793  57.481 0.0000000000
74128  26.120  -9.097  56.191 0.0000000000
75390  23.445  -10.176  51.297 0.0000000000
72971  24.887  -9.652  51.961 0.0000000000
74229  24.408  -10.040  50.524 0.0000000000
73023  24.693  -10.849  49.810 0.0000000000
73045  23.156  -10.282  48.396 0.0000000000
71810  21.211  -11.608  47.581 0.0000000000
75481  31.202  -9.011  44.011 0.0000000000
95896  47.471  7.551  31.726 0.0000000000
95917  48.448  8.237  31.590 0.0000000000
97204  47.606  8.259  30.535 0.0000000000
99600  48.014  9.723  28.707 0.0000000000
99613  48.124  9.804  27.869 0.0000000000
100730  49.464  10.829  27.223 0.0000000000
71685  20.344  -11.406  57.627 0.0000000000
70362  19.270  -12.541  56.281 0.0000000000
71673  20.073  -12.062  58.651 0.0000000000
74096  21.648  -9.969  58.312 0.0000000000
71693  21.208  -10.029  56.879 0.0000000000
94603  47.165  6.027  33.234 0.0000000000
94587  45.930  5.683  33.691 0.0000000000
95883  42.983  6.377  31.279 0.0000000000
67770  17.098  -14.022  55.674 0.0000000000
69100  16.423  -14.887  54.089 0.0000000000
67793  16.487  -15.001  55.568 0.0000000000
61219  13.856  -18.299  54.905 0.0000000000
61243  14.380  -18.385  54.050 0.0000000000
60020  14.002  -19.305  53.745 0.0000000000
61287  13.266  -19.697  51.744 0.0000000000
60022  12.710  -19.991  53.097 0.0000000000
61146  10.821  -18.366  58.763 0.0000000000
58799  9.286  -21.463  55.028 0.0000000000
61224  9.948  -20.435  55.374 0.0000000000
60002  9.629  -21.617  53.758 0.0000000000
58818  11.025  -21.047  52.854 0.0000000000
84368  32.342  -1.515  46.797 0.0000000000
79075  35.149  -6.378  49.327 0.0000000000
81668  34.389  -4.895  49.924 0.0000000000
80422  34.101  -6.323  49.038 0.0000000000
81725  32.830  -5.232  47.464 0.0000000000
79108  33.067  -6.668  47.468 0.0000000000
77882  32.653  -7.310  46.358 0.0000000000
76650  33.147  -7.749  47.100 0.0000000000
73057  30.143  -10.688  48.483 0.0000000000
73076  30.473  -10.280  47.516 0.0000000000
71828  29.682  -11.850  47.337 0.0000000000
71848  29.898  -12.215  45.930 0.0000000000
70523  29.576  -12.909  46.497 0.0000000000
70359  28.369  -11.941  55.987 0.0000000000
69052  28.913  -13.318  57.215 0.0000000000
67807  28.508  -13.075  54.438 0.0000000000
66544  28.612  -14.518  51.305 0.0000000000
66510  29.241  -14.252  53.046 0.0000000000
66508  30.126  -13.879  52.665 0.0000000000
69111  31.796  -13.132  53.580 0.0000000000
67856  30.596  -13.653  51.487 0.0000000000
67882  30.315  -13.385  50.559 0.0000000000
66559  30.133  -14.160  49.909 0.0000000000
65363  28.363  -16.736  45.355 0.0000000000
66631  29.056  -15.634  46.481 0.0000000000
86929  35.159  1.465  44.553 0.0000000000
86941  35.900  1.527  42.198 0.0000000000
86959  34.343  1.366  42.243 0.0000000000
83180  30.896  -2.217  39.278 0.0000000000
84447  32.302  -1.041  39.712 0.0000000000
103042  55.279  12.583  23.548 0.0000000000
86989  41.046  1.796  40.096 0.0000000000
85779  39.690  0.939  39.143 0.0000000000
85760  39.632  1.466  39.625 0.0000000000
85761  38.567  1.699  39.242 0.0000000000
85763  36.551  1.330  39.479 0.0000000000
88199  42.898  2.591  41.935 0.0000000000
86953  41.945  2.626  41.207 0.0000000000
67900  17.191  -15.980  48.993 0.0000000000
66569  16.703  -15.938  50.391 0.0000000000
65262  15.942  -16.481  50.830 0.0000000000
74147  23.299  -9.125  55.399 0.0000000000
75353  24.561  -8.803  54.543 0.0000000000
72937  22.958  -9.474  54.080 0.0000000000
72973  21.934  -9.935  52.219 0.0000000000
71765  20.894  -10.682  50.385 0.0000000000
70482  20.328  -11.903  48.268 0.0000000000
70457  20.257  -11.628  49.644 0.0000000000
69210  19.003  -13.396  48.337 0.0000000000
98418  45.034  8.093  29.823 0.0000000000
71634  21.023  -11.389  60.448 0.0000000000
89527  43.525  2.638  36.315 0.0000000000
90763  43.948  3.250  34.783 0.0000000000
92059  44.176  4.007  34.374 0.0000000000
94589  44.121  5.376  33.369 0.0000000000
93317  42.493  4.721  33.579 0.0000000000
94610  40.864  5.224  33.072 0.0000000000
67732  16.142  -15.268  58.218 0.0000000000
66455  15.703  -16.201  56.623 0.0000000000
65175  14.786  -16.605  57.316 0.0000000000
62534  14.049  -17.516  57.166 0.0000000000
62558  13.352  -18.304  56.192 0.0000000000
59908  9.910  -19.483  58.895 0.0000000000
59909  8.381  -20.273  58.612 0.0000000000
157616  8.507  -21.258  56.557 0.0000000000
58784  8.233  -22.444  55.073 0.0000000000
57604  7.566  -23.776  53.660 0.0000000000
76606  34.751  -7.243  50.193 0.0000000000
75416  33.502  -7.604  49.273 0.0000000000
75426  32.965  -8.250  47.965 0.0000000000
74240  31.797  -8.476  49.424 0.0000000000
73040  30.839  -10.205  49.399 0.0000000000
71805  30.454  -11.532  48.995 0.0000000000
69150  27.267  -12.882  51.272 0.0000000000
67844  27.748  -13.600  52.386 0.0000000000
67872  26.801  -14.187  50.775 0.0000000000
67884  26.762  -14.892  49.917 0.0000000000
66595  28.194  -14.807  48.710 0.0000000000
66594  28.799  -14.773  48.421 0.0000000000
66634  27.854  -14.815  46.864 0.0000000000
65383  27.626  -16.297  45.296 0.0000000000
86946  32.295  -0.609  44.010 0.0000000000
85736  32.458  -0.074  42.415 0.0000000000
84430  31.238  -1.929  42.431 0.0000000000
83153  30.008  -2.658  41.247 0.0000000000
103031  55.290  12.796  25.548 0.0000000000
101897  54.478  12.312  24.491 0.0000000000
88326  39.701  2.127  35.698 0.0000000000
88327  38.071  2.055  34.697 0.0000000000
87091  38.559  1.615  35.474 0.0000000000
84518  38.593  0.077  37.725 0.0000000000
84575  36.104  0.169  35.697 0.0000000000
86967  44.468  1.921  40.550 0.0000000000
157895  44.669  1.909  39.767 0.0000000000
87043  44.099  1.870  38.079 0.0000000000
85858  42.621  1.635  37.469 0.0000000000
87075  41.165  1.600  36.659 0.0000000000
71611  26.692  -12.279  60.893 0.0000000000
70305  28.079  -12.120  59.860 0.0000000000
70338  28.164  -11.468  59.231 0.0000000000
70360  27.884  -11.449  56.736 0.0000000000
70383  27.561  -11.863  54.297 0.0000000000
74160  25.740  -9.830  54.253 0.0000000000
71722  26.362  -10.453  52.692 0.0000000000
70400  26.914  -11.987  52.172 0.0000000000
70435  26.175  -11.653  50.103 0.0000000000
73059  25.581  -11.521  48.173 0.0000000000
73094  24.983  -11.268  45.671 0.0000000000
98414  49.863  9.431  31.188 0.0000000000
98430  48.054  9.035  30.265 0.0000000000
99577  49.346  9.621  30.350 0.0000000000
99586  50.340  10.233  30.257 0.0000000000
100719  50.418  10.822  28.878 0.0000000000
101884  50.836  11.396  27.608 0.0000000000
100728  50.907  11.218  26.335 0.0000000000
101900  51.797  11.379  25.476 0.0000000000
70384  20.169  -11.909  54.667 0.0000000000
69115  18.078  -12.896  53.497 0.0000000000
70374  19.423  -12.499  55.360 0.0000000000
69054  18.640  -12.973  56.316 0.0000000000
69055  18.119  -13.255  56.968 0.0000000000
71657  19.484  -12.269  59.522 0.0000000000
69041  17.472  -14.628  58.562 0.0000000000
67698  17.278  -14.870  60.375 0.0000000000
71575  26.975  -11.042  61.652 0.0000000000
72837  25.739  -11.213  61.019 0.0000000000
74072  25.964  -9.955  59.563 0.0000000000
75281  26.044  -8.750  58.820 0.0000000000
76477  24.118  -7.838  58.513 0.0000000000
74110  24.886  -8.668  57.433 0.0000000000
74130  22.679  -8.922  56.204 0.0000000000
71714  21.333  -11.080  54.854 0.0000000000
93329  48.462  6.612  33.087 0.0000000000
93345  47.085  6.898  32.484 0.0000000000
95898  46.257  7.096  32.216 0.0000000000
94606  44.436  6.104  32.621 0.0000000000
95881  44.767  6.650  31.888 0.0000000000
97188  44.829  7.734  30.464 0.0000000000
67827  17.137  -13.769  53.228 0.0000000000
66513  16.094  -15.316  52.630 0.0000000000
63971  15.422  -16.963  51.818 0.0000000000
65222  15.371  -16.712  54.408 0.0000000000
63972  14.761  -17.514  52.325 0.0000000000
62670  15.023  -18.857  51.346 0.0000000000
62672  14.178  -19.527  51.074 0.0000000000
61303  13.370  -20.554  50.798 0.0000000000
62516  12.136  -17.861  58.207 0.0000000000
63903  12.013  -18.133  56.116 0.0000000000
63922  11.094  -18.943  55.955 0.0000000000
61246  11.816  -19.493  54.628 0.0000000000
58817  11.639  -20.529  52.911 0.0000000000
55285  4.564  -25.610  56.676 0.0000000000
89425  38.328  2.828  43.374 0.0000000000
85719  34.194  -0.107  45.719 0.0000000000
85722  32.209  -1.015  45.207 0.0000000000
84410  31.934  -1.985  45.203 0.0000000000
83121  31.010  -3.692  45.408 0.0000000000
83038  32.597  -3.297  48.123 0.0000000000
83090  32.080  -4.389  46.685 0.0000000000
81761  30.995  -4.955  45.713 0.0000000000
79121  32.080  -6.497  45.824 0.0000000000
76673  32.070  -8.170  45.459 0.0000000000
74324  31.405  -9.236  44.727 0.0000000000
74278  32.170  -9.104  46.920 0.0000000000
74297  31.013  -9.936  46.117 0.0000000000
74298  30.136  -9.841  45.394 0.0000000000
73103  29.439  -11.316  44.590 0.0000000000
70567  29.108  -13.226  43.801 0.0000000000
74159  31.951  -10.172  54.380 0.0000000000
69019  28.439  -13.145  58.826 0.0000000000
69035  29.404  -13.595  57.791 0.0000000000
67725  30.096  -13.883  56.920 0.0000000000
66493  28.821  -14.127  53.757 0.0000000000
66473  29.706  -15.356  55.110 0.0000000000
69065  31.147  -13.573  55.575 0.0000000000
70369  32.128  -12.831  54.862 0.0000000000
71712  31.678  -11.824  54.497 0.0000000000
72951  31.833  -11.070  53.153 0.0000000000
71761  30.968  -11.389  51.019 0.0000000000
70455  30.199  -12.255  49.947 0.0000000000
70479  30.029  -12.852  48.457 0.0000000000
66610  29.063  -15.166  47.572 0.0000000000
66608  29.235  -14.456  47.403 0.0000000000
69237  29.566  -13.656  46.801 0.0000000000
69258  29.240  -14.243  45.363 0.0000000000
89437  37.156  2.527  42.887 0.0000000000
86976  35.697  1.327  40.770 0.0000000000
85764  35.541  0.816  39.437 0.0000000000
85748  33.091  0.497  40.892 0.0000000000
85766  33.466  0.228  39.831 0.0000000000
84490  34.030  -0.806  37.951 0.0000000000
100738  52.138  10.642  24.345 0.0000000000
89423  40.084  3.216  43.047 0.0000000000
88186  39.793  3.479  42.397 0.0000000000
89424  39.429  3.083  43.288 0.0000000000
88163  41.182  3.070  43.353 0.0000000000
70404  18.830  -12.417  51.980 0.0000000000
69135  17.802  -13.228  51.730 0.0000000000
69134  18.184  -12.924  52.350 0.0000000000
70402  20.155  -11.483  53.070 0.0000000000
70403  19.415  -11.854  52.559 0.0000000000
70417  19.030  -12.800  51.077 0.0000000000
89564  39.264  3.101  34.335 0.0000000000
90784  39.159  3.083  33.526 0.0000000000
90768  38.529  2.861  34.102 0.0000000000
89546  40.415  2.553  35.149 0.0000000000
89563  40.064  3.030  34.700 0.0000000000
58739  6.709  -22.593  57.738 0.0000000000
58722  7.492  -22.239  58.101 0.0000000000
57547  7.007  -22.865  56.396 0.0000000000
57548  6.208  -23.257  56.947 0.0000000000
75372  32.138  -8.281  52.246 0.0000000000
75388  31.827  -9.017  51.756 0.0000000000
74189  31.714  -9.878  52.234 0.0000000000
71573  28.375  -10.693  61.474 0.0000000000
70270  28.341  -11.916  60.890 0.0000000000
70526  26.593  -12.538  46.471 0.0000000000
70527  26.341  -12.534  45.332 0.0000000000
83123  30.527  -3.140  43.749 0.0000000000
101891  52.357  12.059  25.874 0.0000000000
85836  39.993  0.555  37.809 0.0000000000
84483  40.222  0.783  38.341 0.0000000000
84463  36.608  0.582  38.501 0.0000000000
84488  36.184  0.453  37.838 0.0000000000
84489  35.038  -0.219  37.675 0.0000000000
85777  41.338  1.210  39.296 0.0000000000
85776  42.109  1.687  39.509 0.0000000000
62712  15.866  -18.606  49.662 0.0000000000
64030  15.360  -19.631  49.758 0.0000000000
62692  15.374  -19.022  50.292 0.0000000000
74109  26.211  -9.442  57.664 0.0000000000
74231  22.390  -9.825  50.146 0.0000000000
74210  24.080  -10.198  51.028 0.0000000000
74230  23.667  -10.212  50.168 0.0000000000
74243  23.737  -10.208  49.315 0.0000000000
73025  22.473  -10.345  48.665 0.0000000000
71809  22.313  -10.846  47.901 0.0000000000
71784  22.088  -10.706  48.714 0.0000000000
97186  46.979  7.808  31.050 0.0000000000
97185  47.774  7.890  31.215 0.0000000000
99622  48.235  9.545  26.932 0.0000000000
71672  20.625  -11.419  58.703 0.0000000000
72888  21.375  -10.389  58.421 0.0000000000
71684  21.129  -10.603  57.690 0.0000000000
93284  45.589  4.718  34.531 0.0000000000
94581  46.117  5.369  34.109 0.0000000000
94588  44.926  5.602  33.459 0.0000000000
67749  17.054  -14.068  56.386 0.0000000000
67792  16.679  -14.527  55.294 0.0000000000
61220  13.394  -18.484  54.832 0.0000000000
59996  13.998  -19.159  54.202 0.0000000000
59997  13.630  -19.219  54.225 0.0000000000
60021  13.456  -19.429  53.333 0.0000000000
59998  12.977  -19.396  53.902 0.0000000000
61123  10.565  -18.333  59.479 0.0000000000
58800  9.176  -21.992  54.454 0.0000000000
60001  9.721  -21.130  54.519 0.0000000000
60026  9.921  -21.738  53.312 0.0000000000
77854  34.759  -6.891  48.947 0.0000000000
79083  34.530  -6.636  48.816 0.0000000000
79094  34.282  -6.765  48.139 0.0000000000
79095  33.851  -6.605  47.866 0.0000000000
77868  34.170  -6.865  47.715 0.0000000000
77869  33.519  -7.216  47.362 0.0000000000
76649  33.682  -7.664  47.476 0.0000000000
71827  29.936  -11.714  48.265 0.0000000000
73058  29.932  -11.065  47.806 0.0000000000
70382  27.785  -12.275  54.289 0.0000000000
69083  28.617  -12.620  55.227 0.0000000000
69095  27.919  -12.689  54.095 0.0000000000
66562  28.706  -14.324  50.322 0.0000000000
66528  29.243  -14.568  52.099 0.0000000000
66543  29.297  -14.405  51.088 0.0000000000
66526  30.346  -14.069  51.694 0.0000000000
66542  29.988  -14.477  50.927 0.0000000000
66541  30.419  -14.197  50.760 0.0000000000
66560  29.864  -14.351  49.976 0.0000000000
86943  34.209  1.068  43.575 0.0000000000
86971  40.915  2.237  40.627 0.0000000000
85744  40.353  1.718  40.054 0.0000000000
86972  40.037  2.148  40.365 0.0000000000
88218  38.681  2.653  40.685 0.0000000000
86991  39.127  2.108  39.989 0.0000000000
86992  38.053  2.013  39.919 0.0000000000
85762  37.568  1.431  39.367 0.0000000000
85746  37.168  1.796  39.805 0.0000000000
88182  43.256  2.371  42.935 0.0000000000
88201  41.152  2.813  41.749 0.0000000000
88200  42.005  2.490  41.856 0.0000000000
88216  41.488  2.530  41.194 0.0000000000
86970  41.764  2.333  40.631 0.0000000000
67874  16.857  -15.153  50.146 0.0000000000
67875  16.645  -15.473  50.680 0.0000000000
65282  16.431  -16.307  50.471 0.0000000000
66550  16.121  -15.610  50.932 0.0000000000
72923  22.559  -9.822  54.960 0.0000000000
74162  23.401  -9.256  54.502 0.0000000000
71736  20.898  -10.705  52.507 0.0000000000
72974  21.388  -10.567  51.898 0.0000000000
72992  21.592  -10.346  51.473 0.0000000000
71764  21.290  -10.586  51.130 0.0000000000
69169  18.919  -12.886  50.165 0.0000000000
69189  18.831  -12.992  49.496 0.0000000000
69190  17.894  -13.801  48.935 0.0000000000
88304  43.383  2.043  36.717 0.0000000000
89528  42.890  2.776  35.979 0.0000000000
90780  42.474  3.317  34.474 0.0000000000
89559  43.338  2.957  34.984 0.0000000000
90779  43.293  3.529  34.632 0.0000000000
92040  44.425  3.606  34.696 0.0000000000
90794  43.143  3.950  34.467 0.0000000000
93316  43.419  4.704  33.710 0.0000000000
92077  42.456  4.155  33.989 0.0000000000
92045  39.932  4.399  33.753 0.0000000000
93301  40.633  4.773  33.504 0.0000000000
93319  40.605  4.871  32.801 0.0000000000
66413  16.109  -15.932  59.039 0.0000000000
66423  15.813  -15.817  58.365 0.0000000000
66414  15.603  -16.335  58.533 0.0000000000
63856  14.806  -17.632  58.074 0.0000000000
62557  13.959  -18.109  56.291 0.0000000000
62535  13.529  -17.955  57.289 0.0000000000
61149  8.547  -20.056  59.609 0.0000000000
157611  8.174  -21.425  57.239 0.0000000000
58761  8.077  -22.025  56.090 0.0000000000
58783  8.769  -21.745  55.357 0.0000000000
57603  8.028  -23.123  54.283 0.0000000000
57587  7.737  -22.963  54.942 0.0000000000
57588  7.342  -23.618  54.786 0.0000000000
55283  6.306  -24.891  55.798 0.0000000000
55294  5.801  -25.240  55.212 0.0000000000
55284  5.347  -25.205  56.379 0.0000000000
76592  33.832  -7.454  51.246 0.0000000000
76607  34.105  -7.466  50.565 0.0000000000
76619  33.974  -7.482  49.800 0.0000000000
75409  33.479  -7.605  49.710 0.0000000000
75410  33.058  -8.042  49.985 0.0000000000
74227  31.441  -9.796  50.590 0.0000000000
74241  31.291  -9.526  49.819 0.0000000000
73021  31.279  -10.675  49.952 0.0000000000
73022  30.686  -10.956  49.491 0.0000000000
71782  30.682  -11.546  49.734 0.0000000000
69151  27.156  -12.390  50.712 0.0000000000
69167  27.099  -13.269  50.289 0.0000000000
67911  27.050  -13.838  47.719 0.0000000000
67885  26.878  -14.144  49.636 0.0000000000
67896  27.154  -14.421  48.888 0.0000000000
66596  27.450  -14.830  49.273 0.0000000000
66613  27.940  -14.397  48.122 0.0000000000
66657  27.621  -15.559  45.669 0.0000000000
85737  31.831  -0.666  43.049 0.0000000000
83138  30.929  -2.329  42.204 0.0000000000
101898  53.420  11.944  24.725 0.0000000000
101889  54.237  12.429  25.421 0.0000000000
101905  53.449  11.551  23.800 0.0000000000
88308  40.303  1.691  36.418 0.0000000000
87090  39.627  1.585  36.184 0.0000000000
85899  39.129  1.349  35.958 0.0000000000
85900  38.556  1.166  35.668 0.0000000000
85901  37.242  1.061  35.136 0.0000000000
85884  36.896  0.555  35.605 0.0000000000
84460  38.974  0.580  38.631 0.0000000000
84485  39.151  0.237  38.307 0.0000000000
84486  38.298  0.315  38.083 0.0000000000
84552  35.714  -0.190  36.173 0.0000000000
84551  36.823  0.255  36.666 0.0000000000
84594  35.543  -0.205  34.615 0.0000000000
86951  43.797  2.405  41.437 0.0000000000
86950  44.230  2.285  41.470 0.0000000000
86968  43.758  2.231  40.890 0.0000000000
85808  42.919  2.205  39.231 0.0000000000
157889  43.990  1.761  39.937 0.0000000000
157885  43.620  2.056  39.199 0.0000000000
85807  44.045  1.974  38.816 0.0000000000
85832  43.431  1.704  38.134 0.0000000000
85881  41.011  1.287  36.939 0.0000000000
85880  41.750  1.881  37.150 0.0000000000
87057  40.771  1.310  36.790 0.0000000000
88307  40.778  1.852  36.223 0.0000000000
71653  27.411  -11.253  59.851 0.0000000000
71652  27.709  -11.699  59.987 0.0000000000
71692  27.544  -10.743  56.181 0.0000000000
70372  27.823  -11.490  55.480 0.0000000000
71704  27.089  -11.154  55.162 0.0000000000
75366  24.856  -8.944  53.930 0.0000000000
75365  25.304  -9.167  54.207 0.0000000000
74175  25.436  -9.395  53.663 0.0000000000
71734  26.294  -10.449  51.879 0.0000000000
71733  26.454  -11.214  52.308 0.0000000000
70401  26.593  -11.513  51.696 0.0000000000
70414  26.615  -11.382  50.847 0.0000000000
73044  23.989  -10.855  48.136 0.0000000000
73043  24.898  -11.323  48.813 0.0000000000
73060  24.836  -11.244  47.702 0.0000000000
73078  25.617  -11.460  47.464 0.0000000000
73079  25.173  -11.057  46.665 0.0000000000
93328  49.264  6.664  33.361 0.0000000000
95916  48.608  8.426  31.519 0.0000000000
95894  48.955  8.261  31.867 0.0000000000
97183  49.314  8.657  31.574 0.0000000000
97182  49.884  8.719  31.680 0.0000000000
98428  49.276  9.230  31.142 0.0000000000
98444  46.789  9.005  28.997 0.0000000000
98431  47.235  8.873  29.812 0.0000000000
99599  48.712  10.235  28.528 0.0000000000
99588  48.860  9.675  29.607 0.0000000000
100708  49.492  10.167  29.640 0.0000000000
99587  49.631  10.053  30.071 0.0000000000
100707  50.027  10.426  29.657 0.0000000000
100706  50.833  10.679  29.791 0.0000000000
100725  50.267  10.969  27.817 0.0000000000
100729  50.264  11.290  26.878 0.0000000000
70385  19.671  -12.422  54.542 0.0000000000
70361  19.819  -12.120  55.678 0.0000000000
71696  19.423  -12.440  57.090 0.0000000000
70351  18.709  -12.819  56.803 0.0000000000
70352  18.786  -13.101  57.556 0.0000000000
71656  20.473  -11.744  59.730 0.0000000000
70307  18.886  -13.380  59.902 0.0000000000
69040  18.365  -14.062  58.459 0.0000000000
67711  18.006  -14.438  59.626 0.0000000000
67712  17.287  -14.939  59.423 0.0000000000
72828  26.155  -11.368  61.947 0.0000000000
75262  26.053  -8.790  59.366 0.0000000000
76478  23.462  -8.268  58.713 0.0000000000
77721  24.052  -7.509  58.283 0.0000000000
75298  24.405  -7.981  58.052 0.0000000000
75299  23.871  -7.883  57.653 0.0000000000
74111  23.088  -8.594  57.067 0.0000000000
71694  20.719  -10.559  56.521 0.0000000000
72913  21.060  -10.321  55.725 0.0000000000
71705  20.816  -10.977  55.623 0.0000000000
88340  37.516  1.632  34.131 0.0000000000
94604  46.619  6.158  32.912 0.0000000000
93331  47.139  6.522  32.637 0.0000000000
94624  46.208  6.600  32.492 0.0000000000
95880  45.553  6.775  32.144 0.0000000000
94607  43.354  5.414  32.907 0.0000000000
95882  43.866  6.868  31.501 0.0000000000
97174  44.733  7.273  31.327 0.0000000000
97175  44.097  7.377  30.812 0.0000000000
69098  18.222  -13.087  54.477 0.0000000000
69116  17.861  -13.711  54.021 0.0000000000
67829  16.113  -15.255  53.871 0.0000000000
67828  16.414  -14.800  53.567 0.0000000000
66514  15.783  -15.704  53.158 0.0000000000
66532  15.833  -15.945  52.312 0.0000000000
65247  15.485  -16.535  52.359 0.0000000000
65211  15.137  -16.707  55.559 0.0000000000
61267  14.391  -18.531  53.507 0.0000000000
62625  14.604  -18.098  52.926 0.0000000000
61285  14.392  -18.680  52.659 0.0000000000
62648  14.561  -18.168  51.750 0.0000000000
61300  14.623  -18.935  52.087 0.0000000000
62671  14.434  -19.398  51.133 0.0000000000
61301  14.387  -19.339  51.876 0.0000000000
60043  12.681  -19.868  51.963 0.0000000000
61288  13.198  -20.087  51.468 0.0000000000
60057  12.692  -20.554  51.347 0.0000000000
60058  12.747  -21.142  50.651 0.0000000000
61169  11.653  -18.245  58.395 0.0000000000
61187  11.887  -18.350  58.054 0.0000000000
63878  11.836  -17.935  56.604 0.0000000000
63879  11.431  -18.230  56.881 0.0000000000
157614  9.409  -19.299  57.452 0.0000000000
61248  10.450  -20.532  54.303 0.0000000000
61223  10.551  -19.677  55.512 0.0000000000
61247  11.092  -19.811  54.619 0.0000000000
62606  11.616  -19.394  54.994 0.0000000000
60000  11.554  -20.321  54.013 0.0000000000
60023  11.975  -20.386  53.489 0.0000000000
60024  11.178  -20.598  53.527 0.0000000000
55267  4.417  -25.085  57.239 0.0000000000
54068  3.904  -26.158  57.108 0.0000000000
54082  4.138  -26.446  56.822 0.0000000000
86928  36.145  1.405  44.882 0.0000000000
85703  33.912  -0.439  46.198 0.0000000000
85721  32.804  -0.481  45.413 0.0000000000
85704  33.142  -0.626  46.120 0.0000000000
84367  32.083  -2.279  46.923 0.0000000000
84394  32.360  -1.796  46.006 0.0000000000
84393  32.067  -2.616  46.184 0.0000000000
84409  31.545  -2.829  45.580 0.0000000000
83091  31.957  -3.493  46.503 0.0000000000
83037  32.809  -4.505  48.463 0.0000000000
81743  32.617  -5.578  47.049 0.0000000000
81726  32.533  -4.740  47.054 0.0000000000
81744  32.431  -5.173  46.820 0.0000000000
83107  31.659  -4.434  46.408 0.0000000000
80465  32.167  -5.495  46.433 0.0000000000
80466  31.465  -5.629  46.139 0.0000000000
80451  32.330  -5.919  46.076 0.0000000000
76672  32.484  -8.034  45.940 0.0000000000
77893  32.303  -7.757  45.787 0.0000000000
75467  32.227  -8.419  45.659 0.0000000000
75468  31.946  -8.878  45.183 0.0000000000
75456  32.121  -9.174  45.691 0.0000000000
74253  31.873  -8.520  48.415 0.0000000000
74265  32.159  -8.954  47.619 0.0000000000
73091  30.255  -10.192  46.774 0.0000000000
74280  30.701  -9.783  46.927 0.0000000000
73102  29.644  -10.438  45.031 0.0000000000
73093  29.525  -11.091  45.459 0.0000000000
70545  29.016  -13.015  45.454 0.0000000000
71877  29.001  -12.283  44.510 0.0000000000
70337  28.128  -12.417  58.612 0.0000000000
70322  27.703  -12.965  59.236 0.0000000000
69037  28.162  -13.185  58.467 0.0000000000
67769  29.142  -13.709  56.338 0.0000000000
67728  29.068  -13.948  57.510 0.0000000000
67727  29.066  -13.935  57.218 0.0000000000
69034  30.047  -13.495  57.665 0.0000000000
67745  29.858  -14.767  56.557 0.0000000000
67843  27.875  -14.161  52.050 0.0000000000
67824  28.118  -13.861  53.056 0.0000000000
66512  28.462  -14.054  53.213 0.0000000000
67805  30.570  -14.728  54.249 0.0000000000
66491  29.776  -14.732  54.054 0.0000000000
67787  30.437  -15.176  54.945 0.0000000000
67765  30.983  -14.791  55.638 0.0000000000
67764  31.576  -14.338  55.123 0.0000000000
70370  31.466  -12.885  55.240 0.0000000000
69081  32.214  -13.752  55.001 0.0000000000
69131  31.056  -12.512  52.999 0.0000000000
69110  31.679  -12.748  53.513 0.0000000000
70399  31.545  -11.970  52.914 0.0000000000
71720  31.523  -11.623  53.522 0.0000000000
71732  31.594  -11.450  52.656 0.0000000000
71744  31.106  -11.263  51.946 0.0000000000
70412  31.145  -11.782  52.187 0.0000000000
67883  30.268  -13.873  49.856 0.0000000000
69185  30.073  -12.997  50.199 0.0000000000
69186  30.239  -13.545  49.469 0.0000000000
69206  30.096  -12.935  49.529 0.0000000000
69207  30.159  -13.402  48.788 0.0000000000
65324  28.736  -15.559  47.036 0.0000000000
66593  29.093  -14.766  48.298 0.0000000000
66632  28.994  -15.627  47.014 0.0000000000
67947  29.244  -15.576  45.838 0.0000000000
66630  29.207  -14.904  46.864 0.0000000000
67924  29.354  -14.050  47.268 0.0000000000
67925  29.470  -14.552  46.475 0.0000000000
69238  29.818  -14.304  45.988 0.0000000000
67946  29.209  -15.162  45.400 0.0000000000
89426  37.344  3.177  43.701 0.0000000000
89436  37.748  2.605  43.025 0.0000000000
89427  36.717  2.804  43.475 0.0000000000
86958  35.321  1.455  41.736 0.0000000000
86957  36.249  1.337  41.400 0.0000000000
86994  35.880  1.642  39.908 0.0000000000
86995  35.142  0.948  40.234 0.0000000000
85749  32.400  -0.297  41.577 0.0000000000
86979  32.971  0.386  42.013 0.0000000000
84466  32.488  -1.144  38.766 0.0000000000
85786  32.792  -0.318  39.195 0.0000000000
85814  33.062  -0.766  38.563 0.0000000000
85785  33.822  -0.206  38.791 0.0000000000
85813  33.479  -0.854  38.329 0.0000000000
104265  55.749  13.206  23.969 0.0000000000
103041  55.996  12.888  23.239 0.0000000000
104264  56.448  13.462  23.795 0.0000000000
100739  51.550  10.818  24.855 0.0000000000
88202  40.270  3.265  41.633 0.0000000000
86955  39.847  2.730  40.987 0.0000000000
88203  39.237  3.435  41.409 0.0000000000
69170  18.455  -13.263  50.332 0.0000000000
69171  17.625  -13.969  49.923 0.0000000000
69153  17.633  -13.416  50.944 0.0000000000
67847  17.277  -13.826  51.890 0.0000000000
71723  21.266  -10.500  54.003 0.0000000000
70415  20.145  -11.304  52.037 0.0000000000
92064  39.655  4.040  33.638 0.0000000000
89529  42.521  2.368  35.779 0.0000000000
89544  42.160  2.395  35.332 0.0000000000
89561  41.945  2.807  34.786 0.0000000000
90781  41.715  3.296  34.244 0.0000000000
92061  41.992  3.837  33.784 0.0000000000
90766  40.399  3.957  34.370 0.0000000000
92063  39.783  4.061  34.164 0.0000000000
65129  15.922  -16.821  59.896 0.0000000000
65144  15.564  -16.646  59.179 0.0000000000
63818  15.370  -17.263  59.963 0.0000000000
157615  7.565  -22.262  56.618 0.0000000000
57571  7.576  -22.866  55.610 0.0000000000
57572  7.120  -23.753  55.885 0.0000000000
56426  6.696  -24.586  55.705 0.0000000000
56427  6.271  -24.236  56.274 0.0000000000
76574  32.414  -7.785  52.304 0.0000000000
76593  32.954  -7.847  51.508 0.0000000000
75401  32.520  -8.520  51.058 0.0000000000
74226  31.763  -8.743  50.391 0.0000000000
73004  31.319  -10.655  50.817 0.0000000000
70480  26.605  -12.352  48.330 0.0000000000
69187  27.139  -13.256  49.328 0.0000000000
69208  27.235  -12.948  48.377 0.0000000000
69224  26.907  -13.455  47.349 0.0000000000
69240  27.030  -13.874  46.893 0.0000000000
67927  27.193  -14.019  47.072 0.0000000000
67929  26.953  -14.116  45.337 0.0000000000
67949  26.845  -14.261  44.935 0.0000000000
84420  31.420  -2.391  44.028 0.0000000000
84431  30.854  -2.243  43.172 0.0000000000
81790  29.874  -4.028  43.076 0.0000000000
101863  52.079  12.006  28.776 0.0000000000
100716  52.683  11.798  29.634 0.0000000000
103033  54.434  12.875  26.079 0.0000000000
101890  53.256  12.230  25.575 0.0000000000
85860  40.755  1.129  37.473 0.0000000000
85882  39.742  1.212  36.611 0.0000000000
85861  39.708  0.634  37.320 0.0000000000
85862  38.818  0.126  37.065 0.0000000000
84487  37.325  0.387  37.902 0.0000000000
86969  42.739  2.130  40.371 0.0000000000
85834  41.795  1.273  38.250 0.0000000000
64028  16.454  -17.912  49.171 0.0000000000
62714  15.235  -19.856  49.789 0.0000000000
61319  14.903  -20.208  49.838 0.0000000000
71670  27.833  -10.642  58.792 0.0000000000
72887  27.212  -9.896  58.222 0.0000000000
72899  27.041  -9.952  56.898 0.0000000000
72911  27.055  -10.040  55.637 0.0000000000
72972  23.281  -9.515  52.297 0.0000000000
74190  23.927  -9.864  51.552 0.0000000000
72991  24.961  -9.560  50.974 0.0000000000
73006  24.836  -9.917  50.313 0.0000000000
71763  25.529  -10.768  50.332 0.0000000000
73024  24.199  -10.377  49.742 0.0000000000
74256  23.844  -10.392  48.731 0.0000000000
71808  23.308  -10.535  47.594 0.0000000000
71830  23.017  -10.799  46.574 0.0000000000
71831  21.884  -11.487  46.709 0.0000000000
77909  31.378  -8.027  44.602 0.0000000000
94638  47.756  7.400  32.033 0.0000000000
95879  48.650  7.631  32.270 0.0000000000
95895  48.154  7.786  31.708 0.0000000000
97184  48.057  7.991  31.338 0.0000000000
97203  48.224  8.441  31.187 0.0000000000
99601  47.348  9.300  28.699 0.0000000000
99614  47.578  9.405  28.078 0.0000000000
100726  49.543  10.553  28.163 0.0000000000
99612  48.797  10.259  27.546 0.0000000000
99621  49.033  10.094  26.688 0.0000000000
71695  20.136  -11.802  56.465 0.0000000000
71686  19.705  -12.153  57.713 0.0000000000
74112  22.065  -9.385  57.936 0.0000000000
72900  21.850  -9.748  57.099 0.0000000000
72901  21.509  -10.114  57.888 0.0000000000
94586  46.859  5.875  33.621 0.0000000000
94605  45.518  6.341  32.818 0.0000000000
94627  42.717  5.742  31.918 0.0000000000
69086  17.703  -13.723  55.445 0.0000000000
67808  17.306  -14.323  54.180 0.0000000000
67791  17.238  -14.235  54.972 0.0000000000
66495  16.063  -15.252  54.721 0.0000000000
66496  15.655  -15.704  54.165 0.0000000000
62576  14.465  -17.808  55.643 0.0000000000
63937  14.424  -17.856  54.937 0.0000000000
62604  14.357  -18.089  54.506 0.0000000000
60041  14.033  -19.531  52.973 0.0000000000
60055  14.095  -19.509  52.376 0.0000000000
60042  13.495  -19.581  52.335 0.0000000000
58836  12.133  -20.303  52.476 0.0000000000
62496  11.251  -18.177  59.152 0.0000000000
61170  11.243  -18.477  58.281 0.0000000000
61225  9.156  -20.860  56.101 0.0000000000
62583  9.381  -20.082  56.148 0.0000000000
59975  9.575  -21.158  55.248 0.0000000000
60025  10.385  -21.132  53.628 0.0000000000
61270  10.733  -20.611  53.847 0.0000000000
58819  10.374  -21.791  52.820 0.0000000000
85683  33.362  -0.654  46.829 0.0000000000
85671  32.944  -1.150  47.241 0.0000000000
84343  32.720  -2.009  47.710 0.0000000000
83039  32.438  -2.724  47.433 0.0000000000
79065  35.264  -6.224  50.076 0.0000000000
80395  34.995  -5.830  49.820 0.0000000000
80408  34.668  -5.980  49.336 0.0000000000
81684  33.982  -5.596  49.182 0.0000000000
83064  32.946  -4.818  47.889 0.0000000000
81706  33.433  -5.356  48.380 0.0000000000
80435  33.252  -6.048  47.874 0.0000000000
80449  32.756  -6.023  47.267 0.0000000000
79110  32.552  -6.471  46.154 0.0000000000
77881  32.811  -7.092  47.123 0.0000000000
77870  32.882  -7.524  46.904 0.0000000000
76661  32.850  -7.955  46.476 0.0000000000
73056  30.648  -9.998  48.749 0.0000000000
73075  30.927  -10.038  48.027 0.0000000000
73077  29.706  -10.843  47.055 0.0000000000
71864  29.598  -11.329  45.866 0.0000000000
71847  29.885  -11.824  46.251 0.0000000000
70524  29.446  -12.545  46.093 0.0000000000
70544  29.463  -13.575  45.924 0.0000000000
70349  28.430  -11.996  57.300 0.0000000000
69068  28.876  -12.474  56.582 0.0000000000
69067  29.087  -13.023  55.937 0.0000000000
67789  29.197  -13.495  55.047 0.0000000000
66545  27.930  -14.587  51.602 0.0000000000
66529  28.667  -14.455  52.280 0.0000000000
66509  29.716  -14.301  52.900 0.0000000000
66490  30.273  -14.210  53.571 0.0000000000
67803  31.548  -13.630  53.864 0.0000000000
67823  30.596  -13.513  53.433 0.0000000000
67842  30.438  -13.377  52.450 0.0000000000
67841  30.703  -12.999  52.207 0.0000000000
69165  30.870  -12.200  51.791 0.0000000000
67855  30.594  -13.203  51.363 0.0000000000
67870  30.582  -13.782  50.664 0.0000000000
66576  30.107  -14.449  49.183 0.0000000000
65364  28.150  -16.247  45.677 0.0000000000
65342  28.651  -15.899  46.073 0.0000000000
65341  28.810  -16.364  45.609 0.0000000000
66655  29.226  -16.035  45.195 0.0000000000
66654  29.207  -15.685  44.971 0.0000000000
66674  29.309  -15.754  44.387 0.0000000000
88167  36.018  2.084  44.317 0.0000000000
88191  35.595  1.894  43.515 0.0000000000
86942  35.003  1.665  42.887 0.0000000000
86978  33.756  0.946  41.543 0.0000000000
84448  31.458  -1.513  40.067 0.0000000000
84467  31.876  -1.719  39.023 0.0000000000
103043  54.942  12.481  24.082 0.0000000000
103037  55.529  12.734  24.401 0.0000000000
85758  41.123  1.393  39.688 0.0000000000
85778  40.464  0.908  39.186 0.0000000000
85759  40.397  1.165  39.752 0.0000000000
85780  38.864  1.146  38.852 0.0000000000
86990  39.782  1.853  39.900 0.0000000000
85781  37.912  1.028  38.865 0.0000000000
85782  37.004  0.733  39.009 0.0000000000
85783  35.965  0.636  38.618 0.0000000000
88198  43.741  2.511  42.078 0.0000000000
88183  42.431  2.497  42.814 0.0000000000
88215  42.902  2.591  41.182 0.0000000000
86988  41.691  1.884  40.068 0.0000000000
66585  17.076  -16.308  49.305 0.0000000000
67873  17.179  -14.460  49.997 0.0000000000
67888  17.186  -15.648  49.404 0.0000000000
65281  16.798  -16.782  50.007 0.0000000000
74129  24.311  -8.747  56.118 0.0000000000
75338  23.926  -8.649  55.255 0.0000000000
74161  24.073  -8.740  54.015 0.0000000000
74177  23.740  -9.050  53.795 0.0000000000
72955  22.284  -9.693  53.342 0.0000000000
74192  22.431  -9.886  51.501 0.0000000000
74212  22.322  -9.972  51.021 0.0000000000
73009  21.567  -10.138  49.816 0.0000000000
71785  21.485  -11.180  49.038 0.0000000000
70458  19.591  -12.528  48.971 0.0000000000
98417  45.521  8.279  30.285 0.0000000000
98433  45.389  8.105  29.293 0.0000000000
71655  20.970  -11.353  59.502 0.0000000000
72870  21.182  -11.119  60.022 0.0000000000
89526  44.507  2.680  36.582 0.0000000000
89541  44.386  2.988  35.828 0.0000000000
89543  42.844  2.804  35.417 0.0000000000
89542  43.664  2.918  35.473 0.0000000000
92039  44.997  4.027  34.630 0.0000000000
92058  44.702  4.462  34.274 0.0000000000
93297  44.425  4.835  33.911 0.0000000000
93298  43.933  4.895  33.670 0.0000000000
93299  41.881  4.540  33.668 0.0000000000
94591  41.693  5.114  33.458 0.0000000000
94609  41.221  5.336  32.784 0.0000000000
67751  16.227  -15.135  57.408 0.0000000000
67772  16.423  -15.273  56.306 0.0000000000
66437  15.171  -16.348  57.210 0.0000000000
65193  14.620  -16.687  56.619 0.0000000000
65159  15.363  -17.085  58.067 0.0000000000
65174  14.764  -17.067  57.496 0.0000000000
63900  14.332  -17.239  56.576 0.0000000000
62578  13.801  -18.320  55.512 0.0000000000
61205  13.015  -18.303  55.649 0.0000000000
61148  9.464  -19.642  59.274 0.0000000000
157619  8.924  -20.232  57.616 0.0000000000
157624  8.339  -20.908  57.173 0.0000000000
157623  8.633  -20.513  56.786 0.0000000000
58760  8.834  -21.483  55.993 0.0000000000
58801  8.827  -22.779  53.997 0.0000000000
76591  34.502  -7.124  50.975 0.0000000000
77838  34.997  -6.612  50.692 0.0000000000
77846  35.151  -6.846  49.606 0.0000000000
76629  34.763  -7.196  49.106 0.0000000000
76638  34.472  -7.299  48.597 0.0000000000
76639  34.102  -7.900  47.981 0.0000000000
75425  33.615  -7.911  48.545 0.0000000000
75417  32.679  -7.842  48.876 0.0000000000
74254  31.150  -9.275  48.985 0.0000000000
73041  30.247  -10.649  49.217 0.0000000000
70501  30.250  -12.288  48.531 0.0000000000
69133  27.465  -12.803  52.399 0.0000000000
69112  27.570  -13.098  53.080 0.0000000000
67845  27.717  -13.254  52.145 0.0000000000
67859  27.432  -13.555  51.679 0.0000000000
67858  27.338  -14.434  51.463 0.0000000000
67871  26.898  -14.960  50.743 0.0000000000
66581  27.243  -15.138  50.182 0.0000000000
65277  27.857  -14.599  49.857 0.0000000000
65276  28.324  -14.508  49.745 0.0000000000
65291  29.078  -14.728  49.179 0.0000000000
65306  28.457  -14.879  48.879 0.0000000000
66612  28.533  -14.984  47.335 0.0000000000
66633  28.051  -15.530  46.119 0.0000000000
66656  28.039  -15.903  45.711 0.0000000000
65382  27.663  -16.769  44.968 0.0000000000
86945  32.820  -0.201  43.965 0.0000000000
86961  32.691  0.161  43.094 0.0000000000
85750  31.657  -0.997  41.791 0.0000000000
83152  30.793  -2.208  41.687 0.0000000000
84440  31.259  -1.556  41.198 0.0000000000
83164  30.602  -2.040  40.546 0.0000000000
101888  55.033  12.592  25.225 0.0000000000
101913  53.726  11.340  23.072 0.0000000000
84484  39.786  0.513  38.335 0.0000000000
84550  37.973  -0.161  37.057 0.0000000000
84519  37.588  0.125  37.415 0.0000000000
84574  37.112  0.348  36.413 0.0000000000
85885  35.954  0.386  34.927 0.0000000000
157886  43.798  1.846  40.317 0.0000000000
157891  44.451  1.782  40.028 0.0000000000
87053  44.440  2.133  37.612 0.0000000000
87072  43.583  1.677  37.018 0.0000000000
87073  42.793  1.839  36.921 0.0000000000
87074  41.994  2.113  36.797 0.0000000000
88306  41.783  1.935  36.005 0.0000000000
88325  40.965  2.231  35.695 0.0000000000
70285  27.271  -12.279  61.109 0.0000000000
70284  27.901  -12.230  60.684 0.0000000000
70306  27.502  -12.184  60.471 0.0000000000
70323  27.907  -12.018  59.726 0.0000000000
70350  28.047  -11.428  58.039 0.0000000000
70371  28.224  -11.996  54.751 0.0000000000
75335  26.048  -9.296  55.632 0.0000000000
74145  26.243  -9.679  55.123 0.0000000000
72936  26.338  -10.535  54.166 0.0000000000
72953  25.516  -9.571  52.821 0.0000000000
72952  26.056  -10.171  53.454 0.0000000000
71713  27.205  -11.008  54.050 0.0000000000
70392  27.251  -11.887  53.228 0.0000000000
70413  27.118  -12.003  51.312 0.0000000000
69168  26.923  -12.363  50.000 0.0000000000
71783  25.516  -11.496  49.677 0.0000000000
71807  26.025  -11.457  49.062 0.0000000000
70481  26.566  -12.111  48.919 0.0000000000
71829  26.147  -11.886  47.834 0.0000000000
71850  26.145  -11.754  46.969 0.0000000000
71851  25.830  -11.780  45.943 0.0000000000
80478  29.817  -5.391  44.921 0.0000000000
99575  50.587  9.910  30.834 0.0000000000
97205  46.920  8.250  30.262 0.0000000000
99589  47.787  9.326  29.406 0.0000000000
98429  48.837  9.235  30.719 0.0000000000
98415  49.430  9.493  30.816 0.0000000000
99585  51.077  10.380  30.409 0.0000000000
100718  51.122  11.327  29.360 0.0000000000
101875  50.853  11.338  28.341 0.0000000000
101864  51.217  11.836  28.842 0.0000000000
101874  51.502  11.559  28.060 0.0000000000
101883  51.366  11.643  27.077 0.0000000000
101892  51.632  11.544  26.187 0.0000000000
70394  19.489  -12.229  53.576 0.0000000000
69114  18.840  -12.550  53.584 0.0000000000
69097  18.879  -12.662  54.141 0.0000000000
69084  18.929  -12.849  54.913 0.0000000000
69085  18.282  -13.282  55.205 0.0000000000
69069  18.848  -12.956  55.666 0.0000000000
69070  18.250  -13.383  55.961 0.0000000000
69071  17.586  -13.712  56.259 0.0000000000
69056  17.480  -14.115  57.313 0.0000000000
71674  19.116  -12.493  58.665 0.0000000000
71636  19.416  -12.409  60.314 0.0000000000
70326  18.835  -12.927  59.361 0.0000000000
70340  18.712  -13.235  58.674 0.0000000000
69057  16.848  -14.636  57.838 0.0000000000
69042  16.892  -15.005  58.531 0.0000000000
67713  16.852  -15.429  58.903 0.0000000000
66412  16.532  -15.591  59.724 0.0000000000
66411  16.854  -15.441  60.395 0.0000000000
65142  16.658  -16.135  60.353 0.0000000000
72813  28.008  -10.165  61.950 0.0000000000
71594  27.382  -11.593  61.528 0.0000000000
71595  26.628  -11.953  61.628 0.0000000000
71612  25.921  -12.015  61.346 0.0000000000
72850  26.357  -10.821  60.208 0.0000000000
74093  25.763  -8.983  58.268 0.0000000000
75282  25.053  -8.578  58.720 0.0000000000
72912  21.678  -9.680  55.904 0.0000000000
72924  21.605  -10.418  55.214 0.0000000000
71715  20.735  -11.421  54.401 0.0000000000
70393  20.232  -11.851  53.978 0.0000000000
89549  37.784  2.232  33.978 0.0000000000
93314  47.294  6.203  32.983 0.0000000000
93330  47.697  6.559  32.736 0.0000000000
94622  47.628  6.951  32.419 0.0000000000
94639  47.363  7.235  32.289 0.0000000000
95897  46.774  7.449  31.934 0.0000000000
97187  45.811  7.496  31.290 0.0000000000
95872  45.133  6.530  32.401 0.0000000000
94626  43.673  5.959  31.874 0.0000000000
94625  44.237  6.285  31.872 0.0000000000
97173  45.224  7.040  31.663 0.0000000000
67826  17.633  -13.273  52.659 0.0000000000
67848  16.455  -14.597  52.375 0.0000000000
66531  16.073  -15.624  51.708 0.0000000000
65246  15.637  -16.529  51.721 0.0000000000
63990  15.477  -17.799  51.468 0.0000000000
66478  16.078  -15.882  55.307 0.0000000000
63936  14.787  -17.553  54.727 0.0000000000
63953  15.015  -17.500  53.471 0.0000000000
65236  15.070  -17.235  52.238 0.0000000000
157667  14.969  -18.021  51.593 0.0000000000
62669  15.522  -18.574  51.006 0.0000000000
62694  14.285  -19.652  50.801 0.0000000000
61320  14.264  -20.467  50.281 0.0000000000
61302  13.833  -19.659  51.306 0.0000000000
61321  13.632  -21.002  50.199 0.0000000000
62515  12.900  -17.571  58.296 0.0000000000
62536  12.758  -18.023  57.300 0.0000000000
62559  12.520  -18.155  56.306 0.0000000000
61221  12.744  -18.955  55.067 0.0000000000
61147  10.267  -19.142  59.057 0.0000000000
61171  10.490  -18.563  58.436 0.0000000000
62538  11.195  -18.488  57.418 0.0000000000
62561  9.944  -19.531  56.198 0.0000000000
62560  10.650  -19.218  56.090 0.0000000000
63905  11.077  -18.646  56.453 0.0000000000
63921  11.452  -18.713  55.863 0.0000000000
62580  11.993  -19.089  55.404 0.0000000000
59974  12.720  -19.347  54.471 0.0000000000
59999  12.202  -19.847  54.141 0.0000000000
58816  12.161  -20.371  53.009 0.0000000000
58837  11.516  -20.698  52.157 0.0000000000
58857  11.959  -21.227  51.308 0.0000000000
54080  4.938  -26.180  55.889 0.0000000000
54094  4.499  -26.756  55.752 0.0000000000
54067  4.223  -25.921  56.822 0.0000000000
86930  34.059  0.539  45.029 0.0000000000
86931  33.137  0.050  44.790 0.0000000000
86932  32.518  -0.433  44.674 0.0000000000
85705  32.468  -0.969  46.079 0.0000000000
84419  31.190  -3.149  45.181 0.0000000000
81775  30.796  -4.211  45.195 0.0000000000
83065  32.463  -4.227  47.415 0.0000000000
83108  31.433  -3.809  46.018 0.0000000000
81774  31.097  -4.227  45.731 0.0000000000
81762  30.414  -4.872  45.262 0.0000000000
157870  30.587  -5.767  45.650 0.0000000000
79122  31.028  -6.736  45.639 0.0000000000
77883  32.352  -6.910  45.912 0.0000000000
77894  31.792  -7.521  45.386 0.0000000000
76686  31.552  -8.414  44.697 0.0000000000
76640  33.329  -7.988  47.505 0.0000000000
75440  32.596  -8.384  47.033 0.0000000000
74295  32.290  -8.886  46.553 0.0000000000
74279  31.374  -9.534  47.190 0.0000000000
74296  32.030  -9.402  46.252 0.0000000000
74310  31.722  -9.449  45.463 0.0000000000
74311  30.889  -9.536  45.038 0.0000000000
74312  30.215  -9.907  44.477 0.0000000000
73112  30.010  -10.682  44.186 0.0000000000
73113  29.851  -11.206  43.366 0.0000000000
73104  29.356  -11.847  43.809 0.0000000000
71865  29.304  -11.915  45.577 0.0000000000
71878  29.157  -12.507  43.525 0.0000000000
74174  32.228  -10.244  53.210 0.0000000000
70283  28.383  -12.025  60.171 0.0000000000
70304  28.368  -12.611  59.470 0.0000000000
68999  29.097  -12.659  58.904 0.0000000000
69018  29.196  -13.230  58.450 0.0000000000
68998  29.608  -12.714  58.712 0.0000000000
69032  31.144  -13.024  57.255 0.0000000000
67825  27.997  -13.313  53.487 0.0000000000
67806  28.534  -13.535  53.954 0.0000000000
67788  29.582  -14.195  55.154 0.0000000000
66492  29.185  -14.441  53.837 0.0000000000
66474  29.340  -14.927  54.671 0.0000000000
66453  29.335  -15.201  55.421 0.0000000000
67744  30.454  -14.578  56.403 0.0000000000
69066  30.695  -13.906  56.119 0.0000000000
70348  31.748  -12.578  57.017 0.0000000000
70347  31.607  -11.965  56.468 0.0000000000
69093  32.297  -13.072  53.935 0.0000000000
70381  32.197  -12.711  54.522 0.0000000000
72935  31.437  -10.924  54.051 0.0000000000
72970  31.691  -10.782  52.467 0.0000000000
72989  31.341  -10.645  51.661 0.0000000000
70433  30.815  -11.899  51.431 0.0000000000
70434  30.455  -12.154  50.672 0.0000000000
71762  30.621  -11.711  50.340 0.0000000000
70478  30.469  -12.457  49.126 0.0000000000
66578  29.290  -14.699  49.189 0.0000000000
66577  29.774  -14.650  49.166 0.0000000000
66591  30.000  -14.534  48.826 0.0000000000
66609  29.098  -14.742  47.658 0.0000000000
67907  29.639  -13.930  48.177 0.0000000000
69221  29.727  -13.438  47.884 0.0000000000
69257  29.714  -13.828  46.133 0.0000000000
67965  29.504  -15.184  44.126 0.0000000000
88204  37.949  2.880  42.023 0.0000000000
88205  36.678  1.754  42.208 0.0000000000
88220  36.925  1.388  41.225 0.0000000000
86975  36.682  1.674  40.340 0.0000000000
86993  36.428  1.764  39.830 0.0000000000
85784  34.897  0.252  38.722 0.0000000000
86960  33.627  0.653  42.697 0.0000000000
86996  34.129  0.730  40.509 0.0000000000
85767  32.553  -0.159  40.252 0.0000000000
85765  34.506  0.479  39.562 0.0000000000
84464  34.741  -0.145  38.185 0.0000000000
56405  5.869  -24.001  56.639 0.0000000000
57545  7.545  -22.551  56.164 0.0000000000
58688  7.573  -20.935  58.875 0.0000000000
58762  7.884  -22.402  55.727 0.0000000000
58782  9.187  -21.391  55.474 0.0000000000
59907  9.625  -19.121  58.290 0.0000000000
59972  13.471  -19.005  54.548 0.0000000000
59976  9.359  -21.088  55.640 0.0000000000
60056  13.997  -19.546  52.001 0.0000000000
61189  10.808  -18.604  57.917 0.0000000000
61206  12.800  -18.371  55.444 0.0000000000
61207  10.343  -19.591  55.900 0.0000000000
61208  10.135  -19.846  55.758 0.0000000000
61222  12.277  -19.369  54.774 0.0000000000
61244  14.153  -18.726  54.306 0.0000000000
61245  13.880  -18.988  54.422 0.0000000000
61268  14.191  -19.008  53.269 0.0000000000
62513  14.429  -17.824  57.820 0.0000000000
62517  11.568  -18.132  58.868 0.0000000000
62518  11.392  -18.229  58.603 0.0000000000
62537  11.829  -17.904  57.413 0.0000000000
62556  14.360  -17.787  56.158 0.0000000000
62577  14.212  -18.091  55.280 0.0000000000
62579  12.342  -18.509  55.691 0.0000000000
62581  11.199  -19.241  55.464 0.0000000000
62582  9.848  -19.972  55.858 0.0000000000
62603  14.562  -18.039  53.858 0.0000000000
62605  11.953  -19.373  54.955 0.0000000000
62626  14.957  -17.422  52.599 0.0000000000
63855  14.566  -17.441  57.573 0.0000000000
63875  14.329  -17.073  57.111 0.0000000000
63876  14.467  -16.602  57.084 0.0000000000
63877  14.307  -16.477  57.125 0.0000000000
63880  11.020  -18.572  56.969 0.0000000000
63901  14.635  -16.478  57.066 0.0000000000
63902  14.393  -16.691  56.889 0.0000000000
63904  11.596  -18.259  56.282 0.0000000000
63919  14.507  -17.763  55.278 0.0000000000
63920  11.873  -18.473  55.842 0.0000000000
63954  15.105  -17.225  52.617 0.0000000000
63991  15.049  -18.329  51.539 0.0000000000
63992  14.873  -17.744  51.700 0.0000000000
63993  14.789  -17.509  51.868 0.0000000000
64011  15.212  -19.401  50.164 0.0000000000
64012  15.185  -19.585  50.000 0.0000000000
64029  15.337  -19.422  49.896 0.0000000000
65141  17.085  -16.108  60.727 0.0000000000
65158  14.993  -17.404  57.774 0.0000000000
65176  14.634  -16.465  57.143 0.0000000000
65194  14.577  -16.596  56.872 0.0000000000
65195  14.480  -16.485  56.946 0.0000000000
65235  15.249  -16.948  52.464 0.0000000000
65248  15.242  -17.129  51.939 0.0000000000
65249  14.987  -17.337  51.965 0.0000000000
65263  16.231  -15.972  50.661 0.0000000000
65264  15.215  -17.498  51.703 0.0000000000
65265  15.002  -17.541  51.765 0.0000000000
65275  28.883  -14.528  49.574 0.0000000000
65292  28.605  -14.809  49.165 0.0000000000
65293  28.157  -14.772  49.477 0.0000000000
65307  28.250  -14.925  49.168 0.0000000000
65323  28.800  -15.722  46.761 0.0000000000
65365  27.844  -16.102  45.573 0.0000000000
66424  15.358  -16.312  57.880 0.0000000000
66436  15.688  -15.811  57.640 0.0000000000
66438  14.758  -16.449  56.968 0.0000000000
66452  29.615  -15.462  55.642 0.0000000000
66454  29.324  -14.743  55.127 0.0000000000
66456  15.031  -16.447  56.792 0.0000000000
66457  14.737  -16.501  56.775 0.0000000000
66475  29.396  -14.183  54.527 0.0000000000
66476  28.916  -13.809  54.182 0.0000000000
66477  16.216  -14.964  55.113 0.0000000000
66494  28.535  -13.865  53.629 0.0000000000
66511  28.766  -14.192  53.097 0.0000000000
66527  29.815  -14.316  51.894 0.0000000000
66530  28.284  -14.214  52.535 0.0000000000
66546  27.514  -14.684  51.425 0.0000000000
66551  16.379  -15.678  50.725 0.0000000000
66563  27.935  -14.660  50.428 0.0000000000
66564  27.355  -14.963  51.042 0.0000000000
66568  17.168  -16.044  49.955 0.0000000000
66579  28.951  -14.803  48.946 0.0000000000
66580  27.796  -14.843  49.555 0.0000000000
66592  29.510  -14.645  48.544 0.0000000000
66611  28.878  -15.211  47.364 0.0000000000
66629  29.194  -14.473  46.968 0.0000000000
67714  16.311  -15.541  58.644 0.0000000000
67726  29.571  -13.982  57.051 0.0000000000
67729  17.785  -14.539  59.027 0.0000000000
67730  17.571  -14.725  59.009 0.0000000000
67731  16.579  -15.274  58.558 0.0000000000
67746  29.344  -14.511  56.631 0.0000000000
67747  29.069  -14.097  56.873 0.0000000000
67748  28.969  -13.791  56.960 0.0000000000
67766  30.142  -15.392  55.863 0.0000000000
67767  29.489  -15.221  56.085 0.0000000000
67771  16.690  -14.462  55.986 0.0000000000
67785  31.856  -14.230  54.508 0.0000000000
67786  31.153  -14.679  54.787 0.0000000000
67790  28.695  -13.086  55.019 0.0000000000
67809  16.496  -14.743  54.528 0.0000000000
67810  16.167  -15.175  54.311 0.0000000000
67822  30.854  -12.957  53.265 0.0000000000
67862  16.441  -15.473  50.903 0.0000000000
67869  30.486  -13.309  50.906 0.0000000000
67895  29.840  -14.467  48.603 0.0000000000
67899  17.309  -15.600  48.688 0.0000000000
67908  29.487  -14.529  48.304 0.0000000000
67909  27.241  -14.071  47.324 0.0000000000
69000  28.770  -12.720  59.081 0.0000000000
69020  27.915  -13.347  58.981 0.0000000000
69022  18.417  -14.233  59.133 0.0000000000
69023  17.229  -15.089  58.823 0.0000000000
69024  17.051  -15.228  58.759 0.0000000000
69036  28.814  -13.694  57.912 0.0000000000
69038  28.034  -12.939  58.450 0.0000000000
69043  16.518  -15.072  58.392 0.0000000000
69049  31.011  -13.154  56.458 0.0000000000
69050  30.542  -13.554  56.738 0.0000000000
69051  28.958  -13.843  57.322 0.0000000000
69058  16.440  -14.873  58.152 0.0000000000
69080  32.441  -13.299  54.507 0.0000000000
69082  28.786  -13.089  55.325 0.0000000000
69094  32.248  -13.637  54.201 0.0000000000
69096  27.657  -12.376  54.039 0.0000000000
69101  16.351  -14.963  54.316 0.0000000000
69117  16.343  -15.022  53.892 0.0000000000
69118  16.292  -15.092  54.114 0.0000000000
69130  31.407  -12.295  53.168 0.0000000000
69132  27.664  -13.186  52.468 0.0000000000
69149  30.820  -12.608  51.949 0.0000000000
69166  30.492  -12.721  51.094 0.0000000000
69209  26.892  -12.570  48.719 0.0000000000
69222  27.061  -14.050  47.442 0.0000000000
69223  26.995  -13.854  47.461 0.0000000000
69239  27.043  -13.945  47.221 0.0000000000
69259  26.738  -14.350  44.732 0.0000000000
70271  27.763  -12.098  61.286 0.0000000000
70272  27.261  -12.080  61.453 0.0000000000
70282  29.050  -11.981  59.946 0.0000000000
70303  29.138  -12.409  59.474 0.0000000000
70308  19.300  -13.083  60.038 0.0000000000
70309  19.280  -12.967  60.509 0.0000000000
70320  30.077  -12.537  58.779 0.0000000000
70321  28.025  -13.204  59.199 0.0000000000
70324  27.900  -11.595  59.760 0.0000000000
70327  18.814  -12.758  59.133 0.0000000000
70336  27.627  -13.044  58.636 0.0000000000
70341  18.754  -12.791  58.902 0.0000000000
70358  31.173  -12.572  56.003 0.0000000000
70363  19.044  -12.686  56.997 0.0000000000
70373  19.913  -12.154  55.099 0.0000000000
70391  31.655  -12.397  53.786 0.0000000000
70438  18.973  -12.872  50.498 0.0000000000
70456  26.453  -11.897  49.548 0.0000000000
70525  29.574  -12.413  45.999 0.0000000000
70546  29.319  -12.573  45.887 0.0000000000
70568  28.874  -12.982  43.181 0.0000000000
71574  27.604  -10.736  61.540 0.0000000000
71576  26.486  -11.286  61.927 0.0000000000
71592  28.606  -11.099  60.876 0.0000000000
71596  26.091  -11.648  61.704 0.0000000000
71632  27.230  -11.994  60.284 0.0000000000
71633  26.306  -11.914  60.516 0.0000000000
71637  19.243  -12.659  60.747 0.0000000000
71654  20.660  -10.880  59.282 0.0000000000
71658  18.967  -12.562  59.147 0.0000000000
71675  18.878  -12.591  58.944 0.0000000000
71683  21.309  -10.056  57.241 0.0000000000
71697  19.124  -12.743  57.354 0.0000000000
71721  26.619  -11.107  53.140 0.0000000000
71746  21.297  -10.617  51.405 0.0000000000
71747  21.041  -10.831  51.518 0.0000000000
71806  26.191  -11.705  48.516 0.0000000000
71849  29.739  -12.289  45.857 0.0000000000
71866  29.418  -12.362  45.820 0.0000000000
71890  29.125  -12.680  42.773 0.0000000000
72869  21.043  -10.473  59.255 0.0000000000
72871  19.958  -11.831  59.860 0.0000000000
72889  21.517  -10.252  58.267 0.0000000000
72902  21.479  -10.344  58.113 0.0000000000
72921  32.221  -11.084  54.956 0.0000000000
72990  25.210  -9.591  50.891 0.0000000000
72993  21.330  -10.618  51.666 0.0000000000
73005  25.069  -9.622  50.655 0.0000000000
73007  24.325  -10.341  50.127 0.0000000000
73008  21.597  -10.176  50.697 0.0000000000
73042  25.720  -11.476  48.670 0.0000000000
74095  21.867  -9.645  58.671 0.0000000000
74113  21.597  -10.053  58.112 0.0000000000
74127  26.262  -9.402  55.631 0.0000000000
74144  26.100  -9.431  55.444 0.0000000000
74146  24.042  -8.706  55.591 0.0000000000
74176  24.634  -8.999  53.474 0.0000000000
74191  23.004  -9.748  51.740 0.0000000000
74209  24.777  -9.630  50.803 0.0000000000
74211  23.167  -10.236  50.869 0.0000000000
74228  24.769  -9.708  50.552 0.0000000000
74232  21.973  -9.837  49.636 0.0000000000
74242  24.327  -10.573  49.161 0.0000000000
74244  22.878  -9.900  49.232 0.0000000000
74245  22.301  -9.873  49.523 0.0000000000
74255  24.277  -10.751  48.709 0.0000000000
74257  23.410  -10.082  48.878 0.0000000000
75284  22.668  -8.865  58.415 0.0000000000
75315  26.137  -9.253  55.793 0.0000000000
75316  25.918  -9.131  55.770 0.0000000000
75336  25.705  -9.265  55.412 0.0000000000
75337  24.726  -8.814  55.309 0.0000000000
75352  25.367  -9.346  54.818 0.0000000000
75354  23.807  -8.728  54.722 0.0000000000
75374  23.740  -9.996  51.609 0.0000000000
75375  23.511  -10.004  51.512 0.0000000000
75376  23.072  -9.984  51.458 0.0000000000
75389  23.773  -10.117  51.420 0.0000000000
75391  22.913  -10.097  51.233 0.0000000000
76479  23.165  -8.474  58.316 0.0000000000
76490  24.034  -7.439  58.101 0.0000000000
76491  23.619  -7.802  58.093 0.0000000000
76492  23.362  -8.248  58.242 0.0000000000
76524  24.159  -8.572  54.942 0.0000000000
76525  23.872  -8.611  55.029 0.0000000000
76543  24.099  -8.566  54.674 0.0000000000
76544  23.956  -8.578  54.827 0.0000000000
76618  34.703  -7.278  49.493 0.0000000000
76620  33.632  -7.586  50.302 0.0000000000
76630  34.270  -7.582  48.931 0.0000000000
77705  24.126  -7.689  58.332 0.0000000000
77706  23.962  -7.649  58.487 0.0000000000
77722  23.828  -7.621  58.286 0.0000000000
77862  34.077  -7.513  47.603 0.0000000000
79050  35.127  -6.170  50.684 0.0000000000
79084  34.148  -6.566  48.483 0.0000000000
79109  32.650  -6.624  46.863 0.0000000000
80394  35.068  -5.711  50.377 0.0000000000
80423  33.708  -6.232  48.504 0.0000000000
81705  33.725  -5.954  48.889 0.0000000000
81759  31.837  -4.964  46.528 0.0000000000
81760  31.349  -4.648  46.186 0.0000000000
84344  32.603  -1.375  47.152 0.0000000000
84421  30.762  -2.537  43.418 0.0000000000
84458  40.167  0.800  38.651 0.0000000000
84459  39.692  0.719  38.678 0.0000000000
84465  34.389  -0.215  38.402 0.0000000000
84515  40.236  0.770  38.122 0.0000000000
84516  40.020  0.497  38.058 0.0000000000
84517  39.441  0.100  37.978 0.0000000000
84549  39.049  0.110  37.489 0.0000000000
85670  33.466  -0.875  47.688 0.0000000000
85684  32.735  -0.978  46.728 0.0000000000
85720  33.603  -0.263  45.510 0.0000000000
85745  39.984  1.713  39.991 0.0000000000
85747  36.704  1.766  39.815 0.0000000000
85812  35.280  0.166  38.243 0.0000000000
85857  43.217  1.490  37.753 0.0000000000
85863  37.923  0.087  36.676 0.0000000000
85879  42.220  2.039  37.114 0.0000000000
86933  32.197  -0.780  44.564 0.0000000000
86952  42.410  2.602  41.183 0.0000000000
86956  39.337  2.915  40.814 0.0000000000
86962  32.373  -0.285  43.544 0.0000000000
86974  37.408  1.890  40.195 0.0000000000
87054  43.758  1.669  37.557 0.0000000000
87055  43.199  1.579  37.284 0.0000000000
87056  40.989  1.391  36.649 0.0000000000
87058  38.906  0.227  36.856 0.0000000000
87059  38.468  0.264  36.570 0.0000000000
87060  38.258  0.421  36.196 0.0000000000
87077  38.908  0.408  36.613 0.0000000000
87079  37.975  0.504  35.967 0.0000000000
88168  35.808  2.010  43.890 0.0000000000
88169  35.887  2.188  44.080 0.0000000000
88188  36.105  1.693  42.454 0.0000000000
88189  35.702  1.903  43.123 0.0000000000
88190  35.843  2.094  43.335 0.0000000000
88206  36.033  2.053  42.845 0.0000000000
88207  35.776  2.035  43.088 0.0000000000
88208  35.619  2.051  43.222 0.0000000000
88217  41.035  2.475  41.194 0.0000000000
88227  38.561  2.217  40.224 0.0000000000
88228  38.269  2.179  40.386 0.0000000000
88287  43.094  2.305  36.436 0.0000000000
88288  42.889  2.517  36.241 0.0000000000
88289  40.770  1.520  36.570 0.0000000000
88290  40.573  1.432  36.661 0.0000000000
88291  38.678  0.310  36.560 0.0000000000
88292  38.390  0.352  36.378 0.0000000000
88293  38.065  0.614  35.983 0.0000000000
88309  38.666  0.436  36.376 0.0000000000
88310  38.286  0.448  36.190 0.0000000000
88311  38.209  0.579  35.993 0.0000000000
89411  36.343  2.530  43.918 0.0000000000
89412  35.995  2.289  43.754 0.0000000000
89413  35.779  2.140  43.660 0.0000000000
89428  36.176  2.368  43.384 0.0000000000
89429  35.823  2.185  43.388 0.0000000000
89438  36.445  2.235  42.944 0.0000000000
89439  35.967  2.233  42.979 0.0000000000
89440  35.770  2.150  43.012 0.0000000000
89514  43.184  2.607  36.330 0.0000000000
89515  42.945  2.752  36.232 0.0000000000
89540  44.924  3.238  36.141 0.0000000000
89545  41.388  2.501  35.225 0.0000000000
89548  37.990  2.474  34.241 0.0000000000
89565  37.813  2.207  33.615 0.0000000000
89566  37.903  2.356  33.789 0.0000000000
90645  36.949  3.274  44.080 0.0000000000
90646  36.711  2.899  44.120 0.0000000000
90661  36.972  3.248  43.767 0.0000000000
90662  36.740  3.042  43.919 0.0000000000
90737  43.152  2.829  36.169 0.0000000000
90738  42.972  2.973  36.101 0.0000000000
90752  42.974  2.728  36.221 0.0000000000
90753  43.154  2.857  35.875 0.0000000000
90765  41.947  3.399  33.980 0.0000000000
90767  39.974  4.022  34.313 0.0000000000
90769  37.986  2.613  34.003 0.0000000000
90770  37.787  2.475  33.994 0.0000000000
90782  40.722  3.429  34.510 0.0000000000
90786  38.067  2.530  33.791 0.0000000000
90795  42.856  3.777  34.465 0.0000000000
92041  42.218  3.669  33.990 0.0000000000
92042  42.082  3.571  33.898 0.0000000000
92044  40.083  4.343  34.131 0.0000000000
92060  42.457  3.767  34.177 0.0000000000
92062  41.179  3.911  34.257 0.0000000000
92075  43.487  4.184  34.299 0.0000000000
92076  42.881  4.252  34.218 0.0000000000
93285  41.028  4.335  34.047 0.0000000000
93286  40.653  4.511  33.954 0.0000000000
93287  40.243  4.514  33.758 0.0000000000
93295  45.802  5.166  34.199 0.0000000000
93300  41.232  4.531  33.849 0.0000000000
93302  40.075  4.381  33.254 0.0000000000
93315  43.914  4.498  33.981 0.0000000000
93344  47.381  6.861  32.484 0.0000000000
94590  43.705  5.125  33.438 0.0000000000
94592  41.045  5.123  33.380 0.0000000000
94593  40.753  5.060  33.214 0.0000000000
94623  46.735  6.649  32.544 0.0000000000
94640  46.788  7.067  32.394 0.0000000000
94641  46.503  6.835  32.444 0.0000000000
97201  49.453  8.971  31.405 0.0000000000
98434  45.076  7.927  29.524 0.0000000000
99576  49.875  9.798  30.597 0.0000000000
101865  50.798  11.454  28.896 0.0000000000
103020  53.813  12.496  28.164 0.0000000000
103032  54.903  12.864  25.735 0.0000000000
103038  55.089  12.514  24.475 0.0000000000
157612  8.219  -21.340  57.482 0.0000000000
157613  8.341  -21.630  56.456 0.0000000000
157618  8.220  -21.171  57.009 0.0000000000
157620  8.494  -20.725  57.602 0.0000000000
157621  8.497  -20.658  57.347 0.0000000000
157622  8.242  -21.200  57.278 0.0000000000
157625  8.331  -20.992  57.465 0.0000000000
157666  15.072  -17.329  52.851 0.0000000000
157869  30.567  -6.417  45.485 0.0000000000
157871  30.973  -5.426  45.974 0.0000000000
157887  43.996  1.737  40.185 0.0000000000
157888  44.284  1.770  40.204 0.0000000000
157890  44.157  1.779  40.304 0.0000000000
157892  43.632  1.968  39.445 0.0000000000
157893  44.002  1.866  39.424 0.0000000000
