#!ascii label  , from subject 3617 vox2ras=TkReg
864
36158  -18.970  -38.198  66.444 0.0000000000
49586  -44.045  -24.908  64.442 0.0000000000
59821  -45.689  -16.670  62.083 0.0000000000
63191  -51.588  -12.198  56.113 0.0000000000
49583  -40.102  -25.644  64.079 0.0000000000
62067  -49.449  -14.412  59.385 0.0000000000
73413  -49.779  -3.630  53.476 0.0000000000
77606  -54.506  -0.039  52.819 0.0000000000
48654  -45.675  -26.752  62.667 0.0000000000
53610  -44.861  -21.537  61.067 0.0000000000
55512  -43.835  -20.339  64.303 0.0000000000
38220  -18.027  -37.096  69.754 0.0000000000
39162  -22.116  -35.100  69.746 0.0000000000
43235  -25.476  -32.443  70.511 0.0000000000
45441  -30.342  -30.042  69.712 0.0000000000
46516  -34.764  -29.072  69.196 0.0000000000
46566  -38.203  -28.260  66.045 0.0000000000
45530  -43.384  -29.017  64.572 0.0000000000
54618  -49.350  -20.041  59.340 0.0000000000
78694  -56.301  1.208  51.562 0.0000000000
49587  -45.447  -25.261  64.639 0.0000000000
51533  -45.609  -23.506  64.132 0.0000000000
52560  -43.269  -22.442  64.369 0.0000000000
39212  -18.319  -35.782  67.258 0.0000000000
39177  -20.236  -35.730  70.008 0.0000000000
48555  -34.835  -26.758  67.142 0.0000000000
47543  -36.513  -28.131  67.660 0.0000000000
49534  -37.337  -26.156  67.351 0.0000000000
48619  -42.755  -26.390  64.179 0.0000000000
47590  -42.172  -27.381  65.880 0.0000000000
47613  -44.155  -27.104  65.058 0.0000000000
46621  -45.100  -28.079  63.251 0.0000000000
56555  -45.328  -18.604  62.221 0.0000000000
55596  -46.885  -19.539  59.553 0.0000000000
57624  -47.624  -17.307  61.211 0.0000000000
63155  -50.507  -12.872  58.131 0.0000000000
58774  -51.194  -16.138  58.823 0.0000000000
134757  -52.255  -15.650  57.039 0.0000000000
62137  -52.898  -13.763  55.177 0.0000000000
73395  -52.513  -3.957  55.464 0.0000000000
71288  -51.103  -5.477  56.063 0.0000000000
48616  -37.155  -25.942  64.311 0.0000000000
63210  -49.475  -13.034  54.221 0.0000000000
75430  -52.447  -1.744  53.541 0.0000000000
73406  -54.433  -2.757  53.692 0.0000000000
75492  -57.039  -1.247  49.296 0.0000000000
47715  -45.105  -27.429  59.708 0.0000000000
51569  -45.165  -23.621  62.264 0.0000000000
54572  -44.928  -20.957  63.102 0.0000000000
36116  -18.440  -38.378  68.435 0.0000000000
38226  -23.912  -35.866  70.221 0.0000000000
41084  -24.122  -33.662  70.295 0.0000000000
39183  -26.020  -34.869  70.309 0.0000000000
41086  -27.218  -33.127  70.633 0.0000000000
42121  -29.971  -32.250  70.139 0.0000000000
42124  -31.802  -31.987  69.143 0.0000000000
46501  -32.667  -29.347  69.705 0.0000000000
44413  -35.419  -30.362  66.833 0.0000000000
48560  -39.634  -26.676  66.381 0.0000000000
45511  -41.076  -29.229  65.123 0.0000000000
43327  -42.381  -30.860  62.804 0.0000000000
43363  -43.995  -30.854  61.170 0.0000000000
44491  -45.161  -29.319  60.595 0.0000000000
57638  -49.268  -17.086  60.077 0.0000000000
67746  -50.329  -8.487  54.913 0.0000000000
65362  -52.022  -10.447  55.425 0.0000000000
36136  -17.726  -38.422  67.671 0.0000000000
49567  -44.964  -25.347  64.840 0.0000000000
51515  -44.813  -23.410  64.789 0.0000000000
51530  -43.655  -23.366  64.443 0.0000000000
48572  -35.494  -26.646  66.456 0.0000000000
48556  -35.753  -26.633  67.360 0.0000000000
48593  -36.290  -26.350  65.896 0.0000000000
49584  -43.243  -25.953  63.989 0.0000000000
48620  -43.255  -26.482  64.538 0.0000000000
49565  -43.935  -25.972  64.532 0.0000000000
48599  -45.192  -26.146  64.949 0.0000000000
56566  -46.241  -18.006  61.723 0.0000000000
58716  -46.613  -16.894  62.205 0.0000000000
63172  -51.343  -12.663  57.122 0.0000000000
62100  -51.575  -13.856  58.523 0.0000000000
62128  -52.659  -13.731  56.746 0.0000000000
61074  -52.690  -14.645  56.163 0.0000000000
63174  -52.680  -12.933  56.328 0.0000000000
72416  -53.064  -4.723  54.706 0.0000000000
71289  -53.072  -5.617  55.104 0.0000000000
70166  -52.580  -5.945  54.029 0.0000000000
75480  -52.049  -1.472  51.395 0.0000000000
76537  -53.879  -0.721  53.293 0.0000000000
75420  -53.912  -1.700  54.125 0.0000000000
76525  -54.419  -1.001  53.660 0.0000000000
74439  -55.250  -2.211  53.011 0.0000000000
76540  -55.340  -0.623  52.894 0.0000000000
76574  -56.794  -0.104  50.340 0.0000000000
48668  -45.538  -26.680  61.258 0.0000000000
49631  -45.432  -25.655  61.448 0.0000000000
49621  -45.433  -25.142  62.245 0.0000000000
53562  -44.876  -21.818  64.422 0.0000000000
53578  -45.154  -21.867  63.639 0.0000000000
55527  -44.502  -20.250  63.847 0.0000000000
56540  -44.759  -19.282  63.372 0.0000000000
56538  -43.836  -18.589  64.132 0.0000000000
36100  -19.046  -38.286  69.189 0.0000000000
37187  -19.494  -37.360  70.092 0.0000000000
39178  -21.606  -35.393  69.781 0.0000000000
43249  -25.032  -32.388  70.136 0.0000000000
42100  -24.599  -33.246  70.335 0.0000000000
40076  -24.936  -33.696  70.661 0.0000000000
41072  -25.694  -33.155  70.672 0.0000000000
40092  -26.818  -33.638  70.625 0.0000000000
42087  -26.614  -32.678  70.757 0.0000000000
44366  -30.121  -30.862  70.162 0.0000000000
42122  -30.618  -31.887  70.005 0.0000000000
44380  -30.686  -30.705  69.733 0.0000000000
47523  -33.307  -28.231  68.736 0.0000000000
47522  -32.424  -28.304  68.712 0.0000000000
46515  -33.509  -29.117  69.210 0.0000000000
45458  -33.276  -29.993  69.383 0.0000000000
45460  -35.183  -30.001  68.757 0.0000000000
44406  -35.219  -30.599  67.573 0.0000000000
45461  -35.636  -29.504  68.511 0.0000000000
47563  -37.443  -27.751  67.035 0.0000000000
46564  -36.854  -28.722  66.404 0.0000000000
46585  -37.915  -28.515  65.401 0.0000000000
46605  -38.747  -28.812  64.898 0.0000000000
49562  -38.292  -25.518  65.621 0.0000000000
49550  -39.590  -25.885  65.763 0.0000000000
46591  -43.100  -28.203  65.574 0.0000000000
46570  -41.725  -27.825  65.756 0.0000000000
45529  -42.367  -29.345  64.554 0.0000000000
45528  -41.584  -29.543  64.501 0.0000000000
44444  -42.762  -29.884  64.178 0.0000000000
44463  -44.057  -30.276  63.156 0.0000000000
47656  -45.538  -27.504  63.102 0.0000000000
45567  -45.141  -29.060  61.914 0.0000000000
47687  -45.651  -27.567  61.810 0.0000000000
46662  -45.331  -28.231  60.266 0.0000000000
38254  -17.323  -36.972  68.546 0.0000000000
38219  -17.323  -37.436  69.473 0.0000000000
37184  -17.120  -37.757  69.663 0.0000000000
52638  -44.756  -22.542  60.628 0.0000000000
53635  -45.295  -21.433  58.808 0.0000000000
54605  -48.033  -19.594  59.689 0.0000000000
61007  -48.802  -15.060  59.805 0.0000000000
59850  -48.666  -15.902  60.573 0.0000000000
59875  -49.856  -15.698  59.834 0.0000000000
57670  -51.387  -17.269  58.128 0.0000000000
56611  -50.981  -17.916  58.581 0.0000000000
68922  -51.898  -7.239  56.575 0.0000000000
68939  -50.419  -7.148  55.225 0.0000000000
67717  -51.880  -8.693  55.823 0.0000000000
66556  -51.621  -9.575  55.551 0.0000000000
66557  -52.270  -9.517  55.464 0.0000000000
65364  -52.610  -11.128  54.899 0.0000000000
78698  -53.807  0.686  51.538 0.0000000000
78681  -55.379  0.401  52.105 0.0000000000
78700  -55.168  1.586  51.354 0.0000000000
80880  -55.758  2.164  49.944 0.0000000000
48622  -45.623  -26.153  63.747 0.0000000000
50554  -45.720  -24.494  63.955 0.0000000000
50553  -45.566  -24.369  64.401 0.0000000000
52538  -44.944  -22.513  64.789 0.0000000000
53559  -43.164  -21.278  64.306 0.0000000000
39193  -18.207  -36.579  68.997 0.0000000000
38221  -18.819  -36.817  70.177 0.0000000000
40115  -20.968  -34.838  68.986 0.0000000000
47541  -35.131  -27.393  68.556 0.0000000000
47526  -35.923  -28.483  68.365 0.0000000000
48544  -35.925  -26.939  68.046 0.0000000000
48546  -37.251  -27.336  67.550 0.0000000000
47564  -38.481  -27.195  66.811 0.0000000000
48617  -40.772  -26.023  63.689 0.0000000000
48594  -40.709  -26.198  64.632 0.0000000000
48595  -41.636  -26.629  64.948 0.0000000000
47612  -43.293  -27.321  65.462 0.0000000000
46592  -43.739  -27.774  65.273 0.0000000000
45531  -44.264  -28.880  64.121 0.0000000000
47634  -44.508  -27.162  64.755 0.0000000000
47636  -45.344  -26.660  63.858 0.0000000000
39220  -17.001  -36.129  66.485 0.0000000000
55549  -45.057  -20.079  61.767 0.0000000000
54604  -45.033  -20.349  60.439 0.0000000000
56579  -45.717  -18.677  61.211 0.0000000000
56597  -47.344  -18.811  60.467 0.0000000000
55565  -48.531  -18.529  60.228 0.0000000000
62082  -50.000  -13.706  59.098 0.0000000000
61010  -50.761  -14.834  59.534 0.0000000000
61031  -51.330  -14.596  59.228 0.0000000000
58775  -51.522  -16.273  58.216 0.0000000000
73404  -51.401  -3.312  54.920 0.0000000000
73402  -50.093  -4.406  54.090 0.0000000000
73388  -51.815  -4.649  55.962 0.0000000000
70100  -52.872  -6.408  56.074 0.0000000000
50577  -43.158  -24.845  62.683 0.0000000000
48638  -42.361  -26.307  63.231 0.0000000000
59847  -46.505  -15.943  61.447 0.0000000000
61057  -48.810  -14.335  57.475 0.0000000000
62114  -49.248  -13.819  57.149 0.0000000000
62135  -50.236  -13.210  56.333 0.0000000000
63190  -50.769  -12.884  56.112 0.0000000000
74437  -50.915  -2.160  53.740 0.0000000000
74427  -52.664  -2.426  54.688 0.0000000000
73397  -53.614  -3.439  54.730 0.0000000000
72427  -53.735  -3.785  53.491 0.0000000000
76557  -56.342  -0.268  51.627 0.0000000000
74483  -56.580  -1.668  50.389 0.0000000000
49638  -45.154  -25.494  60.343 0.0000000000
50597  -45.068  -24.541  60.816 0.0000000000
52619  -44.925  -22.613  61.641 0.0000000000
51551  -45.505  -23.658  63.552 0.0000000000
52601  -45.214  -22.729  62.863 0.0000000000
54583  -44.925  -20.808  62.447 0.0000000000
55538  -44.954  -19.820  62.624 0.0000000000
57607  -45.276  -18.057  62.611 0.0000000000
52582  -42.843  -22.303  63.344 0.0000000000
53574  -43.158  -21.294  63.131 0.0000000000
56564  -43.070  -19.317  62.191 0.0000000000
36137  -18.711  -38.327  67.499 0.0000000000
36117  -19.410  -38.309  68.333 0.0000000000
38243  -25.271  -35.922  69.499 0.0000000000
41119  -21.314  -34.751  68.275 0.0000000000
41093  -22.226  -34.451  69.710 0.0000000000
41082  -22.633  -34.291  70.078 0.0000000000
39182  -25.233  -35.213  70.264 0.0000000000
41108  -28.518  -32.652  69.334 0.0000000000
40119  -29.655  -32.864  68.966 0.0000000000
46511  -29.730  -29.304  68.979 0.0000000000
46532  -30.983  -28.711  68.471 0.0000000000
46499  -31.218  -29.416  69.430 0.0000000000
44382  -32.269  -30.253  69.666 0.0000000000
43265  -32.759  -31.240  68.541 0.0000000000
45491  -36.001  -29.566  66.944 0.0000000000
49561  -37.549  -25.651  66.026 0.0000000000
48559  -38.742  -26.438  66.760 0.0000000000
47587  -39.250  -27.607  66.519 0.0000000000
47589  -41.159  -27.304  65.796 0.0000000000
47588  -40.138  -27.241  66.327 0.0000000000
46587  -39.544  -28.816  65.302 0.0000000000
45527  -40.783  -29.657  64.218 0.0000000000
44476  -41.143  -30.555  62.676 0.0000000000
43379  -44.286  -31.132  60.342 0.0000000000
45565  -44.712  -29.207  62.368 0.0000000000
44489  -44.682  -29.694  60.896 0.0000000000
43403  -44.583  -30.557  60.068 0.0000000000
45616  -44.909  -29.513  59.050 0.0000000000
36115  -17.508  -38.410  68.548 0.0000000000
58718  -47.929  -16.515  60.973 0.0000000000
57637  -48.336  -17.232  60.627 0.0000000000
55583  -49.351  -18.955  59.883 0.0000000000
57653  -50.583  -16.508  59.348 0.0000000000
56609  -50.265  -18.148  59.431 0.0000000000
54629  -50.189  -20.292  58.603 0.0000000000
63223  -49.735  -11.895  53.975 0.0000000000
63213  -51.583  -11.586  55.509 0.0000000000
71305  -49.990  -5.685  54.319 0.0000000000
70163  -49.843  -6.713  53.878 0.0000000000
66579  -50.471  -9.455  54.852 0.0000000000
65380  -50.961  -10.429  55.107 0.0000000000
64263  -51.806  -11.297  55.522 0.0000000000
63194  -52.730  -12.723  55.191 0.0000000000
36172  -17.981  -38.313  65.440 0.0000000000
50540  -44.494  -24.426  64.618 0.0000000000
50551  -43.681  -24.414  64.260 0.0000000000
48591  -34.690  -27.519  64.848 0.0000000000
48592  -35.425  -26.849  65.321 0.0000000000
49585  -43.598  -25.670  64.251 0.0000000000
49566  -44.261  -25.600  64.619 0.0000000000
58715  -45.890  -16.875  62.462 0.0000000000
59822  -46.264  -16.448  62.010 0.0000000000
63157  -51.545  -13.209  57.784 0.0000000000
63173  -52.086  -12.900  56.884 0.0000000000
72426  -52.952  -4.715  53.739 0.0000000000
71318  -52.735  -5.414  53.917 0.0000000000
77622  -53.932  0.032  52.651 0.0000000000
76556  -53.898  -0.381  53.058 0.0000000000
75432  -54.010  -0.979  53.651 0.0000000000
76539  -54.769  -0.481  53.229 0.0000000000
76526  -55.057  -1.157  53.582 0.0000000000
48669  -45.701  -26.651  62.025 0.0000000000
49632  -45.606  -25.823  62.167 0.0000000000
49622  -45.673  -25.718  62.781 0.0000000000
55513  -44.205  -20.456  64.336 0.0000000000
54558  -44.756  -21.261  64.028 0.0000000000
55526  -44.098  -19.665  64.219 0.0000000000
55525  -43.681  -19.655  64.006 0.0000000000
37186  -18.444  -37.444  70.000 0.0000000000
42119  -24.753  -32.891  70.346 0.0000000000
42101  -25.184  -32.862  70.471 0.0000000000
42084  -24.752  -33.055  70.486 0.0000000000
42085  -25.434  -32.956  70.591 0.0000000000
42086  -26.004  -32.671  70.691 0.0000000000
43226  -26.353  -32.384  70.715 0.0000000000
45440  -29.459  -30.008  69.994 0.0000000000
45423  -29.161  -30.395  70.399 0.0000000000
45424  -29.744  -30.445  70.192 0.0000000000
44367  -30.504  -31.000  69.928 0.0000000000
44379  -30.286  -30.564  69.904 0.0000000000
47524  -34.363  -28.146  68.926 0.0000000000
45459  -34.116  -29.929  69.100 0.0000000000
46517  -35.616  -29.078  68.871 0.0000000000
47585  -37.858  -28.022  66.454 0.0000000000
46565  -37.422  -28.407  66.180 0.0000000000
46604  -38.294  -28.650  65.057 0.0000000000
46586  -38.625  -28.542  65.482 0.0000000000
49582  -39.247  -25.496  64.349 0.0000000000
49564  -39.935  -25.723  65.071 0.0000000000
45513  -42.588  -28.741  65.064 0.0000000000
44462  -43.356  -30.187  63.716 0.0000000000
45548  -43.996  -29.584  63.843 0.0000000000
47671  -45.618  -27.010  62.951 0.0000000000
47672  -45.647  -27.374  62.496 0.0000000000
48655  -45.721  -27.026  62.211 0.0000000000
48670  -45.768  -26.946  61.844 0.0000000000
38238  -17.483  -36.855  68.889 0.0000000000
37185  -17.728  -37.549  69.756 0.0000000000
52656  -44.671  -22.703  59.311 0.0000000000
53624  -44.804  -21.390  59.915 0.0000000000
54617  -48.663  -20.180  59.359 0.0000000000
53636  -48.425  -20.928  58.914 0.0000000000
53637  -49.091  -20.757  58.897 0.0000000000
53653  -49.676  -21.151  58.424 0.0000000000
60988  -49.086  -15.445  60.161 0.0000000000
61008  -49.536  -15.000  59.633 0.0000000000
73412  -49.379  -4.239  52.977 0.0000000000
67695  -52.661  -7.982  56.036 0.0000000000
67694  -52.242  -7.979  56.200 0.0000000000
49588  -45.718  -25.297  64.212 0.0000000000
51514  -44.118  -23.392  64.786 0.0000000000
52537  -44.298  -22.601  64.896 0.0000000000
53561  -44.420  -21.787  64.742 0.0000000000
53560  -43.644  -21.814  64.731 0.0000000000
39203  -18.195  -36.022  68.144 0.0000000000
48571  -34.291  -27.207  66.072 0.0000000000
48554  -34.078  -27.053  67.190 0.0000000000
47540  -34.051  -27.342  68.146 0.0000000000
48543  -35.023  -26.838  67.930 0.0000000000
48573  -36.371  -26.326  66.829 0.0000000000
48557  -36.737  -26.489  67.485 0.0000000000
49533  -37.040  -26.185  67.393 0.0000000000
48558  -37.647  -26.807  67.390 0.0000000000
48618  -41.592  -26.383  63.999 0.0000000000
48596  -42.687  -26.856  65.188 0.0000000000
48597  -43.746  -26.479  64.784 0.0000000000
46608  -44.286  -27.938  64.644 0.0000000000
48621  -45.482  -26.068  64.368 0.0000000000
39211  -17.553  -36.002  67.335 0.0000000000
55550  -45.207  -19.390  61.950 0.0000000000
56578  -45.570  -18.968  61.031 0.0000000000
56565  -45.557  -18.558  61.776 0.0000000000
56567  -47.195  -17.772  61.350 0.0000000000
56580  -47.003  -18.292  60.917 0.0000000000
56581  -47.969  -17.992  60.847 0.0000000000
55564  -47.935  -18.767  60.581 0.0000000000
63138  -50.496  -13.083  58.780 0.0000000000
62083  -50.557  -13.828  59.235 0.0000000000
62099  -51.303  -13.419  58.813 0.0000000000
61058  -51.986  -14.647  58.151 0.0000000000
59920  -51.973  -15.555  57.767 0.0000000000
57679  -51.872  -16.645  57.207 0.0000000000
58786  -52.313  -15.960  56.523 0.0000000000
74417  -52.041  -3.358  55.195 0.0000000000
73394  -51.603  -4.093  55.441 0.0000000000
68924  -53.049  -6.937  55.830 0.0000000000
49604  -43.200  -25.557  63.504 0.0000000000
62097  -49.286  -13.827  58.013 0.0000000000
62151  -49.784  -13.461  54.935 0.0000000000
62134  -50.081  -13.395  55.633 0.0000000000
63211  -50.112  -12.783  54.723 0.0000000000
75448  -51.978  -1.559  52.659 0.0000000000
75447  -51.103  -1.755  52.600 0.0000000000
75446  -50.470  -2.038  52.115 0.0000000000
75429  -51.635  -1.817  53.310 0.0000000000
74438  -51.846  -2.123  53.885 0.0000000000
75418  -52.394  -2.192  54.229 0.0000000000
74429  -54.239  -2.402  54.125 0.0000000000
74428  -53.754  -2.426  54.442 0.0000000000
74420  -53.834  -2.902  54.501 0.0000000000
73405  -54.001  -3.224  54.089 0.0000000000
72439  -53.967  -3.353  52.507 0.0000000000
73415  -54.211  -3.117  53.301 0.0000000000
74451  -55.665  -2.129  52.140 0.0000000000
78693  -55.828  0.955  51.793 0.0000000000
77608  -55.633  0.162  52.266 0.0000000000
77624  -56.221  0.523  51.871 0.0000000000
75482  -57.186  -0.964  49.729 0.0000000000
75481  -56.953  -0.826  50.348 0.0000000000
48715  -44.823  -26.454  59.006 0.0000000000
48699  -45.197  -26.412  59.976 0.0000000000
50589  -45.223  -24.497  61.757 0.0000000000
51591  -44.969  -23.563  61.271 0.0000000000
52600  -45.038  -22.677  62.256 0.0000000000
53588  -45.125  -21.819  63.106 0.0000000000
53599  -45.052  -21.779  62.673 0.0000000000
57587  -44.367  -18.211  63.723 0.0000000000
57589  -44.943  -18.733  63.033 0.0000000000
36101  -19.973  -38.044  69.189 0.0000000000
39176  -19.083  -36.140  69.806 0.0000000000
38222  -19.808  -36.472  70.262 0.0000000000
38241  -23.447  -36.549  69.726 0.0000000000
38242  -24.384  -36.350  69.575 0.0000000000
37205  -24.780  -36.562  68.836 0.0000000000
38227  -24.707  -35.836  70.157 0.0000000000
41120  -22.113  -34.442  68.417 0.0000000000
41106  -21.797  -34.666  69.091 0.0000000000
41083  -23.281  -33.885  70.211 0.0000000000
40104  -23.219  -34.561  70.377 0.0000000000
40088  -23.736  -34.229  70.381 0.0000000000
40090  -25.236  -34.061  70.746 0.0000000000
39166  -24.842  -34.573  70.544 0.0000000000
39167  -25.514  -34.532  70.564 0.0000000000
39195  -25.673  -35.354  69.933 0.0000000000
39184  -26.565  -34.765  70.041 0.0000000000
40106  -27.111  -33.936  70.145 0.0000000000
41095  -27.531  -33.286  70.229 0.0000000000
40107  -27.652  -33.275  69.976 0.0000000000
41096  -28.090  -32.589  69.793 0.0000000000
43251  -29.438  -31.783  70.265 0.0000000000
43239  -28.901  -31.545  70.238 0.0000000000
42120  -29.152  -32.026  69.984 0.0000000000
41109  -29.216  -32.593  69.306 0.0000000000
41097  -29.574  -32.455  69.665 0.0000000000
41098  -30.492  -32.515  69.680 0.0000000000
42123  -31.280  -31.934  69.495 0.0000000000
41099  -31.183  -32.379  69.496 0.0000000000
41100  -31.548  -32.265  69.308 0.0000000000
41112  -31.849  -32.452  68.957 0.0000000000
42136  -32.455  -31.927  68.844 0.0000000000
46514  -32.570  -28.774  69.302 0.0000000000
46513  -31.622  -28.718  69.125 0.0000000000
46500  -31.911  -29.144  69.950 0.0000000000
45442  -31.331  -29.921  69.574 0.0000000000
45443  -32.120  -29.849  69.893 0.0000000000
44395  -33.402  -30.589  68.800 0.0000000000
43266  -33.532  -31.176  68.331 0.0000000000
42138  -33.664  -31.748  68.135 0.0000000000
43283  -35.143  -31.103  66.792 0.0000000000
47527  -36.116  -28.666  68.029 0.0000000000
46549  -36.553  -28.750  66.977 0.0000000000
49579  -36.879  -25.862  65.598 0.0000000000
49580  -37.454  -25.672  64.986 0.0000000000
49549  -38.955  -25.750  66.040 0.0000000000
48574  -38.883  -25.984  66.458 0.0000000000
47565  -39.386  -26.983  66.623 0.0000000000
48577  -41.766  -26.948  65.661 0.0000000000
48576  -40.360  -26.596  65.742 0.0000000000
46589  -41.369  -28.454  65.480 0.0000000000
46569  -40.812  -27.905  65.868 0.0000000000
46588  -40.504  -28.656  65.541 0.0000000000
46568  -39.914  -28.165  66.115 0.0000000000
45510  -40.237  -29.227  65.019 0.0000000000
44460  -41.771  -30.469  63.254 0.0000000000
44442  -41.357  -30.030  63.981 0.0000000000
43326  -41.929  -30.899  62.581 0.0000000000
43347  -43.549  -31.024  62.321 0.0000000000
46620  -44.618  -28.356  63.853 0.0000000000
45549  -44.585  -29.181  63.211 0.0000000000
45550  -44.942  -28.701  62.673 0.0000000000
45578  -45.126  -29.078  61.319 0.0000000000
45577  -44.840  -29.248  61.508 0.0000000000
44490  -45.014  -29.482  60.695 0.0000000000
44503  -44.766  -29.971  60.304 0.0000000000
44518  -44.812  -30.087  59.513 0.0000000000
45603  -45.220  -29.434  59.890 0.0000000000
47700  -45.414  -27.165  60.708 0.0000000000
46673  -45.106  -28.428  59.520 0.0000000000
36099  -18.165  -38.255  69.232 0.0000000000
36098  -17.235  -38.190  69.328 0.0000000000
55579  -45.867  -19.227  59.915 0.0000000000
54614  -45.591  -20.320  59.371 0.0000000000
54615  -46.627  -20.148  59.118 0.0000000000
59848  -47.338  -15.960  61.037 0.0000000000
59823  -47.091  -16.245  61.818 0.0000000000
58741  -49.531  -16.286  60.088 0.0000000000
58740  -48.666  -16.476  60.569 0.0000000000
56598  -49.238  -17.933  59.812 0.0000000000
57651  -49.611  -17.494  59.805 0.0000000000
59894  -51.001  -15.253  59.434 0.0000000000
58759  -50.516  -16.050  59.521 0.0000000000
56610  -50.671  -17.971  58.949 0.0000000000
55606  -50.633  -19.459  58.546 0.0000000000
55599  -50.131  -19.254  59.309 0.0000000000
64279  -50.593  -11.349  54.328 0.0000000000
72403  -50.703  -4.928  55.457 0.0000000000
72414  -50.061  -4.948  54.142 0.0000000000
71306  -50.276  -5.539  54.988 0.0000000000
68967  -50.471  -7.907  55.260 0.0000000000
70150  -50.160  -6.641  54.715 0.0000000000
68966  -50.134  -7.613  54.512 0.0000000000
68981  -49.732  -7.687  53.534 0.0000000000
67745  -49.991  -8.714  54.051 0.0000000000
66555  -51.013  -9.797  55.467 0.0000000000
65361  -51.447  -10.339  55.386 0.0000000000
64264  -52.303  -11.467  55.497 0.0000000000
63193  -52.634  -12.570  55.645 0.0000000000
50541  -45.209  -24.350  64.625 0.0000000000
51513  -43.838  -23.173  64.714 0.0000000000
49560  -36.883  -25.868  66.428 0.0000000000
47614  -44.673  -26.703  64.831 0.0000000000
48598  -44.564  -26.247  64.912 0.0000000000
56556  -45.778  -17.964  62.201 0.0000000000
57608  -46.196  -17.552  62.237 0.0000000000
57623  -46.985  -17.391  61.845 0.0000000000
63156  -51.136  -12.825  58.010 0.0000000000
63140  -51.328  -13.205  58.453 0.0000000000
62117  -52.115  -13.806  57.599 0.0000000000
61073  -52.478  -14.766  57.196 0.0000000000
134753  -52.523  -15.299  56.511 0.0000000000
62129  -52.845  -13.703  55.809 0.0000000000
72407  -53.306  -4.055  54.919 0.0000000000
72406  -52.924  -4.663  55.412 0.0000000000
71307  -52.880  -5.508  54.382 0.0000000000
75449  -52.751  -1.204  52.742 0.0000000000
75431  -53.409  -1.276  53.539 0.0000000000
75421  -54.587  -1.633  53.817 0.0000000000
74430  -54.799  -2.243  53.631 0.0000000000
75422  -55.130  -1.614  53.470 0.0000000000
75433  -55.474  -1.445  52.863 0.0000000000
75450  -55.720  -1.464  52.271 0.0000000000
78701  -56.513  1.307  51.196 0.0000000000
77635  -56.646  0.874  51.014 0.0000000000
78708  -56.603  1.296  50.564 0.0000000000
76575  -57.260  -0.190  49.698 0.0000000000
76592  -57.316  -0.718  48.775 0.0000000000
48685  -45.383  -26.296  60.762 0.0000000000
50578  -45.302  -24.456  62.295 0.0000000000
52561  -45.253  -22.396  64.465 0.0000000000
52562  -45.460  -22.574  64.165 0.0000000000
53577  -45.114  -21.857  64.065 0.0000000000
54559  -44.830  -21.106  63.601 0.0000000000
55528  -44.783  -20.095  63.203 0.0000000000
56539  -44.449  -19.036  63.890 0.0000000000
57586  -44.101  -17.918  63.901 0.0000000000
36092  -18.753  -38.004  69.848 0.0000000000
36093  -19.437  -37.961  69.718 0.0000000000
37200  -19.813  -37.698  69.710 0.0000000000
40075  -24.439  -33.805  70.452 0.0000000000
41070  -24.767  -33.473  70.470 0.0000000000
41071  -25.208  -33.312  70.622 0.0000000000
40077  -25.491  -33.583  70.741 0.0000000000
40091  -26.192  -33.944  70.684 0.0000000000
40078  -26.199  -33.535  70.781 0.0000000000
41073  -26.412  -33.160  70.755 0.0000000000
42088  -27.008  -32.671  70.800 0.0000000000
43240  -29.816  -31.508  70.385 0.0000000000
42105  -30.060  -31.961  70.365 0.0000000000
43241  -30.397  -31.319  70.144 0.0000000000
43254  -30.957  -31.285  69.663 0.0000000000
43255  -31.578  -31.421  69.273 0.0000000000
47539  -32.860  -27.776  68.083 0.0000000000
46502  -33.031  -29.573  69.528 0.0000000000
44396  -34.267  -30.673  68.614 0.0000000000
45476  -35.289  -30.327  68.131 0.0000000000
45477  -35.650  -29.828  67.894 0.0000000000
47562  -36.875  -28.217  67.127 0.0000000000
46550  -37.017  -28.342  66.757 0.0000000000
45508  -37.200  -28.948  65.334 0.0000000000
45525  -38.882  -29.064  64.275 0.0000000000
45545  -39.252  -29.345  63.393 0.0000000000
49581  -38.371  -25.493  64.666 0.0000000000
49563  -39.086  -25.577  65.290 0.0000000000
46571  -42.430  -27.871  65.857 0.0000000000
46590  -42.197  -28.295  65.478 0.0000000000
45512  -41.854  -28.898  65.008 0.0000000000
44443  -42.069  -30.059  64.100 0.0000000000
44461  -42.565  -30.462  63.571 0.0000000000
43328  -43.008  -30.797  62.993 0.0000000000
43329  -43.524  -30.708  63.127 0.0000000000
46622  -45.352  -28.100  62.963 0.0000000000
46637  -45.280  -28.388  62.592 0.0000000000
46623  -45.492  -28.036  62.654 0.0000000000
46639  -45.617  -28.043  62.063 0.0000000000
46652  -45.436  -28.490  61.466 0.0000000000
45590  -45.287  -29.057  60.664 0.0000000000
47702  -45.464  -28.142  60.978 0.0000000000
47701  -45.479  -27.847  61.066 0.0000000000
38253  -16.620  -36.933  68.356 0.0000000000
38237  -16.560  -37.448  69.144 0.0000000000
36090  -17.538  -38.053  69.743 0.0000000000
55597  -47.461  -19.459  59.747 0.0000000000
54626  -47.014  -20.848  58.696 0.0000000000
54616  -47.771  -20.002  59.287 0.0000000000
61006  -48.015  -15.334  60.145 0.0000000000
59849  -48.045  -15.961  60.780 0.0000000000
60987  -48.436  -15.547  60.393 0.0000000000
59851  -49.283  -15.851  60.245 0.0000000000
57669  -51.229  -16.679  58.564 0.0000000000
57660  -50.862  -17.049  58.925 0.0000000000
70098  -51.488  -6.464  56.448 0.0000000000
70124  -50.686  -6.562  55.746 0.0000000000
68921  -51.128  -7.059  56.330 0.0000000000
68940  -50.775  -7.558  55.818 0.0000000000
67716  -50.914  -8.709  55.650 0.0000000000
65363  -52.484  -10.553  55.151 0.0000000000
64265  -52.462  -11.751  55.183 0.0000000000
78691  -54.408  0.474  52.081 0.0000000000
78680  -54.885  0.212  52.255 0.0000000000
78692  -55.169  0.927  51.781 0.0000000000
79737  -56.025  1.554  51.388 0.0000000000
79744  -55.616  1.957  50.812 0.0000000000
79745  -56.121  1.712  50.710 0.0000000000
80881  -56.322  2.014  49.946 0.0000000000
48639  -45.679  -26.400  63.167 0.0000000000
49606  -45.695  -25.468  63.594 0.0000000000
51532  -45.388  -23.283  64.581 0.0000000000
54545  -44.038  -21.036  64.651 0.0000000000
54544  -43.513  -20.900  64.470 0.0000000000
38239  -18.080  -36.916  69.421 0.0000000000
39175  -18.434  -36.709  69.714 0.0000000000
40100  -19.727  -35.550  69.358 0.0000000000
40101  -20.683  -35.241  69.511 0.0000000000
40102  -21.634  -35.007  69.482 0.0000000000
45456  -29.088  -29.718  69.381 0.0000000000
47525  -35.318  -28.282  68.772 0.0000000000
47542  -35.901  -27.725  68.201 0.0000000000
48545  -36.742  -27.254  67.789 0.0000000000
47544  -37.000  -27.579  67.547 0.0000000000
47586  -38.374  -27.803  66.492 0.0000000000
48578  -42.364  -27.080  65.743 0.0000000000
47611  -42.683  -27.231  65.743 0.0000000000
47591  -42.782  -27.593  65.864 0.0000000000
46607  -43.655  -28.246  65.088 0.0000000000
46609  -44.792  -27.690  63.951 0.0000000000
47635  -44.898  -26.913  64.372 0.0000000000
47654  -45.134  -27.258  63.696 0.0000000000
47655  -45.507  -27.090  63.216 0.0000000000
39210  -16.938  -36.460  67.306 0.0000000000
39192  -17.674  -36.910  68.680 0.0000000000
54593  -44.923  -20.648  61.440 0.0000000000
55562  -45.366  -19.505  61.032 0.0000000000
56595  -45.712  -18.879  60.705 0.0000000000
56596  -46.473  -18.682  60.503 0.0000000000
55580  -47.054  -19.069  60.011 0.0000000000
55581  -47.859  -19.318  60.016 0.0000000000
55582  -48.495  -19.170  60.075 0.0000000000
54607  -48.860  -19.624  59.733 0.0000000000
62068  -50.100  -14.385  59.413 0.0000000000
61009  -50.177  -15.045  59.577 0.0000000000
62069  -50.725  -14.422  59.426 0.0000000000
61030  -51.056  -14.570  59.471 0.0000000000
59906  -51.220  -15.541  59.107 0.0000000000
61046  -51.655  -14.640  58.763 0.0000000000
59907  -51.604  -15.387  58.636 0.0000000000
73414  -50.338  -2.927  54.010 0.0000000000
73403  -50.642  -3.804  54.595 0.0000000000
73393  -50.856  -4.493  55.293 0.0000000000
72391  -51.741  -4.988  56.176 0.0000000000
72393  -52.752  -5.076  56.006 0.0000000000
71262  -52.550  -5.661  56.244 0.0000000000
71261  -51.700  -5.583  56.326 0.0000000000
70099  -52.268  -6.438  56.472 0.0000000000
68923  -52.712  -7.334  56.153 0.0000000000
49605  -43.442  -24.842  63.893 0.0000000000
50565  -43.376  -24.338  63.928 0.0000000000
50564  -43.263  -24.311  63.425 0.0000000000
49603  -40.191  -25.756  63.294 0.0000000000
48637  -41.372  -26.221  63.074 0.0000000000
59871  -45.263  -15.959  60.812 0.0000000000
59846  -45.597  -16.248  61.544 0.0000000000
59891  -46.082  -15.743  60.138 0.0000000000
59892  -46.755  -15.707  59.894 0.0000000000
61028  -48.089  -14.985  59.453 0.0000000000
61029  -48.821  -14.634  59.117 0.0000000000
61045  -48.810  -14.424  58.314 0.0000000000
62081  -49.301  -13.959  58.831 0.0000000000
62098  -49.815  -13.483  58.509 0.0000000000
62115  -49.852  -13.216  57.684 0.0000000000
62126  -49.757  -13.585  56.574 0.0000000000
62116  -50.295  -12.892  57.551 0.0000000000
63171  -50.728  -12.833  57.354 0.0000000000
74449  -49.903  -2.504  52.255 0.0000000000
74436  -50.042  -2.631  53.229 0.0000000000
74425  -50.970  -2.892  54.461 0.0000000000
74426  -51.858  -2.634  54.599 0.0000000000
74418  -52.717  -2.945  55.178 0.0000000000
75419  -53.060  -1.952  54.302 0.0000000000
74419  -53.422  -2.848  54.843 0.0000000000
73396  -53.173  -3.627  55.196 0.0000000000
72417  -53.539  -3.996  54.342 0.0000000000
72438  -53.285  -4.097  52.692 0.0000000000
73424  -54.441  -2.928  52.688 0.0000000000
76541  -55.917  -0.327  52.262 0.0000000000
75451  -55.957  -1.066  51.851 0.0000000000
76566  -56.605  -0.257  50.927 0.0000000000
75467  -56.539  -1.033  51.147 0.0000000000
50608  -44.689  -24.459  59.679 0.0000000000
51609  -44.701  -23.563  60.270 0.0000000000
50566  -45.586  -24.645  63.326 0.0000000000
50579  -45.435  -24.579  62.707 0.0000000000
51570  -45.367  -23.852  62.991 0.0000000000
52583  -45.454  -22.679  63.626 0.0000000000
53598  -44.917  -21.715  62.096 0.0000000000
54582  -44.892  -20.811  61.984 0.0000000000
56541  -44.993  -19.087  62.851 0.0000000000
58714  -45.160  -16.952  62.366 0.0000000000
50550  -43.301  -23.776  63.969 0.0000000000
52559  -42.931  -22.545  63.870 0.0000000000
53575  -42.899  -21.755  63.834 0.0000000000
54543  -43.315  -20.765  64.097 0.0000000000
55524  -43.492  -20.075  63.532 0.0000000000
56537  -43.324  -19.154  63.610 0.0000000000
59845  -45.073  -16.301  61.174 0.0000000000
36138  -19.756  -38.156  67.339 0.0000000000
40086  -22.243  -34.813  69.830 0.0000000000
39181  -24.388  -35.158  70.379 0.0000000000
40089  -24.547  -34.096  70.576 0.0000000000
40105  -26.529  -34.450  70.400 0.0000000000
43228  -27.143  -32.289  70.635 0.0000000000
42103  -27.459  -32.536  70.511 0.0000000000
41087  -27.675  -32.673  70.333 0.0000000000
41111  -31.107  -32.838  69.266 0.0000000000
45457  -29.833  -29.668  69.429 0.0000000000
47537  -30.799  -28.519  67.611 0.0000000000
46512  -30.541  -29.172  69.134 0.0000000000
44381  -31.633  -30.601  69.451 0.0000000000
44393  -31.885  -31.020  69.099 0.0000000000
45444  -32.727  -29.959  69.760 0.0000000000
44394  -32.483  -30.619  69.155 0.0000000000
43264  -32.111  -31.422  68.919 0.0000000000
42137  -33.104  -31.777  68.487 0.0000000000
46518  -35.933  -29.108  68.303 0.0000000000
44420  -35.679  -30.096  65.949 0.0000000000
48615  -36.516  -26.430  64.631 0.0000000000
49547  -37.512  -25.817  66.833 0.0000000000
49548  -38.306  -25.779  66.495 0.0000000000
49535  -37.980  -26.081  67.142 0.0000000000
46567  -38.996  -28.287  66.107 0.0000000000
48561  -40.001  -26.830  66.314 0.0000000000
45526  -39.777  -29.205  64.429 0.0000000000
45546  -40.304  -29.581  63.396 0.0000000000
45547  -40.708  -29.760  63.730 0.0000000000
44478  -44.259  -29.952  62.162 0.0000000000
45566  -45.033  -28.857  62.122 0.0000000000
45576  -44.642  -29.379  61.836 0.0000000000
43364  -44.311  -30.133  60.917 0.0000000000
45615  -44.389  -29.295  58.500 0.0000000000
45588  -45.340  -28.835  59.901 0.0000000000
46682  -44.802  -28.793  58.930 0.0000000000
58717  -47.416  -16.763  61.518 0.0000000000
59825  -48.187  -16.238  60.799 0.0000000000
58739  -47.947  -16.830  60.963 0.0000000000
56582  -48.669  -17.832  60.186 0.0000000000
55566  -48.916  -18.329  59.941 0.0000000000
58758  -50.065  -16.163  59.761 0.0000000000
57652  -50.112  -17.028  59.580 0.0000000000
57659  -50.477  -17.520  59.260 0.0000000000
56599  -49.771  -18.026  59.757 0.0000000000
55584  -49.943  -18.621  59.727 0.0000000000
55598  -49.691  -19.581  59.489 0.0000000000
54628  -49.694  -20.405  58.847 0.0000000000
63212  -51.214  -12.099  55.216 0.0000000000
72424  -49.692  -4.826  53.381 0.0000000000
71316  -49.608  -5.905  53.361 0.0000000000
70123  -50.397  -6.608  55.200 0.0000000000
70172  -49.495  -6.759  52.835 0.0000000000
66586  -49.799  -9.472  53.314 0.0000000000
65379  -50.402  -10.292  54.363 0.0000000000
64280  -51.356  -11.226  55.121 0.0000000000
63192  -52.203  -12.245  55.994 0.0000000000
62136  -52.867  -13.184  55.436 0.0000000000
62152  -52.891  -13.750  54.575 0.0000000000
39202  -17.497  -36.704  68.090 0.0000000000
41074  -26.855  -32.893  70.812 0.0000000000
41085  -26.675  -33.481  70.684 0.0000000000
42102  -25.639  -32.599  70.602 0.0000000000
42106  -30.233  -31.677  70.282 0.0000000000
43242  -30.672  -31.099  69.849 0.0000000000
43252  -29.714  -31.942  70.295 0.0000000000
43253  -30.630  -31.340  69.933 0.0000000000
44365  -29.418  -30.893  70.507 0.0000000000
44441  -41.030  -29.958  63.949 0.0000000000
44459  -40.915  -30.030  63.480 0.0000000000
44488  -44.400  -29.819  61.340 0.0000000000
44504  -45.093  -29.641  60.160 0.0000000000
44505  -45.235  -29.316  60.362 0.0000000000
44519  -45.104  -29.652  59.821 0.0000000000
45425  -30.060  -30.461  70.031 0.0000000000
45500  -36.925  -28.917  65.937 0.0000000000
45509  -39.839  -29.143  64.965 0.0000000000
45579  -45.201  -29.057  60.981 0.0000000000
45589  -45.325  -29.116  60.213 0.0000000000
45602  -45.178  -29.293  59.597 0.0000000000
46533  -36.151  -29.009  67.674 0.0000000000
46606  -39.237  -29.005  64.752 0.0000000000
46638  -45.480  -28.382  62.249 0.0000000000
46651  -45.439  -28.614  61.811 0.0000000000
46663  -45.372  -28.583  60.762 0.0000000000
46664  -45.342  -28.717  60.997 0.0000000000
47566  -39.815  -26.919  66.434 0.0000000000
47685  -45.507  -27.024  61.079 0.0000000000
47686  -45.583  -27.183  61.367 0.0000000000
48542  -34.482  -26.910  67.650 0.0000000000
48575  -39.390  -26.177  66.261 0.0000000000
49546  -36.947  -25.972  67.156 0.0000000000
50552  -44.029  -24.448  64.558 0.0000000000
51531  -43.965  -24.014  64.629 0.0000000000
52536  -43.785  -22.790  64.717 0.0000000000
53576  -43.131  -21.812  64.441 0.0000000000
53587  -42.852  -21.776  62.995 0.0000000000
53638  -49.447  -20.585  58.846 0.0000000000
54546  -44.488  -21.101  64.349 0.0000000000
54557  -43.260  -20.867  63.546 0.0000000000
54606  -48.323  -19.622  59.700 0.0000000000
54619  -49.823  -19.937  59.143 0.0000000000
55510  -43.414  -20.526  63.823 0.0000000000
55511  -43.515  -20.373  64.059 0.0000000000
55563  -45.317  -19.393  61.519 0.0000000000
55595  -46.240  -19.726  59.412 0.0000000000
56618  -50.541  -18.690  58.956 0.0000000000
57588  -44.737  -18.523  63.300 0.0000000000
57639  -49.779  -16.603  59.872 0.0000000000
58738  -45.324  -16.655  61.916 0.0000000000
58766  -50.874  -16.050  59.221 0.0000000000
59873  -46.681  -15.771  60.677 0.0000000000
59876  -50.414  -15.487  59.584 0.0000000000
59895  -51.421  -15.059  59.117 0.0000000000
60989  -49.591  -15.432  59.859 0.0000000000
62070  -50.935  -14.376  59.526 0.0000000000
62084  -51.135  -13.904  59.233 0.0000000000
62085  -51.462  -14.241  59.000 0.0000000000
62127  -50.249  -13.029  56.951 0.0000000000
62150  -49.218  -13.513  54.408 0.0000000000
63124  -50.220  -13.482  58.881 0.0000000000
63125  -50.430  -13.421  58.985 0.0000000000
63126  -50.760  -13.377  59.059 0.0000000000
63137  -50.190  -13.265  58.775 0.0000000000
63139  -51.051  -13.002  58.815 0.0000000000
63154  -50.138  -13.086  58.440 0.0000000000
63189  -50.386  -13.034  55.462 0.0000000000
64266  -52.523  -12.002  54.872 0.0000000000
64281  -51.581  -11.212  55.414 0.0000000000
65360  -51.114  -10.177  55.396 0.0000000000
65381  -51.478  -10.861  55.332 0.0000000000
66578  -50.064  -9.702  54.031 0.0000000000
67693  -51.443  -7.922  56.231 0.0000000000
68941  -52.855  -7.995  55.780 0.0000000000
70097  -51.010  -6.516  56.272 0.0000000000
71260  -51.019  -5.995  56.189 0.0000000000
71286  -50.335  -6.091  55.104 0.0000000000
71287  -50.663  -5.535  55.572 0.0000000000
72392  -52.250  -4.958  56.174 0.0000000000
72404  -51.215  -4.915  55.886 0.0000000000
72405  -52.560  -4.638  55.803 0.0000000000
72415  -50.309  -4.885  54.862 0.0000000000
73389  -52.202  -4.450  55.815 0.0000000000
73416  -54.754  -2.727  53.153 0.0000000000
74450  -50.403  -2.113  52.821 0.0000000000
75413  -53.102  -2.446  54.824 0.0000000000
75414  -53.466  -2.293  54.535 0.0000000000
75434  -55.656  -0.960  52.465 0.0000000000
75466  -52.314  -1.325  51.901 0.0000000000
76527  -55.261  -1.150  53.273 0.0000000000
76538  -54.219  -0.400  53.246 0.0000000000
77605  -54.116  0.039  52.911 0.0000000000
77607  -55.085  -0.091  52.616 0.0000000000
77623  -54.343  0.130  52.515 0.0000000000
77625  -56.528  0.948  51.509 0.0000000000
77634  -56.511  0.410  51.345 0.0000000000
77642  -56.639  0.333  50.780 0.0000000000
77643  -56.774  0.586  50.235 0.0000000000
78679  -54.548  0.142  52.422 0.0000000000
79736  -55.629  1.463  51.491 0.0000000000
79738  -56.300  1.487  51.201 0.0000000000
79746  -56.398  1.600  50.590 0.0000000000
134755  -52.706  -14.931  55.777 0.0000000000
