#!ascii label  , from subject 3617 vox2ras=TkReg
867
40355  29.311  -41.688  62.945 0.0000000000
61673  51.911  -22.595  50.224 0.0000000000
67084  57.605  -17.416  49.546 0.0000000000
53146  49.163  -30.434  57.446 0.0000000000
42803  35.472  -40.171  58.282 0.0000000000
37109  33.397  -43.900  61.265 0.0000000000
65040  55.929  -20.485  50.147 0.0000000000
58516  54.814  -24.678  52.380 0.0000000000
53093  45.507  -30.899  61.646 0.0000000000
46244  38.012  -36.806  61.998 0.0000000000
69247  62.433  -15.107  41.802 0.0000000000
74534  57.524  -11.487  48.462 0.0000000000
56471  47.113  -27.781  55.986 0.0000000000
59472  52.242  -24.931  57.212 0.0000000000
40379  32.714  -41.716  60.890 0.0000000000
38141  30.923  -43.352  62.209 0.0000000000
63952  53.990  -21.059  50.068 0.0000000000
62813  55.069  -22.336  51.889 0.0000000000
62792  54.138  -22.344  53.767 0.0000000000
46280  45.322  -36.191  60.075 0.0000000000
40394  36.634  -41.357  60.361 0.0000000000
45099  37.254  -38.535  60.496 0.0000000000
41551  38.321  -40.086  60.623 0.0000000000
72287  60.975  -12.805  43.218 0.0000000000
69210  60.601  -15.125  43.690 0.0000000000
72274  60.346  -12.547  44.686 0.0000000000
69143  54.938  -15.436  49.802 0.0000000000
72214  54.551  -12.957  48.130 0.0000000000
71137  56.990  -13.840  50.324 0.0000000000
70175  57.493  -13.795  48.615 0.0000000000
68137  56.860  -16.730  48.532 0.0000000000
139092  47.806  -30.205  60.594 0.0000000000
56413  46.229  -28.487  59.350 0.0000000000
56424  49.018  -27.681  59.428 0.0000000000
58473  49.649  -26.260  57.541 0.0000000000
55295  51.077  -28.061  57.742 0.0000000000
55328  52.263  -28.397  55.565 0.0000000000
51039  51.763  -31.740  55.929 0.0000000000
39278  34.539  -42.456  60.527 0.0000000000
67098  54.401  -17.526  48.232 0.0000000000
66083  56.624  -18.464  50.370 0.0000000000
62857  57.733  -21.776  50.844 0.0000000000
58535  56.730  -25.093  50.948 0.0000000000
49865  41.786  -33.569  62.610 0.0000000000
50942  44.287  -33.338  62.367 0.0000000000
49896  46.315  -33.349  60.439 0.0000000000
49948  46.958  -33.921  57.756 0.0000000000
48746  50.280  -34.241  56.138 0.0000000000
48677  38.906  -34.718  61.517 0.0000000000
46240  40.693  -35.647  62.200 0.0000000000
66208  61.370  -16.687  39.992 0.0000000000
73396  58.187  -11.382  45.443 0.0000000000
71199  59.328  -13.053  47.065 0.0000000000
70221  56.340  -14.066  45.821 0.0000000000
61624  51.865  -22.782  54.335 0.0000000000
58501  52.781  -25.092  54.888 0.0000000000
55355  53.744  -29.018  53.358 0.0000000000
39211  28.847  -42.151  62.751 0.0000000000
39210  30.046  -42.507  62.883 0.0000000000
38142  29.968  -43.633  62.187 0.0000000000
62859  52.732  -21.750  50.713 0.0000000000
63901  53.866  -21.504  52.507 0.0000000000
62838  52.632  -21.872  51.769 0.0000000000
40375  37.736  -40.658  60.529 0.0000000000
72305  59.974  -12.486  42.820 0.0000000000
72273  60.755  -12.976  43.986 0.0000000000
73442  59.808  -11.961  43.761 0.0000000000
68107  56.584  -16.346  50.030 0.0000000000
69121  55.799  -14.708  50.476 0.0000000000
68105  56.966  -16.470  49.867 0.0000000000
69159  56.728  -15.455  49.553 0.0000000000
52078  48.001  -30.941  59.109 0.0000000000
139095  48.496  -29.301  60.096 0.0000000000
54193  49.124  -29.377  58.462 0.0000000000
55280  50.092  -27.961  58.952 0.0000000000
54205  50.116  -29.564  57.650 0.0000000000
54224  50.750  -29.620  56.503 0.0000000000
52125  50.342  -31.363  56.257 0.0000000000
39279  33.962  -41.961  60.786 0.0000000000
38156  33.822  -43.430  61.232 0.0000000000
38154  35.007  -43.528  60.968 0.0000000000
65061  54.612  -19.941  49.076 0.0000000000
66104  54.018  -18.449  47.962 0.0000000000
66085  55.487  -19.129  49.638 0.0000000000
66093  55.501  -17.911  49.741 0.0000000000
65049  56.311  -19.529  50.090 0.0000000000
65037  57.511  -20.126  50.500 0.0000000000
63934  56.497  -21.253  50.755 0.0000000000
60499  55.163  -23.328  52.794 0.0000000000
60497  56.237  -23.273  51.839 0.0000000000
58524  55.886  -25.099  51.910 0.0000000000
57555  56.422  -26.028  51.113 0.0000000000
57542  55.348  -26.225  51.874 0.0000000000
48639  42.460  -34.775  63.049 0.0000000000
50944  42.618  -32.957  62.428 0.0000000000
48657  43.987  -34.598  61.884 0.0000000000
139081  46.256  -35.355  61.051 0.0000000000
139086  46.382  -33.252  59.171 0.0000000000
45086  37.752  -37.596  61.469 0.0000000000
47474  37.837  -36.652  60.449 0.0000000000
47472  38.462  -35.670  61.637 0.0000000000
47451  39.472  -35.253  62.445 0.0000000000
46242  39.276  -36.733  61.964 0.0000000000
71272  62.787  -13.071  41.331 0.0000000000
68230  62.217  -15.843  40.718 0.0000000000
69211  60.030  -15.257  44.141 0.0000000000
73346  55.418  -12.199  48.158 0.0000000000
72236  54.386  -12.515  46.830 0.0000000000
73386  55.814  -11.605  46.924 0.0000000000
73398  56.256  -11.516  45.887 0.0000000000
74573  57.861  -11.358  46.756 0.0000000000
74571  59.114  -11.693  46.638 0.0000000000
73363  58.846  -11.780  47.639 0.0000000000
69180  55.911  -15.403  47.960 0.0000000000
70192  57.686  -13.881  47.607 0.0000000000
53095  43.728  -31.015  61.022 0.0000000000
54174  44.339  -30.139  59.950 0.0000000000
56463  46.760  -27.645  57.317 0.0000000000
55332  46.125  -28.505  56.976 0.0000000000
59462  51.212  -25.387  57.606 0.0000000000
59488  49.809  -25.221  55.735 0.0000000000
60470  50.765  -24.583  56.061 0.0000000000
60501  50.809  -23.725  53.882 0.0000000000
60468  52.075  -23.936  55.993 0.0000000000
60467  52.602  -23.754  55.516 0.0000000000
58492  52.573  -25.366  55.921 0.0000000000
53188  53.273  -30.384  54.703 0.0000000000
55356  53.050  -28.596  54.081 0.0000000000
53202  54.321  -30.271  53.719 0.0000000000
53219  55.275  -30.123  52.631 0.0000000000
39232  32.299  -42.417  61.544 0.0000000000
37093  31.956  -43.224  61.140 0.0000000000
37125  31.718  -43.600  60.579 0.0000000000
37095  30.794  -43.887  61.596 0.0000000000
63951  54.778  -20.570  50.095 0.0000000000
63917  55.271  -21.898  51.239 0.0000000000
63919  54.343  -21.329  51.705 0.0000000000
62791  54.719  -22.096  53.557 0.0000000000
60490  54.249  -23.358  53.865 0.0000000000
41569  36.554  -40.451  60.226 0.0000000000
43951  36.555  -39.034  59.606 0.0000000000
41554  36.960  -39.915  60.630 0.0000000000
42751  37.607  -39.466  60.902 0.0000000000
43908  38.308  -38.290  61.231 0.0000000000
43926  38.956  -38.000  60.902 0.0000000000
42771  38.595  -39.460  60.230 0.0000000000
71257  62.464  -13.521  41.986 0.0000000000
69227  61.545  -15.098  42.895 0.0000000000
71234  61.338  -13.987  43.401 0.0000000000
70231  60.556  -14.244  44.372 0.0000000000
70216  60.319  -13.815  45.121 0.0000000000
69162  53.969  -15.629  48.568 0.0000000000
71156  54.324  -14.236  49.076 0.0000000000
72177  55.622  -13.233  49.956 0.0000000000
73309  57.343  -12.354  49.893 0.0000000000
72191  57.934  -12.753  49.138 0.0000000000
70153  57.044  -14.228  49.274 0.0000000000
69171  56.624  -15.403  48.869 0.0000000000
53082  46.694  -30.681  62.067 0.0000000000
54172  46.246  -29.433  60.558 0.0000000000
55268  46.766  -28.480  60.121 0.0000000000
139104  47.625  -27.838  59.834 0.0000000000
139107  47.920  -27.172  58.318 0.0000000000
139108  48.592  -26.677  56.698 0.0000000000
57492  49.427  -26.659  58.416 0.0000000000
56437  50.489  -27.300  58.613 0.0000000000
56435  51.845  -26.977  57.829 0.0000000000
57509  52.350  -26.397  56.764 0.0000000000
55330  51.793  -28.172  56.885 0.0000000000
54222  51.858  -29.487  55.697 0.0000000000
51063  52.853  -31.669  55.099 0.0000000000
40414  33.010  -41.171  59.233 0.0000000000
40413  34.116  -41.417  59.163 0.0000000000
40412  34.980  -41.470  59.478 0.0000000000
40395  35.547  -41.765  59.959 0.0000000000
38174  35.845  -42.770  60.151 0.0000000000
68121  54.921  -16.446  49.324 0.0000000000
67073  56.291  -17.350  50.241 0.0000000000
66081  57.630  -18.490  49.933 0.0000000000
66073  57.915  -19.621  50.140 0.0000000000
63949  58.622  -20.703  50.508 0.0000000000
61671  58.082  -22.458  50.182 0.0000000000
62836  56.334  -22.248  51.119 0.0000000000
60522  56.896  -23.361  51.183 0.0000000000
50964  40.685  -32.751  60.960 0.0000000000
52032  42.190  -31.997  61.558 0.0000000000
52030  43.485  -32.306  62.288 0.0000000000
52047  44.510  -31.789  61.964 0.0000000000
47468  44.982  -34.741  60.695 0.0000000000
49881  45.010  -33.505  61.777 0.0000000000
52045  46.241  -31.829  61.918 0.0000000000
50959  47.113  -32.062  61.108 0.0000000000
50991  47.383  -31.660  58.963 0.0000000000
51022  47.886  -32.136  57.363 0.0000000000
51042  48.973  -32.546  56.442 0.0000000000
48732  49.249  -34.183  56.790 0.0000000000
49867  40.106  -33.766  61.867 0.0000000000
48641  40.881  -34.695  62.952 0.0000000000
47450  41.444  -35.230  61.993 0.0000000000
45082  39.740  -37.129  61.274 0.0000000000
46270  41.155  -35.826  60.327 0.0000000000
66228  62.382  -16.663  38.761 0.0000000000
73425  58.378  -11.660  44.048 0.0000000000
73408  59.406  -11.840  45.103 0.0000000000
72253  59.725  -12.700  46.191 0.0000000000
70202  59.397  -13.635  46.300 0.0000000000
71201  58.352  -13.404  47.531 0.0000000000
70204  58.384  -13.989  46.708 0.0000000000
70219  58.194  -14.377  45.938 0.0000000000
55299  44.931  -29.139  58.423 0.0000000000
61643  51.031  -23.472  52.664 0.0000000000
61642  51.917  -22.663  52.210 0.0000000000
62794  52.709  -22.492  54.149 0.0000000000
60480  53.595  -23.452  54.387 0.0000000000
58508  53.392  -24.990  53.853 0.0000000000
57508  52.376  -26.403  55.820 0.0000000000
57524  52.736  -26.448  53.872 0.0000000000
56485  54.136  -27.536  52.073 0.0000000000
55389  55.526  -28.652  52.176 0.0000000000
49968  50.872  -33.204  56.149 0.0000000000
49990  52.053  -33.030  55.495 0.0000000000
40356  28.415  -41.651  63.141 0.0000000000
62880  52.439  -22.179  50.341 0.0000000000
62860  52.277  -22.274  50.974 0.0000000000
73443  59.035  -11.951  43.419 0.0000000000
67071  57.273  -17.215  49.975 0.0000000000
68106  56.912  -16.537  50.156 0.0000000000
68118  57.038  -16.493  49.636 0.0000000000
52094  48.007  -30.851  58.069 0.0000000000
54181  48.634  -29.573  59.221 0.0000000000
53130  48.907  -29.948  57.962 0.0000000000
53129  49.546  -29.756  57.826 0.0000000000
53145  49.832  -30.029  57.419 0.0000000000
52108  49.288  -30.864  57.021 0.0000000000
38157  33.098  -43.426  61.011 0.0000000000
39254  33.510  -42.606  61.126 0.0000000000
37123  33.507  -44.007  60.505 0.0000000000
65060  55.031  -19.665  49.523 0.0000000000
65072  54.757  -19.212  49.020 0.0000000000
65050  55.606  -19.908  49.847 0.0000000000
65039  56.369  -20.402  50.358 0.0000000000
59505  54.948  -24.187  52.568 0.0000000000
59514  55.470  -24.325  52.223 0.0000000000
58525  55.253  -25.011  52.087 0.0000000000
57541  55.795  -25.660  51.805 0.0000000000
58526  54.752  -25.695  52.014 0.0000000000
47449  42.445  -35.175  61.864 0.0000000000
48658  43.032  -34.838  62.486 0.0000000000
47448  43.304  -35.016  61.677 0.0000000000
46245  37.720  -37.193  61.440 0.0000000000
46258  37.874  -36.663  61.518 0.0000000000
47473  38.024  -36.111  61.136 0.0000000000
47453  38.088  -36.141  61.859 0.0000000000
46231  39.255  -36.288  62.180 0.0000000000
46243  38.732  -36.783  62.000 0.0000000000
71256  62.852  -14.091  41.555 0.0000000000
71271  63.087  -13.563  40.831 0.0000000000
70261  62.740  -14.652  41.564 0.0000000000
69268  62.649  -15.156  41.122 0.0000000000
68209  62.069  -15.548  41.465 0.0000000000
73364  56.509  -11.631  48.255 0.0000000000
73365  55.976  -11.740  47.759 0.0000000000
74554  56.813  -11.466  47.687 0.0000000000
74582  56.757  -11.354  46.474 0.0000000000
74553  57.708  -11.430  47.543 0.0000000000
74552  58.462  -11.494  47.291 0.0000000000
74533  58.273  -11.668  48.011 0.0000000000
69181  55.362  -15.442  47.329 0.0000000000
70194  55.910  -14.717  47.353 0.0000000000
53094  44.485  -31.050  61.370 0.0000000000
53107  44.487  -30.609  60.605 0.0000000000
53106  45.092  -30.590  60.968 0.0000000000
56462  47.373  -27.211  57.145 0.0000000000
58484  51.841  -25.355  58.071 0.0000000000
60456  50.940  -24.885  56.505 0.0000000000
60455  51.293  -24.692  56.638 0.0000000000
60469  51.464  -23.973  55.976 0.0000000000
60454  51.872  -24.489  56.692 0.0000000000
59485  52.335  -24.544  56.386 0.0000000000
58493  52.519  -25.501  56.783 0.0000000000
52140  53.573  -31.083  54.820 0.0000000000
53187  53.693  -30.185  54.220 0.0000000000
52157  53.833  -30.842  54.434 0.0000000000
52178  54.300  -30.910  53.806 0.0000000000
39233  31.151  -42.508  62.433 0.0000000000
40364  31.437  -41.550  61.978 0.0000000000
38140  31.704  -42.972  61.646 0.0000000000
37094  31.540  -43.479  61.413 0.0000000000
63969  53.441  -21.419  49.479 0.0000000000
62890  53.347  -21.160  48.649 0.0000000000
63968  54.092  -20.698  48.980 0.0000000000
63936  54.173  -21.184  50.923 0.0000000000
62816  53.928  -22.018  53.079 0.0000000000
62815  54.483  -22.111  53.030 0.0000000000
61621  54.698  -22.573  53.696 0.0000000000
61622  54.108  -22.869  54.042 0.0000000000
41568  36.906  -40.717  60.589 0.0000000000
41552  37.724  -40.111  60.840 0.0000000000
42750  38.155  -39.198  60.828 0.0000000000
43927  37.900  -38.777  61.026 0.0000000000
42749  38.566  -38.835  60.482 0.0000000000
72304  61.144  -12.851  42.252 0.0000000000
72303  62.057  -13.049  41.772 0.0000000000
72286  61.683  -13.160  42.657 0.0000000000
71244  61.664  -13.749  42.997 0.0000000000
71245  61.269  -13.237  43.369 0.0000000000
71235  60.870  -13.613  43.843 0.0000000000
72263  60.558  -13.106  44.768 0.0000000000
71226  60.107  -13.315  45.475 0.0000000000
69161  54.440  -15.559  49.164 0.0000000000
70156  54.058  -14.832  48.884 0.0000000000
70155  54.560  -14.779  49.440 0.0000000000
70113  56.820  -14.269  50.532 0.0000000000
71139  55.938  -13.720  50.317 0.0000000000
71138  56.564  -13.566  50.431 0.0000000000
73311  56.196  -12.417  49.897 0.0000000000
72175  56.914  -12.968  50.211 0.0000000000
72173  57.601  -12.988  49.617 0.0000000000
71136  57.283  -13.485  49.856 0.0000000000
68128  57.021  -16.404  48.943 0.0000000000
69160  56.691  -15.468  48.865 0.0000000000
68129  56.603  -16.087  48.701 0.0000000000
68138  56.299  -16.417  48.269 0.0000000000
139091  47.558  -30.631  60.779 0.0000000000
54165  47.195  -29.887  61.309 0.0000000000
139097  48.675  -28.519  59.998 0.0000000000
139100  48.233  -28.833  60.251 0.0000000000
139106  48.108  -27.585  59.215 0.0000000000
139105  47.603  -27.517  59.087 0.0000000000
58474  48.590  -26.799  57.765 0.0000000000
57475  49.049  -26.910  59.072 0.0000000000
55296  50.503  -28.361  58.167 0.0000000000
56436  51.208  -27.285  58.059 0.0000000000
57490  50.974  -26.491  58.149 0.0000000000
56450  51.578  -27.655  57.478 0.0000000000
55311  51.085  -28.451  57.146 0.0000000000
53161  51.063  -30.101  55.970 0.0000000000
53160  51.613  -29.966  55.736 0.0000000000
52123  51.718  -30.807  55.735 0.0000000000
53174  52.224  -30.355  55.408 0.0000000000
52142  52.357  -31.305  55.522 0.0000000000
40398  32.312  -41.364  60.127 0.0000000000
40415  32.365  -41.190  59.444 0.0000000000
40397  33.428  -41.627  60.210 0.0000000000
40396  34.450  -41.817  60.066 0.0000000000
68131  54.011  -16.540  48.195 0.0000000000
68130  54.609  -16.816  48.624 0.0000000000
67074  55.707  -17.338  49.958 0.0000000000
67072  56.866  -17.312  50.234 0.0000000000
66082  57.182  -18.250  50.378 0.0000000000
66074  57.356  -19.277  50.379 0.0000000000
63933  57.097  -21.234  50.821 0.0000000000
65036  58.068  -20.326  50.503 0.0000000000
63950  58.336  -21.341  50.645 0.0000000000
62878  58.166  -21.972  50.590 0.0000000000
63898  54.913  -22.090  51.875 0.0000000000
63916  55.761  -21.974  51.122 0.0000000000
62837  55.565  -22.534  51.552 0.0000000000
60523  56.552  -23.942  51.718 0.0000000000
60510  56.551  -23.402  51.735 0.0000000000
60521  57.156  -23.282  50.671 0.0000000000
58534  56.791  -24.908  50.544 0.0000000000
50946  40.986  -32.823  61.677 0.0000000000
50963  41.566  -32.304  61.157 0.0000000000
50945  41.753  -32.668  62.066 0.0000000000
50943  43.458  -33.223  62.443 0.0000000000
52029  44.126  -32.619  62.354 0.0000000000
50962  44.886  -32.580  62.124 0.0000000000
46255  44.924  -35.006  60.315 0.0000000000
48690  46.307  -34.701  60.564 0.0000000000
48673  45.690  -34.273  60.612 0.0000000000
49880  45.847  -33.475  60.990 0.0000000000
50961  45.665  -32.595  61.620 0.0000000000
50960  46.584  -32.687  61.175 0.0000000000
50976  46.733  -32.956  60.653 0.0000000000
49926  46.477  -34.111  58.682 0.0000000000
51007  46.772  -32.665  58.872 0.0000000000
51023  47.258  -33.034  57.643 0.0000000000
51006  47.588  -31.634  58.486 0.0000000000
51043  48.417  -33.064  56.734 0.0000000000
49947  47.936  -33.607  56.985 0.0000000000
45129  36.504  -38.415  59.026 0.0000000000
45115  37.178  -38.404  59.939 0.0000000000
48691  38.658  -34.674  60.225 0.0000000000
49884  39.146  -34.055  60.463 0.0000000000
49883  39.831  -33.516  60.988 0.0000000000
48676  39.646  -34.099  61.776 0.0000000000
46229  40.222  -35.756  62.487 0.0000000000
48642  40.192  -34.986  62.996 0.0000000000
46228  40.605  -35.416  62.551 0.0000000000
47426  41.141  -35.126  62.618 0.0000000000
46256  40.882  -35.871  61.458 0.0000000000
45097  39.345  -37.628  61.020 0.0000000000
67221  62.160  -16.229  40.056 0.0000000000
66229  61.703  -16.804  39.186 0.0000000000
67243  61.353  -16.883  39.208 0.0000000000
69228  61.017  -15.129  43.189 0.0000000000
72215  53.819  -13.539  47.903 0.0000000000
72237  53.498  -13.304  47.108 0.0000000000
73397  57.370  -11.395  45.504 0.0000000000
73411  56.857  -11.606  44.747 0.0000000000
73426  57.429  -11.726  43.927 0.0000000000
73410  57.811  -11.473  44.732 0.0000000000
73409  58.655  -11.607  44.878 0.0000000000
73383  59.596  -12.342  46.803 0.0000000000
73393  59.863  -12.149  45.864 0.0000000000
71215  59.500  -13.174  46.399 0.0000000000
71216  59.250  -13.423  46.631 0.0000000000
71181  58.057  -13.136  48.301 0.0000000000
71182  57.771  -13.646  48.070 0.0000000000
70206  56.506  -14.235  46.743 0.0000000000
70205  57.450  -14.045  46.804 0.0000000000
70220  57.312  -14.175  45.829 0.0000000000
55269  45.859  -28.951  59.763 0.0000000000
55283  45.298  -28.983  59.125 0.0000000000
56426  45.601  -28.818  58.708 0.0000000000
58487  49.085  -25.964  56.215 0.0000000000
59500  50.037  -24.818  55.355 0.0000000000
61625  51.193  -23.372  54.521 0.0000000000
60513  50.910  -23.634  53.331 0.0000000000
61634  51.277  -23.303  53.705 0.0000000000
61633  51.834  -22.856  53.320 0.0000000000
62818  52.373  -22.447  53.748 0.0000000000
61623  52.336  -22.661  54.427 0.0000000000
59493  53.063  -24.061  55.032 0.0000000000
60481  53.080  -23.498  54.751 0.0000000000
58500  53.231  -24.718  54.399 0.0000000000
59492  53.473  -24.192  54.317 0.0000000000
56459  52.329  -27.841  55.698 0.0000000000
56477  52.704  -27.282  53.876 0.0000000000
56476  53.333  -28.042  53.042 0.0000000000
57523  53.198  -26.358  53.013 0.0000000000
55372  54.341  -28.816  52.686 0.0000000000
52196  55.232  -30.205  52.114 0.0000000000
49969  49.676  -33.577  56.432 0.0000000000
51041  50.101  -32.424  56.160 0.0000000000
40353  30.915  -41.875  62.774 0.0000000000
39234  30.622  -42.929  62.666 0.0000000000
38129  30.186  -43.205  62.673 0.0000000000
38130  29.355  -42.937  62.537 0.0000000000
62879  52.810  -21.879  49.889 0.0000000000
63953  53.247  -21.445  50.255 0.0000000000
63920  53.516  -21.307  51.900 0.0000000000
62817  53.012  -21.854  53.044 0.0000000000
40393  37.295  -41.312  60.323 0.0000000000
40376  37.233  -40.716  60.598 0.0000000000
40392  38.049  -41.034  60.042 0.0000000000
72288  60.382  -12.407  43.867 0.0000000000
73423  60.002  -11.958  44.524 0.0000000000
68108  55.984  -16.296  50.104 0.0000000000
69142  55.730  -15.110  50.293 0.0000000000
69141  56.461  -15.301  50.230 0.0000000000
69140  56.686  -15.351  50.290 0.0000000000
69139  56.684  -15.577  49.789 0.0000000000
70129  57.020  -14.349  49.915 0.0000000000
68127  57.361  -16.768  49.300 0.0000000000
52063  48.169  -30.403  59.672 0.0000000000
139093  48.262  -30.019  60.101 0.0000000000
55281  49.386  -28.341  59.266 0.0000000000
54180  49.332  -28.970  58.728 0.0000000000
55297  49.848  -28.562  58.684 0.0000000000
54191  50.328  -28.995  57.894 0.0000000000
54203  50.913  -28.896  56.908 0.0000000000
54204  50.498  -29.231  57.290 0.0000000000
53162  50.412  -30.226  56.602 0.0000000000
52124  51.036  -31.095  55.937 0.0000000000
40378  33.356  -41.905  61.007 0.0000000000
39252  34.857  -43.304  61.009 0.0000000000
38155  34.586  -43.559  61.261 0.0000000000
65083  53.636  -19.380  47.673 0.0000000000
65073  54.246  -19.549  48.429 0.0000000000
66103  54.630  -18.456  48.631 0.0000000000
67086  54.861  -17.511  48.949 0.0000000000
66094  55.197  -18.461  49.381 0.0000000000
66084  55.863  -18.486  49.949 0.0000000000
65048  56.710  -19.532  50.385 0.0000000000
66075  56.955  -19.119  50.470 0.0000000000
65038  56.788  -20.365  50.561 0.0000000000
61630  55.303  -22.821  52.272 0.0000000000
61629  55.916  -23.097  51.814 0.0000000000
60498  55.726  -23.331  52.147 0.0000000000
59513  56.037  -24.454  52.015 0.0000000000
58536  56.261  -25.172  51.521 0.0000000000
57556  56.037  -26.144  51.558 0.0000000000
56494  56.036  -27.720  51.711 0.0000000000
49849  41.747  -34.263  63.008 0.0000000000
49864  42.626  -34.044  62.718 0.0000000000
49863  43.667  -34.060  62.487 0.0000000000
46266  45.742  -36.178  60.673 0.0000000000
139080  46.913  -35.165  60.468 0.0000000000
139084  46.220  -33.863  59.633 0.0000000000
47505  46.931  -34.795  59.332 0.0000000000
48704  46.748  -34.785  58.870 0.0000000000
45098  37.417  -37.908  60.915 0.0000000000
45114  37.468  -37.702  60.380 0.0000000000
47493  37.691  -36.679  59.665 0.0000000000
47492  38.072  -36.066  60.188 0.0000000000
48692  38.304  -35.352  60.724 0.0000000000
48678  38.396  -35.455  61.298 0.0000000000
48661  39.237  -35.056  62.278 0.0000000000
47452  38.981  -35.853  62.101 0.0000000000
47429  39.441  -35.957  62.374 0.0000000000
46241  40.048  -36.482  61.896 0.0000000000
69286  62.948  -15.162  40.236 0.0000000000
66189  61.640  -16.446  40.334 0.0000000000
73366  55.114  -12.039  47.387 0.0000000000
73387  55.048  -11.931  46.331 0.0000000000
74581  57.211  -11.314  46.254 0.0000000000
74580  57.950  -11.313  46.045 0.0000000000
74579  58.408  -11.440  45.909 0.0000000000
74572  58.638  -11.486  46.469 0.0000000000
74551  59.070  -11.682  47.070 0.0000000000
73362  59.225  -12.204  47.341 0.0000000000
70177  56.565  -14.840  48.556 0.0000000000
70193  56.579  -14.454  47.856 0.0000000000
53096  43.195  -31.017  60.623 0.0000000000
56451  46.429  -27.857  58.197 0.0000000000
56452  46.138  -28.234  57.794 0.0000000000
56464  46.286  -28.066  57.344 0.0000000000
55345  46.257  -28.818  55.878 0.0000000000
58472  50.618  -25.848  57.542 0.0000000000
58494  49.726  -25.453  56.158 0.0000000000
59475  50.431  -25.249  56.665 0.0000000000
60471  50.363  -24.730  55.896 0.0000000000
60492  50.356  -24.392  54.971 0.0000000000
60502  50.454  -24.482  53.956 0.0000000000
60483  50.886  -23.882  55.453 0.0000000000
60482  51.335  -23.737  55.568 0.0000000000
61590  52.184  -23.389  55.524 0.0000000000
61589  52.465  -23.238  55.237 0.0000000000
59484  52.646  -24.682  55.834 0.0000000000
54240  52.783  -29.693  54.909 0.0000000000
55342  52.493  -28.740  55.119 0.0000000000
54260  53.156  -29.574  54.455 0.0000000000
54259  53.767  -29.573  53.861 0.0000000000
54278  54.403  -29.542  53.273 0.0000000000
53201  54.949  -29.920  53.072 0.0000000000
52177  54.833  -30.661  53.187 0.0000000000
40380  31.945  -41.514  61.023 0.0000000000
40363  32.279  -41.831  61.424 0.0000000000
38139  32.478  -43.018  61.047 0.0000000000
37110  32.388  -43.395  61.120 0.0000000000
36034  32.685  -43.639  60.729 0.0000000000
36035  32.248  -43.836  60.938 0.0000000000
37111  31.580  -43.734  60.962 0.0000000000
63967  54.573  -20.432  49.551 0.0000000000
63935  55.098  -21.035  50.585 0.0000000000
65029  55.744  -21.077  50.578 0.0000000000
63918  54.882  -21.433  51.145 0.0000000000
63899  54.704  -21.907  52.225 0.0000000000
63900  54.408  -21.660  52.400 0.0000000000
62814  54.785  -22.316  52.828 0.0000000000
61631  54.987  -22.743  53.136 0.0000000000
60489  54.800  -23.054  53.436 0.0000000000
59506  54.511  -24.218  53.051 0.0000000000
47489  43.478  -35.145  60.073 0.0000000000
42787  36.116  -39.944  59.277 0.0000000000
42802  35.958  -39.639  58.655 0.0000000000
42772  36.601  -39.562  60.058 0.0000000000
42753  36.909  -39.525  60.521 0.0000000000
41553  37.154  -40.218  60.706 0.0000000000
42752  37.221  -39.470  60.774 0.0000000000
43929  37.285  -38.776  60.727 0.0000000000
43910  37.538  -38.221  61.143 0.0000000000
43909  37.834  -38.189  61.348 0.0000000000
45085  38.196  -37.504  61.662 0.0000000000
45084  38.740  -37.460  61.575 0.0000000000
43907  38.744  -38.173  61.025 0.0000000000
42748  38.754  -38.492  60.340 0.0000000000
42770  38.677  -38.778  60.072 0.0000000000
70262  62.264  -14.500  42.358 0.0000000000
69248  61.903  -15.314  42.159 0.0000000000
70245  61.558  -14.388  43.158 0.0000000000
69209  61.041  -14.679  43.422 0.0000000000
70232  60.198  -14.799  44.661 0.0000000000
69197  59.603  -14.810  44.999 0.0000000000
70178  53.547  -14.861  48.229 0.0000000000
71184  53.921  -13.959  48.499 0.0000000000
71183  54.507  -13.661  48.918 0.0000000000
70133  55.087  -14.583  49.974 0.0000000000
71155  54.790  -14.040  49.468 0.0000000000
72193  55.079  -13.209  49.336 0.0000000000
72213  55.458  -12.423  48.921 0.0000000000
73326  56.199  -11.985  49.470 0.0000000000
73343  57.431  -11.584  49.125 0.0000000000
74516  58.081  -11.768  48.727 0.0000000000
73308  57.758  -12.509  49.554 0.0000000000
71154  57.472  -13.413  49.416 0.0000000000
70154  56.778  -14.808  49.270 0.0000000000
70176  56.955  -14.362  48.677 0.0000000000
69172  56.335  -15.400  48.472 0.0000000000
68139  55.597  -16.321  47.792 0.0000000000
53092  46.352  -30.536  61.702 0.0000000000
54166  46.005  -30.083  61.186 0.0000000000
139094  48.008  -29.371  60.396 0.0000000000
139099  47.329  -27.966  60.066 0.0000000000
56438  46.551  -27.940  59.193 0.0000000000
57502  46.782  -27.645  58.571 0.0000000000
57510  47.410  -27.392  58.539 0.0000000000
56470  47.829  -27.005  56.496 0.0000000000
56423  49.731  -27.292  59.132 0.0000000000
57491  50.087  -26.604  58.436 0.0000000000
57489  51.830  -26.282  58.238 0.0000000000
58483  52.208  -25.532  57.839 0.0000000000
57501  52.222  -26.450  57.464 0.0000000000
56449  51.975  -27.202  57.384 0.0000000000
56460  52.142  -27.330  56.686 0.0000000000
55329  52.111  -28.615  55.912 0.0000000000
54223  51.250  -29.098  56.371 0.0000000000
54241  52.245  -29.450  55.275 0.0000000000
53173  52.729  -30.206  55.059 0.0000000000
52141  53.111  -30.921  55.125 0.0000000000
41597  34.252  -40.842  58.038 0.0000000000
41584  34.996  -40.910  58.909 0.0000000000
42788  35.502  -40.467  59.040 0.0000000000
41583  35.598  -40.853  59.532 0.0000000000
39277  35.382  -42.792  60.368 0.0000000000
39276  36.612  -42.185  60.298 0.0000000000
68122  54.396  -16.193  48.772 0.0000000000
67085  55.331  -17.384  49.487 0.0000000000
68120  55.504  -16.679  49.732 0.0000000000
66092  57.891  -18.429  49.364 0.0000000000
66080  58.224  -19.362  49.860 0.0000000000
65047  58.637  -20.029  50.228 0.0000000000
65035  58.531  -20.340  50.573 0.0000000000
65027  56.113  -21.423  50.768 0.0000000000
63915  56.404  -21.781  50.933 0.0000000000
62858  57.011  -22.126  51.021 0.0000000000
61639  56.504  -22.881  51.419 0.0000000000
61653  57.127  -22.516  50.985 0.0000000000
61652  57.568  -22.640  50.687 0.0000000000
50978  40.739  -32.564  60.065 0.0000000000
52050  42.242  -31.811  60.955 0.0000000000
52031  42.686  -32.001  62.106 0.0000000000
52049  42.882  -31.498  61.251 0.0000000000
52048  43.600  -31.486  61.810 0.0000000000
52046  45.525  -31.713  61.946 0.0000000000
47469  44.056  -34.908  60.867 0.0000000000
48656  44.637  -34.208  61.681 0.0000000000
47467  45.702  -34.970  60.863 0.0000000000
48674  45.149  -34.213  61.048 0.0000000000
53084  45.778  -31.159  62.139 0.0000000000
52027  46.464  -31.211  62.198 0.0000000000
139089  47.343  -31.305  60.945 0.0000000000
139085  46.447  -33.124  59.909 0.0000000000
139088  47.162  -31.972  59.677 0.0000000000
139090  47.766  -31.139  60.114 0.0000000000
52109  48.680  -30.972  57.456 0.0000000000
51021  48.792  -31.565  56.842 0.0000000000
49970  48.965  -33.441  56.647 0.0000000000
48747  49.572  -34.483  56.537 0.0000000000
47545  49.227  -35.174  56.749 0.0000000000
47544  49.654  -34.978  56.266 0.0000000000
43970  36.149  -39.072  58.838 0.0000000000
46287  37.038  -38.069  59.159 0.0000000000
50979  40.149  -33.058  59.980 0.0000000000
49882  40.508  -33.317  61.540 0.0000000000
49866  40.858  -33.624  62.217 0.0000000000
48660  39.911  -34.542  62.472 0.0000000000
48659  40.705  -34.245  62.630 0.0000000000
49850  41.184  -34.069  62.740 0.0000000000
48640  41.792  -34.856  63.190 0.0000000000
47425  42.115  -35.166  62.676 0.0000000000
47471  41.713  -35.224  60.997 0.0000000000
45083  39.272  -37.358  61.406 0.0000000000
46257  40.288  -36.609  61.035 0.0000000000
40344  28.520  -41.306  63.337 0.0000000000
66244  62.219  -16.873  38.206 0.0000000000
73424  59.243  -11.748  44.280 0.0000000000
73407  59.961  -12.168  45.313 0.0000000000
73394  59.517  -11.903  45.875 0.0000000000
72264  60.110  -12.691  45.435 0.0000000000
70217  59.861  -14.069  45.635 0.0000000000
70218  59.062  -14.387  45.911 0.0000000000
73342  58.596  -12.112  48.062 0.0000000000
72211  58.806  -12.488  47.753 0.0000000000
71200  59.027  -13.040  47.217 0.0000000000
70191  58.441  -13.667  47.206 0.0000000000
70190  58.773  -13.508  47.138 0.0000000000
70203  59.109  -13.769  46.657 0.0000000000
69199  57.886  -14.767  45.205 0.0000000000
61654  51.684  -22.704  51.172 0.0000000000
54173  45.289  -29.827  60.277 0.0000000000
54183  44.679  -29.575  59.291 0.0000000000
60514  50.524  -24.016  52.991 0.0000000000
61655  50.927  -23.225  51.532 0.0000000000
61641  52.504  -22.178  52.534 0.0000000000
62793  53.438  -22.191  53.831 0.0000000000
61606  52.800  -23.108  54.783 0.0000000000
61605  53.505  -22.918  54.254 0.0000000000
59499  54.070  -24.167  53.517 0.0000000000
58517  54.224  -24.954  52.618 0.0000000000
57515  52.567  -26.417  54.594 0.0000000000
56469  52.511  -27.562  54.886 0.0000000000
58509  52.852  -25.801  54.039 0.0000000000
57532  54.145  -26.218  51.986 0.0000000000
56496  54.803  -26.773  51.895 0.0000000000
56495  55.438  -27.524  51.809 0.0000000000
55388  56.019  -28.292  51.910 0.0000000000
54296  55.396  -29.410  52.505 0.0000000000
53218  55.772  -29.646  52.114 0.0000000000
52126  49.521  -31.556  56.441 0.0000000000
51040  51.067  -32.128  56.222 0.0000000000
48758  51.042  -33.665  55.611 0.0000000000
49991  51.559  -33.281  55.853 0.0000000000
51064  52.282  -32.180  55.586 0.0000000000
36046  32.100  -44.184  60.707 0.0000000000
38138  33.194  -43.085  61.057 0.0000000000
39209  30.627  -42.251  62.874 0.0000000000
39253  34.474  -43.075  61.035 0.0000000000
40377  37.075  -40.823  60.723 0.0000000000
40399  31.709  -41.323  60.558 0.0000000000
41529  28.529  -41.110  63.451 0.0000000000
41570  31.909  -41.168  59.505 0.0000000000
41586  32.219  -41.012  58.913 0.0000000000
42731  38.761  -38.596  60.732 0.0000000000
42732  38.358  -38.785  61.017 0.0000000000
43928  37.566  -38.791  60.934 0.0000000000
43930  36.898  -38.962  60.296 0.0000000000
46230  39.661  -36.119  62.336 0.0000000000
46253  45.965  -35.709  61.250 0.0000000000
46254  45.444  -35.413  60.707 0.0000000000
46259  37.681  -37.061  60.926 0.0000000000
46267  45.142  -35.677  60.229 0.0000000000
47427  40.476  -35.283  62.797 0.0000000000
47428  39.790  -35.498  62.632 0.0000000000
47517  47.234  -35.315  58.880 0.0000000000
48675  44.576  -34.579  61.268 0.0000000000
48733  48.637  -34.659  56.950 0.0000000000
48748  49.221  -34.641  56.790 0.0000000000
48757  51.592  -33.374  55.566 0.0000000000
49848  42.185  -34.495  63.093 0.0000000000
49862  44.409  -34.023  62.214 0.0000000000
49879  46.321  -33.219  60.894 0.0000000000
49897  45.880  -33.909  60.362 0.0000000000
49945  49.217  -33.783  56.731 0.0000000000
49946  48.805  -33.878  56.840 0.0000000000
49967  51.713  -32.669  56.016 0.0000000000
49971  48.551  -33.530  56.784 0.0000000000
50965  40.346  -32.967  60.514 0.0000000000
50977  41.250  -32.333  60.479 0.0000000000
51062  53.487  -31.315  54.748 0.0000000000
52026  46.983  -31.411  61.732 0.0000000000
52028  46.031  -31.335  62.254 0.0000000000
52079  47.382  -31.629  59.370 0.0000000000
52158  53.503  -30.864  54.801 0.0000000000
53083  46.131  -30.882  62.188 0.0000000000
53118  48.323  -30.278  58.599 0.0000000000
53144  50.249  -29.827  57.106 0.0000000000
53163  49.849  -30.763  56.676 0.0000000000
54167  45.484  -30.326  61.054 0.0000000000
54182  45.150  -29.376  59.614 0.0000000000
54192  49.873  -29.336  58.097 0.0000000000
54277  54.947  -29.350  52.879 0.0000000000
54295  55.926  -28.988  52.152 0.0000000000
55270  45.416  -29.289  59.684 0.0000000000
55282  45.786  -28.862  59.297 0.0000000000
55284  44.837  -29.224  58.849 0.0000000000
55298  45.365  -28.915  58.398 0.0000000000
55312  50.785  -28.507  57.594 0.0000000000
55314  45.097  -29.106  58.037 0.0000000000
55343  52.168  -28.910  55.396 0.0000000000
55371  55.103  -28.974  52.510 0.0000000000
56414  45.994  -28.743  59.352 0.0000000000
56425  45.884  -28.701  58.969 0.0000000000
56439  46.212  -28.218  58.650 0.0000000000
56440  45.831  -28.673  58.374 0.0000000000
56461  51.954  -27.616  57.186 0.0000000000
56484  54.887  -28.443  52.056 0.0000000000
56509  56.049  -27.053  51.362 0.0000000000
56510  55.757  -26.638  51.676 0.0000000000
57474  49.617  -26.763  58.895 0.0000000000
57493  46.484  -27.875  58.660 0.0000000000
57543  54.790  -26.235  51.912 0.0000000000
57557  55.769  -26.178  51.743 0.0000000000
58470  51.911  -25.620  58.305 0.0000000000
58471  51.426  -25.619  58.018 0.0000000000
58485  50.488  -25.459  56.974 0.0000000000
58486  49.984  -25.540  56.792 0.0000000000
59461  51.403  -25.292  57.802 0.0000000000
59473  51.624  -25.073  57.543 0.0000000000
59474  50.909  -25.177  57.011 0.0000000000
59486  50.637  -25.005  56.454 0.0000000000
59487  50.177  -24.995  56.219 0.0000000000
59494  50.152  -24.811  55.783 0.0000000000
59507  49.944  -25.174  54.595 0.0000000000
59521  56.866  -24.073  50.644 0.0000000000
59522  56.668  -24.356  51.285 0.0000000000
59523  56.417  -24.473  51.641 0.0000000000
60484  50.412  -24.521  55.599 0.0000000000
60491  50.728  -23.827  54.663 0.0000000000
60500  54.649  -23.662  53.255 0.0000000000
60511  56.196  -23.665  52.023 0.0000000000
60512  55.635  -23.851  52.325 0.0000000000
60548  57.787  -22.786  49.866 0.0000000000
61591  51.864  -23.622  55.739 0.0000000000
61607  52.347  -22.881  54.874 0.0000000000
61608  51.587  -23.403  55.283 0.0000000000
61609  51.055  -23.539  55.022 0.0000000000
61632  52.386  -22.421  53.010 0.0000000000
61640  55.879  -22.822  51.599 0.0000000000
62768  53.579  -22.480  54.054 0.0000000000
62769  53.131  -22.642  54.278 0.0000000000
62770  52.714  -22.802  54.502 0.0000000000
62795  52.329  -22.570  54.215 0.0000000000
62839  52.146  -22.395  51.548 0.0000000000
62901  53.215  -20.974  48.302 0.0000000000
63897  55.321  -22.170  51.889 0.0000000000
63931  58.561  -20.554  50.705 0.0000000000
63932  58.233  -20.836  50.719 0.0000000000
63937  53.260  -21.183  50.979 0.0000000000
65028  55.959  -21.248  50.689 0.0000000000
66072  58.393  -19.947  50.265 0.0000000000
66207  61.964  -16.541  39.597 0.0000000000
66230  61.131  -16.845  39.781 0.0000000000
67201  61.948  -16.101  40.570 0.0000000000
68109  55.448  -15.975  49.827 0.0000000000
68119  56.880  -16.087  49.142 0.0000000000
69120  56.086  -15.108  50.469 0.0000000000
69200  57.430  -14.465  45.204 0.0000000000
70114  56.450  -14.408  50.575 0.0000000000
70115  55.977  -14.351  50.452 0.0000000000
70130  57.109  -14.587  50.238 0.0000000000
70131  56.651  -14.674  50.467 0.0000000000
70132  55.616  -14.323  50.217 0.0000000000
70230  61.064  -14.178  43.580 0.0000000000
70290  63.137  -14.633  40.260 0.0000000000
71125  57.143  -13.823  50.534 0.0000000000
71126  56.745  -14.032  50.567 0.0000000000
71127  56.348  -13.977  50.520 0.0000000000
71140  55.360  -13.851  49.888 0.0000000000
71180  58.630  -12.837  47.724 0.0000000000
71202  58.092  -13.631  47.603 0.0000000000
71225  60.509  -13.587  44.765 0.0000000000
72174  57.336  -13.007  49.873 0.0000000000
72176  56.225  -12.925  50.192 0.0000000000
72192  55.757  -12.650  49.679 0.0000000000
72212  58.250  -12.471  48.428 0.0000000000
72234  59.471  -12.563  46.954 0.0000000000
72235  59.198  -12.493  47.324 0.0000000000
73310  56.674  -12.311  50.018 0.0000000000
73323  58.124  -12.214  48.957 0.0000000000
73324  57.773  -11.874  49.391 0.0000000000
73325  57.074  -11.768  49.616 0.0000000000
73341  58.978  -12.181  47.721 0.0000000000
73344  56.796  -11.558  48.880 0.0000000000
73345  56.008  -11.834  48.597 0.0000000000
73361  59.491  -12.293  47.081 0.0000000000
73384  59.448  -11.927  46.626 0.0000000000
73385  59.142  -11.732  46.281 0.0000000000
73395  58.855  -11.641  45.709 0.0000000000
74517  57.781  -11.554  49.009 0.0000000000
74535  56.915  -11.489  48.334 0.0000000000
74555  56.256  -11.523  47.307 0.0000000000
74574  57.132  -11.324  46.928 0.0000000000
74575  56.483  -11.404  46.864 0.0000000000
139076  46.381  -33.127  59.385 0.0000000000
139077  46.917  -32.655  60.219 0.0000000000
139079  46.499  -33.023  59.643 0.0000000000
139083  46.473  -34.493  59.161 0.0000000000
139087  46.501  -33.245  60.050 0.0000000000
139096  48.404  -29.020  60.239 0.0000000000
139102  47.253  -27.690  59.395 0.0000000000
139103  47.789  -28.461  60.321 0.0000000000
139109  47.593  -27.090  57.620 0.0000000000
139110  48.617  -26.687  56.266 0.0000000000
139115  49.844  -25.182  55.248 0.0000000000
