#!ascii label  , from subject 3617 vox2ras=TkReg
844
96853  21.042  9.817  -8.700 0.2500000000
96868  21.556  9.159  -9.099 0.7500000000
99550  19.491  12.446  -7.136 0.2500000000
98724  19.874  11.779  -7.689 0.1250000000
99586  19.990  12.537  -8.086 0.3750000000
96854  20.406  10.434  -8.432 0.2500000000
96852  21.609  10.333  -9.224 0.7500000000
96866  22.555  9.052  -10.081 0.8750000000
96867  22.069  9.645  -9.627 0.8750000000
98746  20.358  11.710  -8.293 0.3750000000
98745  20.957  11.648  -8.708 0.3750000000
97853  22.079  10.992  -9.546 0.8750000000
97837  21.322  10.895  -8.940 0.7500000000
97863  23.834  10.590  -10.342 1.0000000000
97864  22.879  10.934  -9.960 1.0000000000
96879  24.136  9.512  -10.635 1.0000000000
96881  22.545  10.171  -10.013 0.8750000000
99562  19.623  12.682  -7.558 0.2500000000
99585  20.686  12.536  -8.677 0.7500000000
98761  21.888  11.972  -9.531 0.8750000000
98760  22.515  11.763  -9.798 0.8750000000
98744  21.433  11.709  -9.170 0.7500000000
98771  23.037  11.893  -10.135 1.0000000000
96896  25.568  9.374  -11.412 1.0000000000
97862  24.595  10.324  -10.761 1.0000000000
96878  24.873  9.515  -11.186 1.0000000000
100401  19.184  13.138  -6.642 0.1250000000
99599  22.136  12.800  -9.742 1.0000000000
99601  20.902  12.855  -8.959 0.8750000000
97878  25.465  10.545  -11.271 1.0000000000
98769  24.583  11.433  -10.700 1.0000000000
98770  23.633  11.685  -10.376 1.0000000000
96894  27.373  9.627  -11.590 1.0000000000
96895  26.338  9.537  -11.542 1.0000000000
103322  18.339  16.228  -5.707 0.2500000000
100413  19.220  13.461  -7.180 0.2500000000
100436  19.676  13.250  -7.807 0.5000000000
100454  21.445  13.621  -9.458 1.0000000000
101332  20.303  14.158  -8.538 0.6250000000
100455  20.766  13.392  -8.939 1.0000000000
99609  23.339  12.578  -10.420 1.0000000000
98780  26.071  11.703  -11.547 1.0000000000
98781  25.285  11.753  -11.159 1.0000000000
99608  24.219  12.607  -10.665 1.0000000000
98779  27.206  11.776  -12.052 1.0000000000
97876  27.727  10.618  -11.916 1.0000000000
103321  18.839  16.308  -6.638 0.5000000000
102282  17.950  15.342  -5.401 0.3750000000
102299  18.518  15.251  -6.319 0.3750000000
102313  18.830  14.857  -6.947 0.5000000000
102312  19.297  15.073  -7.400 0.5000000000
101353  20.850  14.585  -9.099 0.8750000000
100453  22.146  13.771  -9.775 1.0000000000
102340  22.160  15.465  -9.642 1.0000000000
100463  24.424  13.479  -10.700 1.0000000000
99619  26.450  12.811  -11.734 1.0000000000
100478  24.955  13.235  -10.994 1.0000000000
99635  27.761  12.904  -12.658 1.0000000000
98792  27.587  12.380  -12.313 1.0000000000
97891  28.617  11.509  -12.294 0.8750000000
102298  19.000  15.526  -6.976 0.5000000000
103340  19.641  16.185  -7.508 0.6250000000
103384  21.044  16.401  -8.979 0.6250000000
102341  21.354  15.520  -9.275 1.0000000000
102323  20.170  15.150  -8.423 0.7500000000
102362  22.963  15.385  -10.019 1.0000000000
101397  27.270  14.421  -12.477 1.0000000000
101381  25.946  14.369  -11.484 1.0000000000
101382  25.124  14.334  -11.080 1.0000000000
101368  24.265  14.353  -10.736 1.0000000000
100505  27.483  13.882  -12.925 1.0000000000
100494  27.187  13.581  -12.140 1.0000000000
100477  25.693  13.502  -11.415 1.0000000000
100513  27.718  13.489  -13.915 0.8750000000
100493  27.553  13.451  -12.744 1.0000000000
99634  28.512  12.658  -12.897 0.8750000000
103339  20.202  16.789  -7.845 0.5000000000
103358  20.362  16.301  -8.343 0.8750000000
103406  23.847  16.218  -10.746 1.0000000000
103407  23.281  16.306  -10.240 1.0000000000
102379  26.208  15.028  -11.785 1.0000000000
102380  25.508  15.332  -11.590 1.0000000000
101383  24.645  14.831  -10.987 1.0000000000
103441  26.243  16.438  -12.253 1.0000000000
100521  28.353  13.537  -14.565 1.0000000000
101405  27.464  14.384  -13.304 1.0000000000
102398  26.811  15.320  -12.283 1.0000000000
102419  27.847  14.939  -14.158 1.0000000000
104367  19.317  17.293  -6.944 0.5000000000
104401  20.845  17.055  -8.675 1.0000000000
105434  23.778  18.285  -10.667 1.0000000000
104413  23.610  17.227  -10.482 1.0000000000
104414  23.019  17.268  -9.888 1.0000000000
104449  26.487  17.457  -12.107 1.0000000000
104450  25.773  17.334  -12.054 1.0000000000
103439  28.021  16.333  -12.271 1.0000000000
102396  28.637  15.225  -12.770 1.0000000000
103440  27.095  16.399  -12.222 1.0000000000
102410  28.430  14.690  -13.655 0.8750000000
108352  21.565  21.255  -8.414 1.0000000000
107329  20.849  20.206  -7.345 0.3750000000
108366  21.913  21.133  -9.178 0.8750000000
106376  23.639  19.252  -10.750 1.0000000000
105444  26.292  18.451  -11.845 1.0000000000
105445  25.420  18.332  -11.772 1.0000000000
109358  22.001  22.543  -8.582 0.8750000000
109376  22.389  21.954  -9.209 1.0000000000
108365  22.870  21.044  -9.808 1.0000000000
108364  23.568  21.433  -9.777 1.0000000000
107367  23.802  20.017  -10.573 1.0000000000
106389  25.684  19.481  -11.269 1.0000000000
105443  27.208  18.380  -11.850 1.0000000000
109391  23.977  21.726  -9.816 1.0000000000
108378  24.017  20.916  -10.140 1.0000000000
107365  25.758  20.467  -10.715 1.0000000000
108385  25.439  20.753  -10.739 1.0000000000
106374  25.720  19.973  -10.804 1.0000000000
109375  23.352  22.052  -9.411 1.0000000000
109390  24.551  21.813  -10.262 1.0000000000
108377  24.979  20.998  -10.750 1.0000000000
114515  24.061  28.156  -7.084 0.1250000000
114514  24.494  28.712  -6.790 0.1250000000
113642  23.979  27.429  -7.288 0.2500000000
114522  24.244  28.014  -7.379 0.1250000000
113641  24.608  27.399  -7.958 0.3750000000
114521  24.866  28.411  -7.655 0.2500000000
113652  25.342  27.637  -8.300 0.5000000000
114531  25.271  28.258  -8.190 0.2500000000
114530  25.735  28.627  -8.533 0.3750000000
115363  25.245  28.965  -7.466 0.2500000000
114520  25.289  28.898  -7.967 0.2500000000
115362  25.413  29.585  -7.661 0.2500000000
115366  25.751  29.848  -8.750 0.2500000000
115370  25.913  29.962  -9.458 0.2500000000
114541  26.015  29.344  -9.330 0.3750000000
115369  26.046  29.575  -10.112 0.3750000000
116226  25.857  30.147  -9.793 0.2500000000
96836  20.137  10.170  -8.178 0.1250000000
97838  20.670  10.891  -8.525 0.2500000000
98705  19.744  11.500  -7.169 0.1250000000
95877  27.077  8.598  -11.427 1.0000000000
103383  21.827  16.423  -9.322 0.8750000000
103424  25.537  16.391  -11.966 1.0000000000
96835  20.518  9.403  -8.011 0.1250000000
95842  22.402  8.469  -9.805 0.6250000000
94679  22.832  7.800  -9.937 0.7500000000
99539  19.658  12.309  -6.727 0.1250000000
94677  24.501  7.531  -10.536 1.0000000000
97821  19.909  10.802  -7.638 0.1250000000
95859  24.724  8.493  -10.960 1.0000000000
95878  26.072  8.499  -11.377 1.0000000000
100402  18.684  13.698  -6.185 0.3750000000
101305  18.368  14.481  -5.799 0.2500000000
97875  28.708  10.716  -12.026 0.8750000000
99633  29.354  12.760  -13.057 0.8750000000
98790  28.933  12.096  -12.571 0.8750000000
99652  30.122  12.834  -14.949 0.8750000000
107313  20.248  21.022  -6.191 0.1250000000
107314  19.990  19.953  -6.498 0.1250000000
105418  21.438  18.370  -8.758 0.6250000000
101411  28.932  14.478  -14.104 0.8750000000
109377  21.796  21.842  -8.796 0.8750000000
107344  21.051  19.704  -8.114 0.8750000000
104430  26.756  17.941  -11.942 1.0000000000
105442  28.197  18.428  -11.929 1.0000000000
106387  27.449  19.209  -11.399 1.0000000000
106373  26.101  19.881  -10.881 1.0000000000
110240  23.082  23.413  -8.375 0.8750000000
110256  24.437  23.331  -9.177 1.0000000000
109389  25.325  21.904  -10.621 1.0000000000
108376  25.703  21.205  -10.743 1.0000000000
114505  23.901  28.286  -6.429 0.1250000000
113636  23.029  27.165  -7.011 0.1250000000
112728  24.411  26.033  -7.980 0.6250000000
113651  26.292  27.451  -8.639 0.5000000000
114529  26.624  27.975  -9.042 0.5000000000
115357  25.186  29.019  -7.086 0.2500000000
114540  26.630  28.616  -9.843 0.5000000000
116222  25.724  30.708  -8.199 0.1250000000
116231  25.627  30.167  -10.220 0.2500000000
115377  25.397  29.570  -10.915 0.2500000000
95844  21.328  8.791  -8.836 0.5000000000
95861  22.947  8.472  -10.273 0.7500000000
96880  22.979  9.636  -10.415 0.8750000000
95860  23.766  8.516  -10.566 1.0000000000
97852  22.526  11.235  -9.752 1.0000000000
95879  25.294  8.792  -11.310 1.0000000000
97877  26.659  10.630  -11.716 1.0000000000
101318  18.638  14.183  -6.658 0.3750000000
101333  19.665  14.260  -7.854 0.5000000000
100464  23.744  13.454  -10.513 1.0000000000
99621  24.883  12.346  -10.995 1.0000000000
99620  25.494  12.581  -11.386 1.0000000000
98791  28.089  12.072  -12.492 1.0000000000
103359  19.955  15.745  -8.054 0.6250000000
101351  22.536  14.489  -9.915 1.0000000000
101367  24.746  13.828  -10.822 1.0000000000
101369  23.337  14.388  -10.336 1.0000000000
99636  27.268  12.714  -12.105 1.0000000000
99647  28.111  12.879  -13.161 0.8750000000
97890  29.206  11.403  -12.204 0.8750000000
103382  22.613  16.373  -9.720 1.0000000000
102361  23.647  15.326  -10.544 1.0000000000
102412  27.606  14.741  -12.744 1.0000000000
100476  26.392  13.730  -11.638 1.0000000000
99654  28.678  12.783  -14.264 0.8750000000
104433  24.424  17.194  -11.250 1.0000000000
103425  24.927  16.291  -11.530 1.0000000000
103426  24.366  16.213  -11.135 1.0000000000
102399  25.989  15.662  -12.111 1.0000000000
102381  24.811  15.371  -11.227 1.0000000000
102397  27.711  15.416  -12.435 1.0000000000
102411  28.029  14.708  -13.121 1.0000000000
104366  20.030  17.350  -7.521 0.6250000000
104385  21.001  17.722  -8.634 0.7500000000
104400  21.505  17.382  -8.991 1.0000000000
105435  23.273  18.030  -10.163 1.0000000000
105426  22.694  18.215  -9.770 1.0000000000
104412  24.042  17.513  -10.813 1.0000000000
106377  22.994  18.951  -10.374 1.0000000000
106391  24.149  18.834  -11.024 1.0000000000
105446  24.554  18.190  -11.360 1.0000000000
104448  27.382  17.423  -12.179 1.0000000000
105457  26.035  17.953  -12.032 1.0000000000
104432  25.052  17.302  -11.761 1.0000000000
107328  21.319  20.771  -8.006 0.7500000000
107355  22.039  20.167  -9.572 1.0000000000
107343  21.434  20.230  -8.572 0.7500000000
106361  22.343  19.163  -9.741 1.0000000000
107354  22.759  19.933  -10.100 1.0000000000
106390  24.788  19.266  -11.184 1.0000000000
109357  22.829  22.687  -8.721 0.8750000000
108379  23.333  20.344  -10.222 1.0000000000
107366  24.510  20.150  -10.698 1.0000000000
106375  24.165  19.523  -10.873 1.0000000000
106388  26.575  19.266  -11.472 1.0000000000
109374  24.161  22.439  -9.620 1.0000000000
113635  23.438  27.758  -6.679 0.1250000000
96813  20.589  9.433  -7.519 0.1250000000
95833  20.922  8.527  -8.397 0.1250000000
95843  21.711  8.415  -9.350 0.6250000000
107330  20.180  19.595  -7.028 0.5000000000
105402  20.360  18.271  -7.767 0.6250000000
105427  22.057  18.315  -9.242 0.8750000000
105419  20.849  18.359  -8.336 0.7500000000
106354  20.706  19.160  -7.965 0.8750000000
106362  21.730  19.255  -9.106 1.0000000000
110257  23.634  23.120  -8.922 1.0000000000
110255  25.389  23.359  -9.318 1.0000000000
109388  25.865  21.851  -10.722 1.0000000000
112717  23.257  26.623  -7.050 0.3750000000
112727  24.938  26.517  -8.363 0.7500000000
112715  24.360  26.763  -7.772 0.5000000000
114554  26.129  28.786  -11.223 0.3750000000
90546  25.517  3.307  -10.305 0.7500000000
90544  27.714  3.510  -10.549 0.7500000000
90547  24.948  3.636  -10.267 0.7500000000
91506  24.648  4.314  -10.200 0.7500000000
90545  26.694  3.469  -10.346 0.7500000000
91505  25.796  4.385  -10.609 0.7500000000
91504  26.902  4.654  -10.816 0.7500000000
92464  25.979  5.185  -10.951 0.7500000000
94663  23.045  7.133  -9.738 0.7500000000
92465  25.145  5.490  -10.498 0.7500000000
93573  25.200  6.596  -10.629 0.8750000000
93574  24.378  6.517  -10.266 0.8750000000
91503  27.996  4.575  -10.752 0.7500000000
91516  27.429  5.075  -11.057 0.7500000000
92479  26.510  5.674  -11.192 0.7500000000
92478  27.434  5.682  -11.383 0.7500000000
93586  26.708  6.610  -11.321 0.8750000000
94676  25.347  7.502  -10.842 0.8750000000
93585  27.582  6.718  -11.462 0.7500000000
94692  26.866  7.588  -11.361 0.8750000000
94690  28.698  7.710  -11.588 0.8750000000
94691  27.805  7.672  -11.355 0.8750000000
95876  28.087  8.674  -11.409 0.8750000000
95873  30.669  8.527  -11.385 0.3750000000
95874  29.829  8.637  -11.677 0.6250000000
96892  29.388  9.767  -11.835 0.7500000000
96893  28.400  9.689  -11.697 0.7500000000
96890  30.872  9.572  -11.461 0.5000000000
96891  30.235  9.550  -11.678 0.5000000000
97873  30.032  10.464  -11.935 0.7500000000
97874  29.443  10.717  -12.021 0.7500000000
97861  31.652  10.115  -10.940 0.1250000000
97871  31.454  10.437  -11.630 0.3750000000
97872  30.709  10.363  -11.804 0.6250000000
97889  29.869  11.317  -12.012 0.6250000000
97860  32.219  10.311  -10.426 0.1250000000
97870  32.055  10.659  -11.229 0.1250000000
98777  31.590  11.183  -12.152 0.1250000000
98786  31.858  11.753  -12.378 0.1250000000
99632  29.998  12.805  -12.487 0.6250000000
100492  29.865  12.998  -13.088 0.6250000000
100502  29.956  12.844  -13.586 0.7500000000
99607  32.580  11.840  -11.607 0.1250000000
99617  32.597  12.907  -11.762 0.1250000000
100490  31.192  13.311  -12.706 0.1250000000
100491  30.309  13.270  -13.000 0.5000000000
101409  30.205  14.039  -13.850 0.7500000000
98767  33.050  11.721  -10.385 0.1250000000
101394  30.891  13.859  -13.003 0.5000000000
101402  30.489  14.125  -13.410 0.6250000000
101403  29.846  14.711  -13.554 0.7500000000
110241  22.378  23.308  -8.089 0.6250000000
111049  22.479  24.055  -7.515 0.5000000000
102393  31.087  15.371  -12.907 0.6250000000
103437  29.674  16.296  -12.574 0.6250000000
103438  28.883  16.301  -12.540 0.8750000000
102394  30.183  15.685  -12.998 0.6250000000
103436  30.472  16.408  -12.279 0.6250000000
104446  29.238  16.990  -12.211 0.7500000000
111058  23.437  24.251  -8.414 0.7500000000
104447  28.344  17.366  -12.321 0.8750000000
106372  26.793  19.822  -10.854 0.8750000000
106386  28.452  19.480  -11.263 0.8750000000
106371  27.572  19.864  -10.835 0.8750000000
107362  28.180  20.552  -10.653 0.8750000000
102392  32.285  15.705  -12.602 0.3750000000
103423  30.915  17.071  -11.787 0.5000000000
104427  29.971  17.514  -11.937 0.6250000000
103434  32.634  16.845  -12.903 0.2500000000
103435  31.777  16.657  -12.101 0.3750000000
111048  22.854  24.518  -7.847 0.6250000000
111072  23.939  23.787  -8.865 0.8750000000
111057  24.299  24.360  -8.784 0.7500000000
108375  26.420  21.501  -10.529 0.8750000000
108363  26.813  22.045  -10.289 0.7500000000
105441  29.238  18.614  -11.762 0.6250000000
103422  31.416  17.319  -11.800 0.3750000000
104426  30.989  17.847  -11.716 0.5000000000
106370  29.625  20.144  -10.858 0.7500000000
111845  23.216  25.314  -7.655 0.6250000000
110239  24.415  23.813  -8.885 0.8750000000
110254  26.358  23.412  -9.400 0.8750000000
111070  25.843  23.906  -9.102 0.7500000000
108362  27.205  22.097  -10.238 0.8750000000
108373  28.430  21.565  -10.327 0.7500000000
106385  29.592  19.596  -11.200 0.5000000000
105453  32.159  18.564  -12.378 0.2500000000
105439  31.411  18.816  -11.712 0.5000000000
105440  30.304  18.623  -11.555 0.5000000000
104443  32.395  17.726  -12.709 0.2500000000
111861  24.710  25.384  -8.542 0.6250000000
111860  25.569  25.545  -8.828 0.7500000000
111055  26.210  24.500  -8.995 0.7500000000
111859  26.564  25.575  -8.703 0.7500000000
111054  27.186  24.618  -8.676 0.7500000000
110235  27.489  23.835  -8.841 0.7500000000
110236  26.786  23.862  -8.895 0.7500000000
110253  27.330  23.228  -9.294 0.7500000000
109370  28.070  22.437  -9.831 0.7500000000
109369  29.189  22.689  -9.689 0.7500000000
107360  30.443  20.727  -10.564 0.5000000000
107350  30.423  21.258  -10.400 0.3750000000
108360  29.560  21.692  -10.009 0.6250000000
106398  31.894  19.605  -12.595 0.2500000000
106368  30.817  20.079  -10.920 0.3750000000
107359  31.120  20.648  -11.193 0.3750000000
112726  25.923  26.578  -8.631 0.6250000000
111068  27.837  24.813  -8.844 0.7500000000
111067  28.462  24.449  -9.102 0.7500000000
110251  28.999  23.687  -9.446 0.6250000000
109383  31.038  21.978  -11.307 0.3750000000
109385  29.856  22.730  -9.999 0.3750000000
106405  32.015  20.101  -13.467 0.1250000000
108384  31.428  21.314  -12.594 0.1250000000
108370  31.252  21.316  -11.654 0.2500000000
112725  26.916  26.498  -8.614 0.7500000000
111858  27.553  25.562  -8.650 0.6250000000
111872  28.141  25.180  -8.967 0.7500000000
110265  29.734  23.441  -10.002 0.3750000000
111066  29.209  24.437  -9.686 0.3750000000
110252  28.238  23.456  -9.141 0.7500000000
109399  30.878  22.483  -11.634 0.2500000000
109384  30.401  22.546  -10.656 0.3750000000
108400  30.610  21.408  -14.118 0.1250000000
109413  30.642  21.688  -13.621 0.1250000000
107390  31.445  20.815  -13.828 0.1250000000
112724  27.813  26.416  -8.857 0.3750000000
111871  28.679  25.319  -9.372 0.3750000000
111090  29.875  24.681  -11.361 0.2500000000
111082  29.674  24.380  -10.586 0.3750000000
110278  30.659  23.347  -12.848 0.1250000000
110272  30.547  23.271  -11.659 0.3750000000
110264  30.089  23.520  -10.811 0.3750000000
108408  30.870  21.639  -14.899 0.1250000000
109407  30.911  22.592  -12.551 0.1250000000
113659  27.093  27.775  -9.546 0.3750000000
113650  27.205  27.208  -9.001 0.3750000000
112740  28.171  26.575  -9.517 0.3750000000
113649  27.726  26.860  -9.237 0.3750000000
112751  29.250  25.785  -10.812 0.3750000000
112739  28.848  26.049  -9.932 0.3750000000
112723  28.438  26.072  -9.197 0.3750000000
111882  29.468  25.361  -10.981 0.3750000000
111870  29.227  25.232  -10.141 0.3750000000
111105  30.512  24.259  -13.867 0.1250000000
111089  30.391  24.330  -12.050 0.2500000000
109419  30.505  22.617  -15.037 0.1250000000
113670  27.932  27.416  -10.998 0.2500000000
113669  28.547  26.769  -11.242 0.2500000000
113658  27.652  27.168  -9.829 0.3750000000
111905  28.888  25.637  -12.360 0.1250000000
112753  28.393  26.724  -10.377 0.3750000000
111894  29.710  25.346  -12.000 0.1250000000
111895  29.178  25.761  -11.523 0.2500000000
111913  30.251  25.088  -13.955 0.1250000000
114553  27.149  28.210  -11.144 0.3750000000
114539  27.303  27.844  -10.251 0.3750000000
113680  27.462  27.521  -12.152 0.2500000000
112782  28.289  26.137  -12.711 0.1250000000
113688  27.731  26.816  -12.958 0.1250000000
112796  28.986  25.782  -14.167 0.1250000000
113689  26.914  27.414  -13.201 0.1250000000
112812  28.932  26.663  -14.247 0.1250000000
112797  28.380  26.410  -13.627 0.1250000000
112811  29.949  26.335  -14.356 0.1250000000
111923  30.544  25.502  -14.503 0.1250000000
94693  26.036  7.484  -11.247 0.8750000000
94689  29.479  7.755  -11.685 0.6250000000
102407  30.777  14.708  -13.257 0.6250000000
104428  28.889  17.819  -12.099 0.8750000000
104444  31.845  17.803  -11.917 0.3750000000
111862  23.907  25.333  -8.244 0.6250000000
110238  24.768  23.822  -8.913 0.8750000000
111056  25.250  24.412  -8.885 0.7500000000
109386  27.887  22.000  -10.311 0.7500000000
106384  30.611  19.466  -11.233 0.5000000000
106383  31.269  19.848  -11.596 0.5000000000
111903  30.073  25.094  -13.179 0.1250000000
113679  28.146  26.839  -12.027 0.2500000000
112795  29.831  25.647  -14.082 0.1250000000
98787  31.132  11.700  -12.348 0.5000000000
98788  30.371  12.012  -12.076 0.6250000000
98789  29.602  12.168  -12.231 0.7500000000
101393  31.607  14.371  -12.828 0.3750000000
107375  29.005  20.169  -11.017 0.7500000000
111904  29.345  25.379  -12.784 0.1250000000
102406  32.909  16.367  -12.935 0.1250000000
89560  26.542  2.339  -10.290 0.7500000000
89561  25.664  2.207  -10.058 0.7500000000
90530  24.733  3.290  -10.142 0.7500000000
91489  24.240  3.852  -9.895 0.7500000000
88534  28.130  1.449  -10.510 0.7500000000
89558  28.373  2.461  -10.554 0.7500000000
93557  22.826  6.396  -9.577 0.6250000000
92466  24.142  5.528  -10.196 0.7500000000
90543  28.650  3.497  -10.664 0.6250000000
92462  28.277  5.247  -11.229 0.7500000000
92476  28.806  6.277  -11.645 0.6250000000
93582  29.787  7.204  -11.542 0.5000000000
94675  30.767  7.480  -11.145 0.3750000000
94688  30.162  7.681  -11.554 0.5000000000
95856  31.362  8.473  -10.844 0.1250000000
96877  31.742  9.371  -10.508 0.1250000000
97851  32.709  10.280  -9.362 0.1250000000
99606  32.965  12.470  -11.280 0.1250000000
111059  22.872  23.899  -8.031 0.3750000000
100474  32.896  13.591  -11.884 0.1250000000
100475  32.436  13.108  -11.990 0.1250000000
101392  32.543  14.679  -12.612 0.1250000000
104455  32.872  17.810  -13.596 0.1250000000
105462  32.835  18.853  -14.003 0.1250000000
107389  32.040  20.361  -14.128 0.1250000000
112716  23.821  26.296  -7.405 0.3750000000
107396  31.918  20.662  -14.740 0.1250000000
109418  31.437  22.450  -15.056 0.1250000000
108407  32.179  21.424  -15.009 0.1250000000
110292  30.571  23.384  -14.494 0.1250000000
111110  31.691  24.293  -14.857 0.1250000000
115346  25.084  29.041  -6.463 0.1250000000
114568  26.577  28.040  -12.251 0.2500000000
114582  25.956  27.629  -13.020 0.1250000000
113690  26.077  27.715  -13.850 0.1250000000
112813  28.566  26.989  -13.840 0.1250000000
113699  28.144  27.474  -13.646 0.1250000000
111922  31.461  25.327  -14.931 0.1250000000
102395  29.455  15.544  -12.945 0.7500000000
101396  29.312  15.020  -13.174 0.7500000000
109359  21.575  22.054  -8.117 0.3750000000
107363  27.061  20.587  -10.414 0.8750000000
94678  23.579  7.498  -10.152 0.7500000000
95858  25.488  8.163  -11.136 0.8750000000
105454  28.174  17.983  -12.338 0.8750000000
109373  24.986  22.546  -9.907 0.8750000000
109372  26.021  22.473  -10.234 0.8750000000
114555  25.369  29.068  -11.832 0.1250000000
90529  25.210  2.831  -10.238 0.7500000000
89559  27.466  2.422  -10.490 0.7500000000
91507  23.819  4.916  -10.203 0.7500000000
93575  23.599  6.433  -9.859 0.7500000000
94664  22.278  7.417  -9.630 0.6250000000
92480  25.744  5.904  -10.903 0.8750000000
92463  27.785  5.156  -11.106 0.7500000000
93587  25.905  6.615  -11.077 0.8750000000
92477  28.280  6.027  -11.586 0.7500000000
93584  28.412  6.838  -11.649 0.7500000000
93583  29.320  6.738  -11.663 0.6250000000
95875  29.003  8.687  -11.653 0.7500000000
95857  31.048  7.977  -11.101 0.2500000000
96889  31.295  9.507  -11.089 0.2500000000
97887  31.111  10.960  -12.039 0.3750000000
97888  30.558  11.137  -12.051 0.6250000000
98768  32.562  11.317  -11.011 0.1250000000
98759  32.673  11.024  -10.087 0.1250000000
98776  32.184  11.290  -11.850 0.1250000000
99630  31.587  12.504  -12.486 0.1250000000
99618  32.340  12.401  -12.039 0.1250000000
99631  30.762  12.574  -12.533 0.5000000000
100489  32.173  13.481  -12.414 0.1250000000
102408  30.413  14.983  -13.349 0.6250000000
104445  29.823  16.780  -12.217 0.6250000000
108374  27.428  21.560  -10.329 0.7500000000
109371  27.036  22.518  -9.900 0.7500000000
107361  29.385  20.722  -10.462 0.6250000000
108361  28.878  21.977  -10.001 0.7500000000
106397  32.297  19.527  -13.276 0.1250000000
105452  32.514  18.802  -13.218 0.1250000000
111053  27.870  24.226  -8.813 0.7500000000
109368  29.925  22.267  -9.989 0.6250000000
108371  30.798  21.453  -10.778 0.3750000000
107373  31.427  20.547  -12.113 0.1250000000
111857  28.187  25.727  -8.888 0.3750000000
109398  31.239  21.971  -12.132 0.3750000000
107383  31.676  20.655  -13.025 0.1250000000
109406  31.076  21.930  -13.128 0.1250000000
108401  29.992  21.875  -14.544 0.1250000000
108409  29.998  22.134  -15.059 0.1250000000
107397  31.343  21.016  -14.393 0.1250000000
109414  30.355  22.296  -13.681 0.1250000000
111081  30.090  24.016  -11.285 0.2500000000
109420  30.020  22.627  -14.549 0.1250000000
110285  30.494  23.310  -13.826 0.1250000000
112768  28.653  26.195  -11.808 0.3750000000
111111  30.864  24.448  -14.541 0.1250000000
111097  30.476  24.244  -13.068 0.1250000000
111893  30.146  24.984  -12.515 0.1250000000
110291  31.113  23.392  -14.862 0.1250000000
111915  28.708  25.597  -13.281 0.1250000000
111914  29.486  25.452  -13.596 0.1250000000
113700  27.003  27.906  -14.041 0.1250000000
88536  26.461  1.297  -10.388 0.7500000000
88535  27.273  1.385  -10.570 0.7500000000
89545  25.001  2.544  -10.129 0.7500000000
88521  24.993  1.855  -9.961 0.7500000000
92467  23.385  5.513  -9.867 0.6250000000
92461  29.194  5.603  -11.364 0.6250000000
93571  30.195  6.676  -11.162 0.5000000000
100462  33.292  13.607  -10.905 0.1250000000
100488  32.741  14.076  -12.406 0.1250000000
106404  32.469  19.559  -13.777 0.1250000000
89546  24.450  2.532  -9.868 0.7500000000
91490  23.452  4.379  -9.764 0.5000000000
87409  27.161  0.401  -10.577 0.6250000000
87408  27.938  0.478  -10.604 0.6250000000
87395  29.660  0.516  -10.267 0.3750000000
88520  29.835  1.478  -10.093 0.2500000000
89557  29.243  2.481  -10.354 0.3750000000
111830  23.016  25.520  -6.868 0.2500000000
113643  23.404  26.932  -7.258 0.2500000000
91502  28.942  4.484  -11.008 0.5000000000
91501  29.847  4.604  -10.961 0.3750000000
86309  30.253  -0.414  -9.949 0.5000000000
87407  28.777  0.508  -10.439 0.6250000000
93572  29.722  6.124  -11.260 0.5000000000
86327  27.026  -0.605  -10.602 0.6250000000
91491  22.173  4.360  -9.061 0.3750000000
89547  23.659  2.470  -9.560 0.3750000000
87410  26.453  0.315  -10.111 0.6250000000
85245  29.856  -1.367  -9.723 0.3750000000
86325  28.503  -0.395  -10.470 0.5000000000
86326  27.800  -0.446  -10.625 0.6250000000
89544  30.117  2.422  -10.077 0.2500000000
87394  30.396  0.547  -9.814 0.2500000000
90542  29.582  3.574  -10.392 0.2500000000
91500  30.409  4.741  -10.699 0.2500000000
92460  30.269  5.504  -11.023 0.2500000000
92459  30.604  6.060  -10.739 0.2500000000
101293  17.982  14.612  -4.890 0.1250000000
104349  18.178  16.950  -5.320 0.2500000000
94674  31.308  7.507  -10.795 0.2500000000
106336  20.220  19.117  -7.400 0.3750000000
105403  19.763  18.246  -7.204 0.2500000000
108337  21.328  21.363  -7.620 0.2500000000
112704  23.412  26.018  -6.972 0.2500000000
102283  17.473  15.360  -4.644 0.1250000000
100391  18.515  14.027  -5.428 0.2500000000
95832  21.214  8.102  -8.929 0.2500000000
90531  24.012  3.339  -9.611 0.5000000000
88533  29.015  1.475  -10.420 0.5000000000
93570  31.110  6.602  -10.594 0.2500000000
92448  22.603  5.439  -9.420 0.3750000000
94665  21.473  7.363  -9.226 0.2500000000
88537  25.664  1.149  -10.123 0.6250000000
88519  30.579  1.468  -9.636 0.2500000000
86310  29.351  -0.447  -10.240 0.5000000000
90532  23.089  3.379  -9.252 0.3750000000
85246  28.808  -1.452  -10.126 0.3750000000
85261  28.257  -0.966  -10.500 0.5000000000
90528  30.390  3.203  -10.014 0.2500000000
92447  30.661  5.048  -10.656 0.2500000000
100378  18.386  14.336  -4.810 0.1250000000
86329  25.114  -0.818  -9.866 0.5000000000
84196  28.124  -2.598  -10.212 0.3750000000
85262  27.848  -1.542  -10.477 0.5000000000
86328  26.148  -0.709  -10.235 0.5000000000
85248  24.538  -1.325  -9.823 0.3750000000
87413  23.925  0.027  -10.248 0.5000000000
87411  25.518  0.195  -9.876 0.5000000000
87412  24.647  0.125  -10.074 0.5000000000
88522  24.225  1.700  -9.865 0.3750000000
88538  24.849  0.975  -10.026 0.5000000000
84199  23.225  -2.466  -9.478 0.1250000000
85249  23.955  -1.444  -9.729 0.3750000000
88523  23.388  1.566  -9.765 0.2500000000
81993  23.988  -4.039  -9.772 0.1250000000
84214  24.080  -2.847  -9.899 0.2500000000
84212  25.628  -2.647  -10.039 0.3750000000
83050  29.224  -3.420  -9.698 0.2500000000
83067  27.035  -3.434  -10.259 0.3750000000
84211  26.505  -2.565  -10.236 0.5000000000
83073  23.028  -3.317  -9.485 0.1250000000
84197  24.387  -2.113  -9.716 0.3750000000
86314  22.826  -0.788  -9.066 0.1250000000
88524  22.558  1.351  -9.599 0.1250000000
85263  26.802  -1.627  -10.502 0.5000000000
89548  22.730  2.371  -9.262 0.2500000000
90511  22.312  3.302  -8.848 0.2500000000
84194  29.525  -2.391  -9.654 0.2500000000
85264  25.868  -1.716  -10.233 0.5000000000
86330  24.377  -0.464  -10.064 0.5000000000
85247  28.364  -2.029  -10.143 0.3750000000
84210  27.387  -2.529  -10.322 0.3750000000
85265  25.074  -1.901  -9.898 0.3750000000
86312  24.138  -0.853  -9.980 0.2500000000
87397  23.279  0.609  -9.898 0.1250000000
87396  24.058  0.815  -9.894 0.1250000000
84215  23.501  -2.940  -9.785 0.1250000000
84200  22.846  -2.819  -9.245 0.1250000000
85250  23.373  -1.575  -9.404 0.2500000000
85228  22.177  -1.161  -8.635 0.1250000000
83053  23.112  -3.698  -9.462 0.1250000000
83072  23.297  -3.409  -9.730 0.1250000000
84213  24.807  -2.757  -9.907 0.3750000000
81971  28.212  -4.309  -10.358 0.2500000000
86313  23.514  -0.505  -9.736 0.1250000000
87398  22.526  0.371  -9.339 0.1250000000
83070  24.438  -3.475  -9.915 0.2500000000
81990  26.652  -4.313  -10.279 0.2500000000
93558  22.036  6.438  -9.284 0.2500000000
83051  28.528  -3.462  -10.115 0.2500000000
83068  26.172  -3.454  -10.077 0.2500000000
83069  25.284  -3.474  -9.924 0.2500000000
81991  25.796  -4.281  -10.000 0.1250000000
93559  21.406  6.499  -8.773 0.1250000000
110227  21.266  23.142  -7.085 0.1250000000
110242  21.640  22.872  -7.815 0.1250000000
110226  21.900  23.548  -7.310 0.1250000000
110218  21.526  23.656  -6.683 0.1250000000
111041  22.066  24.283  -6.658 0.1250000000
111846  22.649  24.852  -7.188 0.1250000000
111034  21.727  24.845  -5.763 0.1250000000
112705  22.854  26.325  -6.424 0.1250000000
109339  20.815  22.764  -6.694 0.1250000000
111831  22.434  25.270  -6.381 0.1250000000
111817  22.165  25.801  -5.487 0.1250000000
108338  20.775  21.603  -6.770 0.1250000000
109347  21.144  22.318  -7.300 0.1250000000
104333  18.387  17.562  -5.317 0.1250000000
91475  21.872  3.794  -8.639 0.1250000000
92450  21.488  5.621  -8.310 0.1250000000
106337  19.751  19.097  -6.800 0.1250000000
108323  20.224  21.728  -5.979 0.1250000000
110220  20.605  22.921  -6.031 0.1250000000
110205  21.025  23.540  -4.518 0.1250000000
111818  21.545  25.184  -4.739 0.1250000000
112686  22.779  26.766  -5.222 0.1250000000
92449  21.904  5.556  -8.882 0.1250000000
91492  21.697  4.947  -8.611 0.1250000000
105387  19.375  18.231  -6.372 0.1250000000
94654  20.950  7.441  -8.671 0.1250000000
93546  20.606  7.108  -7.732 0.1250000000
93545  20.873  6.607  -8.163 0.1250000000
110212  20.870  23.371  -5.508 0.1250000000
111035  21.281  24.235  -5.107 0.1250000000
84192  30.814  -1.894  -9.037 0.1250000000
85227  31.048  -0.780  -9.027 0.1250000000
86308  30.806  -0.278  -9.384 0.1250000000
87393  31.013  0.544  -9.277 0.1250000000
88518  31.326  1.415  -9.149 0.1250000000
89543  30.921  2.398  -9.636 0.1250000000
90541  30.242  4.129  -10.186 0.1250000000
90525  32.465  3.820  -8.670 0.1250000000
91487  31.419  4.580  -9.660 0.1250000000
91488  30.782  4.598  -10.212 0.1250000000
92445  31.750  5.477  -9.727 0.1250000000
92446  31.010  5.476  -10.365 0.1250000000
92434  32.516  5.568  -9.254 0.1250000000
93556  31.431  6.032  -10.125 0.1250000000
93569  31.611  7.030  -10.499 0.1250000000
81970  28.924  -4.399  -9.974 0.1250000000
81989  27.472  -4.262  -10.415 0.1250000000
81969  29.696  -4.402  -9.386 0.1250000000
83049  30.003  -3.277  -9.299 0.1250000000
85226  31.409  -1.338  -8.763 0.1250000000
84175  31.068  -2.329  -8.829 0.1250000000
86292  31.354  -0.320  -9.000 0.1250000000
87380  32.250  0.335  -8.333 0.1250000000
89526  32.192  1.729  -8.381 0.1250000000
89542  31.805  2.399  -8.898 0.1250000000
89541  32.457  3.068  -8.619 0.1250000000
91472  32.759  4.894  -8.739 0.1250000000
94662  32.486  7.465  -9.767 0.1250000000
93544  32.861  6.496  -9.202 0.1250000000
94673  31.865  7.554  -10.411 0.1250000000
84193  30.465  -2.291  -9.232 0.1250000000
85244  30.674  -1.244  -9.188 0.1250000000
87381  31.671  0.448  -8.847 0.1250000000
84195  28.742  -2.559  -9.928 0.1250000000
80880  28.419  -5.341  -10.249 0.1250000000
84176  30.796  -2.603  -9.021 0.1250000000
88507  31.924  1.244  -8.587 0.1250000000
90527  31.065  3.562  -9.680 0.1250000000
91486  32.178  4.639  -9.053 0.1250000000
90526  31.883  3.681  -9.075 0.1250000000
91485  32.722  4.308  -8.655 0.1250000000
93555  31.988  6.519  -9.982 0.1250000000
92433  33.255  5.469  -8.505 0.1250000000
80879  29.314  -5.406  -9.849 0.1250000000
86291  31.988  -0.499  -8.609 0.1250000000
81994  23.461  -3.794  -9.702 0.1250000000
83033  30.737  -3.161  -8.903 0.1250000000
83052  27.827  -3.440  -10.339 0.2500000000
83071  23.748  -3.441  -9.890 0.1250000000
84198  23.761  -2.267  -9.630 0.2500000000
84216  23.150  -3.034  -9.603 0.1250000000
85243  30.994  -1.697  -8.918 0.1250000000
85251  22.727  -1.909  -9.121 0.1250000000
86311  24.532  -0.848  -9.908 0.3750000000
86331  23.960  -0.482  -10.162 0.2500000000
91517  27.058  5.263  -11.160 0.7500000000
95872  31.023  9.011  -11.209 0.5000000000
96814  19.999  9.978  -7.587 0.1250000000
97803  19.939  10.623  -7.175 0.1250000000
97839  20.124  10.940  -8.159 0.2500000000
97865  22.392  10.439  -9.807 0.8750000000
98778  28.068  11.321  -12.194 0.8750000000
99584  21.104  12.138  -8.934 0.7500000000
99600  21.264  12.622  -9.232 0.8750000000
99610  22.769  12.480  -10.100 1.0000000000
99644  30.106  12.741  -14.211 0.8750000000
99645  29.374  12.497  -13.937 0.8750000000
99646  28.461  12.782  -13.593 0.8750000000
99653  29.375  12.592  -14.558 0.8750000000
99659  29.571  13.307  -15.116 0.8750000000
99660  29.263  12.827  -15.022 0.8750000000
99661  28.785  12.930  -14.740 1.0000000000
99666  29.267  13.561  -15.117 0.8750000000
99667  29.077  13.298  -15.110 0.8750000000
99668  28.887  13.032  -15.038 0.8750000000
100414  18.860  13.574  -6.655 0.2500000000
100435  20.153  13.356  -8.326 0.8750000000
100465  22.823  13.411  -10.214 1.0000000000
100501  30.226  13.388  -13.746 0.7500000000
100503  27.988  13.147  -13.710 0.8750000000
100504  27.799  13.313  -13.316 0.8750000000
100510  30.312  13.612  -14.244 0.8750000000
100511  30.049  14.149  -14.172 0.8750000000
100512  28.097  13.194  -14.019 0.8750000000
100514  27.383  13.864  -13.684 0.8750000000
100519  30.120  13.735  -14.790 0.8750000000
100520  30.187  13.989  -14.339 0.8750000000
100522  27.822  13.715  -14.376 1.0000000000
100523  27.487  13.872  -14.196 0.8750000000
100529  29.553  13.892  -15.064 0.8750000000
100530  29.076  13.805  -15.136 1.0000000000
100531  28.694  13.541  -15.006 1.0000000000
101317  19.068  14.347  -7.222 0.5000000000
101352  21.725  14.577  -9.563 1.0000000000
101380  26.664  14.416  -11.875 1.0000000000
101395  29.610  15.127  -13.273 0.7500000000
101401  30.989  14.444  -13.122 0.6250000000
101404  29.122  14.614  -13.412 0.8750000000
101410  29.737  14.348  -13.976 0.8750000000
101412  27.690  14.724  -14.647 1.0000000000
101413  27.482  14.420  -14.199 1.0000000000
101418  30.000  14.115  -14.475 0.8750000000
101419  29.559  14.274  -14.388 0.8750000000
101420  28.652  14.363  -14.970 1.0000000000
101421  27.834  14.271  -14.879 1.0000000000
101422  27.567  14.058  -14.490 1.0000000000
101427  29.739  14.159  -14.680 0.8750000000
101428  29.234  14.253  -14.922 1.0000000000
101429  28.845  14.079  -15.100 1.0000000000
102266  17.257  15.421  -3.960 0.1250000000
102324  19.721  15.292  -7.865 0.5000000000
102342  20.704  15.608  -8.877 1.0000000000
102382  24.247  15.361  -10.961 1.0000000000
102409  29.902  15.241  -13.313 0.6250000000
102418  28.299  14.723  -14.519 1.0000000000
102420  27.689  14.653  -13.560 1.0000000000
102424  28.223  14.678  -15.024 1.0000000000
102425  27.891  15.042  -15.008 1.0000000000
104348  18.629  17.322  -6.045 0.2500000000
104386  20.535  17.402  -8.163 0.7500000000
104399  22.316  17.345  -9.429 1.0000000000
104429  28.406  17.938  -12.269 0.8750000000
104431  26.440  17.987  -11.982 1.0000000000
104434  24.041  16.878  -10.902 1.0000000000
105433  24.224  17.916  -10.974 1.0000000000
105447  24.198  18.330  -10.974 1.0000000000
105455  27.834  17.965  -12.255 0.8750000000
105456  26.259  18.012  -12.010 1.0000000000
106353  21.230  19.182  -8.473 1.0000000000
106369  30.089  20.065  -10.786 0.5000000000
107351  30.062  21.171  -10.179 0.3750000000
107364  26.253  20.584  -10.628 1.0000000000
107368  23.273  19.726  -10.445 1.0000000000
107374  29.385  20.174  -10.922 0.7500000000
107376  25.485  20.229  -10.767 1.0000000000
107377  25.142  20.114  -10.818 1.0000000000
108359  30.265  21.726  -10.229 0.3750000000
108372  29.068  21.474  -10.159 0.6250000000
108386  25.267  20.571  -10.761 1.0000000000
108393  31.180  21.349  -13.471 0.1250000000
109348  20.790  22.271  -6.794 0.1250000000
109387  27.531  22.161  -10.191 0.7500000000
110219  20.968  23.384  -6.387 0.1250000000
110237  26.333  23.899  -9.034 0.7500000000
111069  26.108  23.920  -9.113 0.7500000000
111071  24.175  23.811  -8.886 0.8750000000
111883  29.282  25.806  -11.057 0.3750000000
111892  30.127  25.041  -12.771 0.1250000000
111902  30.037  25.115  -12.992 0.1250000000
112738  29.196  25.744  -10.531 0.3750000000
112752  29.046  26.201  -10.902 0.3750000000
112765  30.122  25.156  -12.590 0.1250000000
112766  29.956  25.268  -12.502 0.1250000000
112767  29.743  25.336  -12.300 0.1250000000
112779  29.982  25.225  -12.768 0.1250000000
112780  29.696  25.321  -12.625 0.1250000000
112781  29.483  25.394  -12.368 0.1250000000
