#!ascii label  , from subject 4122 vox2ras=TkReg
1142
49391  33.422  -35.220  27.416 0.0000000000
72604  44.017  -12.372  19.223 0.0000000000
60619  36.417  -24.182  23.409 0.0000000000
37080  13.367  -45.938  39.796 0.0000000000
50292  24.887  -33.523  32.657 0.0000000000
66583  36.485  -18.574  23.868 0.0000000000
41727  19.430  -42.067  33.936 0.0000000000
37101  18.569  -46.723  37.143 0.0000000000
45046  22.912  -39.575  31.734 0.0000000000
72613  47.405  -12.748  18.266 0.0000000000
54274  30.100  -30.909  31.505 0.0000000000
57414  32.048  -28.411  28.090 0.0000000000
52251  36.676  -32.594  30.412 0.0000000000
77050  45.920  -7.898  18.283 0.0000000000
75951  49.055  -9.361  14.962 0.0000000000
72582  40.685  -12.541  21.481 0.0000000000
66628  45.302  -18.301  20.114 0.0000000000
67696  39.574  -17.572  21.276 0.0000000000
61700  40.829  -23.392  22.299 0.0000000000
45057  32.500  -39.541  31.170 0.0000000000
32448  12.999  -50.572  42.583 0.0000000000
32388  9.768  -50.271  45.794 0.0000000000
33335  9.540  -48.737  49.671 0.0000000000
49373  28.534  -35.687  28.240 0.0000000000
45063  27.046  -39.739  31.329 0.0000000000
61619  31.243  -23.469  27.226 0.0000000000
57433  36.465  -27.925  27.351 0.0000000000
79094  51.442  -6.202  14.056 0.0000000000
71710  46.179  -13.103  18.592 0.0000000000
69805  46.884  -15.226  19.644 0.0000000000
53283  32.347  -32.024  28.359 0.0000000000
54300  33.425  -31.072  28.256 0.0000000000
51312  35.268  -33.539  28.430 0.0000000000
74690  43.535  -10.137  20.004 0.0000000000
77029  45.968  -8.672  20.695 0.0000000000
74700  44.880  -10.439  18.717 0.0000000000
74709  46.122  -10.554  17.820 0.0000000000
29083  9.366  -53.845  50.307 0.0000000000
70741  39.666  -14.770  21.357 0.0000000000
69766  37.954  -15.775  22.725 0.0000000000
63599  36.551  -21.352  23.320 0.0000000000
63616  38.364  -21.195  22.316 0.0000000000
61685  38.081  -23.513  22.961 0.0000000000
58544  38.785  -26.547  24.238 0.0000000000
37090  15.513  -46.223  38.381 0.0000000000
34583  18.073  -48.453  39.139 0.0000000000
34561  15.074  -48.302  39.829 0.0000000000
33467  15.590  -49.682  41.194 0.0000000000
34543  13.060  -48.353  40.749 0.0000000000
34473  10.418  -48.083  44.921 0.0000000000
33363  9.435  -49.071  47.811 0.0000000000
50315  27.121  -34.178  30.068 0.0000000000
47232  27.397  -37.643  29.063 0.0000000000
48279  24.764  -36.439  30.519 0.0000000000
41726  23.774  -42.831  33.595 0.0000000000
42751  25.525  -41.770  33.591 0.0000000000
56387  35.323  -28.978  30.360 0.0000000000
57436  33.444  -27.804  27.514 0.0000000000
69741  37.563  -16.052  25.208 0.0000000000
64571  35.492  -20.148  25.645 0.0000000000
62623  34.700  -21.714  24.897 0.0000000000
39561  21.400  -44.341  34.312 0.0000000000
38351  21.342  -46.099  35.735 0.0000000000
39550  18.579  -43.506  35.298 0.0000000000
39525  16.798  -43.997  37.017 0.0000000000
39509  15.058  -43.708  38.606 0.0000000000
48258  23.088  -36.162  31.259 0.0000000000
47160  20.997  -37.283  32.949 0.0000000000
41767  20.971  -41.286  32.646 0.0000000000
56349  28.814  -27.911  33.412 0.0000000000
58461  28.423  -26.398  29.568 0.0000000000
55378  30.130  -29.966  28.986 0.0000000000
55356  34.596  -29.589  29.632 0.0000000000
79078  48.792  -6.042  16.349 0.0000000000
77065  47.134  -8.421  16.304 0.0000000000
74717  47.949  -10.728  16.508 0.0000000000
72593  41.757  -12.543  20.416 0.0000000000
69808  44.234  -15.311  19.544 0.0000000000
69797  42.355  -15.346  20.033 0.0000000000
66631  42.314  -18.081  20.499 0.0000000000
64619  42.836  -20.238  21.202 0.0000000000
66596  37.795  -18.475  22.605 0.0000000000
64622  40.117  -20.460  21.544 0.0000000000
47226  33.101  -37.053  28.784 0.0000000000
48272  35.638  -36.507  29.784 0.0000000000
74672  42.755  -10.475  22.272 0.0000000000
38309  12.322  -45.673  41.873 0.0000000000
35768  11.235  -48.119  42.719 0.0000000000
32433  10.643  -50.268  43.733 0.0000000000
30347  10.983  -52.612  45.340 0.0000000000
31405  9.512  -51.687  47.127 0.0000000000
32364  9.336  -51.591  48.719 0.0000000000
32338  8.777  -50.559  50.414 0.0000000000
33322  8.374  -48.851  51.008 0.0000000000
49394  30.853  -35.676  27.377 0.0000000000
47248  30.434  -37.786  28.439 0.0000000000
45060  29.992  -39.997  30.732 0.0000000000
46112  24.965  -39.158  31.668 0.0000000000
61670  33.676  -24.120  24.618 0.0000000000
58491  30.617  -26.504  27.257 0.0000000000
58533  33.231  -26.309  25.639 0.0000000000
58530  36.131  -27.057  24.849 0.0000000000
49301  36.992  -35.426  31.566 0.0000000000
80072  52.922  -5.788  12.393 0.0000000000
78138  50.014  -7.871  14.455 0.0000000000
77113  51.543  -8.354  13.388 0.0000000000
71712  44.970  -12.774  18.718 0.0000000000
71701  45.840  -13.725  18.978 0.0000000000
70768  45.492  -14.473  19.293 0.0000000000
51334  33.147  -33.576  27.303 0.0000000000
52278  33.900  -32.892  27.576 0.0000000000
50385  34.261  -34.284  27.696 0.0000000000
73584  43.417  -11.498  19.610 0.0000000000
74689  44.223  -10.280  19.316 0.0000000000
73583  44.172  -11.229  19.104 0.0000000000
73596  44.975  -11.684  18.559 0.0000000000
30290  9.128  -52.654  50.758 0.0000000000
71653  38.583  -14.029  23.861 0.0000000000
70696  38.432  -14.731  24.655 0.0000000000
61687  35.826  -23.193  23.684 0.0000000000
62651  37.465  -22.606  22.873 0.0000000000
60618  37.393  -24.465  23.255 0.0000000000
59591  38.918  -25.702  23.510 0.0000000000
59592  37.776  -25.741  23.515 0.0000000000
37078  14.809  -46.272  38.689 0.0000000000
35793  15.744  -47.345  38.880 0.0000000000
35782  14.426  -47.580  39.527 0.0000000000
34562  13.948  -48.163  40.164 0.0000000000
35783  13.607  -47.350  39.875 0.0000000000
50304  26.063  -33.567  31.419 0.0000000000
49331  25.984  -35.499  29.742 0.0000000000
50318  24.514  -34.445  30.903 0.0000000000
39559  23.326  -44.632  34.829 0.0000000000
59474  29.537  -24.664  32.040 0.0000000000
56386  36.214  -28.868  30.671 0.0000000000
63574  34.876  -21.069  25.320 0.0000000000
63562  35.225  -20.636  26.640 0.0000000000
40686  20.139  -43.015  33.995 0.0000000000
39562  20.382  -43.926  34.432 0.0000000000
40687  19.211  -42.792  34.309 0.0000000000
41683  17.145  -42.378  36.645 0.0000000000
40634  16.364  -42.879  37.612 0.0000000000
39526  15.919  -43.738  37.802 0.0000000000
49265  21.810  -34.630  33.490 0.0000000000
43871  19.536  -40.019  33.962 0.0000000000
45028  20.302  -39.061  33.839 0.0000000000
42775  19.996  -40.906  33.575 0.0000000000
40699  20.851  -42.823  33.260 0.0000000000
55360  28.643  -29.474  30.663 0.0000000000
55358  29.841  -30.458  29.808 0.0000000000
53274  34.689  -31.319  28.660 0.0000000000
54291  33.765  -30.352  28.649 0.0000000000
54289  35.069  -30.727  29.596 0.0000000000
54271  36.292  -30.649  30.965 0.0000000000
53257  37.123  -31.555  31.381 0.0000000000
77042  45.863  -8.155  19.960 0.0000000000
78095  46.885  -6.921  17.264 0.0000000000
77057  46.269  -8.448  17.437 0.0000000000
73606  46.802  -11.593  17.702 0.0000000000
74708  46.939  -10.724  17.250 0.0000000000
73605  47.767  -11.471  17.194 0.0000000000
72581  41.270  -12.242  21.065 0.0000000000
71690  41.631  -13.554  20.339 0.0000000000
71691  40.975  -13.618  20.808 0.0000000000
68777  39.885  -16.877  21.023 0.0000000000
68776  40.463  -16.566  20.741 0.0000000000
66633  40.821  -17.782  20.877 0.0000000000
66613  41.919  -18.806  20.837 0.0000000000
65625  41.535  -19.592  21.125 0.0000000000
67657  36.448  -17.836  24.662 0.0000000000
68730  37.147  -16.882  23.569 0.0000000000
66582  37.135  -18.772  23.135 0.0000000000
62667  39.521  -22.246  22.139 0.0000000000
63615  39.184  -21.347  22.063 0.0000000000
62666  40.508  -22.427  22.017 0.0000000000
63613  41.222  -21.606  21.630 0.0000000000
47210  32.575  -38.173  29.681 0.0000000000
46126  33.937  -38.355  30.558 0.0000000000
72573  41.093  -11.929  23.008 0.0000000000
73565  41.308  -11.602  21.863 0.0000000000
73564  41.961  -10.973  21.543 0.0000000000
37111  19.548  -46.268  36.331 0.0000000000
35817  19.352  -47.453  37.416 0.0000000000
33445  13.687  -49.954  41.865 0.0000000000
32446  15.310  -50.520  42.736 0.0000000000
32447  14.203  -50.628  42.701 0.0000000000
32430  13.504  -51.494  43.586 0.0000000000
38293  12.016  -45.345  43.261 0.0000000000
35767  11.662  -47.345  42.339 0.0000000000
35758  11.315  -46.791  43.736 0.0000000000
34474  10.106  -48.856  45.331 0.0000000000
33409  10.293  -49.108  44.074 0.0000000000
32400  10.120  -50.385  44.873 0.0000000000
31435  10.825  -51.345  44.248 0.0000000000
31425  10.128  -51.232  45.066 0.0000000000
30348  10.232  -52.054  45.462 0.0000000000
31415  9.735  -51.428  46.063 0.0000000000
33349  9.611  -49.231  48.876 0.0000000000
32363  9.366  -50.612  48.244 0.0000000000
32350  9.500  -50.098  49.007 0.0000000000
32351  9.192  -50.744  49.386 0.0000000000
33336  9.188  -49.451  50.008 0.0000000000
49350  29.620  -34.790  29.324 0.0000000000
50367  30.694  -34.479  28.056 0.0000000000
49395  30.062  -35.814  27.537 0.0000000000
48313  30.631  -37.068  27.884 0.0000000000
48333  29.423  -36.624  27.750 0.0000000000
46153  27.059  -38.380  29.971 0.0000000000
46151  28.852  -38.909  29.611 0.0000000000
45061  28.992  -40.018  30.696 0.0000000000
46134  22.576  -37.684  31.724 0.0000000000
46132  23.961  -38.074  31.450 0.0000000000
45045  24.082  -39.811  32.015 0.0000000000
42750  26.198  -41.792  33.791 0.0000000000
68771  44.350  -16.561  19.730 0.0000000000
68782  45.640  -16.280  19.617 0.0000000000
67707  45.777  -17.265  19.775 0.0000000000
62592  31.922  -22.336  27.118 0.0000000000
62626  32.985  -23.090  25.432 0.0000000000
61638  32.132  -23.562  26.060 0.0000000000
57416  29.879  -27.823  28.100 0.0000000000
58492  29.559  -26.442  27.800 0.0000000000
57438  31.285  -27.474  27.444 0.0000000000
57434  35.371  -27.842  27.442 0.0000000000
57459  33.579  -27.422  26.772 0.0000000000
57458  34.496  -27.377  26.385 0.0000000000
58532  34.258  -26.637  25.345 0.0000000000
57456  36.687  -27.633  26.346 0.0000000000
57455  37.669  -27.590  26.070 0.0000000000
49302  36.693  -35.835  30.899 0.0000000000
79109  51.966  -6.366  13.368 0.0000000000
77079  48.461  -8.423  15.434 0.0000000000
78124  49.632  -7.282  14.943 0.0000000000
77094  49.635  -8.540  14.539 0.0000000000
75982  50.759  -9.386  13.686 0.0000000000
74792  51.853  -9.912  12.857 0.0000000000
43860  19.070  -39.574  34.818 0.0000000000
42734  18.127  -41.332  34.900 0.0000000000
71709  47.017  -13.192  18.671 0.0000000000
71698  48.368  -13.639  19.262 0.0000000000
71699  47.543  -13.799  19.201 0.0000000000
53268  31.356  -31.885  30.241 0.0000000000
54293  31.262  -31.010  29.062 0.0000000000
54301  32.582  -31.359  28.375 0.0000000000
53281  34.173  -31.840  27.994 0.0000000000
52259  35.449  -32.618  28.823 0.0000000000
75895  45.749  -9.544  21.679 0.0000000000
75910  44.933  -9.106  20.835 0.0000000000
77052  45.199  -8.939  19.289 0.0000000000
75927  45.463  -9.621  18.401 0.0000000000
77058  45.898  -8.954  17.970 0.0000000000
74699  45.521  -10.487  18.235 0.0000000000
73594  46.301  -11.649  17.953 0.0000000000
29096  9.838  -54.035  49.479 0.0000000000
72575  39.924  -12.841  22.932 0.0000000000
71676  40.322  -13.627  21.323 0.0000000000
71678  39.258  -14.132  21.990 0.0000000000
70742  38.764  -14.778  21.956 0.0000000000
68762  38.534  -16.802  21.932 0.0000000000
64594  36.309  -20.503  23.590 0.0000000000
64611  37.314  -20.485  22.863 0.0000000000
63598  37.187  -21.751  22.896 0.0000000000
61703  38.176  -22.618  22.599 0.0000000000
61683  40.154  -24.115  22.672 0.0000000000
60616  39.512  -24.813  23.133 0.0000000000
58542  40.324  -26.109  24.467 0.0000000000
43895  32.651  -40.837  32.420 0.0000000000
37102  17.517  -46.095  37.292 0.0000000000
35806  18.169  -47.240  37.951 0.0000000000
35807  17.149  -47.151  38.189 0.0000000000
34584  16.910  -48.261  39.236 0.0000000000
33486  16.377  -49.248  40.558 0.0000000000
33468  14.429  -49.478  41.019 0.0000000000
33469  13.304  -49.187  41.227 0.0000000000
35749  10.904  -46.272  44.846 0.0000000000
35725  10.333  -46.858  46.537 0.0000000000
34460  9.799  -48.538  46.319 0.0000000000
33373  9.613  -49.332  46.663 0.0000000000
34442  9.826  -47.584  47.904 0.0000000000
33348  9.665  -48.202  48.501 0.0000000000
34428  9.816  -47.034  49.799 0.0000000000
49329  27.836  -34.615  29.674 0.0000000000
49374  27.966  -36.249  28.424 0.0000000000
49353  26.617  -35.683  29.303 0.0000000000
48277  26.159  -36.803  29.715 0.0000000000
46154  26.128  -38.212  30.478 0.0000000000
42786  22.997  -41.822  32.237 0.0000000000
43884  24.641  -40.882  32.666 0.0000000000
42753  24.426  -42.184  33.393 0.0000000000
65641  44.923  -19.013  20.581 0.0000000000
61596  30.324  -23.222  28.688 0.0000000000
57396  33.944  -28.611  29.254 0.0000000000
57413  33.177  -28.285  28.201 0.0000000000
57395  34.855  -28.397  29.252 0.0000000000
57394  35.808  -28.377  29.335 0.0000000000
80044  51.269  -4.871  15.299 0.0000000000
30273  8.138  -52.036  52.380 0.0000000000
68683  37.211  -17.536  26.361 0.0000000000
66563  36.341  -18.421  25.908 0.0000000000
65579  35.903  -19.253  24.476 0.0000000000
64579  35.530  -20.392  24.357 0.0000000000
62653  35.873  -21.874  23.735 0.0000000000
61668  34.956  -23.140  24.217 0.0000000000
39546  22.634  -45.095  35.142 0.0000000000
38350  22.573  -45.940  36.062 0.0000000000
38362  20.991  -45.463  35.248 0.0000000000
38363  20.110  -45.161  35.349 0.0000000000
38354  18.265  -45.064  36.286 0.0000000000
40653  17.977  -43.012  35.568 0.0000000000
39536  18.137  -44.023  35.827 0.0000000000
38343  17.307  -45.153  36.914 0.0000000000
38344  16.414  -44.775  37.497 0.0000000000
38333  15.246  -45.061  38.358 0.0000000000
39490  14.599  -44.699  38.890 0.0000000000
50307  23.478  -34.155  31.903 0.0000000000
49278  22.392  -34.281  32.988 0.0000000000
48238  21.923  -36.967  32.211 0.0000000000
46116  21.302  -38.252  32.420 0.0000000000
47146  20.545  -36.935  33.984 0.0000000000
45048  20.986  -39.105  32.779 0.0000000000
43905  22.177  -40.299  31.975 0.0000000000
41765  22.220  -42.016  32.335 0.0000000000
40684  22.192  -43.856  33.875 0.0000000000
58407  29.408  -26.167  33.723 0.0000000000
58447  28.673  -25.777  31.389 0.0000000000
57368  28.221  -27.365  31.284 0.0000000000
56405  28.539  -28.752  29.486 0.0000000000
56420  30.273  -28.594  28.376 0.0000000000
54294  30.518  -30.593  29.268 0.0000000000
56402  31.639  -29.337  28.553 0.0000000000
56400  33.522  -29.024  29.402 0.0000000000
55336  35.038  -29.338  30.065 0.0000000000
55316  36.339  -29.925  31.250 0.0000000000
79079  48.065  -6.180  16.630 0.0000000000
78109  47.427  -7.179  16.168 0.0000000000
77080  47.800  -8.589  15.887 0.0000000000
75935  46.506  -9.636  17.330 0.0000000000
75942  47.481  -9.481  16.361 0.0000000000
72605  43.237  -12.491  19.515 0.0000000000
71703  43.867  -13.392  19.343 0.0000000000
71704  43.013  -13.417  19.560 0.0000000000
69809  43.240  -15.354  19.773 0.0000000000
68773  43.049  -16.245  20.018 0.0000000000
70757  40.569  -14.638  20.870 0.0000000000
68774  42.072  -16.336  20.246 0.0000000000
66630  43.237  -18.188  20.378 0.0000000000
66611  43.717  -18.974  20.714 0.0000000000
65607  44.109  -20.320  21.487 0.0000000000
69757  37.338  -15.974  24.128 0.0000000000
68743  38.005  -16.606  22.533 0.0000000000
66616  39.016  -18.326  21.681 0.0000000000
64610  38.012  -20.362  22.450 0.0000000000
65608  38.910  -19.767  22.015 0.0000000000
65626  40.500  -19.554  21.323 0.0000000000
64621  41.208  -20.535  21.374 0.0000000000
48310  33.229  -36.157  28.013 0.0000000000
48309  33.885  -35.846  28.165 0.0000000000
47208  34.066  -37.428  29.491 0.0000000000
47189  35.612  -37.567  30.707 0.0000000000
74681  42.679  -10.346  20.991 0.0000000000
74691  42.886  -11.033  20.133 0.0000000000
39475  13.555  -44.234  40.391 0.0000000000
39458  13.235  -44.041  41.463 0.0000000000
37071  12.654  -45.950  40.865 0.0000000000
35785  12.504  -47.060  40.760 0.0000000000
34544  12.265  -47.961  41.289 0.0000000000
33446  12.384  -49.480  41.991 0.0000000000
35759  11.098  -47.819  43.353 0.0000000000
34510  10.975  -48.693  43.048 0.0000000000
32449  12.020  -50.285  42.696 0.0000000000
31442  11.605  -51.267  43.738 0.0000000000
31434  11.806  -51.910  44.260 0.0000000000
29124  10.277  -53.505  47.522 0.0000000000
32376  9.481  -50.404  46.940 0.0000000000
31393  9.408  -52.044  48.051 0.0000000000
30325  9.704  -53.105  48.333 0.0000000000
31383  9.312  -52.179  49.260 0.0000000000
31374  9.084  -51.774  50.132 0.0000000000
31366  8.837  -51.601  50.993 0.0000000000
33327  9.098  -48.732  50.496 0.0000000000
32328  8.395  -50.332  51.013 0.0000000000
31359  8.403  -51.428  51.775 0.0000000000
51336  31.872  -33.652  27.720 0.0000000000
50388  31.602  -34.288  27.356 0.0000000000
49415  31.998  -35.222  26.831 0.0000000000
48312  31.474  -36.807  27.854 0.0000000000
47247  31.386  -37.485  28.356 0.0000000000
46164  31.152  -38.446  29.252 0.0000000000
47230  28.859  -37.844  28.626 0.0000000000
46150  29.826  -38.864  29.627 0.0000000000
45041  31.497  -40.138  31.300 0.0000000000
48257  23.968  -36.070  30.791 0.0000000000
47191  24.859  -37.721  30.911 0.0000000000
45064  25.757  -39.378  31.570 0.0000000000
45026  25.014  -40.510  32.527 0.0000000000
43902  25.908  -40.574  32.553 0.0000000000
43900  27.292  -40.602  32.245 0.0000000000
69807  45.154  -15.378  19.466 0.0000000000
62609  33.864  -21.766  26.123 0.0000000000
61654  33.803  -22.855  24.960 0.0000000000
60606  35.117  -24.308  23.976 0.0000000000
59485  28.833  -25.190  30.673 0.0000000000
59507  29.698  -24.989  28.192 0.0000000000
60562  31.072  -24.415  27.189 0.0000000000
57437  32.423  -27.532  27.264 0.0000000000
58511  31.840  -25.998  26.499 0.0000000000
60584  32.169  -24.579  26.021 0.0000000000
59568  33.631  -25.731  24.973 0.0000000000
59582  34.507  -25.712  24.461 0.0000000000
59581  35.829  -25.609  23.862 0.0000000000
58545  37.622  -26.600  24.070 0.0000000000
49346  35.609  -35.285  29.180 0.0000000000
50325  36.048  -34.475  29.722 0.0000000000
51292  36.900  -33.534  30.793 0.0000000000
50299  37.839  -34.427  32.375 0.0000000000
52242  37.602  -32.994  31.664 0.0000000000
81083  53.471  -4.461  12.593 0.0000000000
78123  50.224  -6.684  14.944 0.0000000000
79095  51.096  -6.469  14.547 0.0000000000
75964  50.140  -9.400  14.004 0.0000000000
78155  51.159  -7.923  13.844 0.0000000000
78154  51.547  -7.301  13.738 0.0000000000
78153  52.199  -7.299  13.054 0.0000000000
78168  52.666  -7.429  12.206 0.0000000000
72603  44.647  -12.309  18.824 0.0000000000
71702  44.823  -13.325  18.979 0.0000000000
50386  33.607  -34.285  27.343 0.0000000000
49390  33.927  -34.773  27.587 0.0000000000
30281  8.806  -52.390  51.663 0.0000000000
61686  36.949  -23.402  23.189 0.0000000000
59593  36.704  -25.144  23.495 0.0000000000
37079  14.269  -46.151  39.089 0.0000000000
35794  14.892  -46.936  38.879 0.0000000000
35795  13.952  -46.819  39.425 0.0000000000
35796  13.420  -46.766  39.805 0.0000000000
50305  25.131  -33.688  31.655 0.0000000000
50317  25.409  -34.054  30.758 0.0000000000
39545  23.417  -44.903  35.414 0.0000000000
40670  24.303  -44.177  35.386 0.0000000000
59465  29.743  -24.900  33.167 0.0000000000
41728  18.735  -42.096  34.269 0.0000000000
41748  19.892  -41.607  33.681 0.0000000000
40700  20.202  -42.294  33.593 0.0000000000
55338  29.333  -30.246  31.598 0.0000000000
54275  29.740  -30.621  31.310 0.0000000000
53273  35.363  -31.443  29.307 0.0000000000
53266  36.180  -31.569  30.313 0.0000000000
53265  36.823  -31.898  30.835 0.0000000000
78090  46.014  -7.635  19.288 0.0000000000
78080  46.345  -7.724  19.854 0.0000000000
78089  46.489  -7.083  18.873 0.0000000000
78096  46.387  -7.384  17.780 0.0000000000
72621  47.652  -12.275  17.804 0.0000000000
72620  48.506  -12.270  17.659 0.0000000000
29110  10.559  -54.185  48.459 0.0000000000
72594  41.262  -12.907  20.801 0.0000000000
67714  40.031  -17.401  21.049 0.0000000000
67713  40.410  -17.286  20.885 0.0000000000
67695  40.277  -17.869  21.065 0.0000000000
66614  40.923  -18.590  21.047 0.0000000000
67666  36.726  -17.557  23.983 0.0000000000
61701  39.831  -23.197  22.350 0.0000000000
46127  32.941  -38.969  30.865 0.0000000000
45039  33.186  -39.879  31.751 0.0000000000
73566  40.902  -11.919  22.326 0.0000000000
73555  41.426  -11.708  23.006 0.0000000000
37112  18.762  -45.839  36.500 0.0000000000
37100  19.860  -47.079  36.747 0.0000000000
37051  11.691  -46.244  43.240 0.0000000000
33395  10.044  -49.708  45.274 0.0000000000
33350  9.421  -49.663  49.393 0.0000000000
49351  28.568  -34.910  28.972 0.0000000000
49372  29.444  -35.041  27.990 0.0000000000
49396  29.295  -36.048  27.701 0.0000000000
45080  27.609  -39.244  30.409 0.0000000000
45062  28.099  -39.807  30.780 0.0000000000
43917  28.370  -40.434  31.392 0.0000000000
46115  22.330  -38.286  31.770 0.0000000000
46114  23.477  -38.780  31.660 0.0000000000
67708  44.648  -17.242  19.821 0.0000000000
67721  45.162  -16.897  19.695 0.0000000000
61595  31.340  -22.346  28.418 0.0000000000
62611  31.885  -23.135  26.564 0.0000000000
61639  31.743  -23.838  26.493 0.0000000000
57415  30.839  -28.044  28.041 0.0000000000
57439  30.259  -27.307  27.632 0.0000000000
57457  35.671  -27.583  26.487 0.0000000000
57432  37.526  -27.881  27.132 0.0000000000
80054  51.599  -5.055  14.360 0.0000000000
80053  52.024  -4.830  13.755 0.0000000000
80064  51.828  -5.541  13.677 0.0000000000
77078  49.039  -8.162  15.042 0.0000000000
43852  18.950  -39.157  36.047 0.0000000000
42733  18.456  -40.052  35.413 0.0000000000
44999  19.447  -38.759  35.482 0.0000000000
70767  46.405  -14.552  19.377 0.0000000000
70766  47.323  -14.622  19.551 0.0000000000
53275  31.707  -31.805  29.222 0.0000000000
51313  34.602  -33.519  27.928 0.0000000000
52265  34.251  -32.806  27.777 0.0000000000
52264  34.829  -32.696  28.199 0.0000000000
51300  35.788  -33.657  29.198 0.0000000000
75911  43.997  -9.394  21.111 0.0000000000
75919  44.141  -9.374  20.343 0.0000000000
75918  44.522  -9.452  19.623 0.0000000000
75928  45.002  -9.603  18.992 0.0000000000
72615  45.629  -12.328  18.401 0.0000000000
73595  45.731  -11.352  18.154 0.0000000000
72614  46.506  -12.307  18.164 0.0000000000
29097  9.459  -53.507  49.701 0.0000000000
72559  40.028  -13.054  23.530 0.0000000000
71667  39.457  -13.433  22.425 0.0000000000
70729  38.070  -14.872  22.894 0.0000000000
69783  38.418  -15.833  22.043 0.0000000000
64612  36.840  -20.702  23.198 0.0000000000
61702  38.899  -22.929  22.523 0.0000000000
61684  39.155  -23.893  22.793 0.0000000000
59578  39.517  -26.009  23.943 0.0000000000
58543  39.798  -26.300  24.432 0.0000000000
58527  39.491  -26.734  24.929 0.0000000000
72558  40.555  -12.698  23.501 0.0000000000
37089  16.729  -46.325  37.935 0.0000000000
35808  16.213  -46.950  38.436 0.0000000000
34585  15.952  -47.970  39.319 0.0000000000
35792  16.591  -47.586  38.781 0.0000000000
34559  17.175  -48.920  39.856 0.0000000000
34560  16.137  -48.657  39.852 0.0000000000
33488  14.514  -48.822  40.374 0.0000000000
34542  13.829  -48.853  40.651 0.0000000000
35717  10.330  -46.726  47.495 0.0000000000
34451  9.980  -47.623  46.921 0.0000000000
34452  9.672  -48.385  47.245 0.0000000000
33334  9.684  -48.017  49.293 0.0000000000
50303  27.004  -33.802  31.187 0.0000000000
49308  27.923  -34.188  30.809 0.0000000000
50329  27.154  -34.781  29.364 0.0000000000
50348  27.179  -35.057  29.135 0.0000000000
50349  26.939  -35.120  29.223 0.0000000000
48278  25.727  -36.466  29.995 0.0000000000
49354  26.185  -36.195  29.595 0.0000000000
47212  26.273  -37.423  29.853 0.0000000000
47213  25.248  -37.481  30.571 0.0000000000
42773  23.852  -41.943  32.738 0.0000000000
61573  30.595  -22.737  29.916 0.0000000000
61574  30.032  -23.360  29.398 0.0000000000
57382  34.311  -28.895  29.741 0.0000000000
57381  34.745  -28.805  29.789 0.0000000000
56397  36.828  -28.735  30.486 0.0000000000
56398  36.250  -28.583  30.066 0.0000000000
30274  7.543  -52.101  52.310 0.0000000000
67641  36.824  -17.858  26.180 0.0000000000
65568  35.497  -19.899  25.273 0.0000000000
65580  35.571  -19.843  24.778 0.0000000000
63584  35.372  -21.066  24.251 0.0000000000
62637  35.019  -22.090  24.403 0.0000000000
39547  21.680  -44.988  34.871 0.0000000000
39549  19.395  -44.257  35.195 0.0000000000
38353  19.315  -45.310  35.896 0.0000000000
39535  18.786  -44.680  35.803 0.0000000000
42735  17.852  -41.589  35.337 0.0000000000
41709  17.917  -42.144  35.286 0.0000000000
40633  16.987  -43.039  36.879 0.0000000000
40654  17.506  -43.093  36.187 0.0000000000
39537  17.359  -43.751  36.411 0.0000000000
38355  17.529  -44.444  36.422 0.0000000000
39527  15.582  -43.217  38.286 0.0000000000
39508  15.734  -44.561  38.024 0.0000000000
39510  14.575  -43.197  39.262 0.0000000000
50294  23.061  -33.955  32.753 0.0000000000
50282  22.894  -33.895  33.402 0.0000000000
48199  20.945  -36.261  33.452 0.0000000000
48217  21.499  -35.678  32.939 0.0000000000
48218  21.510  -36.673  32.605 0.0000000000
47176  21.670  -37.466  32.255 0.0000000000
43886  20.672  -39.969  32.857 0.0000000000
43906  21.327  -39.900  32.305 0.0000000000
42788  21.305  -40.769  32.364 0.0000000000
42787  22.283  -41.261  32.116 0.0000000000
41766  21.466  -41.635  32.428 0.0000000000
40685  21.118  -43.590  33.789 0.0000000000
40698  21.885  -43.195  33.223 0.0000000000
39560  22.463  -44.566  34.440 0.0000000000
57341  29.031  -27.076  33.690 0.0000000000
58421  28.746  -26.499  32.428 0.0000000000
57355  28.547  -27.305  32.275 0.0000000000
55380  28.842  -29.599  29.974 0.0000000000
56404  29.662  -29.182  28.820 0.0000000000
56421  29.282  -28.327  28.530 0.0000000000
56403  30.689  -29.311  28.601 0.0000000000
54292  32.571  -30.637  28.561 0.0000000000
55374  34.160  -29.896  29.031 0.0000000000
55375  33.422  -29.613  28.986 0.0000000000
56401  32.607  -29.170  28.773 0.0000000000
55357  33.915  -29.236  29.481 0.0000000000
56389  34.116  -29.110  29.715 0.0000000000
54252  37.018  -30.792  31.707 0.0000000000
75908  46.680  -8.959  21.311 0.0000000000
79066  48.753  -5.715  17.482 0.0000000000
79067  47.687  -6.197  17.585 0.0000000000
78110  46.647  -7.852  16.838 0.0000000000
78126  48.019  -7.849  15.698 0.0000000000
75936  45.981  -9.694  17.855 0.0000000000
74707  47.461  -10.777  16.942 0.0000000000
75934  47.207  -10.162  16.850 0.0000000000
72592  42.474  -12.513  19.832 0.0000000000
71689  42.255  -13.441  19.887 0.0000000000
70755  42.188  -14.326  20.013 0.0000000000
69796  42.886  -15.651  19.939 0.0000000000
70740  40.110  -14.234  21.333 0.0000000000
70758  40.149  -15.248  20.968 0.0000000000
67711  41.794  -17.216  20.467 0.0000000000
68775  41.206  -16.424  20.499 0.0000000000
67710  42.679  -17.250  20.237 0.0000000000
65624  42.452  -19.635  21.032 0.0000000000
65623  43.371  -19.817  21.101 0.0000000000
70697  37.825  -15.435  24.638 0.0000000000
67679  37.636  -17.377  22.808 0.0000000000
68744  37.560  -16.727  22.976 0.0000000000
67678  38.315  -17.648  22.149 0.0000000000
66595  38.465  -18.574  22.084 0.0000000000
65610  37.475  -19.558  22.791 0.0000000000
64608  39.543  -20.784  21.794 0.0000000000
64609  38.921  -20.338  22.071 0.0000000000
64623  39.469  -20.283  21.762 0.0000000000
65627  39.331  -19.530  21.723 0.0000000000
63625  40.763  -21.027  21.534 0.0000000000
47245  32.686  -36.687  28.251 0.0000000000
48295  33.592  -36.610  28.580 0.0000000000
46110  34.523  -38.923  31.402 0.0000000000
46125  34.882  -38.294  30.913 0.0000000000
74671  43.666  -9.859  22.023 0.0000000000
73574  42.198  -11.498  20.431 0.0000000000
73585  42.807  -11.796  19.853 0.0000000000
37108  22.362  -46.638  36.683 0.0000000000
37109  21.626  -46.663  36.327 0.0000000000
34609  18.371  -47.863  38.476 0.0000000000
33443  15.915  -50.028  42.164 0.0000000000
39492  13.747  -44.301  39.989 0.0000000000
38300  12.370  -44.806  42.729 0.0000000000
39432  12.800  -44.212  42.471 0.0000000000
38308  12.567  -45.248  41.693 0.0000000000
38316  13.084  -45.013  40.639 0.0000000000
37063  12.472  -45.801  41.389 0.0000000000
37072  12.460  -46.643  40.933 0.0000000000
37064  12.251  -46.175  41.669 0.0000000000
34526  12.010  -48.457  41.797 0.0000000000
34527  11.481  -48.635  42.314 0.0000000000
35750  10.787  -47.419  44.354 0.0000000000
33424  10.574  -49.544  43.557 0.0000000000
33447  11.350  -49.571  42.712 0.0000000000
32432  11.257  -50.497  43.347 0.0000000000
32431  12.290  -51.014  43.236 0.0000000000
30354  11.208  -52.112  44.673 0.0000000000
30353  11.881  -52.519  44.867 0.0000000000
30341  10.164  -52.655  46.320 0.0000000000
29134  10.190  -53.137  46.969 0.0000000000
30334  9.794  -52.743  47.354 0.0000000000
31394  9.414  -52.340  48.637 0.0000000000
30326  9.486  -52.708  48.853 0.0000000000
33328  8.648  -49.240  50.644 0.0000000000
32318  8.035  -50.294  51.742 0.0000000000
51314  32.067  -33.261  28.050 0.0000000000
50389  30.866  -34.983  27.492 0.0000000000
50411  31.873  -34.925  26.850 0.0000000000
49393  31.657  -35.356  27.027 0.0000000000
48330  31.569  -36.184  27.358 0.0000000000
47228  31.288  -38.042  28.844 0.0000000000
46163  31.668  -38.285  29.276 0.0000000000
47229  30.791  -38.187  28.856 0.0000000000
48316  27.919  -37.047  28.436 0.0000000000
47250  28.533  -37.488  28.419 0.0000000000
47251  28.035  -37.532  28.636 0.0000000000
45078  29.435  -39.452  30.168 0.0000000000
45077  30.387  -39.402  30.238 0.0000000000
45059  30.952  -39.890  30.870 0.0000000000
43914  31.112  -40.350  31.301 0.0000000000
43915  30.549  -40.491  31.271 0.0000000000
49292  22.736  -34.975  31.974 0.0000000000
49310  23.649  -35.060  31.190 0.0000000000
47192  24.339  -37.184  30.968 0.0000000000
46131  25.029  -38.445  31.216 0.0000000000
46155  25.589  -38.256  30.811 0.0000000000
42771  25.051  -41.373  33.226 0.0000000000
42769  26.785  -41.458  33.528 0.0000000000
43882  26.292  -41.005  33.126 0.0000000000
43881  27.103  -41.038  32.991 0.0000000000
43901  26.573  -40.609  32.522 0.0000000000
70770  43.612  -14.360  19.525 0.0000000000
70769  44.534  -14.376  19.351 0.0000000000
63546  34.343  -21.390  26.520 0.0000000000
61655  33.389  -23.475  25.000 0.0000000000
62625  33.438  -22.590  25.378 0.0000000000
61669  34.200  -23.376  24.515 0.0000000000
60607  34.122  -24.541  24.379 0.0000000000
58448  28.294  -26.313  30.731 0.0000000000
59496  28.481  -25.668  29.914 0.0000000000
59527  29.578  -25.617  27.886 0.0000000000
59508  29.169  -25.598  28.366 0.0000000000
59526  30.119  -25.527  27.562 0.0000000000
60563  30.423  -24.268  27.774 0.0000000000
59525  31.107  -25.403  27.006 0.0000000000
57412  34.137  -28.087  28.421 0.0000000000
58509  33.690  -26.968  26.041 0.0000000000
58510  32.616  -26.783  26.414 0.0000000000
58534  32.680  -26.078  25.871 0.0000000000
59550  32.282  -25.697  26.108 0.0000000000
59569  32.758  -25.409  25.490 0.0000000000
58531  35.254  -26.951  25.091 0.0000000000
58548  34.827  -26.496  24.776 0.0000000000
58547  35.467  -26.456  24.468 0.0000000000
58546  36.477  -26.512  24.230 0.0000000000
58529  36.964  -27.040  24.664 0.0000000000
57454  38.591  -27.371  25.774 0.0000000000
48293  35.089  -36.145  29.084 0.0000000000
49347  34.932  -35.655  28.618 0.0000000000
49323  36.344  -35.491  30.149 0.0000000000
49322  36.747  -35.136  30.845 0.0000000000
50324  36.645  -34.449  30.405 0.0000000000
50312  36.959  -34.439  31.196 0.0000000000
51278  37.686  -33.871  32.030 0.0000000000
52234  37.837  -32.499  32.027 0.0000000000
80063  52.458  -5.326  13.159 0.0000000000
80062  53.080  -4.960  12.668 0.0000000000
80035  49.185  -5.669  16.654 0.0000000000
79086  50.698  -5.957  15.180 0.0000000000
78137  50.675  -7.352  14.387 0.0000000000
75981  51.331  -9.450  13.290 0.0000000000
77114  50.818  -8.611  13.802 0.0000000000
77112  51.940  -7.845  13.319 0.0000000000
71711  45.407  -12.978  18.650 0.0000000000
52280  32.694  -33.048  27.680 0.0000000000
52266  32.856  -32.374  27.777 0.0000000000
52279  33.437  -32.857  27.559 0.0000000000
51333  33.922  -33.451  27.526 0.0000000000
50365  34.909  -34.352  28.139 0.0000000000
72616  45.105  -12.424  18.605 0.0000000000
71652  39.538  -13.314  23.589 0.0000000000
71631  39.500  -13.862  24.555 0.0000000000
70716  38.072  -14.638  23.798 0.0000000000
62652  36.626  -22.373  23.253 0.0000000000
60617  38.468  -24.708  23.163 0.0000000000
58557  38.412  -26.122  23.715 0.0000000000
35809  15.585  -46.893  38.611 0.0000000000
34586  15.214  -47.651  39.271 0.0000000000
34563  13.200  -47.687  40.321 0.0000000000
35708  10.298  -46.480  48.296 0.0000000000
50316  26.259  -33.990  30.408 0.0000000000
50330  26.443  -34.831  29.603 0.0000000000
50331  25.654  -34.662  30.098 0.0000000000
50332  25.117  -34.594  30.439 0.0000000000
49332  25.078  -35.352  30.219 0.0000000000
40683  23.408  -43.916  34.171 0.0000000000
41707  24.348  -43.365  34.390 0.0000000000
60521  29.752  -23.841  31.185 0.0000000000
56374  36.855  -29.243  31.338 0.0000000000
63573  35.474  -20.336  26.220 0.0000000000
63575  34.576  -21.527  25.484 0.0000000000
39563  19.632  -43.471  34.556 0.0000000000
40671  18.965  -43.257  34.856 0.0000000000
41682  17.465  -42.254  36.000 0.0000000000
41659  17.202  -41.533  36.858 0.0000000000
45014  19.721  -39.264  34.531 0.0000000000
45029  19.910  -39.637  33.965 0.0000000000
43887  20.113  -40.097  33.487 0.0000000000
42774  20.547  -40.836  32.921 0.0000000000
41747  20.628  -41.786  33.025 0.0000000000
55320  28.578  -28.734  32.301 0.0000000000
55339  28.521  -29.157  31.718 0.0000000000
55359  29.208  -30.128  30.380 0.0000000000
54299  34.178  -30.972  28.482 0.0000000000
54290  34.681  -30.497  29.076 0.0000000000
54281  34.989  -30.285  29.705 0.0000000000
55355  35.101  -30.068  30.002 0.0000000000
54280  35.414  -30.665  30.119 0.0000000000
54270  36.800  -31.034  31.240 0.0000000000
77041  46.808  -7.867  20.319 0.0000000000
78088  47.103  -6.685  18.335 0.0000000000
73617  48.291  -11.348  16.860 0.0000000000
73604  48.659  -11.799  17.161 0.0000000000
70756  41.495  -14.490  20.362 0.0000000000
69800  39.785  -15.880  20.963 0.0000000000
69799  40.573  -15.703  20.694 0.0000000000
67712  41.018  -17.212  20.663 0.0000000000
66632  41.461  -17.957  20.706 0.0000000000
68721  36.683  -17.197  24.685 0.0000000000
68720  36.999  -16.616  24.564 0.0000000000
67665  37.147  -17.938  23.296 0.0000000000
62668  38.652  -22.054  22.315 0.0000000000
63614  40.102  -21.440  21.733 0.0000000000
47209  33.084  -37.798  29.525 0.0000000000
46146  33.514  -37.925  29.980 0.0000000000
46147  33.008  -38.307  30.125 0.0000000000
73539  41.804  -11.969  23.664 0.0000000000
73538  42.310  -11.780  23.623 0.0000000000
73554  42.321  -11.167  22.868 0.0000000000
73575  41.563  -11.693  20.980 0.0000000000
37110  20.588  -46.598  36.187 0.0000000000
37099  20.946  -47.230  36.701 0.0000000000
35816  20.341  -47.687  37.258 0.0000000000
33444  14.857  -50.131  41.894 0.0000000000
32429  14.881  -51.071  43.599 0.0000000000
38301  12.226  -45.575  42.293 0.0000000000
37056  11.989  -46.164  42.570 0.0000000000
34492  10.284  -48.828  44.533 0.0000000000
33410  10.211  -49.624  44.447 0.0000000000
33425  10.370  -49.998  43.932 0.0000000000
32416  10.844  -50.712  43.858 0.0000000000
31436  10.269  -50.905  44.532 0.0000000000
31424  10.620  -51.936  44.889 0.0000000000
50368  30.249  -34.878  27.881 0.0000000000
50390  30.279  -35.275  27.626 0.0000000000
48331  30.752  -36.374  27.542 0.0000000000
48332  29.972  -36.518  27.676 0.0000000000
48314  29.753  -37.133  27.916 0.0000000000
46168  27.621  -38.357  29.433 0.0000000000
46167  28.209  -38.374  29.194 0.0000000000
46152  27.957  -38.832  29.752 0.0000000000
45079  28.491  -39.417  30.200 0.0000000000
43916  29.545  -40.587  31.261 0.0000000000
47194  22.673  -37.211  31.624 0.0000000000
47193  23.311  -37.225  31.330 0.0000000000
46133  23.068  -37.882  31.583 0.0000000000
46113  24.453  -39.019  31.690 0.0000000000
42731  25.771  -42.480  34.390 0.0000000000
43870  25.813  -41.425  33.427 0.0000000000
42730  26.480  -42.453  34.717 0.0000000000
68784  44.031  -16.034  19.762 0.0000000000
68783  44.827  -16.316  19.614 0.0000000000
62569  32.414  -21.714  27.904 0.0000000000
62591  33.003  -21.689  27.039 0.0000000000
62610  32.581  -22.599  26.006 0.0000000000
61656  32.652  -23.771  25.480 0.0000000000
58474  28.648  -26.990  28.908 0.0000000000
58473  28.826  -26.328  28.723 0.0000000000
57440  29.658  -27.249  27.901 0.0000000000
57435  34.351  -27.760  27.516 0.0000000000
58508  34.136  -26.996  25.921 0.0000000000
57481  35.091  -27.272  25.751 0.0000000000
57480  35.930  -27.400  25.624 0.0000000000
57479  36.857  -27.399  25.400 0.0000000000
47188  36.403  -37.243  31.178 0.0000000000
48251  36.352  -36.576  30.610 0.0000000000
48250  36.826  -36.504  31.366 0.0000000000
48228  37.300  -36.340  32.205 0.0000000000
79108  52.472  -6.470  12.690 0.0000000000
78125  48.560  -7.215  15.580 0.0000000000
79088  49.258  -6.414  15.687 0.0000000000
76004  51.854  -9.449  12.929 0.0000000000
77127  52.207  -8.265  12.784 0.0000000000
76003  52.243  -9.321  12.426 0.0000000000
42754  18.947  -40.818  34.001 0.0000000000
42755  18.758  -41.580  34.136 0.0000000000
45013  19.817  -38.318  34.986 0.0000000000
71708  47.756  -13.287  18.754 0.0000000000
71700  46.716  -13.812  19.109 0.0000000000
54273  30.934  -31.650  31.143 0.0000000000
54283  30.430  -31.124  30.194 0.0000000000
54282  31.006  -31.570  30.002 0.0000000000
53294  33.521  -32.230  27.719 0.0000000000
53280  34.957  -31.950  28.536 0.0000000000
52252  35.994  -32.561  29.657 0.0000000000
77030  45.491  -8.888  20.707 0.0000000000
77043  45.231  -8.731  20.189 0.0000000000
77051  45.512  -8.430  18.798 0.0000000000
73607  46.227  -11.292  17.888 0.0000000000
72622  47.093  -12.240  17.982 0.0000000000
30313  9.877  -53.659  48.845 0.0000000000
72583  39.917  -12.936  21.959 0.0000000000
71677  39.789  -13.854  21.718 0.0000000000
71668  38.784  -13.941  22.697 0.0000000000
69782  39.089  -15.544  21.453 0.0000000000
68761  39.130  -16.554  21.418 0.0000000000
65593  36.346  -19.617  23.718 0.0000000000
65592  36.855  -19.315  23.322 0.0000000000
64593  36.867  -20.036  23.241 0.0000000000
63617  37.629  -21.135  22.648 0.0000000000
62669  37.884  -21.904  22.552 0.0000000000
60615  40.498  -24.871  23.182 0.0000000000
59589  40.723  -25.439  23.739 0.0000000000
59590  39.894  -25.485  23.565 0.0000000000
59576  40.850  -25.832  24.367 0.0000000000
45040  32.182  -40.126  31.564 0.0000000000
43894  33.374  -40.464  32.426 0.0000000000
72574  40.537  -12.259  22.707 0.0000000000
37087  18.155  -46.917  37.588 0.0000000000
37088  17.712  -46.766  37.667 0.0000000000
35791  17.551  -47.765  38.632 0.0000000000
35738  10.347  -47.008  45.391 0.0000000000
34459  9.973  -47.764  45.880 0.0000000000
33383  9.857  -49.348  45.877 0.0000000000
34443  9.608  -48.302  47.773 0.0000000000
33362  9.602  -48.262  48.033 0.0000000000
33325  9.645  -47.798  49.968 0.0000000000
49328  28.710  -34.750  30.205 0.0000000000
49352  27.514  -35.337  28.912 0.0000000000
48296  27.264  -36.454  28.826 0.0000000000
49330  26.343  -35.335  29.546 0.0000000000
48297  26.552  -36.777  29.375 0.0000000000
47233  26.745  -37.403  29.431 0.0000000000
47211  26.849  -37.729  29.553 0.0000000000
46129  26.669  -38.840  30.692 0.0000000000
43904  23.559  -40.850  32.105 0.0000000000
42772  24.584  -41.581  33.046 0.0000000000
42752  24.968  -41.963  33.563 0.0000000000
41725  24.708  -42.636  34.002 0.0000000000
42732  25.264  -42.427  34.071 0.0000000000
66629  44.262  -18.414  20.306 0.0000000000
61620  30.694  -23.227  27.948 0.0000000000
57397  32.951  -28.732  28.782 0.0000000000
57380  35.501  -28.657  29.956 0.0000000000
57411  35.107  -28.102  28.424 0.0000000000
57410  36.183  -28.237  28.411 0.0000000000
79085  51.224  -5.739  14.698 0.0000000000
74727  48.728  -10.101  15.459 0.0000000000
30282  8.456  -52.202  52.101 0.0000000000
69718  37.626  -16.364  25.876 0.0000000000
68706  36.969  -16.958  25.753 0.0000000000
68707  36.557  -17.419  25.138 0.0000000000
66575  36.121  -18.489  25.006 0.0000000000
65594  35.835  -20.025  24.075 0.0000000000
64595  35.763  -20.621  23.948 0.0000000000
63600  35.962  -21.097  23.739 0.0000000000
64572  35.311  -20.386  24.910 0.0000000000
60620  35.810  -24.103  23.631 0.0000000000
39534  22.979  -45.331  35.649 0.0000000000
38360  22.536  -45.490  35.553 0.0000000000
38361  21.975  -45.592  35.354 0.0000000000
39548  20.642  -44.734  34.855 0.0000000000
38352  20.299  -45.850  35.754 0.0000000000
41708  18.512  -42.465  34.719 0.0000000000
40672  18.395  -42.901  35.129 0.0000000000
38342  18.066  -45.813  36.784 0.0000000000
37103  16.803  -45.585  37.501 0.0000000000
38332  16.108  -45.427  37.997 0.0000000000
38323  14.714  -45.621  38.717 0.0000000000
38324  14.092  -45.188  39.326 0.0000000000
50306  24.265  -33.824  31.844 0.0000000000
50293  23.922  -33.565  32.739 0.0000000000
49293  22.390  -35.591  32.073 0.0000000000
49279  22.109  -35.243  32.541 0.0000000000
48237  22.250  -36.343  32.020 0.0000000000
47175  22.228  -37.334  31.922 0.0000000000
46101  20.687  -38.081  33.399 0.0000000000
45047  21.765  -39.255  32.007 0.0000000000
41745  22.765  -42.575  32.836 0.0000000000
41746  21.592  -42.444  32.695 0.0000000000
40697  22.823  -43.287  33.528 0.0000000000
58432  29.413  -25.435  32.769 0.0000000000
58420  29.134  -26.188  33.012 0.0000000000
58434  28.515  -26.478  31.724 0.0000000000
57383  28.148  -27.466  30.166 0.0000000000
56390  28.177  -28.460  30.858 0.0000000000
57399  28.426  -27.497  29.249 0.0000000000
56422  28.701  -27.906  28.796 0.0000000000
56419  31.258  -28.776  28.363 0.0000000000
55377  31.059  -30.039  28.707 0.0000000000
55376  32.112  -29.922  28.617 0.0000000000
56418  32.007  -28.921  28.486 0.0000000000
57398  32.416  -28.816  28.570 0.0000000000
56399  34.058  -28.926  29.711 0.0000000000
56376  35.302  -29.272  30.306 0.0000000000
55335  35.464  -29.819  30.451 0.0000000000
56375  35.979  -29.347  30.889 0.0000000000
80036  49.016  -5.579  16.895 0.0000000000
78108  48.186  -6.625  16.112 0.0000000000
75952  48.376  -9.311  15.618 0.0000000000
77066  46.818  -8.915  16.829 0.0000000000
75943  47.005  -9.557  16.842 0.0000000000
75953  47.975  -9.348  15.973 0.0000000000
70771  42.814  -14.291  19.731 0.0000000000
68785  43.562  -16.057  19.872 0.0000000000
68772  43.879  -16.594  19.844 0.0000000000
67709  43.624  -17.343  20.051 0.0000000000
69798  41.363  -15.489  20.401 0.0000000000
66610  44.210  -18.971  20.669 0.0000000000
65622  44.386  -19.528  20.961 0.0000000000
66612  42.836  -18.925  20.754 0.0000000000
70717  37.715  -15.237  23.759 0.0000000000
70730  37.763  -15.475  23.101 0.0000000000
69767  37.563  -16.072  23.190 0.0000000000
67697  38.904  -17.379  21.672 0.0000000000
65609  38.449  -19.448  22.178 0.0000000000
65628  38.814  -18.968  21.916 0.0000000000
66615  39.921  -18.580  21.312 0.0000000000
64620  42.214  -20.378  21.227 0.0000000000
64607  41.410  -21.079  21.482 0.0000000000
64606  41.951  -21.106  21.452 0.0000000000
64605  43.313  -21.074  21.577 0.0000000000
48328  32.883  -35.647  27.409 0.0000000000
49371  33.715  -35.618  27.906 0.0000000000
48294  34.235  -36.353  28.632 0.0000000000
48273  34.844  -36.784  29.345 0.0000000000
47190  34.749  -37.859  30.263 0.0000000000
74680  43.319  -9.768  21.003 0.0000000000
37098  21.851  -47.135  36.940 0.0000000000
35818  18.755  -47.284  37.624 0.0000000000
39491  14.069  -43.873  39.678 0.0000000000
38325  13.600  -44.755  39.921 0.0000000000
35784  12.905  -46.883  40.309 0.0000000000
35776  12.634  -47.544  40.715 0.0000000000
35777  12.257  -47.133  41.256 0.0000000000
33470  12.563  -48.728  41.354 0.0000000000
34491  10.543  -48.473  43.932 0.0000000000
31441  12.418  -51.668  43.794 0.0000000000
31433  12.876  -52.332  44.448 0.0000000000
30340  11.218  -53.189  46.160 0.0000000000
30314  9.546  -53.168  49.188 0.0000000000
30299  9.291  -52.867  49.896 0.0000000000
31358  8.679  -51.660  51.480 0.0000000000
33326  9.515  -48.160  50.384 0.0000000000
33337  8.831  -49.575  50.394 0.0000000000
32339  8.635  -49.930  50.611 0.0000000000
32327  8.590  -50.953  50.924 0.0000000000
31367  8.554  -51.216  51.262 0.0000000000
57330  29.342  -27.391  34.607 0.0000000000
52267  32.243  -32.724  28.292 0.0000000000
51335  32.336  -33.637  27.405 0.0000000000
50387  32.731  -34.389  26.968 0.0000000000
50410  32.179  -34.754  26.845 0.0000000000
49392  32.467  -35.241  26.969 0.0000000000
48329  32.379  -35.919  27.326 0.0000000000
48311  32.270  -36.508  27.819 0.0000000000
47246  32.190  -37.077  28.344 0.0000000000
47227  32.190  -37.876  29.058 0.0000000000
46148  31.988  -38.711  29.985 0.0000000000
46128  32.328  -39.202  30.721 0.0000000000
48315  28.758  -36.786  27.943 0.0000000000
47249  29.384  -37.713  28.402 0.0000000000
47231  28.355  -37.884  28.775 0.0000000000
46166  29.177  -38.276  28.969 0.0000000000
46165  30.238  -38.354  28.993 0.0000000000
46149  30.810  -38.835  29.745 0.0000000000
45076  31.213  -39.302  30.324 0.0000000000
45058  31.818  -39.550  30.866 0.0000000000
50319  23.931  -34.337  31.429 0.0000000000
49309  24.331  -35.460  30.627 0.0000000000
46130  26.042  -38.795  31.049 0.0000000000
45027  24.667  -40.324  32.296 0.0000000000
45044  25.157  -39.941  32.069 0.0000000000
43883  25.487  -40.944  33.003 0.0000000000
45043  26.159  -40.172  31.973 0.0000000000
45042  26.762  -40.285  32.036 0.0000000000
43918  27.708  -40.458  31.781 0.0000000000
43899  28.156  -40.935  32.225 0.0000000000
69806  46.150  -15.469  19.570 0.0000000000
66627  46.464  -18.484  20.276 0.0000000000
63545  34.757  -20.959  26.947 0.0000000000
63563  34.539  -21.443  26.022 0.0000000000
62624  34.291  -22.028  25.141 0.0000000000
62638  34.611  -22.666  24.543 0.0000000000
59594  35.943  -24.693  23.598 0.0000000000
59475  28.970  -25.312  31.586 0.0000000000
59484  29.369  -24.488  31.132 0.0000000000
60522  29.374  -24.326  30.564 0.0000000000
59495  28.772  -25.543  29.333 0.0000000000
60543  29.251  -24.909  28.854 0.0000000000
60542  29.747  -24.097  28.921 0.0000000000
58490  31.684  -26.725  26.864 0.0000000000
57460  32.996  -27.451  26.949 0.0000000000
58489  32.223  -27.039  26.827 0.0000000000
60585  31.494  -24.493  26.714 0.0000000000
60597  32.645  -24.602  25.438 0.0000000000
60596  33.207  -24.610  24.942 0.0000000000
59567  34.101  -26.060  24.882 0.0000000000
59583  33.775  -25.070  24.589 0.0000000000
60608  33.676  -24.596  24.605 0.0000000000
59580  36.959  -26.003  23.759 0.0000000000
59579  37.446  -26.148  23.746 0.0000000000
57494  38.586  -26.827  24.548 0.0000000000
57478  37.822  -27.285  24.986 0.0000000000
57477  38.683  -26.999  24.898 0.0000000000
57476  39.101  -26.903  25.014 0.0000000000
49370  34.324  -35.273  28.005 0.0000000000
49369  35.109  -35.017  28.478 0.0000000000
50364  35.474  -34.390  28.726 0.0000000000
50343  35.758  -34.446  29.187 0.0000000000
51293  36.391  -33.544  29.992 0.0000000000
48227  37.840  -35.773  32.734 0.0000000000
49286  37.591  -35.265  32.213 0.0000000000
50300  37.431  -34.517  31.806 0.0000000000
51286  37.404  -33.609  31.509 0.0000000000
52243  37.273  -32.574  31.264 0.0000000000
52235  37.538  -31.993  31.638 0.0000000000
79087  49.919  -6.180  15.514 0.0000000000
75965  49.592  -9.340  14.481 0.0000000000
77093  50.215  -8.348  14.168 0.0000000000
78136  51.230  -6.870  14.223 0.0000000000
79122  52.831  -6.585  12.171 0.0000000000
31443  11.136  -50.952  43.800 0.0000000000
32417  10.377  -50.496  44.172 0.0000000000
42770  26.293  -41.367  33.457 0.0000000000
43869  26.012  -41.294  33.374 0.0000000000
43885  24.221  -41.302  32.621 0.0000000000
43903  24.283  -40.453  32.259 0.0000000000
45065  25.211  -39.234  31.636 0.0000000000
45081  27.107  -39.041  30.615 0.0000000000
46176  29.940  -38.006  28.619 0.0000000000
46177  29.688  -38.100  28.728 0.0000000000
47207  34.997  -37.248  29.921 0.0000000000
47214  24.799  -37.024  30.708 0.0000000000
47225  33.765  -36.866  28.877 0.0000000000
48236  22.582  -35.769  31.800 0.0000000000
48259  22.796  -36.739  31.503 0.0000000000
48298  26.153  -36.556  29.679 0.0000000000
49264  22.746  -33.896  34.072 0.0000000000
49285  37.940  -35.017  32.708 0.0000000000
49414  32.162  -35.040  26.784 0.0000000000
51285  37.731  -33.293  31.940 0.0000000000
53258  36.667  -31.310  30.936 0.0000000000
53276  31.304  -31.597  29.616 0.0000000000
53282  33.139  -31.720  27.918 0.0000000000
53293  33.886  -32.504  27.670 0.0000000000
54284  29.749  -30.654  30.804 0.0000000000
55379  29.322  -29.736  29.527 0.0000000000
56364  28.616  -28.215  32.746 0.0000000000
56377  28.357  -28.217  31.873 0.0000000000
56388  34.668  -29.098  29.932 0.0000000000
57342  28.744  -27.482  33.004 0.0000000000
57354  28.818  -26.902  32.885 0.0000000000
57417  29.093  -27.327  28.364 0.0000000000
57418  28.696  -27.432  28.809 0.0000000000
57495  38.306  -26.910  24.512 0.0000000000
58433  28.937  -25.721  32.177 0.0000000000
58460  28.674  -26.085  29.192 0.0000000000
58528  39.012  -26.807  24.766 0.0000000000
58558  38.151  -26.323  23.806 0.0000000000
59486  28.406  -25.851  30.218 0.0000000000
59551  31.783  -25.242  26.477 0.0000000000
59577  40.185  -25.885  24.070 0.0000000000
60531  29.213  -24.563  29.718 0.0000000000
62608  34.251  -21.761  25.754 0.0000000000
63564  34.286  -21.561  26.228 0.0000000000
63618  37.100  -21.090  22.969 0.0000000000
63624  41.162  -21.065  21.497 0.0000000000
65642  44.458  -18.982  20.640 0.0000000000
67642  36.463  -17.819  25.460 0.0000000000
67720  45.361  -16.703  19.655 0.0000000000
68682  37.663  -17.331  26.566 0.0000000000
68731  36.846  -17.035  24.160 0.0000000000
69810  42.642  -14.833  19.859 0.0000000000
73556  40.955  -11.947  22.749 0.0000000000
77128  51.875  -8.998  13.011 0.0000000000
