#!ascii label  , from subject 3866 vox2ras=TkReg
281
78826  -23.735  -7.891  17.743 0.0000000000
75609  -21.576  -11.765  19.690 0.0000000000
74666  -27.313  -11.864  18.414 0.0000000000
71799  -24.903  -15.416  19.394 0.0000000000
89626  -23.536  2.967  20.259 0.0000000000
86801  -25.147  0.015  19.775 0.0000000000
83645  -20.806  -3.648  17.915 0.0000000000
67740  -24.245  -19.515  20.290 0.0000000000
73678  -23.398  -13.490  19.407 0.0000000000
70801  -22.199  -15.941  20.164 0.0000000000
88780  -24.675  1.598  19.645 0.0000000000
86816  -22.142  -0.016  18.102 0.0000000000
78806  -21.085  -8.270  18.942 0.0000000000
80759  -19.090  -6.608  19.848 0.0000000000
80790  -22.036  -6.148  17.495 0.0000000000
83633  -24.602  -3.551  18.247 0.0000000000
81734  -25.241  -5.747  18.118 0.0000000000
79851  -26.589  -7.425  18.650 0.0000000000
77726  -20.069  -10.234  20.324 0.0000000000
77747  -22.242  -9.946  18.749 0.0000000000
76670  -25.463  -10.342  18.441 0.0000000000
74663  -24.452  -12.263  18.585 0.0000000000
73681  -26.387  -13.599  19.119 0.0000000000
71801  -26.963  -15.380  19.396 0.0000000000
85739  -19.447  -1.992  18.613 0.0000000000
85758  -23.581  -1.745  17.915 0.0000000000
85731  -26.065  -1.565  19.625 0.0000000000
69697  -22.213  -17.276  20.744 0.0000000000
69699  -24.281  -17.663  20.121 0.0000000000
72734  -21.201  -14.456  20.603 0.0000000000
71780  -21.225  -15.320  20.916 0.0000000000
87826  -21.364  0.775  18.572 0.0000000000
86814  -20.007  -0.101  18.452 0.0000000000
78808  -22.683  -8.526  18.004 0.0000000000
79848  -21.753  -7.545  18.299 0.0000000000
79861  -22.995  -7.293  17.472 0.0000000000
80793  -24.373  -6.165  17.559 0.0000000000
79864  -24.810  -6.861  17.840 0.0000000000
80779  -25.785  -6.472  18.394 0.0000000000
78811  -25.411  -8.313  18.102 0.0000000000
75608  -20.906  -11.598  20.182 0.0000000000
77746  -21.528  -9.669  19.214 0.0000000000
76654  -22.248  -10.615  18.982 0.0000000000
75624  -23.643  -11.394  18.663 0.0000000000
75611  -23.209  -11.792  18.801 0.0000000000
72748  -24.143  -14.458  19.221 0.0000000000
73679  -24.306  -13.454  18.897 0.0000000000
72749  -25.140  -14.431  19.176 0.0000000000
72751  -27.131  -14.393  19.221 0.0000000000
71800  -25.911  -15.415  19.314 0.0000000000
89643  -21.770  2.650  20.286 0.0000000000
89625  -21.094  2.872  20.804 0.0000000000
91391  -22.752  3.810  20.326 0.0000000000
91368  -22.491  4.496  20.818 0.0000000000
90475  -25.268  3.438  20.425 0.0000000000
87811  -24.984  0.861  19.488 0.0000000000
82648  -19.465  -4.724  19.194 0.0000000000
83630  -19.017  -3.804  19.404 0.0000000000
84664  -20.242  -2.857  18.319 0.0000000000
85756  -21.683  -1.714  17.562 0.0000000000
84679  -21.600  -2.660  17.512 0.0000000000
83635  -26.298  -4.076  19.231 0.0000000000
83617  -25.661  -2.826  18.971 0.0000000000
84651  -26.574  -2.576  19.742 0.0000000000
75627  -26.395  -11.165  18.399 0.0000000000
76672  -27.298  -10.149  18.475 0.0000000000
67729  -22.770  -19.480  21.117 0.0000000000
68686  -22.482  -18.428  20.915 0.0000000000
69698  -23.249  -17.152  20.312 0.0000000000
68699  -24.683  -18.616  20.201 0.0000000000
74631  -21.161  -12.819  20.119 0.0000000000
74644  -22.526  -12.602  19.497 0.0000000000
73664  -21.947  -13.911  19.989 0.0000000000
72746  -22.544  -14.492  19.956 0.0000000000
71797  -23.214  -15.270  19.986 0.0000000000
88778  -22.362  2.100  19.216 0.0000000000
89645  -24.266  2.320  19.971 0.0000000000
87827  -22.538  0.902  18.640 0.0000000000
87828  -23.789  0.516  18.909 0.0000000000
78787  -19.618  -8.554  20.141 0.0000000000
80760  -20.057  -6.820  19.239 0.0000000000
81717  -20.959  -5.664  18.389 0.0000000000
82650  -21.121  -4.934  18.301 0.0000000000
83647  -22.391  -3.552  17.436 0.0000000000
81732  -23.777  -5.310  17.236 0.0000000000
81719  -25.035  -5.094  18.148 0.0000000000
82654  -26.725  -4.823  19.073 0.0000000000
81721  -26.704  -5.535  18.689 0.0000000000
66695  -24.726  -20.322  20.433 0.0000000000
67741  -25.187  -19.516  20.370 0.0000000000
77745  -20.479  -9.754  19.784 0.0000000000
77765  -21.978  -9.289  18.839 0.0000000000
78809  -23.701  -8.643  18.092 0.0000000000
78810  -24.545  -8.544  18.144 0.0000000000
77767  -23.638  -9.528  18.237 0.0000000000
75626  -25.471  -11.317  18.469 0.0000000000
74665  -26.414  -12.079  18.481 0.0000000000
74646  -24.136  -12.665  18.774 0.0000000000
73693  -24.983  -12.782  18.574 0.0000000000
74648  -26.462  -12.880  18.870 0.0000000000
73682  -27.264  -13.515  19.083 0.0000000000
72752  -28.073  -14.225  19.478 0.0000000000
89629  -25.676  2.715  19.970 0.0000000000
86833  -20.855  -0.820  17.840 0.0000000000
86835  -22.882  -0.925  17.827 0.0000000000
85741  -23.611  -1.271  18.307 0.0000000000
84682  -24.010  -2.728  18.051 0.0000000000
85759  -24.158  -2.176  18.178 0.0000000000
86820  -25.950  -0.980  19.580 0.0000000000
77770  -26.415  -9.302  18.361 0.0000000000
78813  -27.409  -8.441  19.075 0.0000000000
70782  -21.013  -16.308  21.074 0.0000000000
70784  -22.478  -16.527  20.390 0.0000000000
69720  -23.476  -16.538  19.976 0.0000000000
70804  -24.519  -16.229  19.623 0.0000000000
68700  -25.636  -18.584  20.255 0.0000000000
69701  -26.119  -17.623  19.808 0.0000000000
70805  -25.699  -16.594  19.553 0.0000000000
86799  -19.478  -0.295  19.563 0.0000000000
78825  -23.083  -8.010  17.688 0.0000000000
79849  -22.422  -7.448  17.823 0.0000000000
79862  -23.668  -7.092  17.439 0.0000000000
78827  -24.450  -7.723  17.717 0.0000000000
78828  -24.918  -7.462  17.799 0.0000000000
75596  -21.246  -12.199  20.086 0.0000000000
76653  -21.536  -10.699  19.510 0.0000000000
75610  -22.457  -11.614  19.131 0.0000000000
71798  -23.953  -15.326  19.562 0.0000000000
90490  -22.533  3.332  20.326 0.0000000000
90491  -23.056  3.261  20.189 0.0000000000
91392  -23.018  3.616  20.214 0.0000000000
90474  -24.268  3.477  20.480 0.0000000000
89627  -23.934  2.898  20.320 0.0000000000
86800  -24.778  0.316  19.408 0.0000000000
88762  -25.845  1.218  20.243 0.0000000000
87812  -25.555  0.637  20.208 0.0000000000
87813  -26.171  0.396  20.485 0.0000000000
82649  -20.304  -4.703  18.551 0.0000000000
83631  -19.654  -3.847  18.956 0.0000000000
84662  -19.198  -3.205  19.238 0.0000000000
84678  -20.835  -2.774  17.780 0.0000000000
83646  -21.559  -3.609  17.593 0.0000000000
83618  -26.110  -3.175  19.271 0.0000000000
75628  -27.268  -11.004  18.473 0.0000000000
67730  -23.497  -19.563  20.654 0.0000000000
68687  -23.138  -18.973  20.900 0.0000000000
68698  -23.551  -18.484  20.468 0.0000000000
73663  -21.240  -13.646  20.251 0.0000000000
73676  -21.695  -13.339  19.936 0.0000000000
71781  -21.825  -15.300  20.481 0.0000000000
72735  -21.880  -14.501  20.250 0.0000000000
71796  -22.461  -15.277  20.219 0.0000000000
88799  -21.481  1.548  18.950 0.0000000000
78788  -20.637  -8.622  19.427 0.0000000000
79833  -20.546  -7.687  19.152 0.0000000000
80777  -21.668  -6.548  17.970 0.0000000000
80776  -20.763  -6.669  18.607 0.0000000000
81730  -22.165  -5.413  17.427 0.0000000000
82664  -22.304  -4.483  17.420 0.0000000000
81731  -22.964  -5.359  17.122 0.0000000000
81733  -24.573  -5.344  17.688 0.0000000000
82653  -25.990  -4.665  18.832 0.0000000000
81720  -25.784  -5.494  18.482 0.0000000000
80780  -26.722  -6.436  18.516 0.0000000000
79852  -27.655  -7.424  19.060 0.0000000000
65613  -24.859  -21.007  20.726 0.0000000000
66696  -25.657  -20.443  21.065 0.0000000000
77744  -19.736  -9.466  20.390 0.0000000000
77766  -22.711  -9.548  18.476 0.0000000000
75625  -24.541  -11.388  18.528 0.0000000000
74645  -23.452  -12.504  19.129 0.0000000000
73680  -25.374  -13.406  18.853 0.0000000000
74647  -25.906  -13.044  18.980 0.0000000000
71802  -27.730  -15.014  19.499 0.0000000000
72736  -28.386  -15.082  19.793 0.0000000000
89646  -25.186  2.165  19.850 0.0000000000
79831  -18.965  -7.433  20.351 0.0000000000
86797  -18.520  -1.683  19.731 0.0000000000
86798  -19.034  -1.224  19.588 0.0000000000
86813  -19.684  -0.973  18.757 0.0000000000
86832  -20.220  -0.984  18.153 0.0000000000
85757  -22.660  -1.717  17.590 0.0000000000
86834  -21.856  -0.828  17.818 0.0000000000
86836  -23.352  -1.112  18.091 0.0000000000
83648  -23.180  -3.537  17.446 0.0000000000
83649  -23.881  -3.561  17.818 0.0000000000
84650  -25.787  -2.279  19.299 0.0000000000
84666  -25.239  -2.388  18.802 0.0000000000
85730  -25.720  -1.797  19.381 0.0000000000
85743  -25.382  -1.497  19.196 0.0000000000
86803  -27.128  -0.810  20.432 0.0000000000
77769  -25.467  -9.365  18.344 0.0000000000
77771  -27.332  -9.330  18.678 0.0000000000
69684  -21.995  -17.807  21.133 0.0000000000
69683  -21.315  -17.407  21.220 0.0000000000
69696  -21.492  -16.839  20.797 0.0000000000
69721  -24.018  -16.788  19.932 0.0000000000
69722  -24.864  -17.117  19.667 0.0000000000
70785  -26.185  -17.065  19.648 0.0000000000
87825  -20.468  0.640  18.816 0.0000000000
86815  -20.978  0.165  17.853 0.0000000000
78807  -21.840  -8.509  18.632 0.0000000000
79847  -21.053  -7.662  18.676 0.0000000000
80778  -22.386  -6.752  17.634 0.0000000000
80791  -22.840  -6.323  17.424 0.0000000000
80792  -23.661  -6.203  17.357 0.0000000000
80794  -25.048  -6.325  17.956 0.0000000000
79850  -25.518  -7.340  18.272 0.0000000000
78812  -26.445  -8.384  18.498 0.0000000000
76638  -20.175  -11.110  20.532 0.0000000000
76652  -20.793  -10.852  20.031 0.0000000000
76667  -22.901  -10.533  18.659 0.0000000000
75623  -22.893  -11.189  18.828 0.0000000000
74662  -23.773  -12.132  18.743 0.0000000000
72747  -23.289  -14.441  19.623 0.0000000000
72750  -26.160  -14.438  19.223 0.0000000000
89642  -20.811  2.460  20.595 0.0000000000
90472  -21.627  3.344  20.707 0.0000000000
89647  -25.895  2.093  19.897 0.0000000000
88781  -25.473  1.482  19.843 0.0000000000
82634  -17.734  -4.353  20.580 0.0000000000
84648  -18.208  -3.305  19.918 0.0000000000
85738  -19.001  -2.522  19.162 0.0000000000
85754  -20.082  -1.539  18.295 0.0000000000
85740  -20.306  -2.153  18.194 0.0000000000
84680  -22.485  -2.621  17.437 0.0000000000
83634  -25.510  -3.456  18.684 0.0000000000
76671  -26.388  -10.231  18.508 0.0000000000
68697  -22.863  -17.852  20.563 0.0000000000
74643  -21.735  -12.732  19.746 0.0000000000
73677  -22.443  -13.574  19.728 0.0000000000
88761  -20.500  1.920  20.739 0.0000000000
89644  -23.188  2.746  20.036 0.0000000000
88779  -23.670  1.827  19.575 0.0000000000
87809  -23.321  1.306  19.084 0.0000000000
87810  -24.215  1.102  19.265 0.0000000000
87829  -24.521  0.520  19.200 0.0000000000
80761  -20.593  -7.206  18.886 0.0000000000
80775  -20.156  -6.203  19.073 0.0000000000
81716  -20.146  -5.632  18.807 0.0000000000
82663  -21.492  -4.560  17.818 0.0000000000
82665  -23.102  -4.416  17.090 0.0000000000
82666  -23.844  -4.425  17.456 0.0000000000
82651  -24.496  -4.412  17.973 0.0000000000
82652  -25.224  -4.445  18.391 0.0000000000
83636  -26.831  -4.356  19.303 0.0000000000
82637  -27.275  -4.722  19.321 0.0000000000
81722  -27.328  -5.498  19.059 0.0000000000
74650  -28.206  -12.448  18.690 0.0000000000
78789  -21.458  -8.842  19.063 0.0000000000
77768  -24.552  -9.477  18.306 0.0000000000
76668  -23.659  -10.486  18.405 0.0000000000
76669  -24.547  -10.436  18.361 0.0000000000
73692  -24.650  -12.935  18.663 0.0000000000
74664  -25.454  -12.420  18.573 0.0000000000
74649  -27.316  -12.687  18.740 0.0000000000
73683  -28.123  -13.266  19.181 0.0000000000
89628  -24.814  2.745  20.396 0.0000000000
86817  -23.343  -0.517  18.523 0.0000000000
86818  -24.610  -0.366  19.116 0.0000000000
84681  -23.325  -2.637  17.614 0.0000000000
84665  -24.659  -2.649  18.380 0.0000000000
85742  -24.290  -1.608  18.600 0.0000000000
86819  -25.564  -0.733  19.454 0.0000000000
86802  -26.208  -0.501  20.211 0.0000000000
70783  -21.687  -16.256  20.484 0.0000000000
70802  -23.002  -16.105  20.190 0.0000000000
70803  -23.659  -16.081  19.729 0.0000000000
69700  -25.190  -17.860  19.857 0.0000000000
70806  -26.492  -16.105  19.554 0.0000000000
69723  -25.487  -17.328  19.658 0.0000000000
79863  -24.317  -6.936  17.570 0.0000000000
81718  -21.567  -5.548  17.876 0.0000000000
82662  -20.792  -4.316  18.190 0.0000000000
83615  -18.036  -3.696  20.254 0.0000000000
83616  -18.436  -3.773  19.756 0.0000000000
83632  -20.268  -3.713  18.488 0.0000000000
84649  -18.498  -3.002  19.553 0.0000000000
84663  -19.603  -3.008  18.762 0.0000000000
85744  -25.750  -1.192  19.440 0.0000000000
85755  -20.747  -1.776  17.786 0.0000000000
