#!ascii label  , from subject 3431 vox2ras=TkReg
1375
100131  -49.600  16.333  36.692 0.0000000000
111106  -39.470  28.800  29.054 0.0000000000
105356  -38.052  22.438  39.613 0.0000000000
108333  -45.465  26.435  38.252 0.0000000000
108427  -46.161  26.294  28.044 0.0000000000
111034  -44.244  28.949  34.737 0.0000000000
106921  -46.150  25.041  31.580 0.0000000000
106225  -41.340  23.539  33.438 0.0000000000
91522  -51.218  8.335  37.840 0.0000000000
96261  -49.599  12.355  37.732 0.0000000000
112929  -35.789  33.800  27.091 0.0000000000
111671  -42.763  31.433  24.898 0.0000000000
109230  -46.562  27.116  23.871 0.0000000000
100059  -44.836  17.406  40.891 0.0000000000
108309  -37.868  26.391  38.134 0.0000000000
108229  -42.434  25.515  42.054 0.0000000000
104520  -46.460  21.216  39.219 0.0000000000
103651  -43.845  19.907  36.431 0.0000000000
101900  -40.578  17.527  32.485 0.0000000000
101865  -48.884  17.222  35.180 0.0000000000
107674  -48.603  24.553  27.517 0.0000000000
108421  -47.619  26.064  29.890 0.0000000000
105471  -47.342  22.944  28.770 0.0000000000
105468  -44.488  23.364  28.919 0.0000000000
94417  -50.865  10.242  37.949 0.0000000000
94399  -48.144  10.122  38.652 0.0000000000
112213  -36.686  31.845  30.810 0.0000000000
111137  -45.705  30.270  24.504 0.0000000000
99160  -42.974  16.271  39.718 0.0000000000
102667  -41.418  19.390  41.381 0.0000000000
109189  -36.712  27.295  29.997 0.0000000000
109160  -39.338  27.062  33.018 0.0000000000
109766  -45.753  28.046  36.923 0.0000000000
110943  -42.903  28.069  38.688 0.0000000000
109030  -44.616  26.271  40.316 0.0000000000
105296  -45.626  22.786  42.465 0.0000000000
106839  -45.748  23.914  40.028 0.0000000000
104547  -45.487  21.169  37.574 0.0000000000
105374  -43.862  22.906  38.868 0.0000000000
104558  -39.365  20.574  34.492 0.0000000000
109889  -42.500  27.822  28.784 0.0000000000
110473  -42.191  28.474  31.872 0.0000000000
110474  -44.879  28.165  31.485 0.0000000000
109833  -46.437  27.765  33.692 0.0000000000
107602  -46.200  26.112  35.455 0.0000000000
107599  -43.955  25.356  36.444 0.0000000000
106229  -44.694  24.813  32.636 0.0000000000
105439  -42.015  23.352  30.942 0.0000000000
94441  -51.042  10.348  35.960 0.0000000000
96299  -51.032  12.029  36.546 0.0000000000
99175  -49.119  14.887  37.813 0.0000000000
109846  -33.720  28.013  31.894 0.0000000000
110489  -33.783  29.437  29.047 0.0000000000
111125  -36.665  30.230  25.898 0.0000000000
109907  -40.085  28.450  25.818 0.0000000000
108452  -43.850  26.808  25.337 0.0000000000
108456  -46.800  25.662  25.185 0.0000000000
106285  -47.419  23.824  23.797 0.0000000000
106981  -46.405  24.625  22.603 0.0000000000
97210  -45.841  13.739  37.563 0.0000000000
97161  -46.504  15.562  38.921 0.0000000000
100091  -47.520  16.577  38.917 0.0000000000
107488  -36.047  25.896  41.749 0.0000000000
109764  -41.177  27.736  36.897 0.0000000000
109682  -39.341  27.527  41.193 0.0000000000
106094  -40.140  24.179  41.555 0.0000000000
104433  -42.814  21.771  42.702 0.0000000000
102657  -46.105  19.500  41.027 0.0000000000
102689  -47.929  18.420  38.330 0.0000000000
102728  -47.387  18.257  36.423 0.0000000000
102752  -46.229  17.833  35.171 0.0000000000
102767  -44.464  17.454  34.203 0.0000000000
105401  -41.089  21.879  37.018 0.0000000000
103689  -42.156  18.489  34.224 0.0000000000
100153  -43.459  15.826  32.677 0.0000000000
99197  -49.983  15.503  36.447 0.0000000000
100141  -49.795  16.012  34.985 0.0000000000
101003  -49.248  16.979  35.459 0.0000000000
104618  -47.641  23.137  26.463 0.0000000000
106268  -48.650  23.186  28.106 0.0000000000
104615  -46.593  22.552  26.666 0.0000000000
104601  -45.710  22.527  27.257 0.0000000000
103592  -39.891  20.609  40.189 0.0000000000
109877  -38.597  28.504  29.680 0.0000000000
108334  -46.017  26.931  37.864 0.0000000000
109734  -45.191  27.552  38.515 0.0000000000
108289  -45.127  26.228  39.385 0.0000000000
107528  -45.195  24.900  40.784 0.0000000000
107539  -45.055  25.221  39.577 0.0000000000
106170  -45.497  23.327  38.857 0.0000000000
107552  -44.571  25.227  38.636 0.0000000000
109196  -43.649  27.089  28.414 0.0000000000
111112  -43.859  28.253  30.035 0.0000000000
109892  -45.075  27.580  29.639 0.0000000000
107655  -46.860  25.640  31.070 0.0000000000
109172  -46.538  26.834  31.801 0.0000000000
108401  -46.512  26.418  32.620 0.0000000000
108373  -46.452  26.686  34.793 0.0000000000
107635  -46.316  25.809  33.387 0.0000000000
106900  -45.620  24.939  34.247 0.0000000000
106230  -45.363  24.776  32.536 0.0000000000
105453  -43.184  23.416  29.857 0.0000000000
95339  -50.058  10.949  37.957 0.0000000000
95356  -50.796  11.097  37.581 0.0000000000
96282  -50.183  12.301  37.679 0.0000000000
97218  -50.400  13.401  37.191 0.0000000000
97193  -49.564  13.448  37.749 0.0000000000
112260  -35.871  33.118  28.722 0.0000000000
111094  -34.767  30.879  29.703 0.0000000000
111659  -34.858  31.656  27.602 0.0000000000
110515  -35.087  29.929  27.524 0.0000000000
111662  -36.183  31.867  25.762 0.0000000000
112297  -40.702  32.308  25.274 0.0000000000
111131  -39.143  30.298  24.790 0.0000000000
111143  -41.272  30.278  24.519 0.0000000000
109216  -41.555  27.907  25.349 0.0000000000
110537  -43.332  29.526  24.540 0.0000000000
110548  -46.673  29.221  24.092 0.0000000000
109914  -46.197  28.306  24.398 0.0000000000
109227  -46.444  26.996  24.298 0.0000000000
107690  -47.460  25.021  25.283 0.0000000000
108468  -46.846  26.136  23.775 0.0000000000
106293  -47.112  23.881  23.109 0.0000000000
108473  -46.461  26.222  23.171 0.0000000000
96256  -40.407  12.950  38.357 0.0000000000
95362  -40.931  11.457  37.470 0.0000000000
96287  -41.959  12.547  37.431 0.0000000000
96289  -44.243  12.706  36.791 0.0000000000
97207  -42.789  14.158  38.122 0.0000000000
100074  -43.686  17.058  40.616 0.0000000000
98153  -44.903  15.774  39.329 0.0000000000
98122  -45.688  16.312  39.843 0.0000000000
99146  -46.835  16.188  39.285 0.0000000000
100061  -46.096  17.142  40.551 0.0000000000
108306  -35.560  26.541  38.803 0.0000000000
109025  -34.970  26.851  41.238 0.0000000000
109040  -36.753  27.400  40.426 0.0000000000
110442  -43.210  28.674  33.652 0.0000000000
109812  -41.855  28.160  34.016 0.0000000000
110378  -42.815  28.698  36.309 0.0000000000
109686  -42.348  26.910  40.987 0.0000000000
110306  -41.345  27.519  40.369 0.0000000000
109006  -40.880  26.235  41.751 0.0000000000
108242  -39.636  25.724  41.947 0.0000000000
107493  -40.956  24.678  42.161 0.0000000000
105307  -41.485  22.291  42.384 0.0000000000
106050  -43.121  23.542  42.540 0.0000000000
105338  -46.537  22.216  40.992 0.0000000000
104455  -45.545  21.574  42.200 0.0000000000
103594  -46.432  20.227  40.155 0.0000000000
102670  -46.624  18.665  39.752 0.0000000000
102687  -46.801  19.407  39.101 0.0000000000
102705  -47.478  18.930  38.056 0.0000000000
102721  -46.714  19.320  37.832 0.0000000000
104555  -44.172  20.424  37.182 0.0000000000
103653  -45.297  19.461  37.038 0.0000000000
103663  -44.430  19.152  36.065 0.0000000000
102751  -44.920  17.983  34.964 0.0000000000
102750  -43.779  18.198  34.745 0.0000000000
106879  -42.699  24.456  34.867 0.0000000000
106182  -41.900  23.603  37.400 0.0000000000
106206  -40.781  23.055  35.517 0.0000000000
102763  -40.183  18.607  33.182 0.0000000000
103659  -40.577  19.619  34.962 0.0000000000
102764  -41.133  18.364  33.578 0.0000000000
101887  -42.841  17.239  33.319 0.0000000000
101886  -41.509  17.233  32.796 0.0000000000
99227  -42.146  15.183  32.454 0.0000000000
97232  -50.714  13.687  34.806 0.0000000000
102744  -48.410  17.164  34.493 0.0000000000
108438  -48.185  25.592  27.759 0.0000000000
109190  -47.347  26.649  29.247 0.0000000000
107662  -48.454  25.284  28.905 0.0000000000
106929  -47.795  24.591  29.632 0.0000000000
106252  -46.563  24.001  29.770 0.0000000000
106251  -45.793  24.169  30.001 0.0000000000
105469  -45.472  23.233  28.874 0.0000000000
93449  -51.168  9.206  38.186 0.0000000000
94403  -50.711  9.196  38.896 0.0000000000
95337  -48.790  11.134  37.818 0.0000000000
114242  -36.528  35.034  28.970 0.0000000000
111135  -44.070  30.536  24.686 0.0000000000
111685  -46.696  30.061  23.803 0.0000000000
110555  -46.476  28.945  22.848 0.0000000000
98165  -42.143  15.170  38.859 0.0000000000
100072  -42.209  17.330  40.613 0.0000000000
101807  -42.509  18.380  41.501 0.0000000000
108362  -38.791  26.222  35.774 0.0000000000
111011  -44.691  29.039  36.190 0.0000000000
110995  -43.675  29.076  37.239 0.0000000000
110981  -44.274  28.794  37.783 0.0000000000
110295  -43.630  27.560  40.062 0.0000000000
108244  -43.956  25.463  41.401 0.0000000000
106759  -44.153  23.889  42.583 0.0000000000
107513  -45.039  24.846  41.365 0.0000000000
106138  -46.331  23.134  40.495 0.0000000000
105357  -46.544  22.051  39.948 0.0000000000
104536  -46.331  21.278  38.376 0.0000000000
105390  -46.119  22.395  37.876 0.0000000000
105402  -45.035  22.216  37.926 0.0000000000
104545  -43.557  21.001  37.711 0.0000000000
106217  -40.242  22.673  34.527 0.0000000000
105333  -35.698  22.976  39.819 0.0000000000
110505  -40.941  28.495  28.835 0.0000000000
111085  -40.826  28.631  30.400 0.0000000000
111099  -42.390  28.561  30.366 0.0000000000
111072  -43.236  28.592  31.793 0.0000000000
111047  -44.473  28.649  33.240 0.0000000000
109867  -46.632  27.023  30.419 0.0000000000
110460  -45.672  28.143  32.648 0.0000000000
110422  -45.456  28.677  34.034 0.0000000000
109795  -46.139  28.112  35.276 0.0000000000
108364  -46.280  26.875  35.717 0.0000000000
107583  -45.841  26.296  36.664 0.0000000000
107582  -44.990  25.820  36.995 0.0000000000
106881  -45.089  25.248  35.232 0.0000000000
106898  -43.609  24.724  34.239 0.0000000000
106912  -42.897  24.249  33.339 0.0000000000
106246  -44.405  24.567  30.984 0.0000000000
106237  -43.262  24.346  32.060 0.0000000000
94435  -51.390  10.173  36.789 0.0000000000
95376  -51.262  11.071  36.323 0.0000000000
96301  -51.015  12.103  35.717 0.0000000000
97224  -50.593  13.652  36.385 0.0000000000
98192  -50.178  14.440  36.826 0.0000000000
99193  -49.453  15.463  37.666 0.0000000000
109166  -33.321  27.235  31.088 0.0000000000
110467  -34.125  29.079  30.660 0.0000000000
109176  -33.980  27.361  30.147 0.0000000000
109194  -35.254  28.038  28.665 0.0000000000
110501  -36.625  29.144  27.910 0.0000000000
110502  -37.802  29.080  28.100 0.0000000000
112936  -37.803  33.485  25.991 0.0000000000
111666  -37.906  31.677  25.168 0.0000000000
110527  -38.304  29.226  26.266 0.0000000000
110528  -39.287  28.693  26.824 0.0000000000
109898  -40.750  27.954  27.540 0.0000000000
109205  -42.324  26.892  27.346 0.0000000000
108434  -44.745  25.883  27.204 0.0000000000
109912  -44.797  28.362  24.598 0.0000000000
108454  -45.302  26.021  25.319 0.0000000000
107672  -46.533  25.487  26.542 0.0000000000
107682  -47.833  25.002  26.288 0.0000000000
106276  -47.831  24.046  25.583 0.0000000000
103789  -47.220  22.187  22.700 0.0000000000
104677  -46.642  22.365  21.590 0.0000000000
109236  -46.219  27.173  22.541 0.0000000000
95369  -46.992  11.757  37.086 0.0000000000
97212  -47.319  13.330  37.649 0.0000000000
97187  -44.578  14.788  38.388 0.0000000000
97189  -46.564  14.492  38.189 0.0000000000
97191  -48.294  13.706  37.939 0.0000000000
98156  -48.010  15.073  38.546 0.0000000000
99173  -48.215  15.779  38.495 0.0000000000
100975  -48.558  16.748  38.166 0.0000000000
106114  -37.132  24.165  40.916 0.0000000000
109831  -40.936  27.814  33.058 0.0000000000
109136  -40.309  27.149  34.961 0.0000000000
109096  -39.594  26.875  37.370 0.0000000000
110356  -42.228  28.433  37.864 0.0000000000
109731  -40.828  27.534  39.177 0.0000000000
109709  -38.204  27.592  40.207 0.0000000000
109003  -37.541  26.944  41.899 0.0000000000
106815  -38.367  24.737  41.319 0.0000000000
105337  -39.288  22.631  40.461 0.0000000000
104472  -40.592  21.457  41.549 0.0000000000
103562  -41.864  20.600  42.235 0.0000000000
101793  -43.634  19.428  41.634 0.0000000000
104416  -44.506  22.379  42.707 0.0000000000
102655  -45.130  20.296  41.770 0.0000000000
101795  -45.465  18.960  41.464 0.0000000000
100950  -46.437  17.927  40.085 0.0000000000
101820  -47.465  17.713  39.191 0.0000000000
101848  -48.620  17.466  37.495 0.0000000000
101859  -48.688  17.565  36.756 0.0000000000
102729  -48.048  17.880  35.973 0.0000000000
103666  -47.692  17.824  35.003 0.0000000000
103644  -46.031  19.834  37.847 0.0000000000
102741  -46.455  18.254  35.874 0.0000000000
102753  -47.419  17.548  34.658 0.0000000000
102783  -46.431  16.979  33.987 0.0000000000
101024  -46.279  16.085  32.973 0.0000000000
106861  -43.579  24.969  37.952 0.0000000000
105387  -42.873  22.971  38.324 0.0000000000
104544  -42.619  20.792  37.281 0.0000000000
105414  -39.987  21.504  35.528 0.0000000000
103648  -40.830  20.130  35.765 0.0000000000
103661  -42.547  19.477  35.478 0.0000000000
102766  -42.986  17.968  34.159 0.0000000000
101022  -43.823  16.505  33.063 0.0000000000
99196  -49.833  16.099  36.194 0.0000000000
100135  -49.872  15.994  35.489 0.0000000000
100134  -49.657  16.426  35.733 0.0000000000
100140  -49.466  16.530  34.903 0.0000000000
101001  -49.226  17.010  36.299 0.0000000000
103757  -46.725  22.919  25.395 0.0000000000
104632  -47.068  23.029  26.289 0.0000000000
103734  -46.076  22.440  25.310 0.0000000000
103604  -39.309  20.248  39.593 0.0000000000
104500  -39.015  21.057  39.794 0.0000000000
110491  -39.243  28.732  29.370 0.0000000000
109864  -38.699  28.103  30.491 0.0000000000
110480  -39.355  28.574  30.048 0.0000000000
108311  -45.510  26.730  38.600 0.0000000000
108310  -45.200  26.201  38.936 0.0000000000
108288  -45.089  25.700  39.437 0.0000000000
107553  -44.901  25.466  38.924 0.0000000000
109197  -44.646  27.014  28.672 0.0000000000
109198  -45.691  26.860  28.741 0.0000000000
107654  -46.508  25.289  31.334 0.0000000000
107646  -46.690  25.912  31.753 0.0000000000
107645  -46.445  25.628  32.123 0.0000000000
106916  -46.000  24.954  32.960 0.0000000000
106240  -45.637  24.809  31.739 0.0000000000
92488  -51.227  8.937  37.197 0.0000000000
97192  -48.922  13.710  37.841 0.0000000000
112920  -35.655  33.575  28.102 0.0000000000
112259  -35.293  32.512  28.375 0.0000000000
112268  -35.206  32.873  27.346 0.0000000000
111661  -35.317  32.098  26.442 0.0000000000
112276  -35.564  33.071  26.615 0.0000000000
112299  -42.502  32.376  25.312 0.0000000000
112283  -42.157  33.107  25.712 0.0000000000
111670  -42.007  31.711  24.954 0.0000000000
111669  -41.154  31.630  24.876 0.0000000000
111683  -42.193  31.201  24.761 0.0000000000
110546  -42.355  29.606  24.475 0.0000000000
111133  -42.752  30.889  24.735 0.0000000000
109922  -46.615  28.197  23.876 0.0000000000
109920  -46.635  28.351  24.052 0.0000000000
108463  -46.872  25.904  24.482 0.0000000000
109233  -46.435  27.180  23.278 0.0000000000
97182  -39.337  13.633  38.596 0.0000000000
96257  -40.837  13.405  38.427 0.0000000000
96275  -41.182  12.866  37.980 0.0000000000
96276  -42.295  13.403  37.783 0.0000000000
100075  -44.338  17.015  40.598 0.0000000000
99144  -44.962  16.666  40.255 0.0000000000
99123  -45.293  17.004  40.579 0.0000000000
99125  -46.196  16.659  40.060 0.0000000000
100060  -45.523  17.327  40.840 0.0000000000
108330  -37.455  26.054  37.543 0.0000000000
108307  -36.418  26.400  38.476 0.0000000000
109055  -35.953  27.084  39.733 0.0000000000
109056  -36.878  27.146  39.670 0.0000000000
111045  -43.743  28.785  34.149 0.0000000000
110421  -43.418  28.825  34.665 0.0000000000
110400  -43.511  29.017  35.669 0.0000000000
109008  -42.565  26.040  41.685 0.0000000000
109672  -42.101  26.560  41.423 0.0000000000
109007  -41.837  26.106  41.835 0.0000000000
108228  -41.482  25.620  42.085 0.0000000000
107477  -42.345  24.750  42.305 0.0000000000
106773  -42.547  23.894  42.419 0.0000000000
107465  -42.903  24.108  42.397 0.0000000000
104501  -46.515  21.014  39.889 0.0000000000
104487  -46.490  21.220  40.578 0.0000000000
103605  -46.543  20.246  39.480 0.0000000000
102678  -46.559  19.351  39.689 0.0000000000
102704  -46.866  19.445  38.446 0.0000000000
103623  -46.515  20.291  38.790 0.0000000000
103652  -44.657  19.686  36.736 0.0000000000
103676  -44.128  18.638  35.408 0.0000000000
103662  -43.496  19.370  35.761 0.0000000000
106219  -41.970  23.955  34.169 0.0000000000
106207  -41.674  23.926  35.229 0.0000000000
106218  -41.069  23.392  34.409 0.0000000000
102778  -40.608  18.078  32.968 0.0000000000
102791  -40.867  17.674  32.807 0.0000000000
101020  -41.364  16.633  32.486 0.0000000000
101037  -40.657  17.205  32.343 0.0000000000
101867  -48.801  16.889  34.443 0.0000000000
102737  -48.519  17.421  34.961 0.0000000000
108430  -48.253  25.800  28.559 0.0000000000
107664  -48.679  24.986  28.089 0.0000000000
105472  -48.008  22.869  28.647 0.0000000000
106261  -48.462  23.394  28.609 0.0000000000
106260  -47.864  23.507  29.165 0.0000000000
106253  -47.335  23.951  29.547 0.0000000000
106259  -47.145  23.477  29.240 0.0000000000
105470  -46.446  23.151  28.945 0.0000000000
105496  -45.198  22.668  27.575 0.0000000000
93419  -50.078  9.127  39.918 0.0000000000
95338  -49.473  11.066  37.935 0.0000000000
113565  -36.925  34.621  29.821 0.0000000000
111684  -46.504  30.478  23.864 0.0000000000
111690  -46.347  30.604  23.265 0.0000000000
112321  -45.511  31.486  23.289 0.0000000000
102677  -40.776  19.601  40.593 0.0000000000
100959  -41.077  18.076  40.153 0.0000000000
101817  -41.305  18.634  40.914 0.0000000000
100948  -42.526  17.872  41.131 0.0000000000
101806  -41.943  18.668  41.594 0.0000000000
109178  -36.141  26.558  30.529 0.0000000000
108371  -39.018  26.441  34.922 0.0000000000
110381  -45.325  28.551  36.331 0.0000000000
110997  -44.403  29.024  37.022 0.0000000000
110359  -44.773  28.645  37.473 0.0000000000
109043  -44.859  26.726  39.909 0.0000000000
109713  -44.411  27.456  39.581 0.0000000000
109699  -44.342  27.142  40.106 0.0000000000
109688  -43.657  26.722  40.611 0.0000000000
109021  -44.104  25.791  40.988 0.0000000000
108245  -44.320  25.324  41.307 0.0000000000
108253  -44.624  25.383  40.905 0.0000000000
106831  -45.771  24.062  40.788 0.0000000000
106155  -46.232  23.068  39.558 0.0000000000
105376  -46.354  22.228  38.905 0.0000000000
106171  -46.081  23.061  38.738 0.0000000000
106169  -44.714  23.339  38.898 0.0000000000
106184  -45.173  22.904  38.377 0.0000000000
105375  -44.457  22.751  38.759 0.0000000000
104535  -44.566  22.171  38.329 0.0000000000
104534  -43.758  21.974  38.444 0.0000000000
110521  -41.234  28.161  28.451 0.0000000000
111109  -41.586  28.517  29.610 0.0000000000
111110  -42.461  28.440  29.796 0.0000000000
111102  -44.512  28.261  30.664 0.0000000000
111089  -43.851  28.637  31.104 0.0000000000
111058  -43.926  28.669  32.600 0.0000000000
111074  -44.379  28.461  31.686 0.0000000000
109191  -47.511  26.471  29.538 0.0000000000
109880  -46.781  26.909  29.713 0.0000000000
109183  -47.146  26.594  30.228 0.0000000000
109171  -46.467  27.120  32.383 0.0000000000
109858  -46.056  27.605  32.133 0.0000000000
109851  -46.293  27.775  32.943 0.0000000000
110443  -45.118  28.537  33.212 0.0000000000
110444  -45.991  28.366  33.623 0.0000000000
110423  -45.832  28.588  34.612 0.0000000000
109813  -46.351  28.002  34.414 0.0000000000
107618  -46.352  26.006  34.425 0.0000000000
107584  -46.151  26.601  36.153 0.0000000000
107601  -45.526  25.708  35.940 0.0000000000
106915  -45.171  24.771  33.396 0.0000000000
106899  -44.639  24.947  34.351 0.0000000000
106914  -44.264  24.782  33.458 0.0000000000
105455  -45.125  23.883  29.657 0.0000000000
106247  -45.258  24.544  30.688 0.0000000000
105442  -44.566  24.245  30.230 0.0000000000
105452  -42.228  23.106  30.058 0.0000000000
105440  -42.930  23.614  30.687 0.0000000000
94418  -50.908  9.519  38.410 0.0000000000
93455  -51.304  9.470  37.372 0.0000000000
94432  -51.236  10.133  37.525 0.0000000000
96294  -50.677  12.168  37.266 0.0000000000
95370  -51.158  11.104  37.117 0.0000000000
97225  -50.882  12.892  36.015 0.0000000000
97219  -50.818  12.853  36.731 0.0000000000
98186  -49.489  14.255  37.711 0.0000000000
98189  -49.894  14.294  37.475 0.0000000000
99194  -49.780  15.170  37.323 0.0000000000
99190  -49.445  14.924  37.663 0.0000000000
109829  -33.842  28.516  32.840 0.0000000000
109844  -32.239  28.110  32.387 0.0000000000
109845  -33.056  28.097  32.239 0.0000000000
109165  -32.773  27.018  31.426 0.0000000000
111623  -36.748  31.393  31.412 0.0000000000
111069  -35.679  30.428  31.309 0.0000000000
111093  -34.224  30.280  29.560 0.0000000000
111082  -34.229  30.089  30.008 0.0000000000
110477  -33.592  28.991  29.563 0.0000000000
109862  -33.606  28.534  29.905 0.0000000000
109873  -33.747  28.497  29.085 0.0000000000
109187  -34.637  27.742  29.043 0.0000000000
109885  -34.126  28.875  28.606 0.0000000000
111118  -36.128  30.022  26.487 0.0000000000
110516  -35.952  29.633  27.205 0.0000000000
110517  -37.175  29.514  26.876 0.0000000000
112294  -37.597  32.586  25.603 0.0000000000
112295  -38.650  32.650  25.536 0.0000000000
111132  -39.813  29.737  24.802 0.0000000000
110534  -39.309  29.144  25.554 0.0000000000
109906  -39.604  28.588  26.327 0.0000000000
109903  -40.001  28.358  26.935 0.0000000000
109217  -42.064  27.614  25.320 0.0000000000
109213  -42.097  26.981  26.176 0.0000000000
109214  -42.941  26.453  26.523 0.0000000000
108433  -43.829  26.112  26.910 0.0000000000
108441  -43.713  26.336  25.870 0.0000000000
111136  -44.982  30.425  24.595 0.0000000000
110538  -44.443  29.457  24.580 0.0000000000
110539  -45.354  29.397  24.563 0.0000000000
109222  -46.344  27.045  24.505 0.0000000000
109221  -45.839  27.119  24.588 0.0000000000
108455  -46.219  25.865  25.167 0.0000000000
107681  -46.302  25.394  25.964 0.0000000000
108444  -46.757  25.398  26.109 0.0000000000
108445  -47.223  25.360  26.454 0.0000000000
108457  -47.013  25.434  25.419 0.0000000000
106955  -47.584  24.300  24.302 0.0000000000
106952  -47.711  24.363  25.158 0.0000000000
106278  -47.643  23.907  24.778 0.0000000000
105524  -47.319  23.444  24.775 0.0000000000
105532  -47.286  23.342  23.982 0.0000000000
105539  -47.185  23.299  23.169 0.0000000000
106963  -46.858  24.549  23.079 0.0000000000
105546  -46.944  23.414  22.471 0.0000000000
105558  -46.568  23.651  22.016 0.0000000000
104689  -46.303  23.063  21.345 0.0000000000
106321  -46.393  24.154  22.204 0.0000000000
109926  -46.304  28.110  22.650 0.0000000000
94429  -44.879  10.547  37.092 0.0000000000
97216  -44.979  13.362  37.183 0.0000000000
96291  -46.083  12.210  36.847 0.0000000000
96279  -46.430  12.933  37.242 0.0000000000
96280  -47.192  12.573  37.282 0.0000000000
97211  -46.746  13.708  37.735 0.0000000000
98150  -42.826  15.617  39.168 0.0000000000
98166  -42.913  15.210  38.872 0.0000000000
98151  -43.550  15.666  39.282 0.0000000000
98154  -45.492  15.723  39.211 0.0000000000
97170  -45.220  15.324  38.799 0.0000000000
97171  -46.052  15.302  38.690 0.0000000000
97172  -46.863  14.898  38.602 0.0000000000
97174  -48.287  14.426  38.235 0.0000000000
97163  -47.224  15.328  38.677 0.0000000000
99147  -47.218  16.177  39.041 0.0000000000
99162  -47.833  15.881  38.783 0.0000000000
100104  -47.948  16.267  38.661 0.0000000000
100105  -48.324  16.159  38.418 0.0000000000
108238  -35.505  26.376  41.800 0.0000000000
106113  -36.233  24.129  40.924 0.0000000000
110472  -41.655  28.478  31.395 0.0000000000
110471  -40.904  28.448  31.123 0.0000000000
109850  -41.559  28.277  32.358 0.0000000000
109792  -41.409  27.945  35.623 0.0000000000
109126  -41.255  27.796  35.037 0.0000000000
109111  -40.637  27.365  36.303 0.0000000000
109110  -39.954  26.920  36.461 0.0000000000
109097  -40.448  27.296  37.199 0.0000000000
110960  -43.042  28.463  38.065 0.0000000000
110978  -43.281  28.752  37.613 0.0000000000
110324  -42.447  28.180  38.679 0.0000000000
109698  -40.804  27.279  40.712 0.0000000000
109712  -40.707  27.471  40.201 0.0000000000
109711  -39.841  27.416  40.146 0.0000000000
109730  -39.586  27.281  39.528 0.0000000000
109696  -39.121  27.684  40.713 0.0000000000
109681  -38.457  27.784  41.201 0.0000000000
109019  -38.731  27.413  41.514 0.0000000000
106789  -39.663  24.852  41.840 0.0000000000
106788  -38.734  25.127  41.713 0.0000000000
106816  -39.275  24.535  41.427 0.0000000000
106116  -38.933  24.130  40.939 0.0000000000
106117  -39.761  23.809  41.108 0.0000000000
104471  -39.978  21.961  41.039 0.0000000000
105320  -40.459  22.345  41.547 0.0000000000
104432  -42.070  21.770  42.750 0.0000000000
104454  -41.490  21.524  42.341 0.0000000000
103541  -42.398  21.249  42.582 0.0000000000
103563  -42.470  20.286  42.029 0.0000000000
102639  -43.119  20.458  41.920 0.0000000000
106075  -44.821  23.440  42.566 0.0000000000
106053  -44.350  23.461  42.663 0.0000000000
105295  -45.115  22.876  42.621 0.0000000000
103566  -46.016  20.590  41.542 0.0000000000
103564  -45.233  21.070  42.005 0.0000000000
102656  -45.726  19.790  41.480 0.0000000000
101796  -46.078  18.618  41.006 0.0000000000
100940  -46.335  17.711  40.366 0.0000000000
101797  -46.307  18.208  40.393 0.0000000000
101832  -47.401  18.225  39.197 0.0000000000
101833  -47.905  17.913  38.768 0.0000000000
100987  -48.236  17.419  38.445 0.0000000000
101847  -48.341  17.834  38.062 0.0000000000
101858  -48.393  17.928  37.363 0.0000000000
102722  -47.372  18.732  37.294 0.0000000000
102723  -48.103  18.162  36.779 0.0000000000
103646  -47.780  17.914  36.014 0.0000000000
103655  -47.869  17.856  35.597 0.0000000000
103645  -47.579  17.954  35.853 0.0000000000
104548  -46.012  21.020  37.702 0.0000000000
103643  -45.553  19.984  37.580 0.0000000000
103678  -45.851  18.341  35.867 0.0000000000
102740  -46.050  18.512  36.360 0.0000000000
102742  -47.106  17.902  35.299 0.0000000000
102769  -46.883  17.202  34.209 0.0000000000
102781  -44.974  17.002  33.788 0.0000000000
102782  -45.653  16.957  33.937 0.0000000000
101889  -45.489  16.577  33.532 0.0000000000
100155  -45.900  15.541  32.590 0.0000000000
101023  -45.033  16.226  33.129 0.0000000000
107581  -44.102  25.467  37.212 0.0000000000
107563  -44.007  25.349  37.784 0.0000000000
106870  -43.383  25.079  36.789 0.0000000000
106194  -41.059  22.873  36.667 0.0000000000
106181  -41.468  22.569  37.314 0.0000000000
104532  -42.133  21.581  37.555 0.0000000000
104543  -41.731  21.180  37.180 0.0000000000
105422  -39.548  21.642  34.658 0.0000000000
104559  -39.908  20.550  35.292 0.0000000000
103673  -41.280  18.918  34.305 0.0000000000
103660  -41.578  19.517  35.190 0.0000000000
103649  -41.828  19.977  36.062 0.0000000000
103674  -42.266  18.994  34.735 0.0000000000
103690  -42.735  18.525  34.543 0.0000000000
101021  -42.781  16.539  32.801 0.0000000000
101016  -43.549  16.405  32.888 0.0000000000
100154  -44.460  15.794  32.767 0.0000000000
98198  -50.310  14.535  35.882 0.0000000000
99204  -50.047  15.427  35.389 0.0000000000
100145  -49.683  16.115  34.068 0.0000000000
106271  -48.470  23.649  27.176 0.0000000000
106941  -48.749  24.115  27.817 0.0000000000
105500  -48.449  23.110  27.193 0.0000000000
104604  -47.635  22.462  27.040 0.0000000000
104603  -47.193  22.402  27.275 0.0000000000
104591  -46.252  22.410  27.717 0.0000000000
104614  -45.949  22.596  26.476 0.0000000000
102685  -40.112  19.629  39.814 0.0000000000
103593  -40.466  20.381  40.704 0.0000000000
109876  -37.355  28.005  29.563 0.0000000000
109180  -38.124  27.636  31.032 0.0000000000
109848  -39.892  27.630  32.259 0.0000000000
109098  -46.009  27.506  37.396 0.0000000000
110344  -45.136  28.220  37.922 0.0000000000
109082  -45.689  27.298  38.197 0.0000000000
109061  -45.281  26.955  38.907 0.0000000000
109044  -45.032  26.678  39.597 0.0000000000
108254  -44.840  25.539  40.555 0.0000000000
108269  -45.182  25.820  39.832 0.0000000000
107540  -45.186  25.049  40.029 0.0000000000
106838  -45.205  24.562  39.648 0.0000000000
106852  -45.623  23.642  39.401 0.0000000000
106851  -44.928  24.134  39.343 0.0000000000
106850  -44.400  24.695  38.735 0.0000000000
109890  -42.994  27.653  28.817 0.0000000000
110507  -42.538  28.077  29.154 0.0000000000
109891  -44.020  27.596  29.170 0.0000000000
110510  -44.649  27.908  30.071 0.0000000000
110495  -44.958  27.879  30.390 0.0000000000
107658  -47.469  25.555  30.159 0.0000000000
109182  -46.702  26.843  31.106 0.0000000000
108414  -46.699  26.336  31.655 0.0000000000
108413  -46.552  26.682  32.125 0.0000000000
109162  -46.542  27.165  33.282 0.0000000000
109149  -46.527  27.275  34.187 0.0000000000
108387  -46.494  26.545  33.806 0.0000000000
106901  -46.156  25.398  34.175 0.0000000000
106882  -45.955  25.375  35.028 0.0000000000
105454  -44.096  23.787  29.643 0.0000000000
93459  -51.084  9.940  36.276 0.0000000000
95340  -50.529  10.583  37.955 0.0000000000
94431  -51.078  10.642  37.542 0.0000000000
95355  -50.432  11.316  37.714 0.0000000000
96283  -50.525  11.710  37.553 0.0000000000
96293  -50.367  12.851  37.532 0.0000000000
97213  -50.044  13.461  37.693 0.0000000000
98170  -49.027  14.421  37.850 0.0000000000
109830  -34.450  28.654  32.510 0.0000000000
112228  -36.624  32.401  30.149 0.0000000000
111635  -35.325  31.125  30.103 0.0000000000
111646  -35.209  31.552  29.339 0.0000000000
111655  -34.953  31.632  28.570 0.0000000000
111654  -34.558  31.037  28.264 0.0000000000
110499  -34.497  29.621  28.184 0.0000000000
111116  -34.785  30.670  27.415 0.0000000000
111123  -35.075  31.124  26.780 0.0000000000
111124  -35.768  30.906  26.087 0.0000000000
112282  -41.283  33.083  25.746 0.0000000000
112296  -39.679  32.331  25.283 0.0000000000
111668  -40.060  31.300  24.704 0.0000000000
111680  -40.312  30.652  24.567 0.0000000000
110535  -40.462  29.139  24.913 0.0000000000
109908  -41.010  28.278  25.303 0.0000000000
109916  -41.454  28.695  24.773 0.0000000000
109910  -42.680  28.356  24.695 0.0000000000
109911  -43.776  28.333  24.621 0.0000000000
111138  -46.186  30.114  24.376 0.0000000000
110540  -46.018  29.333  24.522 0.0000000000
109919  -46.475  28.389  24.231 0.0000000000
109226  -46.434  27.764  24.233 0.0000000000
109223  -46.690  26.210  24.659 0.0000000000
107692  -47.391  25.076  24.277 0.0000000000
106957  -47.317  24.463  23.636 0.0000000000
107694  -46.969  25.285  23.478 0.0000000000
107696  -46.431  25.334  22.981 0.0000000000
98161  -38.256  14.536  38.579 0.0000000000
96255  -39.539  12.509  38.313 0.0000000000
96274  -40.137  12.260  38.015 0.0000000000
95366  -44.560  11.562  36.655 0.0000000000
96288  -43.086  13.052  37.161 0.0000000000
97215  -44.147  13.579  37.239 0.0000000000
97209  -44.828  14.138  37.685 0.0000000000
99142  -43.424  16.689  40.264 0.0000000000
98139  -44.058  16.017  39.654 0.0000000000
98140  -44.599  16.154  39.744 0.0000000000
98141  -45.213  16.158  39.697 0.0000000000
98142  -45.959  15.877  39.406 0.0000000000
98144  -47.025  15.749  38.928 0.0000000000
98143  -46.535  15.949  39.333 0.0000000000
99126  -46.585  16.499  39.687 0.0000000000
100063  -46.758  16.997  39.746 0.0000000000
108287  -35.128  26.876  39.441 0.0000000000
109039  -35.894  27.284  40.587 0.0000000000
109016  -35.666  26.934  41.843 0.0000000000
110458  -42.973  28.689  33.028 0.0000000000
110440  -42.115  28.481  32.800 0.0000000000
110420  -42.834  28.585  34.111 0.0000000000
109794  -42.445  28.579  35.619 0.0000000000
109778  -41.852  28.253  36.319 0.0000000000
110294  -42.943  27.742  40.028 0.0000000000
110308  -42.456  27.954  39.514 0.0000000000
110278  -42.090  27.268  40.806 0.0000000000
109684  -41.141  26.969  41.036 0.0000000000
109670  -40.482  26.752  41.388 0.0000000000
109005  -39.823  26.494  41.666 0.0000000000
108227  -40.301  25.747  41.987 0.0000000000
107492  -40.200  25.250  42.086 0.0000000000
106790  -40.534  24.489  41.938 0.0000000000
105306  -40.941  22.750  41.944 0.0000000000
106096  -41.461  23.156  42.239 0.0000000000
105293  -42.033  22.741  42.684 0.0000000000
105294  -42.709  22.484  42.747 0.0000000000
105321  -46.325  22.220  41.711 0.0000000000
104437  -45.760  22.320  42.358 0.0000000000
104473  -46.326  21.389  41.368 0.0000000000
103583  -46.279  20.345  40.879 0.0000000000
101808  -46.208  18.707  40.542 0.0000000000
102669  -46.302  19.240  40.283 0.0000000000
102679  -46.959  18.687  39.363 0.0000000000
102688  -47.367  18.700  38.786 0.0000000000
102706  -48.044  18.438  37.649 0.0000000000
104556  -44.967  20.366  37.320 0.0000000000
103664  -45.390  18.829  36.362 0.0000000000
103677  -45.151  18.439  35.674 0.0000000000
102768  -45.782  17.355  34.458 0.0000000000
106869  -42.434  24.474  36.203 0.0000000000
106195  -41.459  23.699  36.232 0.0000000000
103671  -39.425  19.768  33.941 0.0000000000
103658  -39.798  19.852  34.675 0.0000000000
103672  -40.219  19.271  34.214 0.0000000000
103688  -41.649  18.450  33.949 0.0000000000
102765  -42.005  18.134  33.767 0.0000000000
102779  -41.616  17.763  33.268 0.0000000000
99228  -43.185  15.029  32.508 0.0000000000
100152  -42.391  15.904  32.546 0.0000000000
97233  -50.657  13.318  34.344 0.0000000000
109210  -47.304  26.337  28.051 0.0000000000
109199  -46.729  26.666  28.502 0.0000000000
108429  -47.874  26.200  28.260 0.0000000000
109201  -47.871  26.429  28.934 0.0000000000
108424  -48.063  26.000  29.240 0.0000000000
106933  -48.616  24.304  28.609 0.0000000000
106930  -48.351  24.928  29.206 0.0000000000
107659  -48.058  25.446  29.525 0.0000000000
106925  -47.247  25.185  30.333 0.0000000000
106924  -46.740  24.874  30.497 0.0000000000
106248  -46.002  24.597  30.709 0.0000000000
105456  -45.907  23.606  29.486 0.0000000000
105482  -45.790  22.571  28.054 0.0000000000
105481  -44.865  22.932  28.169 0.0000000000
92485  -51.266  8.767  37.982 0.0000000000
92483  -51.182  8.584  38.773 0.0000000000
94379  -50.096  9.199  39.769 0.0000000000
94402  -50.385  9.640  38.882 0.0000000000
96260  -48.996  12.471  37.641 0.0000000000
112908  -36.418  33.553  29.358 0.0000000000
113564  -36.442  34.378  29.183 0.0000000000
113574  -36.109  34.245  28.458 0.0000000000
111672  -43.683  31.525  24.910 0.0000000000
111675  -45.792  30.889  24.388 0.0000000000
111146  -46.540  29.971  24.142 0.0000000000
111147  -46.736  29.805  23.932 0.0000000000
110552  -46.674  29.011  23.516 0.0000000000
109924  -46.514  28.149  23.379 0.0000000000
111156  -46.599  29.651  23.130 0.0000000000
111697  -46.454  30.179  22.866 0.0000000000
100089  -41.817  16.882  39.922 0.0000000000
100090  -42.459  16.787  40.124 0.0000000000
100073  -42.944  17.065  40.533 0.0000000000
100949  -43.264  17.684  41.007 0.0000000000
100936  -43.480  18.329  41.385 0.0000000000
107580  -37.707  25.640  36.084 0.0000000000
108331  -38.319  26.270  37.497 0.0000000000
111022  -44.255  29.260  35.680 0.0000000000
111021  -43.913  29.358  36.088 0.0000000000
111010  -44.160  29.342  36.541 0.0000000000
110996  -43.980  29.257  37.348 0.0000000000
110961  -43.469  28.473  38.218 0.0000000000
110326  -44.508  27.927  38.612 0.0000000000
110945  -43.754  27.867  39.119 0.0000000000
110927  -43.384  27.799  39.485 0.0000000000
110280  -43.146  27.271  40.442 0.0000000000
109674  -43.256  26.274  40.979 0.0000000000
108230  -43.122  25.446  41.908 0.0000000000
107467  -43.668  24.528  42.340 0.0000000000
107480  -44.113  24.826  42.122 0.0000000000
106792  -44.817  24.496  42.076 0.0000000000
106793  -45.200  24.175  42.110 0.0000000000
106817  -45.647  24.150  41.539 0.0000000000
106119  -46.193  23.144  41.489 0.0000000000
105404  -45.937  21.788  37.256 0.0000000000
105389  -45.401  22.617  37.942 0.0000000000
105403  -45.499  22.031  37.544 0.0000000000
104546  -44.716  21.360  37.872 0.0000000000
104554  -43.327  20.379  36.958 0.0000000000
106224  -40.495  23.014  33.584 0.0000000000
105427  -39.673  22.336  33.660 0.0000000000
105426  -39.097  21.497  33.696 0.0000000000
103687  -38.913  19.927  33.280 0.0000000000
102762  -39.240  19.164  32.826 0.0000000000
102777  -39.760  18.424  32.546 0.0000000000
102790  -40.166  17.912  32.439 0.0000000000
111119  -39.944  28.746  28.757 0.0000000000
110493  -40.175  28.677  30.182 0.0000000000
111108  -40.604  28.650  29.298 0.0000000000
111098  -41.468  28.617  30.163 0.0000000000
111087  -42.388  28.603  30.962 0.0000000000
111100  -43.192  28.529  30.494 0.0000000000
111088  -43.189  28.641  31.079 0.0000000000
111057  -43.279  28.659  32.793 0.0000000000
111046  -44.101  28.748  33.636 0.0000000000
109893  -46.198  27.066  29.376 0.0000000000
109879  -45.755  27.503  30.329 0.0000000000
110485  -45.388  27.854  31.104 0.0000000000
109866  -46.079  27.450  31.238 0.0000000000
110459  -44.942  28.250  32.236 0.0000000000
111035  -44.843  28.768  34.219 0.0000000000
111024  -45.277  28.775  34.964 0.0000000000
110401  -45.644  28.558  35.486 0.0000000000
109780  -45.879  28.097  36.103 0.0000000000
109139  -46.398  27.427  35.065 0.0000000000
109127  -46.184  27.530  35.947 0.0000000000
109112  -46.086  27.656  36.661 0.0000000000
108353  -46.271  26.988  36.791 0.0000000000
108352  -45.888  26.576  37.493 0.0000000000
107565  -45.267  26.120  37.755 0.0000000000
107600  -44.611  25.476  36.232 0.0000000000
106880  -43.769  25.135  35.516 0.0000000000
106897  -42.833  24.274  33.879 0.0000000000
106239  -44.988  24.813  31.748 0.0000000000
106238  -44.123  24.762  31.865 0.0000000000
105441  -43.783  24.032  30.415 0.0000000000
106245  -43.540  24.227  31.234 0.0000000000
106228  -43.807  24.674  32.710 0.0000000000
93457  -51.266  9.679  36.732 0.0000000000
94434  -51.365  10.494  36.383 0.0000000000
95371  -51.402  10.598  36.855 0.0000000000
94437  -51.148  10.656  35.961 0.0000000000
96303  -50.783  12.342  34.860 0.0000000000
97230  -50.843  13.003  35.179 0.0000000000
97229  -50.676  13.715  35.493 0.0000000000
100132  -49.749  15.807  37.197 0.0000000000
110453  -34.986  29.124  32.022 0.0000000000
111083  -34.759  30.285  30.413 0.0000000000
110468  -34.856  29.656  31.137 0.0000000000
109854  -34.423  28.877  31.319 0.0000000000
109853  -33.864  28.182  30.959 0.0000000000
108408  -33.959  26.273  30.989 0.0000000000
109177  -34.997  26.897  29.896 0.0000000000
109188  -36.023  27.381  29.290 0.0000000000
110500  -35.497  29.194  27.958 0.0000000000
109887  -36.111  28.227  28.591 0.0000000000
109875  -36.521  27.828  29.075 0.0000000000
109888  -37.238  28.693  28.613 0.0000000000
110490  -38.215  28.788  29.016 0.0000000000
110503  -39.039  28.854  28.621 0.0000000000
112935  -36.608  33.750  26.408 0.0000000000
112278  -36.964  33.055  25.893 0.0000000000
111665  -37.029  31.739  25.453 0.0000000000
111129  -37.320  30.732  25.329 0.0000000000
111667  -38.900  31.528  24.907 0.0000000000
110532  -37.807  30.203  25.315 0.0000000000
110526  -37.532  29.829  25.765 0.0000000000
110518  -38.507  28.980  27.466 0.0000000000
110519  -39.580  28.728  28.057 0.0000000000
111120  -40.250  28.633  28.584 0.0000000000
110520  -40.323  28.427  27.932 0.0000000000
109899  -42.005  27.660  28.277 0.0000000000
109212  -41.395  27.569  25.872 0.0000000000
109204  -41.407  27.329  26.968 0.0000000000
109900  -42.814  27.152  28.145 0.0000000000
109206  -43.256  26.621  27.589 0.0000000000
109207  -44.210  26.488  27.846 0.0000000000
109208  -45.194  26.349  28.040 0.0000000000
109219  -44.173  27.356  24.897 0.0000000000
109913  -45.622  28.335  24.537 0.0000000000
109220  -45.047  27.266  24.782 0.0000000000
108453  -44.419  26.554  25.348 0.0000000000
108442  -44.487  25.901  26.161 0.0000000000
107671  -46.085  25.467  26.637 0.0000000000
108436  -46.765  25.806  27.343 0.0000000000
108437  -47.603  25.803  27.492 0.0000000000
108446  -47.734  25.333  26.827 0.0000000000
107683  -48.202  24.560  26.791 0.0000000000
106949  -47.845  24.541  26.027 0.0000000000
106950  -48.018  24.191  26.330 0.0000000000
105520  -47.714  23.699  25.926 0.0000000000
104648  -47.041  23.170  25.145 0.0000000000
104671  -47.104  22.735  22.375 0.0000000000
108488  -46.140  26.200  22.531 0.0000000000
94416  -47.600  10.373  38.061 0.0000000000
95367  -45.523  11.371  36.746 0.0000000000
95368  -46.484  11.132  36.987 0.0000000000
95354  -48.084  11.170  37.664 0.0000000000
96281  -47.788  12.105  37.383 0.0000000000
96259  -48.257  12.547  37.570 0.0000000000
97185  -42.465  14.566  38.557 0.0000000000
97208  -43.670  14.171  37.790 0.0000000000
97169  -44.435  15.384  38.948 0.0000000000
97188  -45.693  14.619  38.149 0.0000000000
98184  -45.963  14.188  37.835 0.0000000000
98168  -46.511  14.207  38.000 0.0000000000
97190  -47.474  13.868  37.994 0.0000000000
98169  -48.532  14.732  38.182 0.0000000000
98155  -47.448  15.468  38.691 0.0000000000
99163  -48.261  15.341  38.433 0.0000000000
99174  -48.677  15.349  38.155 0.0000000000
99189  -49.119  15.459  37.858 0.0000000000
100119  -48.978  16.092  37.904 0.0000000000
100127  -49.272  16.114  37.594 0.0000000000
106133  -35.926  23.565  40.379 0.0000000000
106134  -36.844  23.578  40.431 0.0000000000
105335  -37.481  23.027  39.934 0.0000000000
110470  -40.236  28.457  30.872 0.0000000000
109161  -40.330  27.576  32.822 0.0000000000
109148  -41.294  27.854  33.608 0.0000000000
109147  -40.625  27.429  33.634 0.0000000000
109146  -40.036  27.041  34.192 0.0000000000
108363  -39.503  26.624  35.703 0.0000000000
108351  -39.242  26.509  36.518 0.0000000000
109095  -38.956  26.682  37.748 0.0000000000
110379  -43.626  29.132  36.558 0.0000000000
110377  -42.339  28.462  37.103 0.0000000000
109765  -41.741  28.139  37.442 0.0000000000
110323  -41.815  28.021  39.305 0.0000000000
109752  -41.627  28.058  38.366 0.0000000000
109751  -41.026  27.683  37.905 0.0000000000
109081  -40.187  27.291  38.155 0.0000000000
109059  -39.126  27.128  39.005 0.0000000000
109078  -37.781  26.750  38.786 0.0000000000
109041  -37.622  27.498  40.197 0.0000000000
109027  -36.698  27.490  41.186 0.0000000000
108223  -36.852  26.763  41.977 0.0000000000
108225  -38.153  26.440  41.765 0.0000000000
107474  -37.572  26.326  41.785 0.0000000000
106786  -36.828  25.336  41.650 0.0000000000
106814  -37.438  24.754  41.330 0.0000000000
106135  -37.745  23.621  40.412 0.0000000000
105336  -38.377  22.949  40.032 0.0000000000
104485  -39.538  21.549  40.391 0.0000000000
104486  -40.196  21.047  40.950 0.0000000000
103581  -41.004  20.454  41.418 0.0000000000
104453  -40.981  21.898  42.026 0.0000000000
103561  -41.144  21.162  41.991 0.0000000000
103582  -41.545  20.006  41.724 0.0000000000
102652  -42.270  19.568  41.862 0.0000000000
101792  -42.730  18.922  41.651 0.0000000000
100937  -44.308  18.324  41.388 0.0000000000
106758  -43.798  23.991  42.534 0.0000000000
105278  -43.762  22.935  42.736 0.0000000000
104415  -43.891  22.314  42.725 0.0000000000
104436  -45.266  22.110  42.501 0.0000000000
103527  -44.416  21.897  42.580 0.0000000000
103543  -43.926  21.458  42.363 0.0000000000
101782  -43.975  19.898  41.705 0.0000000000
101794  -44.596  19.340  41.607 0.0000000000
100938  -45.144  18.137  41.329 0.0000000000
100939  -45.901  17.879  41.110 0.0000000000
100941  -46.539  17.349  39.976 0.0000000000
100951  -46.762  17.554  39.762 0.0000000000
101809  -46.540  18.253  39.951 0.0000000000
101810  -47.052  17.832  39.492 0.0000000000
100961  -47.305  17.270  39.228 0.0000000000
100974  -47.950  16.964  38.688 0.0000000000
100988  -48.666  17.063  37.919 0.0000000000
100998  -49.018  16.944  37.167 0.0000000000
101862  -48.865  17.391  35.925 0.0000000000
102724  -48.437  17.728  36.197 0.0000000000
102730  -48.499  17.585  35.587 0.0000000000
102743  -48.183  17.576  34.850 0.0000000000
103680  -47.986  17.728  34.861 0.0000000000
103638  -46.293  20.181  38.192 0.0000000000
102727  -46.356  18.987  37.242 0.0000000000
102726  -45.700  19.245  37.243 0.0000000000
102734  -46.562  18.456  36.446 0.0000000000
102735  -47.153  18.113  35.877 0.0000000000
102770  -47.708  17.043  33.855 0.0000000000
101881  -47.350  16.826  33.549 0.0000000000
101890  -46.691  16.572  33.443 0.0000000000
107564  -44.392  25.473  38.116 0.0000000000
106862  -44.049  25.021  38.405 0.0000000000
106168  -43.668  24.002  38.638 0.0000000000
106860  -42.763  24.520  37.315 0.0000000000
106183  -42.871  24.078  38.031 0.0000000000
104533  -42.770  21.729  37.965 0.0000000000
104553  -42.877  20.347  36.841 0.0000000000
104551  -40.324  20.958  35.990 0.0000000000
104552  -41.068  20.815  36.590 0.0000000000
103641  -42.107  20.434  36.769 0.0000000000
103650  -42.846  20.026  36.367 0.0000000000
103675  -43.152  18.809  35.028 0.0000000000
101879  -43.477  17.448  33.788 0.0000000000
101878  -42.919  17.610  33.716 0.0000000000
101888  -44.290  16.944  33.536 0.0000000000
93420  -50.544  8.630  39.689 0.0000000000
93438  -50.555  9.012  39.252 0.0000000000
94415  -46.971  10.091  37.992 0.0000000000
94424  -40.639  11.054  37.504 0.0000000000
94425  -41.081  10.854  37.400 0.0000000000
94438  -51.261  10.196  36.332 0.0000000000
95350  -40.504  11.658  37.634 0.0000000000
95353  -47.322  11.165  37.374 0.0000000000
95365  -43.488  11.741  36.704 0.0000000000
95377  -51.442  10.571  36.606 0.0000000000
96258  -47.671  12.944  37.561 0.0000000000
96277  -42.918  13.765  37.691 0.0000000000
96278  -45.839  12.943  37.133 0.0000000000
96290  -45.263  12.516  36.827 0.0000000000
96292  -46.691  12.151  36.985 0.0000000000
97162  -46.945  15.413  38.753 0.0000000000
97168  -43.968  15.451  39.078 0.0000000000
97173  -47.587  14.785  38.461 0.0000000000
97183  -40.370  13.731  38.583 0.0000000000
97186  -43.547  14.938  38.655 0.0000000000
97217  -45.494  13.171  37.180 0.0000000000
98123  -46.008  16.238  39.792 0.0000000000
98124  -46.329  16.265  39.701 0.0000000000
98152  -44.285  15.741  39.372 0.0000000000
98167  -46.260  14.374  38.039 0.0000000000
98185  -46.312  14.092  37.869 0.0000000000
99124  -45.679  16.710  40.264 0.0000000000
99127  -46.916  16.572  39.385 0.0000000000
99143  -44.001  16.440  40.125 0.0000000000
99145  -45.421  16.489  40.014 0.0000000000
99161  -43.676  16.099  39.690 0.0000000000
99172  -42.462  15.753  39.232 0.0000000000
99203  -49.892  15.929  35.854 0.0000000000
100058  -44.007  17.584  41.042 0.0000000000
100062  -46.422  17.062  40.113 0.0000000000
100076  -47.107  16.889  39.331 0.0000000000
100128  -49.596  15.652  37.532 0.0000000000
100147  -43.745  16.148  32.804 0.0000000000
100148  -43.919  16.270  32.906 0.0000000000
100935  -42.896  18.217  41.358 0.0000000000
100947  -41.957  17.889  41.097 0.0000000000
100960  -41.586  17.738  40.553 0.0000000000
101015  -43.376  16.270  32.774 0.0000000000
101781  -43.717  19.888  41.697 0.0000000000
101791  -42.295  19.013  41.782 0.0000000000
101805  -41.525  18.873  41.354 0.0000000000
101818  -41.679  18.196  41.097 0.0000000000
101819  -47.030  18.204  39.520 0.0000000000
101880  -46.903  16.908  33.791 0.0000000000
102640  -43.544  20.315  41.838 0.0000000000
102641  -44.340  20.497  41.858 0.0000000000
102653  -42.979  19.990  41.839 0.0000000000
102654  -43.374  19.923  41.741 0.0000000000
102668  -41.801  19.629  41.798 0.0000000000
102676  -40.354  20.079  40.310 0.0000000000
102686  -40.566  19.374  40.125 0.0000000000
102733  -45.863  18.842  36.824 0.0000000000
102736  -48.177  17.727  35.335 0.0000000000
102746  -39.356  19.472  33.366 0.0000000000
102747  -39.827  19.136  33.529 0.0000000000
102748  -40.548  18.829  33.733 0.0000000000
102749  -43.147  18.373  34.619 0.0000000000
102754  -48.070  17.272  34.320 0.0000000000
102780  -42.457  17.744  33.635 0.0000000000
103526  -44.167  22.058  42.672 0.0000000000
103542  -42.924  20.917  42.244 0.0000000000
103544  -44.806  21.399  42.231 0.0000000000
103545  -45.321  21.446  42.205 0.0000000000
103565  -45.566  20.958  41.881 0.0000000000
103642  -42.629  20.361  36.801 0.0000000000
103654  -47.592  17.886  35.444 0.0000000000
103665  -45.948  18.447  36.140 0.0000000000
103667  -47.935  17.851  35.165 0.0000000000
103720  -46.192  22.637  26.102 0.0000000000
103721  -46.588  22.732  26.345 0.0000000000
103735  -46.541  22.842  25.888 0.0000000000
103736  -46.836  23.057  25.931 0.0000000000
104414  -43.325  22.410  42.703 0.0000000000
104417  -44.870  22.579  42.673 0.0000000000
104434  -43.382  21.808  42.592 0.0000000000
104435  -44.745  21.975  42.578 0.0000000000
104456  -45.922  21.715  42.069 0.0000000000
104484  -38.783  22.035  39.878 0.0000000000
104499  -38.136  21.545  39.276 0.0000000000
104518  -44.231  22.426  38.673 0.0000000000
104519  -44.532  22.507  38.536 0.0000000000
104563  -39.008  20.630  33.786 0.0000000000
104590  -45.929  22.414  27.701 0.0000000000
104592  -46.863  22.424  27.719 0.0000000000
104600  -44.849  22.879  26.767 0.0000000000
104602  -46.449  22.429  27.201 0.0000000000
104616  -47.050  22.715  26.624 0.0000000000
104617  -47.569  22.829  26.647 0.0000000000
104633  -47.148  23.149  26.031 0.0000000000
104634  -47.429  23.391  25.992 0.0000000000
104649  -47.381  23.484  25.436 0.0000000000
104670  -46.901  22.094  22.070 0.0000000000
104678  -46.669  23.049  21.695 0.0000000000
104688  -46.160  22.622  21.064 0.0000000000
105277  -43.249  23.011  42.677 0.0000000000
105279  -44.187  22.922  42.767 0.0000000000
105280  -44.619  22.944  42.716 0.0000000000
105308  -46.012  22.598  42.140 0.0000000000
105319  -39.955  22.897  41.012 0.0000000000
105334  -36.596  22.992  39.890 0.0000000000
105385  -41.653  21.914  37.406 0.0000000000
105386  -42.042  22.401  37.774 0.0000000000
105388  -44.869  22.652  38.386 0.0000000000
105421  -39.163  21.115  34.193 0.0000000000
105483  -46.731  22.628  28.222 0.0000000000
105484  -47.520  22.531  28.068 0.0000000000
105485  -48.287  22.739  28.038 0.0000000000
105486  -48.575  22.953  27.688 0.0000000000
105497  -45.559  22.524  27.659 0.0000000000
105498  -47.844  22.404  27.545 0.0000000000
105499  -48.190  22.621  27.243 0.0000000000
105510  -48.068  22.913  26.756 0.0000000000
105511  -48.022  23.372  26.582 0.0000000000
105525  -47.638  23.811  25.258 0.0000000000
106051  -43.628  23.459  42.628 0.0000000000
106052  -44.055  23.411  42.693 0.0000000000
106073  -41.958  23.556  42.433 0.0000000000
106074  -42.641  23.203  42.610 0.0000000000
106076  -45.313  23.413  42.440 0.0000000000
106095  -40.846  23.658  41.839 0.0000000000
106097  -45.775  23.401  42.140 0.0000000000
106112  -35.302  24.163  40.849 0.0000000000
106115  -38.041  24.235  40.846 0.0000000000
106118  -40.410  23.267  41.471 0.0000000000
106136  -38.641  23.541  40.516 0.0000000000
106137  -39.358  23.429  40.742 0.0000000000
106185  -45.522  22.998  38.304 0.0000000000
106186  -45.905  23.063  38.325 0.0000000000
106262  -48.691  23.613  28.270 0.0000000000
106269  -48.721  23.459  27.796 0.0000000000
106273  -48.043  23.866  26.498 0.0000000000
106275  -47.765  24.074  25.194 0.0000000000
106279  -47.813  24.102  25.091 0.0000000000
106304  -46.735  23.989  22.586 0.0000000000
106756  -42.944  23.821  42.439 0.0000000000
106757  -43.340  23.868  42.489 0.0000000000
106772  -41.706  24.350  42.268 0.0000000000
106774  -44.037  24.411  42.405 0.0000000000
106775  -44.556  24.174  42.374 0.0000000000
106776  -44.998  23.799  42.399 0.0000000000
106787  -37.773  25.335  41.620 0.0000000000
106791  -41.292  24.012  42.089 0.0000000000
106812  -35.696  24.749  41.270 0.0000000000
106849  -43.892  24.701  38.499 0.0000000000
106883  -46.195  25.701  34.781 0.0000000000
106928  -47.134  24.340  29.872 0.0000000000
106932  -48.307  23.902  29.070 0.0000000000
106934  -48.763  23.846  28.146 0.0000000000
106940  -48.807  24.490  28.124 0.0000000000
106947  -48.406  24.137  27.046 0.0000000000
106953  -47.841  24.201  25.798 0.0000000000
107466  -43.265  24.352  42.383 0.0000000000
107473  -37.284  26.400  41.828 0.0000000000
107475  -40.515  25.396  42.153 0.0000000000
107476  -41.061  25.138  42.227 0.0000000000
107478  -43.129  24.915  42.206 0.0000000000
107479  -43.662  24.900  42.150 0.0000000000
107489  -37.136  26.134  41.810 0.0000000000
107490  -38.197  25.845  41.723 0.0000000000
107491  -39.213  25.462  41.868 0.0000000000
107494  -44.521  24.829  41.890 0.0000000000
107495  -44.876  24.685  41.827 0.0000000000
107512  -44.685  24.983  41.478 0.0000000000
107665  -48.788  24.532  27.923 0.0000000000
107673  -48.312  25.027  27.229 0.0000000000
107680  -45.787  25.467  25.866 0.0000000000
107688  -45.852  25.704  25.445 0.0000000000
107689  -46.071  25.558  25.575 0.0000000000
108224  -37.181  26.617  41.895 0.0000000000
108226  -39.223  26.228  41.785 0.0000000000
108231  -43.693  25.341  41.746 0.0000000000
108232  -44.130  25.145  41.731 0.0000000000
108239  -36.529  26.619  41.977 0.0000000000
108240  -36.921  26.505  41.908 0.0000000000
108241  -38.876  25.957  41.785 0.0000000000
108243  -40.029  25.591  42.055 0.0000000000
108308  -37.196  26.356  38.292 0.0000000000
108332  -38.943  26.474  37.160 0.0000000000
108349  -37.784  25.792  36.698 0.0000000000
108350  -38.554  26.141  36.606 0.0000000000
108361  -38.135  25.838  35.941 0.0000000000
108372  -39.725  26.822  34.917 0.0000000000
108386  -39.275  26.705  34.107 0.0000000000
108402  -46.612  26.069  32.057 0.0000000000
108417  -34.476  26.712  30.400 0.0000000000
108420  -47.087  26.210  30.655 0.0000000000
108428  -46.688  26.355  27.964 0.0000000000
108435  -45.712  25.788  27.367 0.0000000000
108443  -45.292  25.543  26.450 0.0000000000
109002  -36.988  26.927  42.039 0.0000000000
109004  -38.655  26.902  41.722 0.0000000000
109009  -43.154  25.889  41.460 0.0000000000
109010  -43.613  25.801  41.231 0.0000000000
109015  -35.035  26.534  41.578 0.0000000000
109017  -36.677  27.142  41.811 0.0000000000
109018  -37.740  27.437  41.578 0.0000000000
109020  -43.965  25.904  40.917 0.0000000000
109026  -35.791  27.210  41.288 0.0000000000
109028  -37.557  27.751  40.932 0.0000000000
109029  -44.220  26.392  40.552 0.0000000000
109031  -44.864  26.236  40.081 0.0000000000
109038  -35.058  27.083  40.612 0.0000000000
109042  -38.133  27.405  39.872 0.0000000000
109054  -35.262  27.115  40.036 0.0000000000
109057  -37.636  27.140  39.480 0.0000000000
109058  -38.426  27.153  39.317 0.0000000000
109060  -39.845  27.197  38.870 0.0000000000
109076  -36.357  26.802  39.141 0.0000000000
109077  -37.035  26.765  38.986 0.0000000000
109079  -38.549  26.767  38.406 0.0000000000
109080  -39.368  27.025  38.266 0.0000000000
109124  -40.164  27.053  35.636 0.0000000000
109125  -40.824  27.488  35.470 0.0000000000
109137  -40.758  27.407  34.599 0.0000000000
109138  -41.330  27.784  34.336 0.0000000000
109158  -33.024  27.555  31.624 0.0000000000
109170  -39.200  27.455  31.971 0.0000000000
109181  -46.357  27.167  31.733 0.0000000000
109186  -33.815  27.920  29.450 0.0000000000
109195  -35.488  27.787  28.825 0.0000000000
109200  -47.437  26.609  28.699 0.0000000000
109209  -46.933  26.378  27.960 0.0000000000
109218  -43.095  27.116  25.272 0.0000000000
109669  -39.520  27.066  41.441 0.0000000000
109671  -41.372  26.594  41.433 0.0000000000
109673  -42.698  26.431  41.200 0.0000000000
109675  -43.625  26.146  40.893 0.0000000000
109683  -40.213  27.201  41.108 0.0000000000
109685  -41.788  26.927  41.134 0.0000000000
109687  -42.920  26.816  40.759 0.0000000000
109695  -38.284  27.754  40.589 0.0000000000
109697  -39.998  27.466  40.730 0.0000000000
109700  -44.731  26.924  39.983 0.0000000000
109710  -38.816  27.495  40.033 0.0000000000
109714  -44.767  27.278  39.346 0.0000000000
109715  -45.069  27.116  39.102 0.0000000000
109729  -38.986  27.276  39.511 0.0000000000
109732  -41.631  28.004  38.902 0.0000000000
109733  -44.859  27.647  38.664 0.0000000000
109753  -45.594  27.899  37.727 0.0000000000
109777  -41.180  27.769  36.126 0.0000000000
109779  -42.262  28.509  35.840 0.0000000000
109793  -41.931  28.322  35.150 0.0000000000
109832  -41.568  28.182  33.077 0.0000000000
109847  -34.341  28.471  31.752 0.0000000000
109849  -40.766  28.013  32.225 0.0000000000
109857  -40.601  28.265  31.404 0.0000000000
109861  -33.538  28.746  29.726 0.0000000000
109863  -37.840  27.833  30.482 0.0000000000
109868  -47.093  26.719  29.885 0.0000000000
109872  -33.572  28.725  29.480 0.0000000000
109874  -34.278  28.376  28.732 0.0000000000
109878  -45.274  27.685  30.147 0.0000000000
109881  -47.209  26.641  29.571 0.0000000000
109886  -34.874  28.562  28.481 0.0000000000
109894  -46.940  26.832  29.097 0.0000000000
109897  -40.302  28.283  27.485 0.0000000000
109902  -39.638  28.583  26.682 0.0000000000
109904  -40.669  27.879  26.372 0.0000000000
109909  -41.787  28.242  24.938 0.0000000000
109917  -42.061  28.888  24.575 0.0000000000
109918  -42.662  29.182  24.502 0.0000000000
110276  -41.382  27.029  40.947 0.0000000000
110277  -41.634  27.124  40.919 0.0000000000
110279  -42.613  27.310  40.583 0.0000000000
110291  -41.377  27.208  40.777 0.0000000000
110292  -41.798  27.475  40.579 0.0000000000
110293  -42.304  27.666  40.305 0.0000000000
110307  -41.888  27.899  39.987 0.0000000000
110309  -42.986  27.859  39.297 0.0000000000
110310  -44.063  27.664  39.552 0.0000000000
110311  -44.366  27.604  39.205 0.0000000000
110322  -41.335  27.757  39.853 0.0000000000
110325  -44.115  27.849  38.957 0.0000000000
110327  -44.921  27.987  38.353 0.0000000000
110341  -42.073  28.253  38.562 0.0000000000
110342  -42.650  28.456  38.016 0.0000000000
110343  -44.684  28.394  38.063 0.0000000000
110357  -42.904  28.657  37.373 0.0000000000
110358  -43.207  28.915  36.774 0.0000000000
110360  -45.270  28.385  37.208 0.0000000000
110380  -44.869  28.750  36.831 0.0000000000
110398  -42.357  28.471  34.400 0.0000000000
110399  -42.776  28.677  35.137 0.0000000000
110419  -42.262  28.461  33.594 0.0000000000
110441  -42.691  28.620  33.258 0.0000000000
110455  -41.252  28.320  31.726 0.0000000000
110456  -41.922  28.402  32.082 0.0000000000
110457  -42.594  28.567  32.464 0.0000000000
110475  -45.463  27.880  31.822 0.0000000000
110478  -33.904  29.610  30.015 0.0000000000
110479  -34.399  29.652  30.553 0.0000000000
110481  -39.964  28.618  30.341 0.0000000000
110482  -40.613  28.580  30.555 0.0000000000
110483  -41.141  28.533  30.937 0.0000000000
110484  -44.898  28.111  30.931 0.0000000000
110488  -33.618  28.904  29.284 0.0000000000
110492  -39.817  28.714  29.898 0.0000000000
110494  -44.360  28.169  30.276 0.0000000000
110496  -45.238  27.830  30.727 0.0000000000
110504  -39.586  28.779  28.659 0.0000000000
110506  -41.765  28.333  29.114 0.0000000000
110508  -43.478  28.002  29.531 0.0000000000
110509  -44.236  27.947  29.823 0.0000000000
110514  -34.677  30.187  27.769 0.0000000000
110522  -41.873  28.090  28.772 0.0000000000
110529  -39.775  28.557  27.457 0.0000000000
110533  -38.332  29.800  25.367 0.0000000000
110536  -41.062  28.843  24.821 0.0000000000
110541  -46.421  29.279  24.305 0.0000000000
110544  -40.904  29.705  24.558 0.0000000000
110545  -41.468  29.439  24.544 0.0000000000
110547  -42.808  29.586  24.499 0.0000000000
110549  -46.750  29.110  23.895 0.0000000000
110928  -43.695  27.742  39.570 0.0000000000
110944  -43.395  27.996  38.812 0.0000000000
110962  -43.974  28.344  38.460 0.0000000000
110963  -44.367  28.421  38.214 0.0000000000
110979  -43.612  28.861  37.691 0.0000000000
110980  -44.050  28.875  38.131 0.0000000000
110994  -43.175  28.906  37.139 0.0000000000
111009  -43.902  29.335  36.792 0.0000000000
111012  -45.133  28.805  35.650 0.0000000000
111023  -44.726  28.958  35.263 0.0000000000
111033  -43.884  29.172  35.181 0.0000000000
111036  -45.368  28.735  34.471 0.0000000000
111056  -42.831  28.587  32.284 0.0000000000
111059  -44.426  28.521  32.461 0.0000000000
111068  -35.098  30.124  30.959 0.0000000000
111070  -41.869  28.544  31.238 0.0000000000
111071  -42.436  28.536  31.690 0.0000000000
111073  -43.856  28.611  31.774 0.0000000000
111084  -35.452  30.807  30.613 0.0000000000
111086  -41.433  28.576  30.779 0.0000000000
111090  -44.427  28.451  31.071 0.0000000000
111095  -39.513  28.759  29.280 0.0000000000
111096  -39.724  28.750  29.447 0.0000000000
111097  -40.473  28.703  29.973 0.0000000000
111101  -43.937  28.479  30.517 0.0000000000
111105  -34.279  30.330  28.662 0.0000000000
111107  -39.821  28.784  29.124 0.0000000000
111111  -43.253  28.353  29.941 0.0000000000
111115  -34.486  30.486  27.992 0.0000000000
111117  -35.402  30.338  26.850 0.0000000000
111128  -36.544  31.073  25.604 0.0000000000
111130  -38.178  30.666  24.995 0.0000000000
111134  -43.132  30.654  24.693 0.0000000000
111141  -39.930  30.393  24.598 0.0000000000
111142  -40.480  30.077  24.552 0.0000000000
111144  -42.284  30.526  24.586 0.0000000000
111145  -42.807  29.995  24.516 0.0000000000
111151  -46.716  29.685  23.697 0.0000000000
111636  -36.060  31.381  30.605 0.0000000000
111645  -34.576  30.994  29.018 0.0000000000
111647  -35.843  31.737  29.857 0.0000000000
111658  -34.596  30.985  27.799 0.0000000000
111676  -46.164  30.657  24.212 0.0000000000
111681  -40.819  30.845  24.577 0.0000000000
111682  -41.637  31.056  24.659 0.0000000000
111691  -46.625  30.147  23.483 0.0000000000
112244  -35.320  32.022  28.870 0.0000000000
112245  -35.822  32.398  29.220 0.0000000000
112277  -36.110  32.874  26.046 0.0000000000
112284  -42.916  33.088  25.565 0.0000000000
112293  -36.765  32.437  25.708 0.0000000000
112298  -41.656  32.377  25.343 0.0000000000
112311  -46.209  31.127  23.937 0.0000000000
112921  -35.994  33.629  28.673 0.0000000000
112930  -36.309  34.187  26.902 0.0000000000
112934  -35.949  33.439  26.476 0.0000000000
112939  -40.904  33.743  26.179 0.0000000000
113573  -35.867  33.974  28.144 0.0000000000
113584  -35.870  34.084  27.857 0.0000000000
