#!ascii label  , from subject 3431 vox2ras=TkReg
746
40107  -18.016  -39.265  68.694 0.0000000000
57445  -38.430  -23.301  64.302 0.0000000000
64494  -44.833  -17.841  59.331 0.0000000000
65736  -52.509  -16.660  53.432 0.0000000000
54179  -35.084  -26.216  64.513 0.0000000000
65705  -48.794  -16.804  56.117 0.0000000000
69158  -53.766  -13.807  46.826 0.0000000000
72508  -55.921  -10.901  44.146 0.0000000000
57433  -41.932  -23.302  64.678 0.0000000000
59753  -44.354  -21.218  62.268 0.0000000000
62101  -41.157  -19.965  62.019 0.0000000000
42243  -20.354  -37.492  72.560 0.0000000000
40082  -24.091  -39.612  70.360 0.0000000000
38976  -26.987  -40.086  67.359 0.0000000000
42292  -30.304  -37.340  68.337 0.0000000000
46178  -33.313  -33.682  67.578 0.0000000000
50717  -35.280  -29.896  66.048 0.0000000000
53042  -38.850  -26.742  65.934 0.0000000000
59799  -47.098  -21.642  58.707 0.0000000000
72529  -56.952  -10.682  42.407 0.0000000000
58542  -40.170  -23.135  65.701 0.0000000000
60861  -41.784  -20.512  64.714 0.0000000000
59752  -39.754  -21.208  63.322 0.0000000000
44061  -20.480  -35.665  71.218 0.0000000000
41207  -22.416  -38.547  71.714 0.0000000000
49576  -31.783  -30.065  66.978 0.0000000000
48469  -34.164  -31.671  66.203 0.0000000000
50701  -33.403  -29.312  66.629 0.0000000000
56417  -36.633  -24.944  63.838 0.0000000000
55290  -37.188  -25.840  66.319 0.0000000000
56372  -38.310  -24.647  66.200 0.0000000000
55294  -40.035  -25.239  65.498 0.0000000000
64443  -45.480  -18.383  62.046 0.0000000000
59784  -46.086  -21.462  60.669 0.0000000000
63311  -47.529  -18.251  60.264 0.0000000000
65722  -50.630  -16.497  54.872 0.0000000000
63339  -50.522  -18.600  56.977 0.0000000000
62147  -52.163  -19.623  55.257 0.0000000000
60978  -53.187  -20.130  52.823 0.0000000000
68077  -55.928  -14.552  47.191 0.0000000000
66967  -54.166  -15.619  48.302 0.0000000000
53055  -33.258  -27.513  64.422 0.0000000000
65756  -50.039  -16.650  52.154 0.0000000000
70268  -54.850  -12.485  45.484 0.0000000000
68098  -56.342  -13.988  45.323 0.0000000000
69232  -56.613  -13.345  41.121 0.0000000000
56431  -42.755  -24.554  61.892 0.0000000000
58569  -43.470  -22.172  63.486 0.0000000000
62074  -43.350  -19.489  63.413 0.0000000000
40039  -19.141  -38.397  72.061 0.0000000000
36607  -24.612  -42.111  68.442 0.0000000000
40097  -25.013  -40.174  68.882 0.0000000000
36609  -26.309  -41.844  68.010 0.0000000000
37804  -28.549  -40.978  67.174 0.0000000000
38980  -30.458  -39.780  66.888 0.0000000000
40133  -31.513  -38.834  66.482 0.0000000000
43184  -32.068  -36.080  68.071 0.0000000000
45186  -34.427  -34.559  65.179 0.0000000000
53030  -35.031  -27.912  66.594 0.0000000000
50720  -37.514  -28.576  66.021 0.0000000000
50758  -39.253  -29.622  63.885 0.0000000000
51902  -40.313  -27.939  63.806 0.0000000000
55335  -41.825  -26.080  63.138 0.0000000000
63329  -48.693  -18.736  58.361 0.0000000000
65797  -53.067  -16.842  49.629 0.0000000000
64579  -54.055  -17.936  51.781 0.0000000000
40057  -17.764  -38.714  71.190 0.0000000000
58552  -39.104  -22.899  64.668 0.0000000000
59735  -40.277  -21.188  64.340 0.0000000000
58581  -39.243  -21.993  63.044 0.0000000000
50713  -31.670  -29.221  66.107 0.0000000000
50700  -32.529  -29.541  66.716 0.0000000000
51880  -32.368  -28.512  65.909 0.0000000000
57458  -37.768  -23.670  64.052 0.0000000000
56384  -37.503  -24.684  65.816 0.0000000000
57429  -38.566  -23.662  65.102 0.0000000000
57418  -39.651  -23.648  65.727 0.0000000000
64454  -46.060  -18.070  61.438 0.0000000000
65632  -46.326  -17.177  59.898 0.0000000000
65723  -51.452  -16.542  54.639 0.0000000000
64524  -51.756  -18.213  55.742 0.0000000000
63357  -52.540  -18.848  54.599 0.0000000000
62162  -52.890  -19.640  53.670 0.0000000000
64554  -53.033  -18.196  53.436 0.0000000000
65856  -55.576  -15.917  46.328 0.0000000000
65840  -55.421  -16.040  47.240 0.0000000000
64681  -54.403  -17.063  46.030 0.0000000000
71399  -54.021  -11.742  44.281 0.0000000000
71401  -55.467  -11.543  44.605 0.0000000000
70260  -56.213  -12.788  46.321 0.0000000000
70270  -56.429  -12.544  45.332 0.0000000000
68119  -55.940  -13.766  44.026 0.0000000000
70280  -56.554  -12.243  44.126 0.0000000000
69223  -56.799  -12.681  41.569 0.0000000000
56419  -42.495  -24.446  63.134 0.0000000000
57470  -42.932  -23.806  62.829 0.0000000000
57446  -42.479  -23.086  64.159 0.0000000000
60877  -41.138  -20.180  63.499 0.0000000000
62056  -42.362  -19.921  64.341 0.0000000000
63279  -42.019  -18.972  63.185 0.0000000000
63281  -43.174  -18.552  62.485 0.0000000000
62103  -42.502  -18.976  61.181 0.0000000000
40059  -19.944  -39.085  71.489 0.0000000000
41188  -20.805  -38.215  72.279 0.0000000000
41208  -23.044  -38.646  71.124 0.0000000000
41249  -25.803  -38.541  67.132 0.0000000000
40111  -25.855  -40.174  67.733 0.0000000000
38962  -25.823  -40.611  68.127 0.0000000000
38963  -26.454  -40.535  67.624 0.0000000000
36628  -27.115  -42.088  67.292 0.0000000000
38977  -27.827  -40.247  67.229 0.0000000000
40114  -30.300  -38.591  67.839 0.0000000000
38981  -31.136  -39.633  66.342 0.0000000000
41240  -31.135  -37.985  67.567 0.0000000000
47249  -32.043  -32.531  68.280 0.0000000000
46166  -31.931  -34.364  68.733 0.0000000000
45146  -33.083  -34.822  67.716 0.0000000000
43209  -32.980  -36.510  67.032 0.0000000000
44140  -33.595  -35.643  66.933 0.0000000000
44167  -34.231  -35.511  65.540 0.0000000000
45173  -34.187  -34.634  66.184 0.0000000000
49587  -34.766  -30.725  65.633 0.0000000000
48479  -34.501  -31.741  65.448 0.0000000000
49596  -34.841  -31.205  65.093 0.0000000000
49598  -36.501  -30.235  65.041 0.0000000000
53047  -34.102  -27.159  65.305 0.0000000000
54152  -35.151  -26.844  65.933 0.0000000000
54155  -37.532  -26.622  66.566 0.0000000000
54143  -37.246  -27.175  66.589 0.0000000000
51892  -38.342  -28.092  65.572 0.0000000000
50732  -37.930  -28.859  65.495 0.0000000000
51893  -38.786  -28.077  65.083 0.0000000000
53057  -39.546  -27.571  64.611 0.0000000000
56387  -41.219  -24.450  65.030 0.0000000000
55320  -40.959  -25.873  64.109 0.0000000000
55322  -42.159  -24.951  63.514 0.0000000000
55336  -42.174  -25.586  62.777 0.0000000000
44048  -19.519  -35.797  72.492 0.0000000000
44035  -19.144  -36.052  72.998 0.0000000000
41174  -18.714  -37.458  73.002 0.0000000000
58598  -44.450  -22.559  62.102 0.0000000000
58611  -45.177  -22.631  61.149 0.0000000000
60915  -46.829  -21.152  59.824 0.0000000000
65684  -47.945  -17.000  57.193 0.0000000000
65655  -48.007  -17.333  58.605 0.0000000000
64511  -49.005  -17.556  57.920 0.0000000000
60951  -50.444  -20.600  56.225 0.0000000000
60943  -49.490  -20.534  56.843 0.0000000000
65800  -54.653  -17.103  48.829 0.0000000000
65820  -53.667  -16.412  48.769 0.0000000000
65780  -54.484  -17.376  50.272 0.0000000000
65778  -53.413  -16.748  50.598 0.0000000000
64592  -54.508  -17.892  50.772 0.0000000000
62210  -54.168  -19.423  51.088 0.0000000000
72516  -55.458  -10.571  43.260 0.0000000000
72518  -56.829  -10.822  43.338 0.0000000000
73624  -56.096  -9.961  42.786 0.0000000000
73643  -57.046  -10.018  41.244 0.0000000000
57432  -41.339  -23.508  65.106 0.0000000000
58556  -42.135  -22.331  64.585 0.0000000000
59723  -40.966  -21.878  65.054 0.0000000000
60859  -40.748  -20.696  63.872 0.0000000000
60896  -40.846  -20.306  62.552 0.0000000000
43148  -20.543  -36.712  72.278 0.0000000000
42244  -21.188  -37.558  72.144 0.0000000000
42257  -23.084  -38.128  70.660 0.0000000000
48458  -32.883  -32.099  67.436 0.0000000000
47265  -33.729  -32.585  66.714 0.0000000000
48468  -33.451  -31.652  66.838 0.0000000000
49578  -33.408  -30.492  66.657 0.0000000000
50702  -34.497  -29.572  66.396 0.0000000000
55334  -36.090  -25.461  63.699 0.0000000000
54167  -36.050  -25.980  65.904 0.0000000000
55306  -36.763  -25.430  65.693 0.0000000000
55291  -37.851  -25.408  66.456 0.0000000000
55292  -38.799  -25.380  66.256 0.0000000000
54169  -39.851  -26.110  65.067 0.0000000000
55293  -39.540  -25.273  66.006 0.0000000000
57419  -40.245  -23.793  65.744 0.0000000000
44060  -19.730  -35.404  71.715 0.0000000000
62092  -45.391  -19.718  62.151 0.0000000000
60897  -45.430  -20.610  61.689 0.0000000000
62093  -45.954  -19.691  61.501 0.0000000000
62104  -46.523  -19.594  60.705 0.0000000000
62112  -47.464  -19.795  59.435 0.0000000000
65706  -49.561  -16.701  55.871 0.0000000000
64513  -50.234  -17.776  57.169 0.0000000000
64522  -50.571  -17.535  56.436 0.0000000000
62146  -51.497  -19.561  55.945 0.0000000000
69160  -55.157  -13.675  47.103 0.0000000000
68061  -53.865  -14.811  48.014 0.0000000000
68063  -55.354  -14.992  47.589 0.0000000000
65822  -54.805  -16.592  48.207 0.0000000000
57469  -38.322  -23.529  62.389 0.0000000000
56430  -37.025  -24.812  62.691 0.0000000000
65652  -46.149  -17.246  58.771 0.0000000000
65731  -48.345  -16.893  54.847 0.0000000000
65732  -48.952  -16.827  54.291 0.0000000000
66899  -50.411  -16.325  53.866 0.0000000000
66916  -51.296  -16.135  52.914 0.0000000000
69168  -54.407  -13.291  46.303 0.0000000000
70250  -55.723  -13.024  46.876 0.0000000000
68090  -56.289  -14.276  46.234 0.0000000000
67013  -56.168  -14.847  45.530 0.0000000000
70305  -56.741  -12.113  42.374 0.0000000000
69222  -56.391  -13.157  41.921 0.0000000000
56432  -43.445  -23.941  61.795 0.0000000000
57462  -43.830  -22.896  62.766 0.0000000000
59740  -43.812  -21.261  62.790 0.0000000000
59725  -42.444  -21.481  64.575 0.0000000000
60863  -43.268  -20.649  63.860 0.0000000000
62075  -43.904  -19.717  62.962 0.0000000000
63282  -44.581  -18.649  62.783 0.0000000000
64464  -43.977  -17.850  61.498 0.0000000000
58597  -39.313  -22.184  61.955 0.0000000000
59782  -40.000  -21.492  61.098 0.0000000000
60914  -41.476  -20.175  60.210 0.0000000000
40077  -18.520  -39.122  70.612 0.0000000000
40094  -19.280  -39.466  69.913 0.0000000000
36644  -24.896  -42.626  67.047 0.0000000000
43168  -22.814  -36.844  69.783 0.0000000000
41226  -23.782  -38.461  69.686 0.0000000000
40096  -24.574  -39.727  69.307 0.0000000000
36608  -25.570  -42.049  68.264 0.0000000000
36647  -29.524  -41.856  66.500 0.0000000000
37817  -30.221  -41.222  66.686 0.0000000000
43181  -30.003  -36.074  68.647 0.0000000000
44098  -31.403  -35.478  68.360 0.0000000000
42293  -31.078  -37.264  68.004 0.0000000000
42304  -32.128  -37.402  67.281 0.0000000000
41255  -32.553  -37.847  66.385 0.0000000000
46197  -34.316  -33.630  65.715 0.0000000000
53046  -33.357  -27.581  65.307 0.0000000000
51872  -34.343  -28.498  66.575 0.0000000000
51873  -35.241  -28.544  66.622 0.0000000000
53039  -35.942  -27.093  66.587 0.0000000000
51874  -36.204  -28.372  66.635 0.0000000000
50718  -36.304  -29.528  65.950 0.0000000000
50744  -37.393  -29.940  64.933 0.0000000000
49618  -37.965  -30.276  63.444 0.0000000000
51910  -41.350  -28.150  62.913 0.0000000000
54180  -40.477  -26.304  64.239 0.0000000000
53066  -41.192  -27.302  63.226 0.0000000000
53075  -42.038  -27.544  62.136 0.0000000000
54206  -42.185  -26.639  61.997 0.0000000000
41206  -18.433  -38.218  72.123 0.0000000000
65643  -47.105  -17.304  59.203 0.0000000000
63321  -48.200  -18.629  59.147 0.0000000000
62120  -48.069  -19.544  58.777 0.0000000000
63330  -49.441  -18.764  57.869 0.0000000000
60932  -48.549  -20.335  57.581 0.0000000000
59811  -48.026  -21.947  57.309 0.0000000000
65757  -50.866  -16.527  51.832 0.0000000000
66931  -52.331  -16.161  52.188 0.0000000000
66966  -53.367  -15.823  48.058 0.0000000000
65819  -52.812  -16.674  48.399 0.0000000000
65777  -52.373  -16.667  50.663 0.0000000000
65759  -52.875  -16.520  51.716 0.0000000000
65737  -53.062  -17.027  52.966 0.0000000000
63386  -53.607  -18.707  52.403 0.0000000000
40092  -17.220  -39.176  69.439 0.0000000000
58567  -39.432  -21.973  64.150 0.0000000000
58566  -38.890  -22.703  63.735 0.0000000000
50712  -31.230  -29.566  65.671 0.0000000000
51889  -31.763  -28.594  65.199 0.0000000000
57444  -38.002  -23.694  64.745 0.0000000000
57430  -39.250  -23.330  65.311 0.0000000000
64479  -44.772  -17.699  60.265 0.0000000000
64466  -45.486  -17.652  60.723 0.0000000000
64480  -45.395  -17.495  59.824 0.0000000000
65735  -51.962  -16.342  54.069 0.0000000000
65724  -52.259  -16.880  54.515 0.0000000000
64553  -52.794  -17.716  53.959 0.0000000000
64704  -54.806  -16.379  45.778 0.0000000000
72507  -55.157  -11.099  43.992 0.0000000000
71402  -56.242  -11.690  44.738 0.0000000000
71403  -56.800  -11.422  43.901 0.0000000000
56402  -42.175  -24.222  64.103 0.0000000000
57460  -42.732  -23.565  63.540 0.0000000000
62071  -41.486  -19.694  63.213 0.0000000000
63261  -42.075  -19.157  63.513 0.0000000000
62091  -41.683  -19.318  62.831 0.0000000000
63295  -42.059  -18.877  62.435 0.0000000000
62102  -41.749  -19.390  61.583 0.0000000000
41187  -19.981  -38.138  72.424 0.0000000000
40081  -23.408  -39.409  70.934 0.0000000000
40127  -26.204  -39.585  67.335 0.0000000000
40126  -25.524  -39.255  67.464 0.0000000000
38964  -27.162  -40.668  67.409 0.0000000000
41238  -29.870  -38.056  68.289 0.0000000000
40115  -30.698  -38.339  67.668 0.0000000000
41239  -30.609  -37.995  68.052 0.0000000000
46177  -32.407  -33.947  68.436 0.0000000000
45160  -33.374  -35.372  67.235 0.0000000000
45161  -33.729  -34.791  67.078 0.0000000000
46179  -33.603  -34.136  67.255 0.0000000000
49597  -35.434  -30.832  64.773 0.0000000000
49588  -35.767  -30.189  65.514 0.0000000000
54165  -34.782  -26.739  65.321 0.0000000000
53041  -38.362  -27.312  66.068 0.0000000000
53048  -38.658  -27.659  65.491 0.0000000000
51900  -39.318  -28.068  64.604 0.0000000000
53049  -39.176  -27.188  65.245 0.0000000000
56388  -41.777  -24.065  64.823 0.0000000000
56401  -41.657  -24.650  64.530 0.0000000000
43137  -20.230  -36.974  72.823 0.0000000000
43136  -19.766  -36.534  72.962 0.0000000000
42232  -19.929  -37.203  73.029 0.0000000000
42242  -19.713  -37.631  72.769 0.0000000000
58584  -44.534  -21.705  62.080 0.0000000000
58599  -44.856  -22.162  61.675 0.0000000000
59754  -44.887  -21.246  61.880 0.0000000000
59793  -46.821  -21.705  59.478 0.0000000000
58627  -46.995  -22.610  59.058 0.0000000000
58633  -47.401  -22.725  58.301 0.0000000000
65685  -48.626  -16.939  56.944 0.0000000000
65668  -48.454  -17.178  57.835 0.0000000000
65669  -49.148  -17.174  57.400 0.0000000000
68089  -53.173  -14.287  46.657 0.0000000000
64615  -54.749  -17.491  49.073 0.0000000000
65799  -54.472  -17.092  49.373 0.0000000000
58554  -40.718  -22.906  65.376 0.0000000000
58555  -41.489  -22.549  65.006 0.0000000000
60876  -40.472  -20.701  63.361 0.0000000000
44050  -20.870  -36.197  71.618 0.0000000000
42265  -22.842  -37.560  70.511 0.0000000000
49575  -31.410  -30.312  66.618 0.0000000000
48466  -31.945  -31.499  67.644 0.0000000000
48457  -32.413  -32.006  67.847 0.0000000000
48467  -32.725  -31.370  67.214 0.0000000000
50715  -32.892  -29.056  66.544 0.0000000000
49579  -34.132  -30.702  66.306 0.0000000000
55319  -36.327  -25.287  64.679 0.0000000000
56399  -36.951  -24.776  64.919 0.0000000000
56385  -38.202  -24.129  65.711 0.0000000000
56373  -39.180  -24.559  66.031 0.0000000000
57431  -40.725  -23.750  65.390 0.0000000000
44075  -19.632  -35.287  70.625 0.0000000000
44049  -20.284  -35.887  72.056 0.0000000000
63283  -45.150  -18.943  62.527 0.0000000000
63284  -45.837  -18.914  61.920 0.0000000000
64455  -46.728  -18.162  60.894 0.0000000000
63298  -46.387  -18.841  61.174 0.0000000000
63299  -47.158  -18.690  60.481 0.0000000000
62105  -47.233  -19.441  60.032 0.0000000000
63300  -47.491  -18.900  60.143 0.0000000000
65707  -50.341  -16.697  55.635 0.0000000000
65688  -50.714  -17.129  56.031 0.0000000000
63349  -52.028  -18.761  55.561 0.0000000000
60952  -51.373  -20.607  55.644 0.0000000000
60961  -52.116  -20.588  54.984 0.0000000000
68076  -55.276  -14.333  47.409 0.0000000000
68064  -55.610  -15.069  47.454 0.0000000000
64634  -54.757  -17.156  48.110 0.0000000000
57468  -37.730  -23.961  63.092 0.0000000000
64578  -49.522  -16.925  52.428 0.0000000000
65744  -49.747  -16.709  52.984 0.0000000000
66900  -50.941  -16.240  53.501 0.0000000000
65745  -50.632  -16.405  52.726 0.0000000000
70267  -53.978  -12.311  44.995 0.0000000000
69176  -53.451  -13.151  45.386 0.0000000000
70258  -54.939  -12.858  46.023 0.0000000000
70249  -55.081  -13.229  46.551 0.0000000000
70259  -55.651  -12.629  46.190 0.0000000000
69177  -56.451  -13.360  45.845 0.0000000000
67023  -55.276  -15.097  44.652 0.0000000000
67024  -56.055  -14.433  44.825 0.0000000000
69196  -56.143  -13.250  43.757 0.0000000000
72528  -56.692  -10.402  42.857 0.0000000000
71412  -57.006  -11.417  43.037 0.0000000000
56443  -42.840  -24.813  60.582 0.0000000000
57461  -43.341  -23.061  63.160 0.0000000000
58582  -43.713  -22.571  63.041 0.0000000000
58570  -43.736  -21.735  63.116 0.0000000000
59724  -41.821  -21.447  65.022 0.0000000000
60848  -42.221  -20.937  64.985 0.0000000000
62073  -42.709  -19.415  63.780 0.0000000000
62057  -43.007  -19.992  63.999 0.0000000000
62058  -43.421  -20.072  63.506 0.0000000000
60864  -43.567  -20.567  63.134 0.0000000000
63265  -44.521  -19.145  62.909 0.0000000000
63264  -43.977  -18.846  63.173 0.0000000000
63297  -43.488  -18.246  61.927 0.0000000000
40058  -18.860  -38.649  71.643 0.0000000000
40078  -19.494  -39.284  70.783 0.0000000000
40079  -20.415  -39.556  70.726 0.0000000000
41189  -21.638  -38.389  72.112 0.0000000000
40061  -21.919  -39.349  71.810 0.0000000000
36593  -23.860  -42.075  68.648 0.0000000000
36606  -23.864  -42.262  67.988 0.0000000000
36625  -24.441  -42.455  67.516 0.0000000000
43169  -23.225  -37.438  69.382 0.0000000000
42266  -23.241  -37.893  69.928 0.0000000000
38949  -24.901  -40.592  69.273 0.0000000000
37790  -25.712  -41.314  68.466 0.0000000000
36627  -26.101  -42.348  67.658 0.0000000000
35534  -25.816  -42.637  67.313 0.0000000000
35535  -26.325  -42.676  67.067 0.0000000000
37803  -27.655  -41.177  67.295 0.0000000000
36645  -27.365  -42.534  66.623 0.0000000000
36629  -28.361  -41.739  67.020 0.0000000000
36646  -28.175  -42.451  66.330 0.0000000000
36630  -29.001  -41.422  66.987 0.0000000000
38979  -29.754  -40.046  67.142 0.0000000000
37805  -29.501  -40.966  67.087 0.0000000000
37806  -30.308  -40.588  66.860 0.0000000000
37807  -30.806  -40.291  66.461 0.0000000000
38982  -31.715  -39.433  66.034 0.0000000000
38994  -32.155  -39.828  65.659 0.0000000000
40143  -32.217  -38.945  65.911 0.0000000000
45131  -31.971  -34.842  68.687 0.0000000000
45130  -31.468  -34.622  68.460 0.0000000000
43183  -31.460  -36.345  68.112 0.0000000000
43196  -31.642  -36.936  67.912 0.0000000000
43197  -32.227  -36.646  67.705 0.0000000000
42305  -32.536  -37.372  66.856 0.0000000000
42313  -32.907  -37.343  66.377 0.0000000000
41263  -32.836  -38.110  65.857 0.0000000000
43234  -34.175  -36.238  64.986 0.0000000000
44182  -34.448  -35.497  64.414 0.0000000000
47266  -34.220  -32.655  66.043 0.0000000000
53045  -32.864  -27.780  64.989 0.0000000000
53037  -34.541  -27.494  66.125 0.0000000000
53036  -33.791  -27.695  65.919 0.0000000000
54154  -36.572  -26.495  66.383 0.0000000000
51884  -37.053  -28.225  66.335 0.0000000000
51875  -36.678  -27.903  66.631 0.0000000000
51883  -36.583  -28.822  66.291 0.0000000000
50719  -37.135  -28.998  66.004 0.0000000000
50730  -36.569  -29.861  65.498 0.0000000000
50731  -37.111  -29.641  65.357 0.0000000000
49609  -38.869  -29.669  64.053 0.0000000000
49608  -38.349  -29.888  64.184 0.0000000000
50748  -40.164  -28.394  63.912 0.0000000000
50761  -41.052  -28.570  63.092 0.0000000000
54192  -41.532  -26.550  63.174 0.0000000000
54181  -41.030  -26.414  63.654 0.0000000000
53067  -41.685  -27.451  62.766 0.0000000000
54193  -41.954  -26.666  62.704 0.0000000000
55350  -42.299  -25.787  61.750 0.0000000000
41186  -18.984  -37.998  72.495 0.0000000000
60898  -46.003  -20.526  61.014 0.0000000000
59772  -45.572  -21.331  61.247 0.0000000000
65665  -46.428  -17.285  58.193 0.0000000000
65642  -46.523  -17.191  59.309 0.0000000000
64496  -48.496  -17.920  58.464 0.0000000000
64483  -47.986  -17.865  59.354 0.0000000000
64498  -49.781  -18.151  57.744 0.0000000000
62129  -50.282  -19.067  57.171 0.0000000000
60933  -49.167  -19.935  57.423 0.0000000000
60942  -48.642  -21.094  57.077 0.0000000000
60931  -48.041  -21.147  57.506 0.0000000000
60941  -48.326  -21.519  57.178 0.0000000000
65758  -51.809  -16.247  51.675 0.0000000000
65796  -51.912  -17.035  49.566 0.0000000000
65760  -53.933  -17.007  51.348 0.0000000000
65748  -53.443  -17.060  52.293 0.0000000000
64567  -53.207  -17.807  52.894 0.0000000000
63401  -54.046  -18.805  51.860 0.0000000000
58553  -39.919  -22.375  65.244 0.0000000000
49577  -32.612  -30.360  67.032 0.0000000000
50699  -32.077  -29.422  66.625 0.0000000000
50714  -32.428  -28.984  66.431 0.0000000000
56418  -37.186  -24.305  63.901 0.0000000000
56400  -37.501  -24.132  64.819 0.0000000000
57428  -37.914  -23.989  65.298 0.0000000000
57417  -38.853  -23.966  65.748 0.0000000000
64453  -45.198  -17.945  61.635 0.0000000000
64467  -46.391  -17.586  60.521 0.0000000000
64468  -47.212  -17.867  60.360 0.0000000000
65708  -51.146  -16.914  55.452 0.0000000000
65709  -51.834  -16.956  55.189 0.0000000000
64539  -52.133  -17.753  55.229 0.0000000000
62153  -52.525  -19.860  54.548 0.0000000000
62163  -53.060  -19.122  53.340 0.0000000000
67001  -55.980  -15.317  46.533 0.0000000000
66985  -55.644  -15.382  47.300 0.0000000000
65857  -55.767  -15.740  46.817 0.0000000000
64682  -54.944  -16.565  46.667 0.0000000000
71391  -54.851  -11.944  44.939 0.0000000000
71392  -55.601  -12.095  45.508 0.0000000000
71385  -55.921  -12.254  45.990 0.0000000000
71393  -56.131  -12.256  45.737 0.0000000000
69185  -56.397  -13.173  44.857 0.0000000000
70291  -56.519  -12.531  43.170 0.0000000000
72539  -57.102  -10.690  41.439 0.0000000000
71423  -56.950  -11.335  41.902 0.0000000000
71433  -57.207  -11.268  41.072 0.0000000000
70317  -57.235  -11.965  41.118 0.0000000000
69249  -56.633  -13.403  39.955 0.0000000000
57447  -43.003  -22.836  63.744 0.0000000000
60878  -41.446  -20.191  64.127 0.0000000000
62055  -41.992  -19.877  64.449 0.0000000000
63263  -43.173  -18.862  63.133 0.0000000000
63280  -42.580  -18.801  62.755 0.0000000000
63296  -42.746  -18.698  61.791 0.0000000000
40040  -19.559  -38.520  72.037 0.0000000000
40041  -20.400  -38.780  72.059 0.0000000000
40060  -20.953  -39.364  71.456 0.0000000000
37775  -24.507  -41.391  69.313 0.0000000000
38950  -25.326  -40.600  68.676 0.0000000000
37791  -26.362  -41.206  68.004 0.0000000000
36610  -26.658  -41.607  67.715 0.0000000000
37792  -26.919  -41.230  67.603 0.0000000000
40131  -30.045  -39.265  67.450 0.0000000000
40132  -30.790  -38.805  67.138 0.0000000000
41253  -31.413  -38.274  67.026 0.0000000000
47248  -31.447  -32.834  68.107 0.0000000000
46176  -31.594  -33.643  68.444 0.0000000000
45145  -32.393  -34.977  68.248 0.0000000000
44121  -32.512  -35.718  67.888 0.0000000000
43198  -32.703  -36.162  67.530 0.0000000000
43218  -33.522  -36.145  66.607 0.0000000000
48488  -34.831  -31.680  64.556 0.0000000000
49605  -35.571  -31.069  64.179 0.0000000000
49606  -36.200  -30.779  64.020 0.0000000000
53056  -33.848  -27.131  64.470 0.0000000000
54142  -36.952  -27.047  66.643 0.0000000000
53040  -37.517  -27.508  66.424 0.0000000000
51885  -37.841  -28.136  66.076 0.0000000000
50733  -38.447  -28.495  65.142 0.0000000000
50746  -38.844  -29.025  64.519 0.0000000000
50747  -39.788  -28.643  64.113 0.0000000000
51901  -39.807  -27.944  64.185 0.0000000000
55308  -40.753  -25.364  64.730 0.0000000000
55309  -41.341  -24.988  64.569 0.0000000000
55321  -41.563  -25.456  63.840 0.0000000000
45100  -19.008  -35.578  72.445 0.0000000000
43135  -18.879  -36.514  73.182 0.0000000000
59792  -46.540  -21.645  60.058 0.0000000000
58620  -46.187  -22.430  60.310 0.0000000000
58621  -46.659  -22.565  59.704 0.0000000000
65683  -47.411  -17.163  57.336 0.0000000000
65667  -47.701  -17.121  57.912 0.0000000000
64497  -49.202  -18.111  58.042 0.0000000000
62137  -50.592  -19.521  56.644 0.0000000000
62136  -50.068  -19.958  56.975 0.0000000000
65821  -54.274  -16.460  48.611 0.0000000000
65798  -53.902  -16.689  49.635 0.0000000000
65779  -54.167  -16.975  50.398 0.0000000000
65761  -54.297  -17.326  50.826 0.0000000000
64580  -54.351  -18.291  51.214 0.0000000000
63402  -54.238  -18.703  51.412 0.0000000000
72509  -56.523  -10.967  44.004 0.0000000000
72517  -56.332  -10.502  43.361 0.0000000000
73633  -56.664  -9.972  42.168 0.0000000000
73634  -56.974  -10.332  41.843 0.0000000000
59737  -41.397  -21.223  64.945 0.0000000000
59722  -40.511  -21.604  64.923 0.0000000000
59736  -40.996  -21.160  64.754 0.0000000000
60860  -41.080  -20.666  64.237 0.0000000000
41218  -23.590  -38.724  70.408 0.0000000000
47250  -32.810  -32.761  67.982 0.0000000000
46188  -33.508  -33.164  67.087 0.0000000000
47251  -33.254  -32.666  67.282 0.0000000000
50716  -34.652  -30.200  66.099 0.0000000000
55318  -35.682  -25.701  64.554 0.0000000000
55305  -36.040  -25.688  65.277 0.0000000000
56383  -37.079  -24.969  65.494 0.0000000000
55307  -37.305  -25.322  66.139 0.0000000000
54156  -38.503  -26.284  66.381 0.0000000000
54168  -39.473  -26.541  65.302 0.0000000000
54157  -39.288  -26.172  65.826 0.0000000000
54158  -39.664  -25.686  65.624 0.0000000000
56374  -39.922  -24.491  65.960 0.0000000000
56386  -40.463  -24.505  65.389 0.0000000000
43147  -20.078  -36.187  72.520 0.0000000000
60880  -44.844  -20.463  62.159 0.0000000000
60907  -46.673  -20.564  60.189 0.0000000000
60908  -47.113  -20.092  59.763 0.0000000000
60916  -47.105  -20.672  59.353 0.0000000000
65686  -49.357  -16.887  56.701 0.0000000000
65687  -50.166  -16.953  56.529 0.0000000000
64514  -50.676  -18.052  56.587 0.0000000000
64523  -51.238  -17.777  55.959 0.0000000000
63340  -50.937  -18.610  56.421 0.0000000000
62138  -51.142  -19.087  56.290 0.0000000000
62145  -51.009  -20.083  56.163 0.0000000000
68074  -53.615  -14.227  47.169 0.0000000000
68075  -54.501  -14.198  47.527 0.0000000000
68062  -54.717  -14.882  47.912 0.0000000000
66968  -54.886  -15.664  47.943 0.0000000000
66969  -55.405  -15.361  47.602 0.0000000000
66984  -55.277  -15.789  47.681 0.0000000000
64616  -54.708  -17.258  48.605 0.0000000000
57459  -38.352  -23.344  63.387 0.0000000000
58580  -38.858  -22.814  62.708 0.0000000000
55333  -35.478  -25.896  63.618 0.0000000000
63338  -44.676  -18.248  58.189 0.0000000000
64495  -45.567  -17.559  58.998 0.0000000000
64509  -45.858  -17.535  58.091 0.0000000000
64510  -46.444  -17.407  57.636 0.0000000000
65703  -47.516  -17.125  56.758 0.0000000000
65704  -48.013  -16.880  56.337 0.0000000000
65720  -48.943  -16.753  55.260 0.0000000000
65721  -49.754  -16.468  54.894 0.0000000000
65733  -49.790  -16.538  53.895 0.0000000000
66883  -50.268  -16.343  54.351 0.0000000000
66884  -50.844  -16.331  54.207 0.0000000000
66885  -51.398  -16.260  53.983 0.0000000000
66901  -51.769  -16.106  53.403 0.0000000000
69167  -53.494  -13.749  46.246 0.0000000000
69159  -54.270  -13.652  46.896 0.0000000000
69161  -55.815  -13.663  47.125 0.0000000000
69169  -56.230  -13.595  46.683 0.0000000000
67012  -55.773  -15.489  45.783 0.0000000000
65872  -55.179  -15.796  45.409 0.0000000000
68106  -55.703  -14.201  44.260 0.0000000000
70292  -56.809  -11.985  43.307 0.0000000000
70304  -56.509  -12.607  42.631 0.0000000000
57471  -43.465  -23.533  62.372 0.0000000000
57482  -43.850  -23.602  61.825 0.0000000000
57472  -44.189  -23.047  62.248 0.0000000000
58583  -44.117  -22.145  62.603 0.0000000000
58568  -42.756  -22.212  64.101 0.0000000000
59738  -43.065  -21.408  64.065 0.0000000000
60862  -42.645  -20.665  64.473 0.0000000000
59739  -43.490  -21.302  63.440 0.0000000000
60879  -44.131  -20.458  62.525 0.0000000000
62076  -44.687  -19.710  62.554 0.0000000000
64442  -44.882  -18.282  62.322 0.0000000000
64427  -43.703  -18.526  62.870 0.0000000000
64441  -44.188  -18.211  62.642 0.0000000000
64452  -44.475  -17.916  61.917 0.0000000000
64493  -44.227  -17.882  59.904 0.0000000000
59770  -39.710  -21.393  62.276 0.0000000000
60895  -40.260  -20.811  62.447 0.0000000000
60905  -40.905  -20.523  61.341 0.0000000000
60906  -41.491  -19.898  60.868 0.0000000000
63328  -44.676  -18.067  58.769 0.0000000000
40093  -18.265  -39.210  69.659 0.0000000000
40042  -21.160  -38.897  72.101 0.0000000000
41219  -24.127  -39.032  69.822 0.0000000000
37789  -25.111  -41.603  68.702 0.0000000000
36626  -25.286  -42.463  67.598 0.0000000000
37819  -31.481  -40.495  66.000 0.0000000000
42278  -30.110  -36.688  68.608 0.0000000000
43182  -30.666  -36.135  68.328 0.0000000000
42279  -30.661  -36.744  68.250 0.0000000000
41241  -31.675  -37.814  67.267 0.0000000000
43208  -32.494  -36.994  67.249 0.0000000000
41254  -32.064  -38.107  66.687 0.0000000000
41262  -32.437  -38.320  66.123 0.0000000000
46189  -33.853  -33.666  66.755 0.0000000000
47282  -34.479  -32.652  65.149 0.0000000000
46205  -34.551  -33.587  64.772 0.0000000000
45200  -34.580  -34.453  64.284 0.0000000000
51890  -32.343  -28.173  65.189 0.0000000000
51891  -32.802  -28.050  65.549 0.0000000000
51881  -33.171  -28.396  66.201 0.0000000000
51882  -33.899  -28.091  66.380 0.0000000000
51871  -33.720  -28.584  66.492 0.0000000000
50703  -35.625  -29.144  66.392 0.0000000000
54166  -35.468  -26.209  65.422 0.0000000000
54153  -35.727  -26.611  66.183 0.0000000000
53038  -35.362  -27.306  66.369 0.0000000000
53032  -36.434  -27.456  66.679 0.0000000000
53031  -35.697  -27.772  66.715 0.0000000000
49589  -36.304  -29.982  65.540 0.0000000000
49607  -37.315  -30.204  64.358 0.0000000000
50745  -37.876  -29.649  64.868 0.0000000000
53050  -39.602  -26.732  65.026 0.0000000000
53058  -39.868  -27.091  64.426 0.0000000000
53059  -40.588  -27.167  63.705 0.0000000000
51909  -40.884  -28.033  63.369 0.0000000000
54219  -42.201  -26.595  61.106 0.0000000000
41205  -17.867  -38.290  71.885 0.0000000000
58600  -45.274  -21.762  61.356 0.0000000000
65641  -45.933  -17.199  59.484 0.0000000000
64481  -46.863  -17.384  59.857 0.0000000000
64482  -47.448  -17.598  59.679 0.0000000000
65644  -47.618  -17.406  59.115 0.0000000000
63312  -47.768  -18.545  59.947 0.0000000000
62113  -47.782  -19.153  59.611 0.0000000000
62119  -47.549  -20.103  58.993 0.0000000000
60923  -47.682  -20.572  58.340 0.0000000000
64512  -49.559  -17.607  57.635 0.0000000000
62127  -48.828  -19.494  57.907 0.0000000000
60924  -48.282  -19.962  58.175 0.0000000000
59804  -47.524  -21.733  57.905 0.0000000000
65775  -50.303  -16.876  51.393 0.0000000000
65746  -51.288  -16.214  52.341 0.0000000000
66917  -51.879  -15.974  52.601 0.0000000000
66902  -52.182  -16.154  53.057 0.0000000000
68073  -52.871  -14.783  47.012 0.0000000000
66983  -53.258  -15.110  47.557 0.0000000000
66982  -52.427  -15.886  47.515 0.0000000000
66965  -52.914  -16.154  47.958 0.0000000000
66932  -52.593  -16.377  52.300 0.0000000000
65747  -52.823  -16.628  52.583 0.0000000000
64566  -52.933  -17.268  53.349 0.0000000000
63372  -53.176  -18.663  53.111 0.0000000000
62174  -53.293  -19.527  52.840 0.0000000000
62190  -53.879  -19.567  51.875 0.0000000000
60989  -53.264  -20.404  52.200 0.0000000000
40144  -32.606  -38.606  65.776 0.0000000000
42294  -31.669  -37.360  67.659 0.0000000000
44047  -18.853  -35.714  72.742 0.0000000000
44099  -31.983  -35.580  68.322 0.0000000000
45147  -33.461  -34.350  67.427 0.0000000000
46165  -31.852  -34.116  68.670 0.0000000000
48456  -32.135  -31.966  68.029 0.0000000000
49599  -37.109  -30.054  64.964 0.0000000000
50704  -36.190  -28.978  66.380 0.0000000000
51879  -31.974  -28.545  65.658 0.0000000000
53033  -36.981  -27.549  66.579 0.0000000000
56371  -37.854  -24.854  66.286 0.0000000000
58543  -40.432  -23.374  65.581 0.0000000000
59771  -45.201  -21.400  61.558 0.0000000000
59812  -48.639  -21.924  56.825 0.0000000000
60847  -41.933  -20.901  65.079 0.0000000000
60904  -40.199  -21.043  61.796 0.0000000000
62072  -41.857  -19.553  63.830 0.0000000000
62090  -41.321  -19.790  62.620 0.0000000000
62106  -47.613  -18.993  59.968 0.0000000000
62173  -53.107  -19.972  53.120 0.0000000000
62191  -54.117  -19.127  51.585 0.0000000000
63262  -42.390  -19.074  63.408 0.0000000000
63331  -50.090  -18.644  57.487 0.0000000000
63348  -51.471  -18.658  56.036 0.0000000000
63371  -52.943  -18.684  53.713 0.0000000000
63440  -54.759  -17.644  48.773 0.0000000000
64426  -43.441  -18.551  62.756 0.0000000000
64440  -43.642  -18.285  62.497 0.0000000000
64451  -43.911  -17.942  62.141 0.0000000000
64469  -47.713  -17.963  60.021 0.0000000000
64508  -45.173  -17.906  58.488 0.0000000000
64520  -46.050  -17.611  57.098 0.0000000000
64538  -51.610  -17.322  55.491 0.0000000000
64590  -49.544  -17.168  51.797 0.0000000000
64591  -54.231  -17.509  51.201 0.0000000000
65631  -45.877  -17.280  60.134 0.0000000000
65670  -49.761  -17.140  57.187 0.0000000000
65734  -50.295  -16.433  53.391 0.0000000000
65841  -55.785  -15.657  46.993 0.0000000000
66918  -52.388  -16.288  52.698 0.0000000000
67000  -55.857  -15.612  46.229 0.0000000000
68107  -56.150  -13.806  44.522 0.0000000000
69210  -56.511  -12.711  42.235 0.0000000000
70251  -56.117  -13.156  46.899 0.0000000000
70257  -54.169  -12.922  45.788 0.0000000000
70269  -55.312  -12.535  45.800 0.0000000000
70281  -56.852  -11.729  43.637 0.0000000000
71386  -56.045  -12.435  46.171 0.0000000000
71390  -54.393  -11.872  44.622 0.0000000000
73625  -56.477  -10.196  42.819 0.0000000000
