#!ascii label  , from subject 3431 vox2ras=TkReg
1466
57406  -33.746  -23.556  67.035 0.0000000000
71384  -50.818  -11.211  47.065 0.0000000000
65702  -40.703  -15.565  55.344 0.0000000000
46228  -1.605  -34.494  62.273 0.0000000000
47261  -22.092  -32.149  67.821 0.0000000000
50749  -1.806  -29.677  63.117 0.0000000000
54102  -0.609  -26.684  71.501 0.0000000000
68029  -46.159  -14.298  50.966 0.0000000000
53177  -4.052  -27.150  54.371 0.0000000000
43151  -1.727  -36.676  71.186 0.0000000000
56483  -34.161  -24.283  58.131 0.0000000000
54162  -29.092  -26.203  65.429 0.0000000000
54114  -27.747  -26.347  69.893 0.0000000000
73619  -52.049  -9.035  44.600 0.0000000000
66897  -42.852  -14.493  53.463 0.0000000000
47323  -17.207  -32.565  63.522 0.0000000000
56481  -0.374  -25.057  58.064 0.0000000000
48483  -6.639  -30.351  65.477 0.0000000000
49650  -8.560  -30.476  60.741 0.0000000000
46264  -3.338  -33.494  59.247 0.0000000000
46128  -8.777  -33.718  74.317 0.0000000000
47183  -4.359  -32.329  75.979 0.0000000000
63344  -38.124  -18.044  56.974 0.0000000000
51839  -25.515  -27.417  72.330 0.0000000000
49602  -25.008  -30.486  64.740 0.0000000000
53027  -0.376  -27.184  67.052 0.0000000000
48452  -3.262  -31.056  68.632 0.0000000000
68050  -48.652  -13.643  49.312 0.0000000000
46147  -11.562  -33.733  71.042 0.0000000000
47254  -15.048  -32.861  67.262 0.0000000000
50818  -4.221  -29.431  58.669 0.0000000000
50869  -8.380  -28.692  56.145 0.0000000000
54060  -3.511  -26.648  75.702 0.0000000000
48427  -1.432  -31.275  72.103 0.0000000000
44123  -1.685  -35.809  67.121 0.0000000000
57427  -34.383  -23.245  65.458 0.0000000000
56414  -32.984  -24.827  64.311 0.0000000000
56428  -34.139  -24.043  62.469 0.0000000000
55288  -31.450  -25.655  66.428 0.0000000000
54189  -30.666  -26.163  63.938 0.0000000000
55267  -31.187  -25.272  68.535 0.0000000000
72500  -51.116  -10.173  45.754 0.0000000000
69173  -48.172  -12.998  45.822 0.0000000000
71408  -48.465  -11.204  44.274 0.0000000000
72513  -49.863  -10.129  43.525 0.0000000000
66881  -41.771  -15.123  54.429 0.0000000000
64574  -38.395  -16.905  53.655 0.0000000000
65754  -39.306  -15.659  52.032 0.0000000000
66939  -40.747  -14.988  51.165 0.0000000000
47302  -4.120  -32.027  64.032 0.0000000000
47338  -5.556  -32.198  62.073 0.0000000000
46242  -2.809  -33.776  61.280 0.0000000000
43276  -1.673  -36.883  58.188 0.0000000000
42365  -1.408  -37.747  60.410 0.0000000000
45090  -9.174  -34.957  72.608 0.0000000000
44024  -7.290  -35.668  73.667 0.0000000000
62124  -37.064  -19.101  58.511 0.0000000000
58624  -35.191  -22.275  59.663 0.0000000000
58637  -34.605  -22.968  57.328 0.0000000000
59809  -35.767  -20.995  57.904 0.0000000000
62141  -36.207  -19.576  56.308 0.0000000000
57348  -26.831  -23.787  73.319 0.0000000000
54145  -25.519  -26.492  66.178 0.0000000000
51878  -25.621  -28.387  66.908 0.0000000000
75838  -51.511  -7.436  41.075 0.0000000000
75847  -51.873  -6.829  39.959 0.0000000000
53019  -0.304  -27.099  69.216 0.0000000000
50690  -2.303  -29.402  68.066 0.0000000000
50681  -1.820  -29.160  70.366 0.0000000000
68040  -47.896  -13.640  50.705 0.0000000000
65773  -43.690  -15.640  49.945 0.0000000000
65794  -45.207  -15.151  49.003 0.0000000000
66978  -45.994  -15.408  47.734 0.0000000000
47194  -12.503  -31.744  73.786 0.0000000000
47204  -13.899  -32.364  72.168 0.0000000000
53068  -0.771  -27.827  62.527 0.0000000000
51928  -0.849  -28.459  60.358 0.0000000000
49637  -2.873  -30.006  61.157 0.0000000000
48556  -5.500  -31.683  57.910 0.0000000000
50836  -8.599  -29.821  57.856 0.0000000000
49700  -5.487  -30.521  55.834 0.0000000000
52959  -6.330  -27.618  76.919 0.0000000000
45076  -2.659  -34.398  73.529 0.0000000000
47189  -2.644  -32.113  74.523 0.0000000000
45088  -1.077  -34.318  72.147 0.0000000000
46157  -0.924  -33.580  69.326 0.0000000000
43170  -1.661  -36.598  68.867 0.0000000000
57491  -34.569  -23.603  60.809 0.0000000000
56305  -28.552  -24.156  72.363 0.0000000000
55247  -29.882  -25.221  70.662 0.0000000000
54138  -28.008  -25.654  67.215 0.0000000000
75824  -52.629  -7.416  43.223 0.0000000000
74697  -50.757  -8.651  42.332 0.0000000000
68017  -44.580  -14.355  52.193 0.0000000000
65771  -41.915  -15.297  50.292 0.0000000000
47309  -21.538  -33.010  64.206 0.0000000000
47292  -19.820  -32.696  65.322 0.0000000000
53154  -1.465  -27.651  55.715 0.0000000000
50737  -5.136  -29.408  64.935 0.0000000000
50776  -6.060  -29.278  61.826 0.0000000000
48510  -7.443  -31.179  62.445 0.0000000000
47378  -6.233  -31.965  60.018 0.0000000000
46283  -3.099  -33.327  57.175 0.0000000000
48394  -8.855  -31.203  75.916 0.0000000000
49514  -6.007  -30.386  76.820 0.0000000000
46121  -6.436  -33.452  75.809 0.0000000000
44008  -4.823  -35.278  74.577 0.0000000000
64533  -39.043  -16.579  56.006 0.0000000000
63365  -36.697  -18.266  54.757 0.0000000000
49558  -24.129  -30.139  70.537 0.0000000000
53011  -26.545  -27.257  70.969 0.0000000000
49567  -24.970  -29.864  68.477 0.0000000000
48484  -23.483  -32.176  65.613 0.0000000000
54170  -0.426  -26.557  64.251 0.0000000000
56375  -0.403  -24.562  65.695 0.0000000000
51887  -1.261  -29.067  65.385 0.0000000000
50707  -4.329  -29.604  66.608 0.0000000000
48461  -4.665  -30.891  67.278 0.0000000000
47300  -2.472  -32.724  64.924 0.0000000000
70242  -50.413  -12.426  48.123 0.0000000000
68084  -47.381  -14.032  46.527 0.0000000000
48401  -11.036  -31.393  74.957 0.0000000000
46135  -10.707  -33.543  73.055 0.0000000000
45116  -10.552  -34.855  69.916 0.0000000000
47258  -18.680  -32.608  67.470 0.0000000000
47242  -16.907  -32.708  68.431 0.0000000000
47222  -15.361  -32.718  70.384 0.0000000000
46161  -13.267  -33.403  69.465 0.0000000000
45135  -11.347  -34.751  68.233 0.0000000000
55364  -1.023  -26.253  60.059 0.0000000000
51983  -0.817  -28.135  57.724 0.0000000000
51987  -4.464  -28.228  56.558 0.0000000000
50804  -6.680  -28.992  60.020 0.0000000000
53105  -7.745  -27.633  58.038 0.0000000000
53159  -7.505  -26.493  55.307 0.0000000000
54066  -1.548  -26.264  74.170 0.0000000000
49522  -3.970  -30.302  75.960 0.0000000000
50659  -1.936  -29.364  73.972 0.0000000000
51840  -1.443  -28.531  71.860 0.0000000000
48437  -2.153  -31.007  70.499 0.0000000000
47267  -1.381  -32.786  67.135 0.0000000000
45187  -1.381  -35.529  64.901 0.0000000000
40083  -1.393  -39.697  68.978 0.0000000000
40134  -1.366  -39.467  66.311 0.0000000000
42344  -1.204  -37.723  62.448 0.0000000000
57415  -33.932  -23.775  66.078 0.0000000000
57407  -34.175  -22.920  67.391 0.0000000000
56397  -32.890  -24.821  65.236 0.0000000000
56398  -33.514  -24.265  64.661 0.0000000000
56369  -32.701  -24.667  67.174 0.0000000000
55304  -32.225  -25.317  65.810 0.0000000000
57397  -33.482  -23.251  68.137 0.0000000000
56361  -32.632  -24.500  68.011 0.0000000000
72496  -51.066  -10.807  46.828 0.0000000000
70255  -49.615  -12.116  46.360 0.0000000000
70275  -48.307  -12.050  44.922 0.0000000000
71389  -50.126  -11.353  45.718 0.0000000000
72504  -50.072  -10.729  44.809 0.0000000000
66867  -41.284  -15.287  54.878 0.0000000000
66853  -42.260  -15.093  56.085 0.0000000000
66852  -41.437  -15.332  55.736 0.0000000000
65740  -38.556  -16.613  52.882 0.0000000000
65729  -40.078  -15.921  53.854 0.0000000000
66894  -40.431  -15.448  53.375 0.0000000000
47335  -2.856  -32.997  63.259 0.0000000000
46230  -3.104  -33.343  61.930 0.0000000000
46241  -1.945  -34.502  61.264 0.0000000000
45239  -1.799  -35.492  60.401 0.0000000000
44224  -1.641  -36.247  61.202 0.0000000000
44065  -9.151  -35.967  70.521 0.0000000000
43143  -8.622  -36.087  71.559 0.0000000000
59796  -36.067  -21.102  59.521 0.0000000000
59795  -35.567  -21.657  59.135 0.0000000000
60920  -36.289  -20.415  58.929 0.0000000000
62123  -36.480  -19.714  58.261 0.0000000000
75839  -52.180  -7.089  41.438 0.0000000000
75841  -51.379  -7.228  40.235 0.0000000000
76912  -52.740  -6.053  40.489 0.0000000000
54113  -0.373  -26.662  70.637 0.0000000000
51855  -0.599  -27.931  69.500 0.0000000000
53014  -0.933  -27.883  70.732 0.0000000000
68030  -47.239  -13.623  51.472 0.0000000000
69118  -48.079  -13.283  51.887 0.0000000000
66944  -45.085  -14.931  50.286 0.0000000000
65792  -44.028  -15.912  49.162 0.0000000000
66945  -45.745  -14.700  50.108 0.0000000000
66954  -46.001  -14.825  49.312 0.0000000000
48414  -14.417  -31.280  73.271 0.0000000000
47201  -14.667  -31.476  72.873 0.0000000000
47237  -22.282  -31.628  69.411 0.0000000000
47246  -21.349  -32.157  68.663 0.0000000000
54327  -2.411  -26.572  53.865 0.0000000000
51903  -0.873  -28.503  63.005 0.0000000000
51920  -1.242  -29.162  61.911 0.0000000000
49623  -2.832  -30.023  62.060 0.0000000000
47452  -3.774  -32.084  56.380 0.0000000000
48579  -5.285  -31.142  56.585 0.0000000000
48591  -4.346  -31.504  55.415 0.0000000000
54054  -7.132  -26.335  76.722 0.0000000000
52961  -7.751  -27.625  76.905 0.0000000000
43138  -2.005  -36.041  72.204 0.0000000000
45089  -1.958  -34.399  72.918 0.0000000000
44052  -1.245  -35.303  71.565 0.0000000000
44063  -0.999  -34.894  70.905 0.0000000000
43160  -1.436  -36.454  70.053 0.0000000000
57467  -34.495  -23.369  62.744 0.0000000000
57479  -34.570  -23.452  61.827 0.0000000000
58594  -34.833  -22.517  62.204 0.0000000000
58608  -35.090  -22.029  61.528 0.0000000000
54150  -29.945  -26.247  66.753 0.0000000000
54132  -30.248  -25.688  68.502 0.0000000000
54148  -28.307  -25.824  66.083 0.0000000000
55287  -27.559  -25.686  66.544 0.0000000000
74693  -52.144  -8.349  43.765 0.0000000000
73618  -51.324  -9.270  44.424 0.0000000000
72524  -49.946  -9.716  42.692 0.0000000000
73622  -51.227  -8.938  43.580 0.0000000000
74698  -51.209  -8.410  42.686 0.0000000000
66898  -43.618  -14.378  52.932 0.0000000000
67988  -45.287  -13.822  53.898 0.0000000000
67987  -44.409  -14.022  54.222 0.0000000000
66912  -42.076  -14.699  52.635 0.0000000000
66940  -41.683  -14.980  51.069 0.0000000000
66926  -42.306  -14.736  51.719 0.0000000000
66927  -43.216  -14.826  51.538 0.0000000000
56480  -0.440  -24.346  57.834 0.0000000000
55430  -0.704  -25.601  56.519 0.0000000000
55417  -0.427  -25.784  57.436 0.0000000000
50738  -6.081  -29.298  65.340 0.0000000000
50766  -7.104  -29.755  63.320 0.0000000000
48502  -7.098  -31.037  63.878 0.0000000000
47376  -4.010  -32.922  60.189 0.0000000000
47355  -5.972  -32.235  61.043 0.0000000000
47401  -4.193  -32.678  58.965 0.0000000000
46275  -3.259  -33.331  58.181 0.0000000000
45288  -2.487  -34.877  57.654 0.0000000000
47186  -8.437  -32.238  75.619 0.0000000000
47180  -7.603  -32.043  76.122 0.0000000000
46122  -7.534  -33.147  75.609 0.0000000000
43118  -6.373  -36.025  74.108 0.0000000000
44009  -5.942  -35.263  74.880 0.0000000000
43117  -5.395  -36.041  74.210 0.0000000000
44023  -4.531  -36.054  74.043 0.0000000000
64517  -38.674  -17.329  57.342 0.0000000000
63343  -37.280  -18.460  56.777 0.0000000000
63352  -36.902  -18.408  55.790 0.0000000000
63353  -37.846  -18.028  55.933 0.0000000000
64547  -38.228  -17.407  55.103 0.0000000000
52994  -24.809  -26.935  73.274 0.0000000000
50675  -24.114  -29.411  71.726 0.0000000000
51852  -24.521  -29.097  71.587 0.0000000000
54100  -28.474  -25.416  71.537 0.0000000000
54099  -27.624  -25.884  71.789 0.0000000000
53016  -27.058  -26.742  70.463 0.0000000000
50727  -25.528  -29.531  65.963 0.0000000000
50698  -25.507  -29.177  67.385 0.0000000000
49574  -25.290  -29.960  66.991 0.0000000000
49573  -24.739  -30.539  67.352 0.0000000000
49601  -24.648  -31.189  64.962 0.0000000000
47311  -23.367  -32.608  63.936 0.0000000000
55270  -0.211  -25.210  67.592 0.0000000000
54144  -0.314  -26.332  66.273 0.0000000000
54159  -0.299  -26.460  65.259 0.0000000000
51867  -0.666  -28.169  66.744 0.0000000000
50705  -2.218  -29.283  65.884 0.0000000000
50694  -2.299  -29.273  66.901 0.0000000000
50687  -3.481  -30.171  68.500 0.0000000000
50692  -3.874  -30.207  68.038 0.0000000000
48460  -3.800  -31.180  67.803 0.0000000000
48471  -4.177  -31.544  66.543 0.0000000000
48470  -3.061  -31.769  67.379 0.0000000000
69150  -49.913  -13.070  48.375 0.0000000000
70239  -50.976  -12.075  49.409 0.0000000000
70235  -50.473  -12.642  49.929 0.0000000000
68058  -47.399  -14.502  48.039 0.0000000000
66995  -46.907  -14.566  46.858 0.0000000000
68072  -48.057  -14.202  47.552 0.0000000000
69156  -49.189  -13.060  47.645 0.0000000000
49526  -11.729  -30.406  75.276 0.0000000000
46137  -12.546  -32.844  72.553 0.0000000000
47198  -11.431  -32.678  73.436 0.0000000000
46142  -11.748  -33.541  72.102 0.0000000000
45092  -10.583  -34.471  71.577 0.0000000000
45105  -11.345  -33.983  70.487 0.0000000000
47307  -19.037  -32.663  64.294 0.0000000000
47276  -19.286  -32.592  66.437 0.0000000000
47290  -17.601  -32.466  65.501 0.0000000000
47272  -15.403  -32.641  66.537 0.0000000000
47256  -16.582  -32.577  67.439 0.0000000000
47241  -15.850  -32.784  68.356 0.0000000000
47231  -16.054  -32.774  69.435 0.0000000000
46172  -14.926  -33.043  68.758 0.0000000000
46162  -14.161  -33.126  69.557 0.0000000000
46184  -13.975  -33.339  67.763 0.0000000000
45164  -12.082  -34.674  66.563 0.0000000000
55366  -2.030  -25.616  60.890 0.0000000000
50799  -1.631  -29.402  59.277 0.0000000000
51949  -0.892  -28.459  58.859 0.0000000000
50833  -1.819  -29.265  57.973 0.0000000000
51985  -2.188  -28.792  56.700 0.0000000000
51969  -4.222  -28.938  57.392 0.0000000000
50779  -8.315  -29.862  61.605 0.0000000000
50790  -6.895  -29.251  61.051 0.0000000000
50806  -8.316  -29.237  60.222 0.0000000000
50853  -8.356  -29.622  57.039 0.0000000000
50837  -8.840  -29.185  58.137 0.0000000000
53123  -8.687  -27.340  56.923 0.0000000000
53122  -7.969  -27.086  57.152 0.0000000000
53161  -8.841  -27.389  55.787 0.0000000000
53181  -8.170  -27.000  54.690 0.0000000000
54059  -2.745  -26.334  75.014 0.0000000000
47177  -5.066  -31.936  76.300 0.0000000000
49513  -4.946  -30.332  76.398 0.0000000000
48397  -3.789  -31.425  75.843 0.0000000000
47195  -1.466  -31.974  73.340 0.0000000000
49531  -2.413  -30.392  74.625 0.0000000000
49537  -1.844  -30.374  73.708 0.0000000000
50664  -1.586  -29.426  73.210 0.0000000000
49544  -1.553  -30.359  72.656 0.0000000000
49553  -2.199  -30.085  71.007 0.0000000000
48436  -1.671  -31.339  71.085 0.0000000000
45132  -1.369  -34.636  68.257 0.0000000000
46168  -1.003  -32.865  68.585 0.0000000000
46190  -1.142  -34.307  66.692 0.0000000000
46199  -1.337  -33.834  65.807 0.0000000000
44154  -1.432  -36.056  65.322 0.0000000000
37793  -0.928  -41.351  67.874 0.0000000000
40098  -1.540  -39.612  68.061 0.0000000000
58565  -34.570  -22.876  63.992 0.0000000000
55345  -32.233  -25.806  62.332 0.0000000000
55346  -32.854  -25.236  62.498 0.0000000000
55332  -33.100  -24.882  62.898 0.0000000000
57457  -34.284  -23.519  63.605 0.0000000000
54163  -29.937  -26.366  65.746 0.0000000000
54177  -30.731  -26.112  65.016 0.0000000000
55316  -31.497  -25.665  64.275 0.0000000000
55277  -31.304  -25.528  67.488 0.0000000000
73613  -51.617  -9.494  45.169 0.0000000000
71406  -47.100  -11.495  43.870 0.0000000000
72511  -48.208  -10.933  43.531 0.0000000000
72523  -48.962  -10.119  42.584 0.0000000000
72512  -48.810  -10.752  43.916 0.0000000000
72505  -50.925  -9.841  44.866 0.0000000000
66882  -42.438  -14.771  54.440 0.0000000000
67986  -43.409  -14.287  54.607 0.0000000000
66869  -42.749  -14.657  55.403 0.0000000000
66839  -43.047  -14.439  56.911 0.0000000000
63379  -36.943  -17.851  53.752 0.0000000000
64572  -37.254  -17.432  52.772 0.0000000000
64587  -37.947  -17.057  51.995 0.0000000000
65768  -38.216  -16.121  51.188 0.0000000000
65769  -39.226  -15.165  50.929 0.0000000000
65755  -39.879  -15.399  52.241 0.0000000000
66911  -41.222  -15.045  52.755 0.0000000000
48491  -5.022  -31.777  64.240 0.0000000000
48501  -6.103  -31.728  63.208 0.0000000000
47319  -4.413  -32.123  63.257 0.0000000000
47353  -3.660  -33.011  61.367 0.0000000000
46251  -3.206  -33.684  60.308 0.0000000000
44283  -2.032  -35.585  58.702 0.0000000000
44267  -1.906  -35.634  59.299 0.0000000000
43274  -1.638  -36.935  59.127 0.0000000000
45078  -8.968  -34.684  73.216 0.0000000000
45070  -7.772  -34.550  74.423 0.0000000000
44026  -8.621  -35.370  72.906 0.0000000000
63334  -37.565  -18.555  57.759 0.0000000000
58623  -34.821  -22.974  59.209 0.0000000000
57513  -34.424  -23.632  57.695 0.0000000000
58630  -35.112  -22.262  58.680 0.0000000000
58638  -34.924  -22.151  57.612 0.0000000000
59818  -35.057  -21.061  56.574 0.0000000000
62132  -36.283  -19.798  57.240 0.0000000000
62133  -36.826  -19.049  57.540 0.0000000000
55207  -26.432  -25.117  73.204 0.0000000000
54128  -26.407  -26.439  67.975 0.0000000000
53025  -26.369  -27.015  68.615 0.0000000000
53035  -25.519  -27.537  66.476 0.0000000000
51888  -25.548  -28.612  65.958 0.0000000000
74721  -50.816  -7.527  39.745 0.0000000000
75845  -50.626  -7.486  38.917 0.0000000000
76920  -51.459  -6.404  38.254 0.0000000000
77991  -51.519  -6.004  37.405 0.0000000000
53024  -0.373  -26.948  68.174 0.0000000000
51868  -1.337  -28.842  67.395 0.0000000000
51859  -0.515  -27.956  68.727 0.0000000000
50685  -1.806  -29.147  69.306 0.0000000000
49564  -3.217  -30.491  68.886 0.0000000000
68049  -48.174  -13.884  49.667 0.0000000000
69119  -48.887  -13.050  51.683 0.0000000000
65813  -43.457  -16.365  48.217 0.0000000000
65833  -44.392  -16.174  47.494 0.0000000000
65852  -44.928  -15.882  46.849 0.0000000000
65816  -45.736  -15.379  48.206 0.0000000000
68048  -47.106  -14.336  49.089 0.0000000000
48403  -12.671  -30.976  74.492 0.0000000000
48408  -13.144  -31.294  73.976 0.0000000000
47199  -12.826  -32.254  73.128 0.0000000000
47210  -13.168  -33.053  71.469 0.0000000000
47303  -15.222  -32.680  64.938 0.0000000000
46194  -14.053  -33.283  66.791 0.0000000000
54195  -1.260  -26.317  61.943 0.0000000000
53085  -1.085  -27.085  61.017 0.0000000000
51919  -0.997  -28.601  61.287 0.0000000000
50786  -1.798  -29.628  60.197 0.0000000000
49656  -3.126  -29.851  59.808 0.0000000000
48548  -7.186  -31.341  59.159 0.0000000000
49665  -8.336  -30.480  58.881 0.0000000000
48570  -7.359  -30.823  58.085 0.0000000000
49687  -6.988  -30.255  56.795 0.0000000000
50868  -7.141  -29.452  56.052 0.0000000000
56261  -7.075  -24.952  76.017 0.0000000000
55169  -5.824  -25.835  76.427 0.0000000000
52964  -4.483  -27.631  76.439 0.0000000000
46126  -3.386  -33.546  74.635 0.0000000000
47190  -3.194  -32.468  75.027 0.0000000000
46125  -2.712  -32.951  74.240 0.0000000000
46131  -1.405  -32.803  73.142 0.0000000000
46139  -0.937  -33.112  72.225 0.0000000000
47218  -0.927  -32.843  70.842 0.0000000000
46144  -0.777  -33.230  71.216 0.0000000000
45124  -1.510  -34.969  69.488 0.0000000000
44100  -1.788  -35.629  68.242 0.0000000000
56471  -33.718  -25.041  59.219 0.0000000000
56439  -33.542  -24.913  60.943 0.0000000000
56455  -34.208  -24.413  60.340 0.0000000000
57499  -34.578  -23.727  59.745 0.0000000000
58616  -34.846  -22.919  60.218 0.0000000000
59780  -35.513  -21.524  61.034 0.0000000000
54115  -28.643  -25.956  70.063 0.0000000000
54117  -30.297  -25.281  69.818 0.0000000000
54123  -29.389  -25.757  69.273 0.0000000000
54122  -28.463  -26.021  69.171 0.0000000000
54147  -26.581  -25.894  66.960 0.0000000000
73638  -49.407  -9.234  41.041 0.0000000000
74706  -51.056  -8.037  41.524 0.0000000000
75830  -51.702  -7.590  42.003 0.0000000000
68018  -45.281  -14.284  51.907 0.0000000000
68002  -46.631  -13.491  53.073 0.0000000000
67989  -46.112  -13.585  53.823 0.0000000000
65788  -39.858  -15.132  49.889 0.0000000000
65772  -42.810  -15.527  50.118 0.0000000000
66928  -44.084  -14.952  51.337 0.0000000000
47278  -22.030  -32.422  66.471 0.0000000000
47277  -20.518  -32.619  66.439 0.0000000000
47293  -21.084  -32.802  65.290 0.0000000000
47325  -19.229  -32.775  63.162 0.0000000000
54325  -1.065  -26.114  55.084 0.0000000000
53175  -1.866  -27.271  54.923 0.0000000000
50751  -3.626  -29.863  63.696 0.0000000000
49611  -4.119  -29.913  63.023 0.0000000000
50752  -4.899  -29.643  63.627 0.0000000000
50767  -7.656  -30.080  62.768 0.0000000000
48524  -8.150  -31.033  61.458 0.0000000000
48509  -6.562  -31.912  61.881 0.0000000000
48522  -6.651  -32.020  61.225 0.0000000000
48537  -7.177  -31.533  60.033 0.0000000000
47403  -6.104  -31.779  59.049 0.0000000000
50647  -7.575  -29.680  76.892 0.0000000000
49516  -7.837  -30.396  76.601 0.0000000000
47179  -6.653  -31.998  76.310 0.0000000000
46120  -5.539  -33.434  75.843 0.0000000000
45069  -7.160  -34.550  74.791 0.0000000000
45062  -5.752  -34.301  75.419 0.0000000000
45067  -4.730  -34.350  75.077 0.0000000000
45066  -3.904  -34.386  74.562 0.0000000000
44038  -3.220  -36.275  73.346 0.0000000000
43152  -2.235  -36.816  72.027 0.0000000000
65716  -39.471  -16.258  55.462 0.0000000000
65664  -40.832  -15.704  57.176 0.0000000000
65663  -40.199  -16.268  57.603 0.0000000000
56503  -34.001  -24.179  56.657 0.0000000000
63364  -36.310  -18.455  54.136 0.0000000000
64548  -38.841  -16.752  55.257 0.0000000000
49557  -23.421  -30.281  70.877 0.0000000000
48453  -23.039  -31.420  68.725 0.0000000000
56295  -27.905  -24.156  72.881 0.0000000000
54087  -26.712  -25.934  72.564 0.0000000000
51854  -25.981  -27.720  71.456 0.0000000000
51866  -26.122  -27.919  69.081 0.0000000000
51861  -25.545  -28.569  69.490 0.0000000000
51857  -25.435  -28.559  70.306 0.0000000000
50688  -24.678  -29.752  69.673 0.0000000000
48449  -24.190  -30.940  68.514 0.0000000000
48474  -22.744  -31.830  67.210 0.0000000000
47295  -23.313  -32.527  64.956 0.0000000000
77996  -52.049  -5.232  36.508 0.0000000000
79029  -52.552  -4.810  36.455 0.0000000000
79034  -53.267  -4.085  35.539 0.0000000000
54182  -0.661  -26.704  63.374 0.0000000000
51894  -0.797  -28.451  63.837 0.0000000000
56389  -0.729  -24.757  64.775 0.0000000000
53043  -0.272  -27.480  65.006 0.0000000000
51895  -1.224  -29.148  64.420 0.0000000000
50722  -3.112  -29.439  65.303 0.0000000000
50723  -4.210  -29.450  65.657 0.0000000000
50725  -6.051  -29.476  66.222 0.0000000000
50695  -3.354  -29.588  67.262 0.0000000000
50697  -4.971  -29.958  67.235 0.0000000000
48473  -6.097  -30.444  66.244 0.0000000000
48480  -4.281  -31.825  65.189 0.0000000000
47301  -3.543  -32.299  64.576 0.0000000000
46207  -2.205  -33.035  64.268 0.0000000000
70247  -50.403  -12.045  47.397 0.0000000000
67007  -45.117  -15.321  46.002 0.0000000000
67008  -46.116  -14.772  45.971 0.0000000000
68093  -46.510  -14.088  45.592 0.0000000000
69172  -47.282  -13.489  45.763 0.0000000000
69165  -49.055  -12.676  46.842 0.0000000000
48395  -9.603  -31.044  75.660 0.0000000000
47187  -9.619  -32.376  75.012 0.0000000000
48406  -11.541  -31.664  74.407 0.0000000000
47192  -10.639  -32.430  74.261 0.0000000000
46129  -9.614  -33.400  74.016 0.0000000000
45103  -10.157  -34.972  70.988 0.0000000000
47260  -21.020  -32.425  67.578 0.0000000000
47259  -19.825  -32.581  67.496 0.0000000000
47244  -19.142  -32.582  68.485 0.0000000000
47274  -17.146  -32.486  66.498 0.0000000000
47243  -18.020  -32.684  68.457 0.0000000000
47233  -18.453  -32.544  69.437 0.0000000000
47224  -17.760  -32.377  70.372 0.0000000000
47213  -15.830  -32.297  71.347 0.0000000000
48420  -15.835  -31.434  72.578 0.0000000000
47212  -14.729  -32.535  71.384 0.0000000000
46154  -13.469  -33.148  70.503 0.0000000000
46153  -12.465  -33.487  70.290 0.0000000000
46183  -13.329  -33.718  67.448 0.0000000000
46169  -12.536  -34.147  68.184 0.0000000000
46159  -11.663  -34.037  69.650 0.0000000000
45125  -10.771  -34.954  68.855 0.0000000000
55383  -0.625  -26.015  59.258 0.0000000000
54220  -0.855  -27.032  60.394 0.0000000000
54252  -0.217  -26.828  58.686 0.0000000000
54271  -0.228  -26.719  57.713 0.0000000000
53136  -1.189  -27.875  56.540 0.0000000000
52001  -2.412  -28.317  56.046 0.0000000000
52003  -4.354  -27.805  55.802 0.0000000000
49639  -4.439  -29.867  61.923 0.0000000000
50788  -5.015  -29.707  60.557 0.0000000000
50819  -5.315  -29.184  59.002 0.0000000000
50821  -8.740  -29.280  59.297 0.0000000000
51954  -7.323  -28.227  58.705 0.0000000000
51953  -6.192  -28.501  58.436 0.0000000000
51970  -5.402  -28.338  57.400 0.0000000000
53138  -6.053  -27.359  56.279 0.0000000000
53158  -6.344  -26.695  55.325 0.0000000000
53179  -6.628  -26.305  54.441 0.0000000000
50639  -6.219  -28.663  77.019 0.0000000000
51815  -5.282  -28.684  76.684 0.0000000000
51813  -3.763  -28.407  76.181 0.0000000000
48404  -2.976  -31.379  75.168 0.0000000000
50653  -2.815  -29.450  75.209 0.0000000000
51821  -2.637  -28.457  74.996 0.0000000000
52977  -2.112  -27.828  74.486 0.0000000000
52985  -1.259  -27.590  73.239 0.0000000000
54103  -0.963  -27.050  72.087 0.0000000000
51851  -1.377  -28.511  70.968 0.0000000000
49560  -2.440  -30.375  70.369 0.0000000000
48445  -2.973  -30.923  69.244 0.0000000000
47229  -1.444  -32.065  69.796 0.0000000000
47238  -1.678  -31.980  68.824 0.0000000000
47253  -2.234  -31.896  67.963 0.0000000000
47283  -1.546  -32.869  66.340 0.0000000000
46206  -1.660  -33.562  64.561 0.0000000000
45201  -1.382  -35.076  62.999 0.0000000000
42247  -1.945  -38.075  70.864 0.0000000000
41209  -1.437  -39.121  70.193 0.0000000000
42258  -1.571  -38.380  70.169 0.0000000000
42267  -1.486  -37.789  69.308 0.0000000000
42280  -1.657  -37.675  68.239 0.0000000000
42306  -1.683  -37.703  66.301 0.0000000000
40145  -1.220  -39.489  65.487 0.0000000000
42314  -1.465  -37.739  65.435 0.0000000000
43227  -1.217  -37.024  64.413 0.0000000000
43228  -1.219  -36.859  63.820 0.0000000000
44184  -1.402  -35.985  62.576 0.0000000000
42356  -1.325  -37.601  61.430 0.0000000000
40200  -1.268  -39.610  60.279 0.0000000000
57416  -34.332  -23.074  66.428 0.0000000000
56382  -33.399  -24.284  65.662 0.0000000000
56370  -33.288  -24.182  66.615 0.0000000000
56381  -32.780  -24.764  66.219 0.0000000000
56362  -33.153  -24.033  67.531 0.0000000000
57398  -34.076  -22.828  67.941 0.0000000000
72493  -51.969  -10.411  47.566 0.0000000000
72492  -51.355  -10.842  47.461 0.0000000000
71383  -50.452  -11.481  46.707 0.0000000000
71382  -50.014  -11.728  46.060 0.0000000000
72499  -50.615  -10.953  46.044 0.0000000000
65717  -40.112  -16.017  54.899 0.0000000000
65728  -39.318  -16.315  54.504 0.0000000000
65718  -40.649  -15.546  54.486 0.0000000000
46229  -2.399  -33.621  62.431 0.0000000000
46240  -1.586  -34.885  61.692 0.0000000000
45214  -1.458  -35.288  62.080 0.0000000000
43162  -8.852  -36.660  69.774 0.0000000000
53007  -0.711  -27.270  70.910 0.0000000000
68020  -47.002  -13.460  52.406 0.0000000000
66930  -45.453  -14.594  50.713 0.0000000000
49539  -15.241  -30.601  73.579 0.0000000000
48415  -15.251  -31.179  73.127 0.0000000000
47247  -22.321  -31.790  68.827 0.0000000000
53194  -3.205  -26.788  53.875 0.0000000000
51912  -1.218  -29.213  62.664 0.0000000000
50763  -2.421  -29.938  62.761 0.0000000000
48577  -3.841  -31.873  55.798 0.0000000000
51811  -8.152  -28.340  76.863 0.0000000000
44036  -1.755  -35.113  72.421 0.0000000000
58579  -34.669  -22.708  63.200 0.0000000000
59750  -34.917  -21.930  62.778 0.0000000000
59767  -35.017  -21.922  62.268 0.0000000000
54149  -29.076  -26.096  66.451 0.0000000000
74689  -52.535  -8.514  44.967 0.0000000000
73623  -51.704  -8.924  44.079 0.0000000000
67999  -43.759  -14.227  53.644 0.0000000000
66913  -42.986  -14.527  52.395 0.0000000000
56466  -0.524  -24.401  58.615 0.0000000000
49600  -6.816  -30.107  65.212 0.0000000000
49613  -7.186  -30.246  64.277 0.0000000000
48493  -6.790  -30.613  64.917 0.0000000000
46274  -2.665  -34.089  58.419 0.0000000000
46123  -8.684  -33.246  74.867 0.0000000000
43129  -5.833  -36.663  73.613 0.0000000000
64505  -38.831  -17.356  58.361 0.0000000000
55408  -33.811  -24.741  58.362 0.0000000000
54086  -25.636  -26.041  73.276 0.0000000000
51838  -24.969  -27.614  72.570 0.0000000000
51849  -25.404  -27.842  71.984 0.0000000000
54109  -27.770  -26.326  70.836 0.0000000000
53021  -26.971  -26.683  69.707 0.0000000000
49584  -25.390  -29.962  66.339 0.0000000000
49593  -25.219  -30.197  65.708 0.0000000000
49592  -24.728  -30.950  65.548 0.0000000000
48494  -24.551  -31.431  64.240 0.0000000000
54134  -0.383  -26.179  67.277 0.0000000000
53034  -0.304  -27.342  66.032 0.0000000000
51877  -1.346  -28.914  66.369 0.0000000000
49568  -3.675  -30.599  68.285 0.0000000000
69149  -48.931  -13.500  48.715 0.0000000000
69141  -49.828  -13.171  49.361 0.0000000000
68059  -48.253  -14.104  48.563 0.0000000000
69148  -48.593  -13.767  48.394 0.0000000000
69155  -48.572  -13.714  47.928 0.0000000000
46143  -12.413  -33.189  72.214 0.0000000000
46146  -11.023  -34.125  71.333 0.0000000000
47306  -17.957  -32.502  64.447 0.0000000000
47291  -18.658  -32.536  65.414 0.0000000000
47255  -15.727  -32.645  67.344 0.0000000000
47240  -15.247  -32.877  67.929 0.0000000000
46185  -14.635  -33.086  67.938 0.0000000000
55352  -2.253  -25.475  61.447 0.0000000000
50817  -3.126  -29.520  58.657 0.0000000000
50816  -2.161  -29.508  58.600 0.0000000000
50834  -2.665  -29.330  57.843 0.0000000000
50835  -3.647  -29.323  57.965 0.0000000000
49641  -8.453  -29.876  61.373 0.0000000000
50792  -8.276  -29.635  61.254 0.0000000000
49651  -8.612  -29.843  60.923 0.0000000000
50854  -8.921  -28.578  56.933 0.0000000000
50870  -8.936  -28.120  56.193 0.0000000000
51989  -9.099  -27.753  56.568 0.0000000000
52005  -8.496  -27.746  55.532 0.0000000000
52004  -7.747  -28.461  55.421 0.0000000000
54061  -3.999  -26.231  76.015 0.0000000000
48398  -4.638  -31.364  76.213 0.0000000000
48419  -1.488  -31.246  73.042 0.0000000000
49552  -1.785  -30.365  71.616 0.0000000000
45148  -1.356  -34.917  67.394 0.0000000000
46180  -1.028  -34.060  67.550 0.0000000000
45162  -1.379  -35.074  66.502 0.0000000000
44141  -1.548  -35.917  66.169 0.0000000000
36612  -1.194  -42.719  67.937 0.0000000000
36595  -0.979  -42.140  68.184 0.0000000000
36611  -0.810  -42.275  67.442 0.0000000000
58551  -34.637  -22.630  64.748 0.0000000000
55331  -32.528  -25.274  63.464 0.0000000000
57442  -33.943  -23.886  64.640 0.0000000000
57456  -33.899  -23.870  64.177 0.0000000000
57443  -34.288  -23.444  64.546 0.0000000000
54164  -30.750  -26.091  66.061 0.0000000000
55303  -31.487  -25.676  65.386 0.0000000000
55317  -32.284  -25.280  64.747 0.0000000000
55330  -31.465  -25.897  63.145 0.0000000000
55289  -32.179  -25.299  66.835 0.0000000000
55278  -32.136  -25.187  67.824 0.0000000000
54151  -30.694  -25.938  67.024 0.0000000000
72501  -51.932  -9.676  45.820 0.0000000000
73610  -52.384  -9.352  46.268 0.0000000000
69181  -47.146  -12.877  44.949 0.0000000000
70263  -47.827  -12.667  45.227 0.0000000000
71397  -48.981  -11.367  44.904 0.0000000000
71396  -48.147  -11.582  44.433 0.0000000000
71407  -47.967  -11.209  43.795 0.0000000000
72503  -49.272  -10.915  44.566 0.0000000000
66896  -41.818  -15.006  53.593 0.0000000000
66838  -42.507  -14.889  57.198 0.0000000000
64559  -37.542  -17.406  53.400 0.0000000000
65741  -38.959  -16.330  53.272 0.0000000000
65753  -38.537  -16.475  52.381 0.0000000000
66880  -41.193  -15.268  54.107 0.0000000000
66895  -40.979  -15.222  53.427 0.0000000000
48500  -5.220  -31.951  63.407 0.0000000000
46250  -2.440  -34.340  60.328 0.0000000000
45258  -2.098  -34.961  59.451 0.0000000000
45240  -1.920  -34.903  60.302 0.0000000000
44246  -1.756  -36.176  60.582 0.0000000000
44266  -1.830  -36.106  59.730 0.0000000000
43271  -1.681  -36.944  60.029 0.0000000000
42370  -1.515  -37.794  59.472 0.0000000000
63324  -37.792  -18.629  58.745 0.0000000000
58629  -34.720  -22.947  58.210 0.0000000000
59802  -35.950  -21.073  58.616 0.0000000000
59801  -35.418  -21.545  58.226 0.0000000000
59808  -35.320  -21.231  57.345 0.0000000000
60938  -35.833  -20.576  57.325 0.0000000000
55195  -25.954  -24.797  73.551 0.0000000000
54136  -26.103  -26.449  67.347 0.0000000000
54135  -25.726  -26.767  66.826 0.0000000000
74713  -50.858  -7.817  40.528 0.0000000000
74720  -50.036  -8.355  39.595 0.0000000000
75846  -51.363  -6.967  39.349 0.0000000000
75850  -51.063  -6.833  38.396 0.0000000000
76921  -51.891  -6.196  38.489 0.0000000000
76916  -52.125  -6.265  39.398 0.0000000000
53018  -0.384  -26.494  68.801 0.0000000000
51856  -1.095  -28.424  70.058 0.0000000000
51860  -0.993  -28.489  69.222 0.0000000000
50686  -2.915  -29.794  68.976 0.0000000000
50682  -2.453  -29.716  69.913 0.0000000000
69139  -48.479  -13.448  50.406 0.0000000000
69129  -48.377  -13.332  51.123 0.0000000000
65791  -43.107  -16.048  49.335 0.0000000000
65793  -44.727  -15.342  49.121 0.0000000000
65814  -44.542  -15.834  48.369 0.0000000000
65834  -45.238  -15.656  47.686 0.0000000000
65815  -45.316  -15.362  48.480 0.0000000000
68039  -47.184  -14.070  50.294 0.0000000000
68047  -46.470  -14.526  49.265 0.0000000000
49533  -13.869  -30.623  74.309 0.0000000000
47200  -14.055  -31.725  72.819 0.0000000000
48413  -13.683  -31.467  73.377 0.0000000000
47203  -13.051  -32.896  72.057 0.0000000000
46211  -14.549  -32.924  65.209 0.0000000000
46210  -13.913  -33.272  64.710 0.0000000000
54194  -0.816  -26.815  62.372 0.0000000000
54207  -0.856  -27.089  61.790 0.0000000000
53076  -0.832  -27.665  61.792 0.0000000000
49622  -2.218  -29.911  61.476 0.0000000000
50774  -1.581  -29.489  61.204 0.0000000000
49636  -2.227  -29.845  60.779 0.0000000000
50787  -2.328  -29.820  60.085 0.0000000000
49647  -2.813  -29.913  60.308 0.0000000000
48557  -6.196  -31.469  58.307 0.0000000000
48558  -6.974  -31.207  58.486 0.0000000000
48569  -6.714  -31.006  57.853 0.0000000000
49686  -6.010  -30.538  56.777 0.0000000000
49701  -6.308  -30.060  56.304 0.0000000000
50867  -6.098  -29.799  55.907 0.0000000000
54047  -6.716  -27.008  76.893 0.0000000000
55170  -6.704  -25.687  76.425 0.0000000000
54053  -6.297  -26.453  76.716 0.0000000000
54052  -5.391  -26.907  76.560 0.0000000000
54045  -5.734  -27.161  76.721 0.0000000000
45077  -3.225  -34.421  74.099 0.0000000000
46133  -2.855  -33.752  73.964 0.0000000000
46140  -1.430  -33.655  72.843 0.0000000000
46138  -0.776  -33.217  71.699 0.0000000000
45101  -0.715  -34.196  71.164 0.0000000000
44080  -1.623  -35.750  69.436 0.0000000000
45114  -1.402  -35.189  69.856 0.0000000000
44101  -1.839  -35.581  68.876 0.0000000000
45133  -1.705  -35.111  68.904 0.0000000000
44079  -1.837  -35.900  68.868 0.0000000000
55390  -33.201  -25.384  59.076 0.0000000000
56454  -33.691  -25.063  59.842 0.0000000000
56427  -33.453  -24.712  62.182 0.0000000000
55360  -32.872  -25.475  61.567 0.0000000000
56440  -34.142  -24.227  61.445 0.0000000000
58607  -34.832  -22.779  61.209 0.0000000000
54188  -29.779  -26.438  63.652 0.0000000000
55234  -29.668  -24.969  71.261 0.0000000000
54111  -29.484  -25.304  70.768 0.0000000000
55257  -31.531  -24.702  69.410 0.0000000000
55256  -30.713  -25.153  69.390 0.0000000000
54131  -29.246  -25.963  68.402 0.0000000000
54130  -28.253  -25.917  68.287 0.0000000000
54137  -26.928  -25.901  67.412 0.0000000000
55276  -27.394  -25.684  67.014 0.0000000000
55285  -26.141  -25.642  66.039 0.0000000000
73629  -50.503  -9.067  42.375 0.0000000000
73628  -49.615  -9.450  41.935 0.0000000000
73639  -50.165  -9.038  41.409 0.0000000000
74712  -50.452  -8.457  40.911 0.0000000000
74705  -50.641  -8.562  41.894 0.0000000000
74699  -52.093  -7.831  42.774 0.0000000000
75831  -52.461  -7.091  42.331 0.0000000000
68001  -45.757  -14.038  53.015 0.0000000000
67977  -45.164  -13.678  54.887 0.0000000000
67978  -45.750  -13.544  54.450 0.0000000000
67975  -43.540  -14.330  55.760 0.0000000000
67976  -44.311  -14.065  55.279 0.0000000000
66938  -39.923  -15.133  51.497 0.0000000000
66950  -40.050  -14.960  50.756 0.0000000000
66941  -42.559  -15.093  50.906 0.0000000000
66914  -43.934  -14.485  52.147 0.0000000000
66915  -44.543  -14.527  51.725 0.0000000000
47326  -20.106  -32.950  62.871 0.0000000000
56501  -0.809  -24.473  56.209 0.0000000000
54307  -0.926  -26.508  55.877 0.0000000000
54308  -1.313  -26.835  55.163 0.0000000000
50736  -3.995  -29.629  64.625 0.0000000000
49626  -7.452  -30.437  63.195 0.0000000000
49627  -7.927  -30.407  62.406 0.0000000000
48511  -8.123  -30.761  62.055 0.0000000000
47320  -5.184  -32.090  62.842 0.0000000000
47377  -5.132  -32.513  60.078 0.0000000000
47356  -6.629  -32.004  60.791 0.0000000000
47379  -6.848  -31.824  60.503 0.0000000000
48536  -6.665  -31.633  59.434 0.0000000000
47402  -5.368  -32.224  59.106 0.0000000000
47420  -3.777  -32.638  57.739 0.0000000000
44293  -1.904  -36.142  58.257 0.0000000000
48393  -8.080  -31.158  76.266 0.0000000000
46116  -6.953  -32.691  76.044 0.0000000000
46115  -6.088  -32.761  76.226 0.0000000000
44010  -6.980  -35.244  74.327 0.0000000000
45068  -5.292  -34.837  75.051 0.0000000000
45061  -5.169  -33.865  75.489 0.0000000000
44007  -4.285  -34.854  74.552 0.0000000000
43127  -3.958  -36.701  73.478 0.0000000000
43139  -2.770  -36.782  72.659 0.0000000000
65700  -39.577  -16.272  56.317 0.0000000000
65680  -39.709  -16.423  57.100 0.0000000000
56493  -34.132  -24.214  57.238 0.0000000000
57524  -34.219  -23.572  56.571 0.0000000000
62158  -36.408  -18.809  55.368 0.0000000000
64532  -38.531  -17.247  56.195 0.0000000000
50678  -23.679  -29.783  71.449 0.0000000000
49561  -23.743  -30.560  70.217 0.0000000000
48442  -23.380  -31.015  69.820 0.0000000000
48448  -23.696  -31.126  69.101 0.0000000000
53006  -27.196  -26.415  71.361 0.0000000000
54088  -27.363  -25.515  72.330 0.0000000000
54098  -26.818  -26.291  72.090 0.0000000000
52996  -26.498  -26.523  72.286 0.0000000000
53005  -26.557  -26.881  71.792 0.0000000000
53029  -26.016  -27.218  67.919 0.0000000000
51870  -26.018  -27.803  68.420 0.0000000000
50693  -25.360  -29.179  68.203 0.0000000000
51865  -25.666  -28.524  68.682 0.0000000000
50689  -25.064  -29.322  69.071 0.0000000000
50684  -25.005  -29.153  69.907 0.0000000000
48464  -24.229  -31.203  66.934 0.0000000000
48455  -24.202  -31.050  67.794 0.0000000000
48463  -23.484  -31.419  67.425 0.0000000000
48475  -23.418  -31.816  66.356 0.0000000000
47279  -22.913  -32.361  65.726 0.0000000000
47329  -23.422  -32.607  63.017 0.0000000000
77992  -52.010  -5.815  37.701 0.0000000000
79033  -52.472  -4.630  35.857 0.0000000000
79030  -53.112  -4.519  36.694 0.0000000000
55323  -0.977  -25.668  63.466 0.0000000000
53060  -0.689  -27.641  63.208 0.0000000000
53051  -0.561  -27.548  64.072 0.0000000000
56363  -0.132  -24.397  66.663 0.0000000000
55295  -0.383  -25.503  65.488 0.0000000000
51876  -0.624  -28.319  65.742 0.0000000000
51886  -0.632  -28.435  64.746 0.0000000000
50721  -2.072  -29.448  64.916 0.0000000000
50706  -3.274  -29.393  66.300 0.0000000000
50724  -5.241  -29.434  65.981 0.0000000000
49572  -5.035  -30.257  67.195 0.0000000000
50696  -4.369  -29.944  67.424 0.0000000000
49580  -5.691  -30.138  66.794 0.0000000000
48472  -5.514  -30.712  66.559 0.0000000000
48481  -5.302  -31.332  65.530 0.0000000000
47285  -3.318  -32.190  65.643 0.0000000000
47317  -2.782  -32.803  64.045 0.0000000000
70243  -50.830  -12.002  48.473 0.0000000000
66993  -45.551  -15.543  47.073 0.0000000000
66994  -46.252  -15.114  46.734 0.0000000000
68083  -46.683  -14.421  46.299 0.0000000000
68094  -46.992  -14.033  46.027 0.0000000000
69171  -46.712  -13.695  45.402 0.0000000000
69163  -47.644  -13.685  46.333 0.0000000000
69157  -50.011  -12.711  47.685 0.0000000000
70246  -49.741  -12.465  47.124 0.0000000000
49524  -10.145  -30.699  75.644 0.0000000000
48400  -10.114  -31.394  75.305 0.0000000000
47188  -10.382  -31.956  74.968 0.0000000000
48407  -12.271  -31.451  74.214 0.0000000000
48402  -12.015  -31.082  74.775 0.0000000000
47193  -11.876  -32.079  73.918 0.0000000000
47197  -10.788  -32.926  73.628 0.0000000000
46130  -10.438  -33.088  73.761 0.0000000000
46134  -9.821  -33.817  73.346 0.0000000000
45080  -10.394  -34.287  72.322 0.0000000000
45115  -10.000  -35.236  70.389 0.0000000000
44066  -9.708  -35.664  69.873 0.0000000000
44067  -10.256  -35.342  69.238 0.0000000000
47289  -16.633  -32.452  65.589 0.0000000000
47257  -17.594  -32.593  67.462 0.0000000000
47232  -17.299  -32.670  69.434 0.0000000000
47230  -15.471  -32.817  69.761 0.0000000000
47223  -16.564  -32.511  70.408 0.0000000000
47206  -16.182  -31.797  72.032 0.0000000000
46155  -14.303  -32.967  70.235 0.0000000000
46193  -13.338  -33.646  66.395 0.0000000000
46182  -12.722  -34.219  67.040 0.0000000000
45151  -11.990  -34.584  67.632 0.0000000000
45136  -11.868  -34.408  68.414 0.0000000000
46160  -12.285  -33.862  69.273 0.0000000000
45126  -11.442  -34.359  69.145 0.0000000000
56449  -1.923  -25.118  60.428 0.0000000000
57489  -1.738  -24.311  60.349 0.0000000000
56448  -1.266  -25.095  59.798 0.0000000000
53084  -0.843  -27.678  60.897 0.0000000000
54221  -1.327  -26.571  60.803 0.0000000000
53093  -0.628  -27.725  59.971 0.0000000000
51966  -0.751  -28.236  58.342 0.0000000000
53103  -0.465  -27.782  59.006 0.0000000000
53119  -0.302  -27.622  58.063 0.0000000000
53135  -0.720  -27.545  57.180 0.0000000000
51986  -3.239  -28.645  56.739 0.0000000000
52002  -3.462  -28.096  55.919 0.0000000000
50764  -5.126  -29.564  62.477 0.0000000000
50789  -5.918  -29.321  60.808 0.0000000000
50803  -5.612  -29.290  59.899 0.0000000000
49677  -8.606  -29.957  58.377 0.0000000000
51955  -8.271  -28.497  58.775 0.0000000000
53104  -6.985  -27.948  58.014 0.0000000000
51971  -6.361  -28.012  57.615 0.0000000000
53139  -7.234  -26.868  56.278 0.0000000000
53157  -5.033  -27.309  55.292 0.0000000000
54077  -1.168  -26.633  73.496 0.0000000000
50646  -6.732  -29.617  76.967 0.0000000000
49512  -4.499  -29.828  76.250 0.0000000000
50644  -4.886  -29.341  76.489 0.0000000000
50643  -4.185  -29.319  76.220 0.0000000000
51814  -4.625  -28.557  76.470 0.0000000000
50654  -3.484  -29.422  75.791 0.0000000000
49530  -2.110  -29.882  74.229 0.0000000000
50660  -2.331  -29.376  74.570 0.0000000000
51827  -2.122  -28.690  74.364 0.0000000000
51831  -1.378  -28.532  72.800 0.0000000000
52997  -1.229  -27.704  72.376 0.0000000000
53008  -1.073  -27.653  71.489 0.0000000000
49559  -2.067  -30.630  70.911 0.0000000000
49563  -2.832  -30.392  69.580 0.0000000000
48444  -2.496  -31.081  69.827 0.0000000000
46150  -0.824  -33.205  70.343 0.0000000000
47219  -1.225  -32.294  70.644 0.0000000000
46158  -1.022  -32.637  69.483 0.0000000000
46181  -1.056  -33.196  67.718 0.0000000000
47252  -1.504  -32.443  67.858 0.0000000000
47239  -2.330  -31.668  68.508 0.0000000000
47268  -2.101  -32.270  67.010 0.0000000000
45175  -1.358  -34.291  65.022 0.0000000000
45188  -1.441  -34.935  64.287 0.0000000000
41191  -1.731  -39.047  70.859 0.0000000000
38951  -0.895  -40.964  68.926 0.0000000000
38936  -1.078  -40.625  69.385 0.0000000000
40063  -1.229  -39.717  69.802 0.0000000000
41220  -1.495  -38.903  69.513 0.0000000000
41228  -1.617  -38.713  68.626 0.0000000000
40116  -1.467  -39.499  67.144 0.0000000000
41242  -1.660  -38.625  67.671 0.0000000000
42295  -1.743  -37.672  67.238 0.0000000000
41256  -1.588  -38.592  66.754 0.0000000000
41264  -1.488  -38.607  65.873 0.0000000000
41270  -1.280  -38.637  64.979 0.0000000000
43219  -1.339  -36.921  65.030 0.0000000000
42323  -1.191  -37.740  64.631 0.0000000000
42335  -1.073  -37.740  63.433 0.0000000000
43236  -1.260  -36.836  62.984 0.0000000000
43244  -1.365  -36.810  62.116 0.0000000000
58541  -34.626  -22.373  65.717 0.0000000000
58533  -34.520  -22.224  66.755 0.0000000000
57426  -33.962  -23.865  65.178 0.0000000000
57396  -32.940  -23.723  68.462 0.0000000000
56354  -32.959  -23.944  68.167 0.0000000000
72497  -51.881  -10.045  46.531 0.0000000000
70254  -48.760  -12.608  46.151 0.0000000000
70264  -48.471  -12.383  45.495 0.0000000000
70265  -49.029  -12.020  45.624 0.0000000000
71388  -49.578  -11.643  45.654 0.0000000000
71398  -49.698  -11.284  45.264 0.0000000000
66868  -42.027  -15.116  55.155 0.0000000000
66837  -41.577  -15.374  56.692 0.0000000000
65742  -39.943  -15.574  52.829 0.0000000000
65730  -40.655  -15.455  53.848 0.0000000000
47318  -3.518  -32.489  63.623 0.0000000000
47336  -3.460  -32.807  62.572 0.0000000000
45226  -1.738  -35.034  60.774 0.0000000000
45225  -1.636  -35.433  61.215 0.0000000000
43264  -1.600  -36.906  60.868 0.0000000000
44053  -9.046  -35.793  71.215 0.0000000000
44040  -8.866  -35.623  72.047 0.0000000000
43154  -8.610  -36.323  70.961 0.0000000000
59788  -35.603  -21.642  60.082 0.0000000000
60928  -36.134  -20.445  58.041 0.0000000000
62115  -36.652  -19.712  59.226 0.0000000000
57349  -27.410  -23.276  73.169 0.0000000000
53044  -25.261  -27.524  65.630 0.0000000000
75842  -52.036  -7.031  40.624 0.0000000000
77970  -53.302  -5.616  41.222 0.0000000000
54120  -0.261  -26.657  69.894 0.0000000000
53013  -0.542  -27.450  70.157 0.0000000000
68031  -47.898  -13.461  51.291 0.0000000000
69117  -47.503  -13.345  52.234 0.0000000000
66943  -44.336  -15.211  50.432 0.0000000000
65774  -44.306  -15.472  49.700 0.0000000000
66952  -44.747  -15.201  49.813 0.0000000000
66953  -45.298  -15.037  49.517 0.0000000000
66962  -45.563  -15.090  48.969 0.0000000000
68038  -46.441  -14.448  49.835 0.0000000000
48409  -14.145  -31.083  73.855 0.0000000000
48410  -14.758  -30.907  73.586 0.0000000000
48434  -22.653  -30.878  70.648 0.0000000000
54346  -1.896  -26.070  53.598 0.0000000000
51911  -0.952  -28.505  62.206 0.0000000000
50762  -1.814  -29.761  62.177 0.0000000000
48567  -5.022  -31.667  57.241 0.0000000000
48568  -5.879  -31.158  57.441 0.0000000000
48578  -4.455  -31.634  56.351 0.0000000000
48592  -4.919  -31.241  55.883 0.0000000000
54048  -7.456  -26.984  76.924 0.0000000000
52960  -7.023  -27.622  76.926 0.0000000000
44037  -2.599  -35.437  73.141 0.0000000000
45102  -0.950  -34.673  71.572 0.0000000000
44051  -0.937  -34.794  71.312 0.0000000000
44064  -1.270  -35.556  70.428 0.0000000000
43171  -1.569  -36.432  69.491 0.0000000000
56416  -34.179  -23.853  63.080 0.0000000000
54202  -30.581  -26.428  62.839 0.0000000000
54133  -30.828  -25.556  68.062 0.0000000000
54140  -30.004  -26.111  67.682 0.0000000000
54139  -29.098  -26.026  67.467 0.0000000000
74694  -52.862  -7.464  43.961 0.0000000000
73617  -50.620  -9.682  44.091 0.0000000000
73621  -50.517  -9.429  43.203 0.0000000000
73630  -50.886  -8.985  42.952 0.0000000000
74692  -51.517  -8.557  43.354 0.0000000000
68000  -44.582  -14.220  53.002 0.0000000000
66925  -41.403  -14.884  51.903 0.0000000000
46223  -21.454  -33.112  63.224 0.0000000000
56491  -0.583  -24.903  57.192 0.0000000000
54289  -0.569  -26.581  56.826 0.0000000000
50753  -6.095  -29.371  64.183 0.0000000000
50754  -6.699  -29.723  64.707 0.0000000000
47354  -4.808  -32.539  61.159 0.0000000000
46282  -2.706  -34.032  57.465 0.0000000000
47181  -8.254  -31.687  76.038 0.0000000000
47185  -7.750  -32.528  75.853 0.0000000000
43119  -6.902  -35.868  73.824 0.0000000000
64518  -39.125  -16.736  56.780 0.0000000000
64506  -39.448  -16.815  57.698 0.0000000000
58648  -34.541  -22.452  56.576 0.0000000000
62142  -36.616  -19.010  56.608 0.0000000000
63366  -37.463  -17.894  54.997 0.0000000000
51848  -24.408  -28.685  72.192 0.0000000000
50679  -24.341  -29.560  71.074 0.0000000000
55220  -27.834  -25.260  72.288 0.0000000000
50711  -25.580  -29.291  66.592 0.0000000000
51869  -25.726  -28.252  67.819 0.0000000000
49570  -25.170  -29.914  67.783 0.0000000000
49583  -24.850  -30.593  66.427 0.0000000000
48476  -24.320  -31.323  66.132 0.0000000000
48485  -24.158  -31.807  65.315 0.0000000000
47296  -24.038  -32.273  64.439 0.0000000000
47312  -24.118  -32.238  63.597 0.0000000000
74741  -50.007  -7.572  37.594 0.0000000000
55279  -0.295  -25.357  66.492 0.0000000000
50691  -3.417  -29.847  68.083 0.0000000000
49571  -4.250  -30.507  67.683 0.0000000000
47269  -3.012  -32.087  66.534 0.0000000000
70238  -50.444  -12.597  48.941 0.0000000000
66979  -46.797  -14.855  47.480 0.0000000000
68071  -47.394  -14.375  47.246 0.0000000000
68085  -47.821  -14.101  46.987 0.0000000000
46136  -11.966  -33.068  72.801 0.0000000000
46141  -11.044  -34.014  71.936 0.0000000000
45104  -10.914  -34.312  70.768 0.0000000000
47275  -18.171  -32.542  66.466 0.0000000000
47288  -15.752  -32.524  65.690 0.0000000000
47273  -16.217  -32.491  66.519 0.0000000000
46173  -15.470  -32.913  69.156 0.0000000000
46156  -14.777  -32.862  70.259 0.0000000000
46163  -14.992  -32.921  69.705 0.0000000000
46171  -14.035  -33.264  68.662 0.0000000000
45150  -11.266  -35.125  67.221 0.0000000000
55365  -1.643  -25.860  60.500 0.0000000000
50785  -1.118  -29.077  59.835 0.0000000000
51936  -0.808  -28.418  59.520 0.0000000000
50798  -1.123  -28.900  59.109 0.0000000000
50815  -1.403  -29.070  58.505 0.0000000000
50832  -1.464  -29.034  58.016 0.0000000000
51984  -1.374  -28.455  57.162 0.0000000000
50850  -1.978  -29.148  57.316 0.0000000000
51968  -3.295  -29.115  57.386 0.0000000000
50777  -7.032  -29.405  62.098 0.0000000000
50791  -7.775  -29.250  61.234 0.0000000000
50805  -7.605  -28.927  60.340 0.0000000000
51972  -8.984  -28.054  57.592 0.0000000000
53106  -8.414  -27.654  57.709 0.0000000000
53121  -6.962  -27.473  57.219 0.0000000000
53140  -8.224  -26.792  56.221 0.0000000000
53160  -8.394  -26.926  55.324 0.0000000000
48390  -5.448  -31.220  76.483 0.0000000000
49523  -4.332  -30.865  76.099 0.0000000000
47196  -2.046  -32.313  73.846 0.0000000000
48412  -2.317  -31.419  74.342 0.0000000000
48411  -1.832  -31.376  73.746 0.0000000000
50668  -1.560  -29.442  72.235 0.0000000000
48443  -1.837  -31.554  70.229 0.0000000000
46167  -0.998  -33.800  68.417 0.0000000000
46191  -1.183  -33.477  66.861 0.0000000000
46198  -1.291  -34.534  66.125 0.0000000000
45174  -1.379  -35.004  65.514 0.0000000000
38952  -1.100  -40.589  68.497 0.0000000000
38965  -1.214  -40.416  67.493 0.0000000000
38983  -1.191  -40.284  66.632 0.0000000000
41282  -1.061  -38.692  63.771 0.0000000000
56415  -33.559  -24.346  63.429 0.0000000000
55344  -31.382  -26.356  62.088 0.0000000000
56353  -32.594  -24.200  68.686 0.0000000000
55268  -32.139  -24.867  68.648 0.0000000000
54141  -30.600  -25.749  67.740 0.0000000000
73614  -52.404  -9.029  45.493 0.0000000000
74686  -52.607  -8.583  45.428 0.0000000000
70274  -47.469  -12.084  44.552 0.0000000000
70287  -46.900  -12.023  44.227 0.0000000000
71405  -46.428  -11.505  43.424 0.0000000000
72522  -47.783  -10.782  42.936 0.0000000000
66854  -42.938  -14.602  56.337 0.0000000000
64573  -38.218  -17.075  53.018 0.0000000000
66923  -39.881  -15.323  51.969 0.0000000000
66924  -40.441  -15.169  52.148 0.0000000000
57498  -0.860  -24.405  59.286 0.0000000000
48492  -6.208  -31.277  64.647 0.0000000000
47337  -4.486  -32.371  62.194 0.0000000000
46263  -2.655  -34.233  59.386 0.0000000000
45274  -2.330  -34.917  58.564 0.0000000000
44282  -1.818  -36.192  58.877 0.0000000000
45257  -1.880  -35.404  59.814 0.0000000000
42373  -1.624  -37.818  58.536 0.0000000000
45065  -8.332  -33.998  74.544 0.0000000000
45071  -8.629  -34.340  73.936 0.0000000000
44012  -8.388  -35.055  73.453 0.0000000000
44011  -7.843  -35.132  73.883 0.0000000000
44039  -8.194  -35.882  72.582 0.0000000000
44025  -7.844  -35.662  73.193 0.0000000000
43130  -6.984  -36.479  73.146 0.0000000000
63335  -38.321  -18.076  58.014 0.0000000000
63325  -38.401  -18.030  59.013 0.0000000000
57505  -34.505  -23.706  58.694 0.0000000000
58649  -34.894  -21.697  56.857 0.0000000000
60946  -35.375  -20.471  56.248 0.0000000000
60947  -35.895  -20.231  56.618 0.0000000000
55206  -25.747  -25.323  73.458 0.0000000000
52995  -25.913  -26.941  72.654 0.0000000000
54121  -27.548  -26.229  69.080 0.0000000000
53026  -26.838  -26.595  69.045 0.0000000000
53028  -25.734  -27.428  67.235 0.0000000000
50740  -25.408  -29.480  65.258 0.0000000000
49614  -25.033  -30.292  63.836 0.0000000000
74731  -49.975  -7.957  38.333 0.0000000000
75849  -50.482  -7.283  38.055 0.0000000000
75857  -50.771  -6.851  37.823 0.0000000000
76926  -51.148  -6.336  37.559 0.0000000000
76927  -51.649  -6.212  37.993 0.0000000000
77982  -52.749  -5.547  39.666 0.0000000000
54127  -0.431  -26.026  68.080 0.0000000000
51863  -0.577  -28.063  67.760 0.0000000000
51864  -1.187  -28.733  68.429 0.0000000000
69140  -48.972  -13.377  49.803 0.0000000000
69130  -49.036  -13.198  50.808 0.0000000000
66977  -45.594  -15.532  47.494 0.0000000000
66963  -45.993  -15.164  48.579 0.0000000000
66955  -46.420  -14.696  48.885 0.0000000000
66964  -46.638  -14.858  48.301 0.0000000000
49527  -12.747  -30.342  74.928 0.0000000000
49532  -13.199  -30.662  74.480 0.0000000000
46148  -12.637  -33.282  71.361 0.0000000000
47322  -16.267  -32.573  63.699 0.0000000000
47304  -16.043  -32.495  64.736 0.0000000000
47287  -14.956  -32.744  65.818 0.0000000000
47271  -14.699  -32.922  66.575 0.0000000000
46195  -14.505  -33.112  67.261 0.0000000000
46202  -14.030  -33.119  65.814 0.0000000000
46201  -13.266  -33.633  65.309 0.0000000000
55351  -1.670  -26.107  61.403 0.0000000000
54208  -1.126  -26.742  61.557 0.0000000000
53077  -0.937  -27.244  61.424 0.0000000000
50773  -1.175  -29.117  60.584 0.0000000000
50800  -2.541  -29.737  59.525 0.0000000000
50801  -3.533  -29.719  59.387 0.0000000000
48549  -7.863  -31.012  59.495 0.0000000000
49659  -8.504  -30.517  59.785 0.0000000000
48559  -7.660  -30.884  58.670 0.0000000000
49676  -8.088  -30.365  57.919 0.0000000000
49675  -7.269  -30.584  57.506 0.0000000000
49688  -7.749  -30.233  57.146 0.0000000000
50852  -7.628  -29.944  56.710 0.0000000000
56260  -6.205  -24.985  76.179 0.0000000000
55168  -4.895  -25.921  76.145 0.0000000000
54051  -4.248  -26.688  76.220 0.0000000000
46118  -3.827  -33.008  75.410 0.0000000000
47182  -3.654  -32.255  75.606 0.0000000000
46132  -2.175  -33.462  73.465 0.0000000000
47202  -1.211  -32.106  72.602 0.0000000000
47209  -1.146  -32.234  71.628 0.0000000000
46145  -0.852  -32.883  71.594 0.0000000000
45113  -1.092  -34.510  70.066 0.0000000000
45123  -1.263  -34.431  69.076 0.0000000000
55391  -33.674  -25.013  58.779 0.0000000000
56472  -34.130  -24.557  59.143 0.0000000000
58617  -35.146  -22.175  60.624 0.0000000000
56306  -29.226  -24.128  72.036 0.0000000000
54110  -28.780  -25.591  70.993 0.0000000000
55248  -30.612  -24.877  70.316 0.0000000000
54124  -30.146  -25.476  69.351 0.0000000000
54116  -29.658  -25.463  70.165 0.0000000000
54129  -27.144  -26.128  68.276 0.0000000000
54146  -26.069  -26.044  66.691 0.0000000000
55275  -27.068  -25.737  66.860 0.0000000000
72535  -48.771  -9.672  41.414 0.0000000000
68028  -45.441  -14.459  51.165 0.0000000000
68019  -46.357  -13.900  52.147 0.0000000000
66942  -43.452  -15.232  50.722 0.0000000000
66929  -44.885  -14.701  51.081 0.0000000000
47308  -20.312  -32.950  64.033 0.0000000000
47324  -18.204  -32.620  63.360 0.0000000000
47341  -17.391  -32.560  62.429 0.0000000000
55443  -0.937  -25.387  55.583 0.0000000000
54326  -1.579  -26.462  54.354 0.0000000000
53176  -2.753  -27.145  54.517 0.0000000000
50750  -2.627  -29.816  63.481 0.0000000000
49610  -3.221  -29.983  62.905 0.0000000000
49612  -4.660  -29.733  62.929 0.0000000000
50765  -6.110  -29.368  62.954 0.0000000000
50778  -7.895  -29.786  62.076 0.0000000000
49640  -8.368  -30.248  61.624 0.0000000000
48523  -7.279  -31.692  61.120 0.0000000000
48538  -8.031  -31.134  60.443 0.0000000000
48547  -6.630  -31.511  58.885 0.0000000000
47422  -5.586  -31.862  58.498 0.0000000000
47421  -4.817  -32.159  58.073 0.0000000000
47438  -4.127  -32.022  57.142 0.0000000000
49515  -6.948  -30.430  76.740 0.0000000000
48392  -7.229  -31.208  76.420 0.0000000000
48391  -6.335  -31.222  76.566 0.0000000000
47178  -5.786  -31.991  76.406 0.0000000000
47184  -5.222  -32.675  76.151 0.0000000000
45064  -7.757  -34.020  75.025 0.0000000000
45063  -6.784  -34.161  75.297 0.0000000000
44002  -6.621  -34.805  74.932 0.0000000000
44001  -6.263  -34.664  75.182 0.0000000000
46119  -4.695  -33.353  75.587 0.0000000000
46127  -4.103  -33.735  75.055 0.0000000000
44022  -3.679  -35.412  74.027 0.0000000000
44021  -3.003  -34.938  73.739 0.0000000000
65701  -40.131  -15.941  55.824 0.0000000000
65682  -40.787  -15.606  56.250 0.0000000000
65681  -40.205  -16.039  56.707 0.0000000000
65662  -39.801  -16.526  57.493 0.0000000000
56492  -33.657  -24.535  56.836 0.0000000000
57523  -33.911  -23.763  56.114 0.0000000000
64560  -37.813  -17.380  54.072 0.0000000000
64561  -38.577  -16.827  54.305 0.0000000000
50674  -23.356  -29.473  71.956 0.0000000000
49551  -23.098  -29.996  71.444 0.0000000000
48441  -22.742  -31.195  70.064 0.0000000000
48447  -22.811  -31.368  69.385 0.0000000000
48462  -22.858  -31.622  68.043 0.0000000000
56294  -27.072  -24.285  73.156 0.0000000000
55208  -27.367  -25.033  72.752 0.0000000000
53004  -25.904  -27.359  72.169 0.0000000000
53020  -26.468  -27.248  69.430 0.0000000000
53015  -26.508  -27.313  70.203 0.0000000000
51862  -26.103  -28.005  69.878 0.0000000000
51858  -26.052  -28.007  70.709 0.0000000000
50680  -24.919  -29.132  70.587 0.0000000000
50683  -24.558  -29.670  70.300 0.0000000000
49562  -24.310  -30.253  69.949 0.0000000000
49569  -24.644  -30.461  68.177 0.0000000000
49565  -23.997  -30.761  69.686 0.0000000000
48454  -23.573  -31.256  68.268 0.0000000000
47294  -22.258  -32.749  65.172 0.0000000000
47310  -22.543  -32.862  64.226 0.0000000000
77995  -51.382  -5.852  36.951 0.0000000000
55337  -0.913  -26.164  62.886 0.0000000000
51904  -1.212  -29.186  63.524 0.0000000000
55310  -0.541  -25.622  64.513 0.0000000000
50734  -1.936  -29.549  63.985 0.0000000000
50735  -2.885  -29.639  64.347 0.0000000000
50739  -6.484  -29.728  65.657 0.0000000000
49591  -6.512  -30.132  65.952 0.0000000000
50708  -5.283  -29.803  66.814 0.0000000000
50710  -6.253  -29.917  66.479 0.0000000000
48482  -6.231  -30.641  65.721 0.0000000000
48490  -4.238  -31.926  64.514 0.0000000000
46218  -2.218  -33.335  63.645 0.0000000000
46217  -1.541  -34.026  63.320 0.0000000000
71378  -50.584  -11.614  47.259 0.0000000000
71379  -50.942  -11.352  47.657 0.0000000000
70248  -50.681  -11.978  47.903 0.0000000000
68003  -47.045  -13.339  52.860 0.0000000000
67017  -45.071  -14.781  45.152 0.0000000000
68092  -45.739  -14.534  45.428 0.0000000000
68101  -45.493  -14.067  44.788 0.0000000000
69179  -45.708  -13.657  44.602 0.0000000000
69164  -48.212  -13.473  46.749 0.0000000000
70256  -50.117  -12.092  46.855 0.0000000000
48399  -9.303  -31.640  75.479 0.0000000000
46124  -9.417  -32.949  74.594 0.0000000000
47191  -9.821  -32.805  74.493 0.0000000000
45072  -9.331  -34.094  73.473 0.0000000000
45079  -9.734  -34.324  72.873 0.0000000000
45091  -9.776  -34.866  71.991 0.0000000000
44041  -9.473  -35.332  71.402 0.0000000000
44054  -9.566  -35.462  70.733 0.0000000000
47245  -20.263  -32.394  68.538 0.0000000000
47225  -18.876  -32.166  70.316 0.0000000000
47215  -18.245  -31.863  71.050 0.0000000000
47214  -17.070  -31.945  71.389 0.0000000000
47207  -16.774  -31.618  72.004 0.0000000000
47205  -15.041  -31.850  72.293 0.0000000000
47221  -14.483  -32.847  70.711 0.0000000000
47220  -13.993  -32.964  70.681 0.0000000000
47211  -13.749  -32.874  71.272 0.0000000000
46149  -13.250  -33.098  71.153 0.0000000000
46170  -13.244  -33.625  68.478 0.0000000000
46152  -11.731  -33.827  70.123 0.0000000000
45117  -11.245  -34.179  70.015 0.0000000000
45134  -10.807  -35.173  68.040 0.0000000000
56467  -0.598  -25.130  58.942 0.0000000000
54235  -0.497  -26.928  59.597 0.0000000000
55401  -0.335  -25.905  58.363 0.0000000000
53153  -0.911  -27.261  56.400 0.0000000000
52000  -1.667  -28.299  56.375 0.0000000000
53155  -2.594  -27.742  55.340 0.0000000000
53156  -3.710  -27.566  55.195 0.0000000000
49624  -3.785  -30.016  62.344 0.0000000000
49638  -3.653  -30.068  61.563 0.0000000000
50775  -5.174  -29.613  61.457 0.0000000000
49649  -4.395  -30.013  61.116 0.0000000000
49648  -3.602  -30.066  60.760 0.0000000000
49658  -4.263  -29.987  60.413 0.0000000000
50802  -4.540  -29.683  59.685 0.0000000000
49660  -8.758  -29.850  60.039 0.0000000000
51939  -8.007  -28.740  59.760 0.0000000000
51938  -7.514  -28.593  59.508 0.0000000000
50820  -6.130  -28.878  59.327 0.0000000000
51952  -4.978  -28.997  58.121 0.0000000000
51988  -5.414  -27.861  56.689 0.0000000000
53137  -5.060  -27.679  56.137 0.0000000000
53178  -5.338  -26.549  54.228 0.0000000000
53180  -7.641  -26.551  54.125 0.0000000000
54089  -0.709  -26.337  72.324 0.0000000000
50641  -7.408  -28.978  76.970 0.0000000000
51810  -7.267  -28.276  76.927 0.0000000000
51808  -5.867  -28.273  76.923 0.0000000000
50645  -5.794  -29.285  76.910 0.0000000000
52965  -5.234  -27.928  76.648 0.0000000000
52963  -3.769  -27.330  76.167 0.0000000000
48405  -3.355  -31.902  75.460 0.0000000000
48396  -3.421  -30.866  75.664 0.0000000000
49521  -3.127  -30.311  75.460 0.0000000000
51822  -3.163  -28.711  75.586 0.0000000000
52971  -3.218  -27.810  75.660 0.0000000000
52970  -2.749  -27.315  75.049 0.0000000000
54067  -2.136  -26.786  74.585 0.0000000000
52976  -1.493  -27.276  74.072 0.0000000000
51826  -1.614  -28.406  73.783 0.0000000000
54090  -1.051  -26.909  72.753 0.0000000000
50676  -1.846  -29.382  71.259 0.0000000000
50677  -2.227  -29.726  70.609 0.0000000000
48450  -2.006  -31.609  69.538 0.0000000000
48451  -2.544  -31.408  68.989 0.0000000000
48459  -2.884  -31.478  68.228 0.0000000000
47284  -2.340  -32.506  65.986 0.0000000000
47299  -1.726  -32.968  65.472 0.0000000000
38919  -1.263  -40.349  70.055 0.0000000000
41210  -1.553  -39.185  70.534 0.0000000000
41190  -1.588  -38.862  70.475 0.0000000000
42259  -1.571  -37.378  70.198 0.0000000000
42268  -1.486  -36.926  69.582 0.0000000000
43185  -1.843  -36.689  67.744 0.0000000000
43199  -1.782  -36.762  66.723 0.0000000000
38996  -1.084  -40.660  66.165 0.0000000000
43211  -1.585  -36.842  65.825 0.0000000000
44168  -1.370  -36.176  64.472 0.0000000000
42334  -0.970  -38.006  64.072 0.0000000000
44169  -1.399  -35.965  63.520 0.0000000000
44204  -1.521  -36.062  61.784 0.0000000000
43254  -1.502  -36.717  61.486 0.0000000000
41309  -1.406  -38.684  59.876 0.0000000000
38984  -1.124  -40.456  66.301 0.0000000000
38995  -1.112  -40.348  65.993 0.0000000000
40064  -1.534  -39.742  70.554 0.0000000000
41281  -1.084  -38.408  64.377 0.0000000000
42246  -1.711  -38.593  70.588 0.0000000000
42324  -1.076  -37.463  64.081 0.0000000000
45087  -0.735  -33.631  71.722 0.0000000000
45127  -12.029  -34.189  68.772 0.0000000000
46117  -7.444  -32.610  75.919 0.0000000000
46151  -1.070  -32.514  70.070 0.0000000000
46164  -15.494  -32.859  69.516 0.0000000000
47208  -0.976  -32.693  71.180 0.0000000000
47270  -14.333  -33.041  66.307 0.0000000000
47286  -14.508  -32.902  66.049 0.0000000000
48435  -23.165  -30.761  70.312 0.0000000000
48446  -22.318  -31.502  69.773 0.0000000000
48495  -24.873  -30.796  64.091 0.0000000000
49538  -2.073  -30.896  74.117 0.0000000000
49566  -24.483  -30.348  69.099 0.0000000000
49581  -6.178  -30.178  66.439 0.0000000000
49582  -6.379  -29.998  66.316 0.0000000000
49590  -6.298  -30.330  66.124 0.0000000000
49625  -4.435  -29.824  62.546 0.0000000000
49646  -2.270  -29.823  60.340 0.0000000000
49657  -3.647  -29.965  60.036 0.0000000000
49666  -8.722  -29.873  59.099 0.0000000000
49674  -6.565  -30.688  57.294 0.0000000000
50640  -6.668  -28.847  77.009 0.0000000000
50709  -6.065  -29.848  66.592 0.0000000000
50726  -6.341  -29.829  66.242 0.0000000000
50814  -1.146  -28.756  58.741 0.0000000000
50849  -1.533  -28.952  57.676 0.0000000000
50851  -2.673  -29.075  57.151 0.0000000000
51809  -6.566  -28.222  76.961 0.0000000000
51850  -25.999  -27.499  71.884 0.0000000000
51853  -25.125  -28.578  71.245 0.0000000000
51937  -6.810  -28.609  59.214 0.0000000000
51950  -1.100  -28.616  58.489 0.0000000000
51951  -4.293  -29.240  58.005 0.0000000000
51967  -1.210  -28.642  57.985 0.0000000000
51990  -9.071  -27.506  56.164 0.0000000000
52006  -9.031  -27.705  56.017 0.0000000000
52007  -9.143  -27.574  55.875 0.0000000000
52958  -5.764  -27.495  76.783 0.0000000000
53012  -27.017  -26.729  71.092 0.0000000000
53120  -6.042  -27.755  57.065 0.0000000000
53141  -8.877  -27.208  56.139 0.0000000000
53142  -9.011  -27.435  55.970 0.0000000000
53162  -8.920  -27.618  55.829 0.0000000000
54046  -6.030  -27.094  76.825 0.0000000000
54050  -3.801  -26.868  76.106 0.0000000000
55167  -4.310  -26.107  76.042 0.0000000000
55209  -28.086  -24.746  72.486 0.0000000000
55221  -28.677  -25.000  71.955 0.0000000000
55266  -30.553  -25.365  68.931 0.0000000000
55286  -26.861  -25.710  66.347 0.0000000000
56293  -26.411  -24.252  73.409 0.0000000000
60937  -35.473  -20.686  56.837 0.0000000000
65835  -45.584  -15.495  48.028 0.0000000000
66910  -40.591  -15.256  52.904 0.0000000000
68060  -48.525  -13.818  49.066 0.0000000000
68102  -46.081  -14.128  45.084 0.0000000000
70276  -48.701  -11.952  45.233 0.0000000000
71380  -51.492  -10.861  47.761 0.0000000000
71395  -47.664  -11.571  44.179 0.0000000000
71419  -47.422  -11.105  43.401 0.0000000000
72495  -50.702  -11.067  46.529 0.0000000000
77997  -52.589  -4.885  36.749 0.0000000000
