#!ascii label  , from subject 3431 vox2ras=TkReg
1276
61100  -42.732  -21.652  46.674 0.0000000000
72563  -53.625  -10.786  39.164 0.0000000000
67045  -47.841  -15.450  42.784 0.0000000000
42273  -11.995  -37.441  68.611 0.0000000000
59866  -37.495  -22.019  51.137 0.0000000000
45156  -27.031  -34.659  67.032 0.0000000000
51898  -31.565  -28.723  64.386 0.0000000000
54246  -37.078  -26.650  58.915 0.0000000000
57515  -39.464  -23.831  57.258 0.0000000000
44214  -19.983  -35.986  62.407 0.0000000000
44137  -23.587  -35.213  67.524 0.0000000000
45230  -24.537  -35.233  61.282 0.0000000000
49663  -29.213  -30.970  59.493 0.0000000000
51958  -32.938  -28.949  58.785 0.0000000000
63397  -44.303  -19.501  53.152 0.0000000000
62208  -47.263  -19.626  50.609 0.0000000000
70315  -50.424  -12.856  40.766 0.0000000000
63529  -45.441  -18.508  44.380 0.0000000000
73714  -50.842  -9.102  35.040 0.0000000000
40070  -9.317  -39.408  70.477 0.0000000000
60959  -41.214  -20.601  55.070 0.0000000000
61036  -40.078  -21.386  49.439 0.0000000000
45248  -29.395  -34.782  60.180 0.0000000000
47297  -30.277  -32.657  65.687 0.0000000000
64655  -50.233  -17.774  47.557 0.0000000000
78046  -56.403  -5.355  30.350 0.0000000000
53146  -35.772  -27.400  56.452 0.0000000000
55438  -36.717  -26.169  55.735 0.0000000000
44217  -22.930  -35.570  62.152 0.0000000000
50875  -30.934  -29.162  56.123 0.0000000000
51994  -33.551  -28.860  56.507 0.0000000000
53110  -35.313  -27.992  58.595 0.0000000000
61020  -43.769  -21.326  50.107 0.0000000000
62188  -46.141  -20.128  52.224 0.0000000000
62233  -45.280  -20.557  48.944 0.0000000000
71448  -52.444  -11.713  40.306 0.0000000000
71409  -53.046  -11.915  42.963 0.0000000000
74732  -55.177  -9.223  38.674 0.0000000000
40149  -10.245  -39.532  65.392 0.0000000000
41232  -10.691  -39.116  69.150 0.0000000000
58669  -38.601  -23.275  54.299 0.0000000000
59810  -40.445  -22.075  56.519 0.0000000000
59847  -39.395  -21.598  52.778 0.0000000000
62183  -40.571  -20.312  52.156 0.0000000000
60997  -38.537  -21.101  50.666 0.0000000000
45154  -25.218  -34.712  67.080 0.0000000000
42300  -24.910  -37.507  67.294 0.0000000000
42288  -27.090  -37.052  67.691 0.0000000000
43195  -28.597  -36.223  68.811 0.0000000000
45295  -25.665  -34.525  57.348 0.0000000000
46287  -27.778  -33.535  56.571 0.0000000000
50770  -30.420  -29.576  62.461 0.0000000000
48505  -29.898  -31.684  62.807 0.0000000000
49594  -30.005  -30.733  64.756 0.0000000000
47248  -31.447  -32.834  68.107 0.0000000000
44159  -16.146  -35.963  65.034 0.0000000000
44108  -18.024  -35.700  68.306 0.0000000000
45121  -18.561  -34.982  71.190 0.0000000000
64728  -46.544  -17.144  43.436 0.0000000000
63485  -47.787  -18.430  46.317 0.0000000000
67009  -48.854  -16.463  45.003 0.0000000000
79074  -57.795  -4.629  28.865 0.0000000000
43146  -11.446  -36.122  72.154 0.0000000000
56441  -37.471  -24.742  61.132 0.0000000000
58609  -38.910  -23.242  60.746 0.0000000000
56485  -38.453  -25.045  58.129 0.0000000000
56512  -37.822  -24.607  55.085 0.0000000000
44163  -20.231  -35.864  65.422 0.0000000000
44112  -22.053  -35.411  68.276 0.0000000000
44165  -22.372  -35.142  65.377 0.0000000000
45193  -24.213  -34.684  64.302 0.0000000000
45195  -26.321  -34.611  64.436 0.0000000000
48583  -28.027  -31.728  56.195 0.0000000000
50857  -29.130  -30.140  57.215 0.0000000000
50826  -31.090  -29.383  58.800 0.0000000000
51925  -32.060  -28.330  61.752 0.0000000000
53082  -34.597  -27.405  61.706 0.0000000000
55361  -36.490  -26.246  60.976 0.0000000000
44212  -17.996  -35.858  62.388 0.0000000000
63356  -44.765  -18.497  56.168 0.0000000000
65666  -46.991  -17.194  57.884 0.0000000000
64562  -46.000  -18.188  54.307 0.0000000000
64564  -47.943  -17.261  54.019 0.0000000000
69204  -48.804  -14.300  42.144 0.0000000000
67021  -50.071  -14.908  44.628 0.0000000000
70277  -51.888  -12.965  43.594 0.0000000000
34527  -7.780  -44.442  72.590 0.0000000000
62289  -43.953  -20.195  45.598 0.0000000000
64737  -43.807  -17.824  42.181 0.0000000000
68151  -46.335  -14.766  40.660 0.0000000000
69246  -47.702  -13.885  39.560 0.0000000000
70354  -49.708  -12.789  38.164 0.0000000000
71477  -51.245  -11.596  37.737 0.0000000000
73682  -52.034  -10.003  36.973 0.0000000000
73692  -49.716  -10.030  36.091 0.0000000000
43132  -9.593  -36.841  73.516 0.0000000000
41156  -7.611  -38.876  74.585 0.0000000000
36552  -7.839  -42.620  74.249 0.0000000000
63309  -43.084  -18.771  60.813 0.0000000000
59791  -40.538  -21.494  59.989 0.0000000000
60930  -41.634  -20.734  58.239 0.0000000000
63336  -43.390  -19.174  57.782 0.0000000000
62172  -42.230  -19.471  53.697 0.0000000000
62203  -41.993  -20.328  51.514 0.0000000000
59908  -40.898  -21.929  48.553 0.0000000000
42274  -23.619  -37.945  69.083 0.0000000000
45245  -25.998  -34.927  60.471 0.0000000000
44198  -28.864  -35.294  63.126 0.0000000000
47416  -29.842  -33.065  59.505 0.0000000000
46225  -30.764  -34.310  63.058 0.0000000000
45185  -29.595  -34.508  65.498 0.0000000000
45128  -30.279  -34.821  68.115 0.0000000000
42328  -11.940  -37.988  64.611 0.0000000000
43223  -13.963  -36.568  64.710 0.0000000000
43189  -13.358  -36.386  67.864 0.0000000000
63449  -46.466  -19.460  47.373 0.0000000000
64611  -49.083  -18.467  49.138 0.0000000000
65776  -51.179  -16.902  50.750 0.0000000000
66982  -52.427  -15.886  47.515 0.0000000000
74755  -53.421  -8.878  36.299 0.0000000000
75879  -54.422  -7.184  35.175 0.0000000000
78010  -55.724  -5.863  34.380 0.0000000000
76982  -54.995  -6.582  31.693 0.0000000000
78031  -57.531  -4.917  32.933 0.0000000000
53165  -33.980  -27.783  55.043 0.0000000000
53185  -34.523  -27.049  54.431 0.0000000000
53200  -33.978  -26.784  53.516 0.0000000000
52027  -31.753  -28.503  54.482 0.0000000000
52028  -32.880  -28.002  54.449 0.0000000000
52015  -34.550  -28.135  55.923 0.0000000000
61059  -43.394  -21.511  48.442 0.0000000000
61040  -43.971  -21.253  49.229 0.0000000000
61079  -43.469  -21.281  47.518 0.0000000000
72562  -53.047  -11.371  39.719 0.0000000000
72551  -53.067  -11.277  40.800 0.0000000000
72553  -54.385  -10.116  40.453 0.0000000000
73664  -55.211  -9.559  39.782 0.0000000000
73674  -54.599  -9.646  38.227 0.0000000000
41261  -11.258  -38.523  66.654 0.0000000000
41260  -10.808  -39.162  67.054 0.0000000000
41233  -11.181  -38.491  68.671 0.0000000000
59845  -37.987  -22.802  52.889 0.0000000000
59837  -39.532  -21.891  53.924 0.0000000000
59855  -38.564  -21.718  51.981 0.0000000000
59856  -39.299  -21.263  52.096 0.0000000000
59867  -38.260  -21.448  51.156 0.0000000000
44089  -20.402  -35.478  69.386 0.0000000000
45155  -26.155  -34.586  66.991 0.0000000000
43192  -25.944  -36.246  67.463 0.0000000000
45139  -27.173  -34.941  67.699 0.0000000000
43194  -27.918  -36.209  68.655 0.0000000000
45140  -28.066  -34.908  67.778 0.0000000000
51906  -31.025  -29.148  63.346 0.0000000000
50756  -30.057  -30.041  63.145 0.0000000000
50728  -30.899  -29.738  65.198 0.0000000000
49585  -31.039  -30.171  66.106 0.0000000000
44132  -18.772  -35.818  67.379 0.0000000000
44109  -19.040  -35.612  68.372 0.0000000000
44088  -19.316  -35.434  69.395 0.0000000000
64466  -45.486  -17.652  60.723 0.0000000000
65892  -46.990  -16.601  43.119 0.0000000000
64716  -47.370  -17.160  44.460 0.0000000000
67018  -47.960  -16.303  44.065 0.0000000000
56456  -37.703  -25.138  59.766 0.0000000000
56457  -38.163  -24.441  60.154 0.0000000000
55409  -37.697  -25.861  58.076 0.0000000000
55452  -37.269  -25.370  55.158 0.0000000000
56520  -36.917  -24.923  53.903 0.0000000000
57550  -37.430  -24.159  53.429 0.0000000000
44194  -20.489  -36.012  63.408 0.0000000000
44164  -21.263  -35.589  65.411 0.0000000000
44195  -21.530  -35.784  63.373 0.0000000000
45217  -23.814  -35.437  62.011 0.0000000000
44197  -23.342  -35.457  62.695 0.0000000000
45218  -24.764  -35.171  62.331 0.0000000000
45194  -25.273  -34.578  64.375 0.0000000000
45219  -25.766  -34.877  62.504 0.0000000000
50884  -28.178  -30.050  54.965 0.0000000000
51974  -32.339  -29.314  57.849 0.0000000000
50842  -31.452  -29.432  57.940 0.0000000000
51957  -31.913  -29.170  58.918 0.0000000000
51943  -31.571  -29.031  59.931 0.0000000000
51944  -32.466  -28.737  59.819 0.0000000000
53088  -33.403  -27.933  61.636 0.0000000000
51934  -33.691  -28.210  60.374 0.0000000000
53111  -36.088  -27.510  58.435 0.0000000000
54233  -36.084  -26.884  60.301 0.0000000000
55374  -36.671  -26.476  60.101 0.0000000000
55362  -36.862  -25.627  61.357 0.0000000000
44213  -18.974  -35.963  62.406 0.0000000000
63368  -43.929  -18.919  54.855 0.0000000000
64549  -45.269  -18.233  55.632 0.0000000000
63383  -44.684  -18.897  53.902 0.0000000000
62207  -46.748  -20.006  51.213 0.0000000000
63399  -46.872  -19.187  52.670 0.0000000000
64588  -47.928  -18.544  51.959 0.0000000000
64577  -48.892  -17.313  52.842 0.0000000000
64589  -48.660  -18.045  51.523 0.0000000000
69220  -49.316  -13.572  41.283 0.0000000000
69193  -50.289  -13.997  43.370 0.0000000000
69207  -51.039  -12.954  42.280 0.0000000000
72506  -54.801  -11.254  43.909 0.0000000000
69245  -46.697  -14.201  39.531 0.0000000000
69257  -46.135  -13.939  38.563 0.0000000000
70367  -47.641  -13.303  37.530 0.0000000000
70369  -49.554  -12.247  37.419 0.0000000000
71465  -50.250  -12.129  37.741 0.0000000000
71475  -49.775  -11.522  37.148 0.0000000000
72596  -50.433  -10.466  36.655 0.0000000000
38955  -9.216  -40.698  68.363 0.0000000000
40049  -7.227  -39.623  71.599 0.0000000000
44028  -11.671  -35.634  74.032 0.0000000000
43145  -10.629  -36.606  72.551 0.0000000000
43121  -10.753  -36.328  74.881 0.0000000000
41158  -9.204  -38.466  75.416 0.0000000000
38888  -8.369  -40.298  75.376 0.0000000000
38887  -7.700  -40.481  75.026 0.0000000000
36553  -8.900  -42.170  74.701 0.0000000000
35476  -8.700  -43.072  73.807 0.0000000000
57501  -39.216  -23.583  59.176 0.0000000000
59790  -39.890  -22.138  60.019 0.0000000000
58625  -39.812  -22.903  58.689 0.0000000000
60948  -40.720  -21.377  55.675 0.0000000000
60929  -41.219  -21.537  58.012 0.0000000000
60940  -41.565  -20.814  57.169 0.0000000000
62126  -42.779  -19.607  58.615 0.0000000000
62143  -41.925  -20.120  56.387 0.0000000000
62152  -42.522  -19.710  55.582 0.0000000000
62160  -41.548  -19.905  54.329 0.0000000000
62219  -40.331  -20.673  50.623 0.0000000000
62202  -41.111  -20.373  51.549 0.0000000000
61017  -40.655  -20.959  50.112 0.0000000000
61037  -41.003  -21.632  49.335 0.0000000000
61056  -40.366  -21.817  48.903 0.0000000000
44136  -22.756  -35.172  67.306 0.0000000000
44092  -22.935  -36.188  68.917 0.0000000000
44114  -23.716  -36.154  67.903 0.0000000000
45268  -27.462  -34.788  59.256 0.0000000000
45267  -26.334  -34.826  59.388 0.0000000000
45246  -27.158  -35.043  60.399 0.0000000000
45221  -27.631  -35.204  62.590 0.0000000000
44239  -28.990  -35.355  61.912 0.0000000000
49668  -28.828  -31.260  58.107 0.0000000000
47435  -29.114  -32.456  58.284 0.0000000000
48541  -29.484  -31.660  59.922 0.0000000000
47331  -30.237  -32.548  63.508 0.0000000000
47349  -30.350  -32.500  62.451 0.0000000000
47314  -30.429  -33.357  64.015 0.0000000000
45199  -30.316  -34.609  63.635 0.0000000000
46204  -30.235  -33.738  65.606 0.0000000000
45159  -29.602  -34.278  67.154 0.0000000000
46186  -30.354  -33.631  67.198 0.0000000000
54178  -34.478  -26.705  64.481 0.0000000000
44158  -14.978  -36.233  64.672 0.0000000000
44144  -14.597  -36.301  65.843 0.0000000000
43203  -13.570  -36.485  66.700 0.0000000000
45099  -18.625  -35.365  72.463 0.0000000000
62308  -44.385  -19.579  44.921 0.0000000000
62274  -45.319  -19.787  46.234 0.0000000000
63482  -45.642  -19.452  45.870 0.0000000000
64654  -49.496  -17.985  47.153 0.0000000000
64630  -48.878  -18.565  48.015 0.0000000000
64631  -49.789  -18.204  48.237 0.0000000000
64602  -50.880  -17.281  50.216 0.0000000000
64613  -51.015  -17.540  49.487 0.0000000000
68097  -52.065  -14.249  45.761 0.0000000000
68086  -50.990  -15.159  45.811 0.0000000000
68073  -52.871  -14.783  47.012 0.0000000000
73694  -51.499  -9.406  36.203 0.0000000000
73696  -53.182  -9.460  36.722 0.0000000000
74764  -52.245  -8.664  35.326 0.0000000000
74774  -53.240  -8.050  34.429 0.0000000000
76954  -53.968  -7.140  33.864 0.0000000000
78009  -55.187  -6.353  34.503 0.0000000000
78018  -54.649  -6.645  33.119 0.0000000000
78053  -56.032  -6.232  29.804 0.0000000000
75922  -55.051  -7.218  30.173 0.0000000000
78045  -55.692  -6.060  30.552 0.0000000000
78030  -55.788  -5.231  32.301 0.0000000000
79058  -56.822  -4.775  31.260 0.0000000000
79059  -57.623  -4.536  31.086 0.0000000000
78056  -59.170  -5.668  29.130 0.0000000000
53147  -36.406  -27.142  56.892 0.0000000000
54281  -37.306  -26.394  57.282 0.0000000000
54318  -35.563  -26.799  55.343 0.0000000000
54340  -35.680  -26.102  54.499 0.0000000000
44216  -22.023  -35.763  62.325 0.0000000000
52026  -30.711  -28.644  54.555 0.0000000000
51993  -32.423  -29.212  56.641 0.0000000000
51975  -33.309  -29.056  57.663 0.0000000000
51959  -34.030  -28.741  58.737 0.0000000000
51976  -34.349  -28.766  57.506 0.0000000000
53127  -35.542  -27.924  57.461 0.0000000000
62205  -44.207  -20.697  51.650 0.0000000000
62187  -44.906  -20.172  52.356 0.0000000000
61002  -44.446  -21.037  50.738 0.0000000000
62222  -45.371  -20.722  49.865 0.0000000000
62224  -46.780  -19.818  50.051 0.0000000000
71430  -51.739  -12.078  40.884 0.0000000000
70303  -52.049  -12.255  42.334 0.0000000000
71431  -52.724  -11.632  41.368 0.0000000000
72525  -53.867  -11.090  42.848 0.0000000000
74744  -55.592  -8.121  37.560 0.0000000000
38969  -9.969  -40.183  67.907 0.0000000000
40088  -10.048  -39.501  69.681 0.0000000000
57537  -39.237  -23.521  55.628 0.0000000000
58640  -40.043  -22.709  57.019 0.0000000000
59819  -39.685  -22.482  55.669 0.0000000000
59829  -39.959  -21.464  54.919 0.0000000000
60958  -40.571  -20.923  54.665 0.0000000000
62159  -41.101  -20.130  53.753 0.0000000000
60976  -40.230  -20.530  52.867 0.0000000000
62200  -39.857  -20.563  51.451 0.0000000000
61015  -38.833  -20.981  50.030 0.0000000000
44138  -24.416  -35.201  67.497 0.0000000000
44115  -25.321  -35.517  67.601 0.0000000000
43206  -25.732  -36.934  67.167 0.0000000000
41237  -28.730  -38.010  68.124 0.0000000000
45296  -26.740  -34.284  57.219 0.0000000000
45286  -28.508  -34.055  58.055 0.0000000000
50794  -29.671  -30.224  60.499 0.0000000000
49643  -29.605  -30.905  61.173 0.0000000000
49629  -29.737  -30.868  62.095 0.0000000000
48496  -29.963  -31.643  63.861 0.0000000000
48486  -29.995  -31.505  64.992 0.0000000000
47280  -30.565  -32.531  66.585 0.0000000000
47281  -30.916  -31.837  66.751 0.0000000000
44175  -16.895  -35.984  64.169 0.0000000000
44160  -17.173  -36.136  65.233 0.0000000000
44107  -17.018  -35.696  68.228 0.0000000000
44072  -16.652  -35.106  69.906 0.0000000000
44074  -18.495  -35.211  70.253 0.0000000000
64714  -45.807  -17.916  44.057 0.0000000000
63507  -46.309  -18.556  45.235 0.0000000000
64699  -47.435  -17.663  45.147 0.0000000000
64700  -48.202  -17.328  45.388 0.0000000000
65854  -49.591  -17.049  46.306 0.0000000000
74771  -50.521  -9.346  34.062 0.0000000000
74772  -51.182  -8.963  34.468 0.0000000000
74783  -51.500  -9.129  33.395 0.0000000000
78054  -56.546  -5.837  29.245 0.0000000000
79067  -57.605  -4.553  29.965 0.0000000000
78065  -56.770  -5.787  28.178 0.0000000000
79087  -57.928  -4.556  27.815 0.0000000000
43165  -12.827  -36.258  70.034 0.0000000000
43164  -11.957  -37.007  69.752 0.0000000000
58580  -38.858  -22.814  62.708 0.0000000000
57481  -38.262  -23.782  61.315 0.0000000000
57500  -38.715  -24.068  59.598 0.0000000000
57514  -39.079  -24.429  57.703 0.0000000000
55424  -37.679  -25.757  57.140 0.0000000000
56505  -38.420  -24.777  56.229 0.0000000000
57536  -38.642  -24.180  55.491 0.0000000000
57544  -38.548  -23.745  54.878 0.0000000000
58675  -37.839  -23.371  53.328 0.0000000000
44133  -19.790  -35.657  67.408 0.0000000000
44111  -21.092  -35.456  68.360 0.0000000000
44151  -21.530  -35.399  66.423 0.0000000000
44152  -22.384  -35.089  66.467 0.0000000000
45165  -23.091  -34.755  66.367 0.0000000000
44196  -22.709  -35.494  63.298 0.0000000000
44166  -22.960  -34.945  64.819 0.0000000000
45166  -23.897  -34.447  66.211 0.0000000000
45167  -24.877  -34.387  66.220 0.0000000000
45181  -25.582  -34.352  65.321 0.0000000000
45182  -26.618  -34.542  65.369 0.0000000000
49690  -28.316  -30.962  56.740 0.0000000000
50839  -29.305  -30.316  58.302 0.0000000000
50874  -30.198  -29.207  56.184 0.0000000000
50840  -29.783  -29.747  58.077 0.0000000000
50810  -29.952  -29.722  59.748 0.0000000000
50796  -30.845  -29.302  60.660 0.0000000000
51924  -31.167  -28.856  61.613 0.0000000000
51916  -32.280  -28.251  62.808 0.0000000000
53054  -32.717  -27.880  64.421 0.0000000000
53072  -32.954  -28.046  63.072 0.0000000000
54203  -34.282  -27.283  63.068 0.0000000000
54204  -34.995  -26.796  62.594 0.0000000000
53090  -34.905  -27.501  60.659 0.0000000000
54217  -35.259  -26.985  61.496 0.0000000000
55347  -35.355  -26.217  63.041 0.0000000000
56429  -36.462  -25.272  63.152 0.0000000000
44192  -18.466  -36.064  63.375 0.0000000000
63347  -44.722  -18.387  57.203 0.0000000000
64520  -46.050  -17.611  57.098 0.0000000000
64535  -46.420  -17.591  56.070 0.0000000000
64537  -47.809  -16.943  55.763 0.0000000000
63385  -46.605  -18.608  53.403 0.0000000000
64563  -46.699  -18.047  53.914 0.0000000000
68127  -47.992  -14.869  42.322 0.0000000000
67032  -48.631  -15.518  43.478 0.0000000000
68115  -49.588  -14.485  43.256 0.0000000000
69182  -50.739  -14.083  43.943 0.0000000000
69175  -52.433  -13.741  45.330 0.0000000000
70289  -52.462  -12.395  43.028 0.0000000000
70266  -53.041  -12.873  44.697 0.0000000000
61145  -41.785  -21.380  44.983 0.0000000000
61124  -42.807  -21.154  45.739 0.0000000000
61146  -42.907  -20.556  44.779 0.0000000000
62306  -42.997  -20.095  44.318 0.0000000000
63543  -43.508  -19.149  43.511 0.0000000000
63544  -44.547  -18.488  43.511 0.0000000000
64738  -44.560  -17.602  42.393 0.0000000000
64739  -45.481  -17.063  42.504 0.0000000000
67043  -46.127  -15.851  42.018 0.0000000000
68139  -46.796  -15.137  41.582 0.0000000000
69218  -47.777  -14.356  41.309 0.0000000000
69230  -48.405  -13.776  40.479 0.0000000000
69231  -49.127  -13.440  40.235 0.0000000000
69271  -47.358  -13.662  38.150 0.0000000000
70342  -48.829  -13.464  38.894 0.0000000000
70331  -50.030  -12.910  39.956 0.0000000000
70345  -51.174  -12.455  39.123 0.0000000000
71468  -52.146  -11.793  38.661 0.0000000000
72574  -52.587  -11.333  38.385 0.0000000000
72586  -52.689  -10.541  37.525 0.0000000000
72585  -51.495  -11.002  37.437 0.0000000000
73693  -50.531  -9.736  36.164 0.0000000000
73702  -49.879  -9.652  35.458 0.0000000000
73713  -50.184  -9.456  34.568 0.0000000000
42264  -11.225  -37.607  70.340 0.0000000000
42254  -10.316  -37.774  71.723 0.0000000000
41199  -9.419  -38.382  71.671 0.0000000000
42207  -9.538  -37.437  75.313 0.0000000000
42224  -8.339  -37.880  73.785 0.0000000000
41198  -8.484  -38.901  71.719 0.0000000000
40032  -6.873  -39.309  73.385 0.0000000000
38894  -6.783  -40.967  73.756 0.0000000000
36561  -7.189  -42.782  73.626 0.0000000000
35487  -7.794  -43.678  73.312 0.0000000000
64493  -44.227  -17.882  59.904 0.0000000000
60905  -40.905  -20.523  61.341 0.0000000000
59803  -40.634  -22.257  57.655 0.0000000000
60921  -41.192  -21.280  59.126 0.0000000000
62118  -42.681  -19.384  59.610 0.0000000000
63326  -43.347  -18.969  58.822 0.0000000000
63337  -43.983  -18.570  57.991 0.0000000000
63346  -43.977  -18.701  56.943 0.0000000000
63367  -43.120  -19.352  54.775 0.0000000000
63396  -43.313  -19.478  53.241 0.0000000000
62171  -41.567  -19.728  53.297 0.0000000000
62185  -42.509  -19.686  52.643 0.0000000000
62204  -43.098  -20.458  51.736 0.0000000000
61019  -42.809  -21.283  50.232 0.0000000000
61038  -42.062  -21.716  49.390 0.0000000000
59927  -42.140  -21.968  47.710 0.0000000000
61012  -36.623  -21.665  49.909 0.0000000000
61013  -37.210  -21.506  49.815 0.0000000000
61034  -38.180  -21.300  49.201 0.0000000000
61054  -38.468  -21.744  48.328 0.0000000000
59906  -39.057  -21.962  48.020 0.0000000000
59924  -39.399  -22.296  47.399 0.0000000000
59946  -40.860  -22.342  46.680 0.0000000000
59973  -41.220  -22.109  45.934 0.0000000000
42287  -24.326  -37.781  67.762 0.0000000000
45265  -24.455  -35.157  59.572 0.0000000000
45266  -25.282  -34.965  59.469 0.0000000000
45231  -25.467  -35.000  61.447 0.0000000000
45220  -26.639  -34.922  62.759 0.0000000000
45208  -27.028  -34.920  63.561 0.0000000000
45183  -27.633  -34.846  65.407 0.0000000000
46297  -28.055  -32.894  56.315 0.0000000000
46279  -28.944  -33.298  58.055 0.0000000000
45270  -29.559  -34.194  59.461 0.0000000000
47368  -30.326  -32.416  61.354 0.0000000000
46248  -30.849  -34.143  60.960 0.0000000000
45235  -30.201  -35.065  61.119 0.0000000000
45211  -30.158  -35.086  63.149 0.0000000000
45184  -28.678  -34.851  65.415 0.0000000000
45171  -28.736  -34.707  66.317 0.0000000000
45141  -28.942  -34.845  67.761 0.0000000000
44095  -29.177  -35.562  68.471 0.0000000000
41268  -11.326  -38.528  65.629 0.0000000000
42310  -11.753  -37.954  66.273 0.0000000000
43232  -14.064  -36.671  63.748 0.0000000000
42340  -13.141  -37.412  63.138 0.0000000000
42320  -12.780  -37.268  64.786 0.0000000000
43202  -12.847  -37.078  66.377 0.0000000000
43188  -12.817  -36.963  67.404 0.0000000000
43166  -13.512  -35.856  69.586 0.0000000000
45119  -16.809  -34.846  70.661 0.0000000000
62255  -44.684  -20.420  47.287 0.0000000000
62245  -45.863  -19.712  47.857 0.0000000000
62235  -46.861  -19.515  49.208 0.0000000000
63462  -47.579  -18.815  46.911 0.0000000000
63451  -47.925  -18.733  47.851 0.0000000000
63425  -48.352  -18.709  50.045 0.0000000000
64600  -49.122  -18.222  50.240 0.0000000000
67011  -50.137  -15.455  45.310 0.0000000000
66997  -50.448  -16.298  46.375 0.0000000000
65838  -51.727  -16.793  47.671 0.0000000000
73684  -53.751  -9.502  37.154 0.0000000000
74743  -54.724  -8.973  37.341 0.0000000000
75858  -55.243  -7.966  36.725 0.0000000000
74765  -53.124  -8.216  35.173 0.0000000000
75867  -53.956  -7.910  35.681 0.0000000000
75869  -55.588  -7.096  36.170 0.0000000000
76934  -55.824  -6.644  35.658 0.0000000000
76946  -56.110  -6.294  35.166 0.0000000000
76981  -54.706  -7.169  31.897 0.0000000000
78029  -55.129  -5.954  32.513 0.0000000000
78021  -56.926  -5.423  33.408 0.0000000000
79061  -58.799  -5.011  30.141 0.0000000000
53184  -33.737  -27.481  54.393 0.0000000000
52029  -33.585  -27.847  54.870 0.0000000000
61078  -42.838  -21.788  47.674 0.0000000000
72552  -53.683  -10.655  40.407 0.0000000000
73651  -54.237  -10.158  39.689 0.0000000000
73652  -54.868  -9.845  40.042 0.0000000000
73663  -54.939  -9.690  39.223 0.0000000000
73662  -54.099  -10.073  38.746 0.0000000000
42298  -11.695  -37.950  67.258 0.0000000000
41247  -11.239  -38.547  67.665 0.0000000000
42284  -11.627  -37.918  68.212 0.0000000000
59854  -37.861  -22.445  52.163 0.0000000000
59846  -38.751  -22.342  52.961 0.0000000000
45138  -26.299  -34.964  67.519 0.0000000000
44117  -27.432  -35.533  68.163 0.0000000000
45157  -27.917  -34.731  67.069 0.0000000000
51897  -31.194  -29.140  64.005 0.0000000000
50743  -31.119  -29.314  64.607 0.0000000000
50729  -31.333  -29.156  65.216 0.0000000000
67030  -47.227  -16.263  42.977 0.0000000000
65893  -47.408  -16.603  43.645 0.0000000000
67031  -47.697  -16.174  43.458 0.0000000000
55393  -37.427  -25.975  59.093 0.0000000000
55476  -35.603  -25.602  53.410 0.0000000000
55477  -36.372  -25.138  53.557 0.0000000000
44179  -20.899  -35.808  64.404 0.0000000000
44215  -21.003  -35.900  62.389 0.0000000000
45229  -23.854  -35.332  61.056 0.0000000000
51945  -33.426  -28.534  59.746 0.0000000000
54261  -36.769  -27.087  58.299 0.0000000000
54245  -36.573  -26.994  59.321 0.0000000000
55392  -37.003  -26.398  59.560 0.0000000000
55375  -37.084  -25.791  60.285 0.0000000000
44193  -19.467  -36.120  63.405 0.0000000000
63400  -47.632  -18.828  52.227 0.0000000000
63413  -47.732  -19.112  51.301 0.0000000000
63414  -48.480  -18.536  50.785 0.0000000000
69221  -50.049  -13.094  41.313 0.0000000000
69206  -50.248  -13.385  42.214 0.0000000000
70301  -50.718  -12.887  41.575 0.0000000000
71401  -55.467  -11.543  44.605 0.0000000000
71474  -49.088  -11.859  36.995 0.0000000000
71487  -48.738  -11.376  36.428 0.0000000000
72595  -49.427  -10.893  36.500 0.0000000000
40087  -9.301  -40.287  69.335 0.0000000000
40086  -8.585  -40.688  69.457 0.0000000000
40069  -8.205  -40.376  70.145 0.0000000000
40050  -8.256  -39.528  71.109 0.0000000000
44027  -11.066  -36.028  74.372 0.0000000000
43122  -11.224  -36.420  75.227 0.0000000000
37715  -8.853  -41.282  75.233 0.0000000000
57507  -39.452  -23.743  58.226 0.0000000000
58631  -39.813  -23.225  57.677 0.0000000000
60949  -41.420  -20.766  56.085 0.0000000000
62151  -41.736  -19.989  55.384 0.0000000000
61016  -39.782  -20.848  50.148 0.0000000000
44113  -22.881  -35.657  68.163 0.0000000000
45247  -28.331  -34.987  60.238 0.0000000000
45233  -28.058  -35.323  61.437 0.0000000000
45234  -29.146  -35.263  61.070 0.0000000000
49669  -29.020  -30.968  58.682 0.0000000000
48554  -29.277  -31.547  59.190 0.0000000000
47313  -30.292  -32.760  64.648 0.0000000000
46196  -30.213  -33.602  66.440 0.0000000000
54191  -34.915  -26.406  63.629 0.0000000000
44085  -16.331  -35.389  69.103 0.0000000000
63528  -44.468  -19.224  44.413 0.0000000000
62291  -45.204  -19.589  45.556 0.0000000000
63506  -45.451  -19.132  45.231 0.0000000000
64632  -50.751  -17.833  48.320 0.0000000000
64633  -51.388  -17.529  48.654 0.0000000000
68088  -52.624  -14.333  46.219 0.0000000000
68087  -51.773  -14.718  46.126 0.0000000000
74763  -51.411  -8.952  35.549 0.0000000000
74753  -51.636  -9.035  35.976 0.0000000000
76964  -53.902  -7.379  33.602 0.0000000000
76965  -54.245  -6.951  33.439 0.0000000000
75898  -54.137  -7.390  32.802 0.0000000000
78038  -56.008  -5.219  31.321 0.0000000000
79066  -57.057  -4.760  30.506 0.0000000000
54298  -35.820  -26.985  55.996 0.0000000000
53201  -34.606  -26.681  53.979 0.0000000000
54339  -35.037  -26.652  54.447 0.0000000000
54361  -34.921  -26.239  53.511 0.0000000000
52013  -32.684  -28.697  55.497 0.0000000000
52012  -31.515  -28.958  55.583 0.0000000000
53145  -35.058  -28.061  56.433 0.0000000000
53128  -36.286  -27.392  57.480 0.0000000000
61001  -43.505  -21.017  50.952 0.0000000000
61041  -44.729  -20.924  49.139 0.0000000000
62223  -46.108  -20.292  50.288 0.0000000000
62234  -45.929  -19.892  49.134 0.0000000000
71447  -51.752  -12.140  39.766 0.0000000000
72526  -54.593  -10.548  42.398 0.0000000000
72527  -55.452  -10.046  42.454 0.0000000000
74733  -55.683  -8.509  38.518 0.0000000000
41246  -10.833  -39.257  68.109 0.0000000000
40120  -10.256  -39.850  67.447 0.0000000000
40102  -10.132  -39.915  68.576 0.0000000000
58662  -39.325  -22.967  55.169 0.0000000000
58670  -39.271  -22.624  54.425 0.0000000000
59838  -39.957  -21.050  54.191 0.0000000000
60967  -40.524  -20.604  53.747 0.0000000000
60966  -39.802  -21.006  53.383 0.0000000000
60985  -38.958  -21.140  51.451 0.0000000000
60986  -39.632  -20.788  51.797 0.0000000000
60998  -39.472  -20.740  50.947 0.0000000000
43207  -26.330  -36.712  67.377 0.0000000000
42302  -26.622  -37.429  67.315 0.0000000000
42290  -28.767  -36.769  68.671 0.0000000000
45297  -27.775  -33.921  57.083 0.0000000000
45285  -27.651  -34.458  58.143 0.0000000000
50781  -29.866  -30.146  61.371 0.0000000000
50769  -29.919  -30.066  62.286 0.0000000000
49604  -30.153  -30.387  64.594 0.0000000000
49603  -29.980  -30.575  64.058 0.0000000000
48487  -30.213  -31.287  65.599 0.0000000000
48477  -30.300  -31.849  65.817 0.0000000000
48478  -30.622  -31.317  66.166 0.0000000000
48465  -31.286  -31.087  66.827 0.0000000000
44176  -17.862  -36.184  64.307 0.0000000000
44131  -17.752  -35.917  67.322 0.0000000000
44086  -17.298  -35.457  69.159 0.0000000000
44087  -18.278  -35.467  69.271 0.0000000000
44075  -19.632  -35.287  70.625 0.0000000000
63530  -46.163  -18.091  44.585 0.0000000000
64715  -46.628  -17.594  44.197 0.0000000000
65882  -48.205  -16.656  44.673 0.0000000000
65870  -49.123  -16.879  45.665 0.0000000000
65853  -48.808  -17.309  45.794 0.0000000000
74782  -50.630  -9.347  33.531 0.0000000000
77000  -55.934  -6.609  29.104 0.0000000000
77011  -56.101  -6.494  28.287 0.0000000000
43157  -12.583  -36.127  70.926 0.0000000000
44015  -12.431  -35.612  74.636 0.0000000000
57480  -37.727  -24.129  62.118 0.0000000000
56442  -38.087  -24.154  60.742 0.0000000000
56474  -38.318  -24.715  59.195 0.0000000000
57506  -38.893  -24.268  58.689 0.0000000000
54300  -37.259  -26.198  56.684 0.0000000000
55439  -37.272  -25.810  56.086 0.0000000000
55464  -37.209  -25.023  54.522 0.0000000000
56504  -37.802  -25.045  55.833 0.0000000000
56513  -38.182  -24.646  55.668 0.0000000000
57535  -38.148  -24.237  55.076 0.0000000000
57543  -38.002  -23.980  54.602 0.0000000000
57559  -37.420  -23.808  52.809 0.0000000000
44150  -20.532  -35.667  66.425 0.0000000000
44180  -21.912  -35.452  64.357 0.0000000000
45205  -23.823  -35.211  63.284 0.0000000000
45204  -23.163  -35.169  63.787 0.0000000000
45192  -23.366  -34.907  64.286 0.0000000000
45179  -23.362  -34.641  65.305 0.0000000000
45180  -24.516  -34.358  65.280 0.0000000000
45207  -26.013  -34.725  63.499 0.0000000000
50872  -28.603  -30.376  56.242 0.0000000000
49691  -28.721  -30.677  57.242 0.0000000000
52011  -30.485  -28.937  55.424 0.0000000000
52010  -29.753  -29.135  55.409 0.0000000000
50841  -30.574  -29.484  57.961 0.0000000000
50825  -30.303  -29.545  58.884 0.0000000000
50811  -30.828  -29.364  59.774 0.0000000000
51932  -31.893  -28.607  60.753 0.0000000000
51931  -31.267  -28.997  60.713 0.0000000000
51915  -31.448  -28.639  62.590 0.0000000000
51917  -32.857  -28.097  62.554 0.0000000000
53089  -33.988  -27.884  61.015 0.0000000000
53081  -33.912  -27.713  62.011 0.0000000000
53074  -34.342  -27.418  62.462 0.0000000000
53109  -34.730  -28.276  59.049 0.0000000000
53097  -35.109  -27.789  59.630 0.0000000000
54232  -35.529  -27.043  60.778 0.0000000000
54218  -35.866  -26.613  61.318 0.0000000000
54205  -35.591  -26.594  61.956 0.0000000000
55348  -36.150  -25.935  62.408 0.0000000000
56430  -37.025  -24.812  62.691 0.0000000000
44162  -19.215  -36.080  65.406 0.0000000000
64519  -45.327  -17.958  57.563 0.0000000000
64550  -45.855  -17.900  55.054 0.0000000000
64536  -47.331  -17.206  56.002 0.0000000000
64551  -46.981  -17.492  55.022 0.0000000000
63398  -45.481  -19.466  53.062 0.0000000000
64576  -47.658  -18.175  52.760 0.0000000000
64575  -46.957  -18.506  53.186 0.0000000000
64552  -47.744  -17.051  55.183 0.0000000000
64565  -48.735  -17.058  53.656 0.0000000000
65744  -49.747  -16.709  52.984 0.0000000000
68128  -48.673  -14.586  42.375 0.0000000000
68114  -48.969  -14.874  43.052 0.0000000000
68129  -49.162  -14.530  42.774 0.0000000000
69194  -51.120  -13.359  43.051 0.0000000000
69183  -51.358  -13.830  44.282 0.0000000000
69174  -51.705  -13.878  45.020 0.0000000000
69184  -52.285  -13.212  44.366 0.0000000000
71421  -52.679  -11.890  42.281 0.0000000000
70290  -53.090  -12.187  43.486 0.0000000000
70267  -53.978  -12.311  44.995 0.0000000000
34526  -7.324  -44.171  72.385 0.0000000000
35497  -6.778  -43.697  72.290 0.0000000000
34538  -7.564  -44.745  72.190 0.0000000000
62326  -42.738  -19.792  43.696 0.0000000000
62327  -43.418  -19.548  43.998 0.0000000000
63542  -42.814  -19.364  43.202 0.0000000000
63558  -43.714  -18.281  42.632 0.0000000000
64726  -44.897  -17.957  43.158 0.0000000000
65903  -45.070  -16.882  41.842 0.0000000000
65916  -45.311  -16.382  41.489 0.0000000000
65904  -45.862  -16.363  42.198 0.0000000000
68138  -46.043  -15.278  41.227 0.0000000000
68152  -47.027  -14.696  41.139 0.0000000000
69229  -47.388  -14.304  40.683 0.0000000000
69247  -48.656  -13.576  39.413 0.0000000000
70368  -48.765  -12.657  37.320 0.0000000000
70353  -48.663  -13.355  38.267 0.0000000000
70343  -49.382  -13.222  39.173 0.0000000000
70344  -50.339  -12.775  39.146 0.0000000000
71476  -50.686  -11.576  37.482 0.0000000000
71466  -50.987  -11.960  37.997 0.0000000000
71467  -51.719  -11.716  38.166 0.0000000000
72573  -51.950  -11.368  37.982 0.0000000000
38913  -6.928  -40.115  71.056 0.0000000000
43156  -11.696  -36.556  71.215 0.0000000000
43144  -9.798  -37.007  72.781 0.0000000000
42241  -9.932  -37.347  72.423 0.0000000000
41200  -9.987  -38.292  71.474 0.0000000000
42253  -9.613  -37.781  72.164 0.0000000000
42208  -10.456  -37.566  75.715 0.0000000000
41157  -8.322  -38.540  74.941 0.0000000000
42213  -8.550  -37.852  74.357 0.0000000000
41163  -7.937  -38.246  74.205 0.0000000000
41179  -8.490  -38.276  72.516 0.0000000000
41166  -7.439  -38.623  72.921 0.0000000000
41162  -7.349  -38.711  73.857 0.0000000000
38895  -7.230  -40.846  74.438 0.0000000000
40027  -6.887  -40.418  74.100 0.0000000000
37723  -7.216  -41.882  74.099 0.0000000000
36551  -7.372  -42.464  74.076 0.0000000000
36562  -7.679  -43.153  73.851 0.0000000000
35489  -9.287  -43.466  72.840 0.0000000000
63310  -43.529  -18.298  61.162 0.0000000000
64478  -44.083  -17.833  60.692 0.0000000000
63320  -43.679  -18.289  60.248 0.0000000000
58596  -38.833  -23.002  61.674 0.0000000000
58597  -39.313  -22.184  61.955 0.0000000000
58610  -39.377  -22.496  60.902 0.0000000000
59782  -40.000  -21.492  61.098 0.0000000000
60904  -40.199  -21.043  61.796 0.0000000000
59783  -40.618  -21.088  60.635 0.0000000000
58651  -39.918  -22.405  56.246 0.0000000000
60922  -41.606  -20.506  59.256 0.0000000000
60914  -41.476  -20.175  60.210 0.0000000000
62110  -41.949  -19.592  60.356 0.0000000000
62117  -42.038  -19.828  59.389 0.0000000000
62135  -42.799  -19.785  57.594 0.0000000000
63345  -43.387  -19.316  56.748 0.0000000000
62161  -42.316  -19.552  54.632 0.0000000000
63354  -43.336  -19.426  55.726 0.0000000000
63382  -43.682  -19.127  53.944 0.0000000000
63381  -42.894  -19.340  53.938 0.0000000000
62170  -40.858  -20.095  53.032 0.0000000000
62221  -41.439  -20.595  51.110 0.0000000000
62184  -41.404  -19.908  52.320 0.0000000000
61000  -42.627  -20.843  51.001 0.0000000000
59891  -41.373  -21.837  48.959 0.0000000000
59909  -41.743  -21.937  48.472 0.0000000000
61058  -42.581  -21.840  48.524 0.0000000000
59926  -41.325  -22.110  47.618 0.0000000000
61032  -36.368  -21.419  49.246 0.0000000000
61053  -37.465  -21.499  48.378 0.0000000000
61076  -37.759  -21.746  47.742 0.0000000000
59923  -38.389  -21.984  47.453 0.0000000000
59944  -38.806  -22.492  46.483 0.0000000000
59972  -40.379  -22.430  45.712 0.0000000000
44090  -21.453  -35.531  69.244 0.0000000000
43177  -23.062  -36.627  69.032 0.0000000000
43191  -24.806  -36.753  67.370 0.0000000000
43190  -23.819  -37.123  67.855 0.0000000000
45232  -26.688  -35.035  61.656 0.0000000000
44218  -28.421  -35.307  62.836 0.0000000000
45209  -28.140  -35.221  63.558 0.0000000000
45196  -27.369  -34.890  64.488 0.0000000000
45197  -28.471  -35.031  64.500 0.0000000000
47448  -28.257  -32.445  56.636 0.0000000000
46280  -29.370  -32.911  58.653 0.0000000000
46268  -29.571  -33.398  59.132 0.0000000000
46267  -29.109  -33.939  58.732 0.0000000000
45271  -30.053  -33.839  59.660 0.0000000000
48514  -29.892  -31.676  61.797 0.0000000000
48527  -29.723  -31.667  60.835 0.0000000000
47332  -30.625  -33.367  63.183 0.0000000000
47350  -30.877  -33.464  61.989 0.0000000000
46237  -30.719  -34.677  62.094 0.0000000000
45222  -30.113  -35.230  62.205 0.0000000000
45198  -29.688  -34.727  64.332 0.0000000000
45158  -28.778  -34.599  67.107 0.0000000000
45142  -29.869  -34.639  67.874 0.0000000000
44120  -29.499  -35.195  68.254 0.0000000000
44096  -29.922  -35.377  68.348 0.0000000000
47262  -30.696  -32.960  67.186 0.0000000000
46187  -30.772  -33.292  67.487 0.0000000000
46175  -31.023  -33.504  67.949 0.0000000000
42318  -11.820  -37.974  65.329 0.0000000000
44174  -15.956  -35.910  63.894 0.0000000000
44173  -15.228  -36.123  63.361 0.0000000000
44157  -14.390  -36.385  65.259 0.0000000000
43224  -14.419  -36.476  64.203 0.0000000000
43239  -13.641  -36.942  63.068 0.0000000000
43231  -13.503  -36.966  63.877 0.0000000000
42330  -12.973  -37.393  63.983 0.0000000000
43222  -13.255  -36.948  64.577 0.0000000000
44127  -13.843  -36.164  67.391 0.0000000000
43176  -13.397  -36.116  68.900 0.0000000000
45120  -17.689  -34.890  70.911 0.0000000000
65654  -47.372  -17.207  58.571 0.0000000000
61125  -43.482  -20.651  45.646 0.0000000000
61101  -43.515  -20.908  46.572 0.0000000000
62272  -43.950  -20.499  46.190 0.0000000000
62257  -45.847  -19.640  46.947 0.0000000000
62256  -45.237  -19.953  47.148 0.0000000000
63436  -46.621  -19.472  48.321 0.0000000000
63508  -47.046  -18.275  45.400 0.0000000000
63484  -47.103  -18.743  46.022 0.0000000000
63438  -48.155  -18.699  48.934 0.0000000000
64601  -50.043  -17.424  50.563 0.0000000000
67020  -49.413  -15.473  44.412 0.0000000000
66998  -51.505  -15.553  46.637 0.0000000000
66980  -50.879  -16.615  46.874 0.0000000000
66981  -51.302  -16.376  47.059 0.0000000000
73683  -52.937  -9.857  37.060 0.0000000000
72587  -53.387  -10.107  37.526 0.0000000000
74742  -53.970  -9.111  36.931 0.0000000000
74756  -54.492  -8.338  36.329 0.0000000000
74773  -52.430  -8.580  34.244 0.0000000000
75889  -53.943  -7.228  34.653 0.0000000000
75878  -53.667  -7.605  34.897 0.0000000000
75868  -54.821  -7.620  35.931 0.0000000000
75880  -55.036  -7.129  35.615 0.0000000000
76945  -55.255  -6.660  35.155 0.0000000000
78003  -55.522  -6.262  34.840 0.0000000000
76957  -56.312  -5.934  34.594 0.0000000000
76958  -56.848  -6.358  34.421 0.0000000000
78011  -56.360  -5.682  34.097 0.0000000000
76991  -55.172  -6.801  30.742 0.0000000000
76990  -54.885  -7.195  31.215 0.0000000000
76975  -54.836  -6.619  32.318 0.0000000000
79047  -56.985  -4.869  32.744 0.0000000000
79046  -56.384  -4.976  32.869 0.0000000000
78022  -57.712  -5.394  33.129 0.0000000000
79068  -58.366  -4.712  29.646 0.0000000000
53166  -34.794  -27.585  55.378 0.0000000000
54317  -34.974  -27.026  54.901 0.0000000000
51995  -34.441  -28.528  56.452 0.0000000000
52014  -33.822  -28.213  55.502 0.0000000000
61039  -43.119  -21.545  49.341 0.0000000000
61060  -44.128  -20.942  48.333 0.0000000000
61061  -44.838  -20.709  48.487 0.0000000000
73653  -55.361  -9.503  40.284 0.0000000000
74714  -55.780  -9.181  40.464 0.0000000000
74715  -56.222  -8.958  40.265 0.0000000000
74723  -55.528  -9.115  39.565 0.0000000000
74722  -55.248  -9.340  39.156 0.0000000000
41267  -10.839  -39.115  66.017 0.0000000000
40138  -10.283  -39.609  66.406 0.0000000000
58676  -38.440  -22.880  53.462 0.0000000000
59836  -39.004  -22.664  53.780 0.0000000000
44061  -20.480  -35.665  71.218 0.0000000000
45137  -25.726  -34.892  67.364 0.0000000000
44116  -26.483  -35.573  67.843 0.0000000000
43193  -26.928  -36.486  67.847 0.0000000000
50757  -30.545  -29.628  63.231 0.0000000000
50742  -30.574  -29.804  64.229 0.0000000000
49595  -30.337  -30.573  65.251 0.0000000000
49586  -31.474  -29.928  66.477 0.0000000000
65880  -47.124  -16.960  43.839 0.0000000000
65881  -47.756  -16.614  44.202 0.0000000000
67019  -48.525  -16.280  44.415 0.0000000000
56473  -37.919  -25.337  58.748 0.0000000000
56484  -38.019  -25.419  58.198 0.0000000000
54341  -36.258  -25.927  54.873 0.0000000000
55451  -36.720  -25.871  55.246 0.0000000000
55463  -36.439  -25.547  54.347 0.0000000000
56521  -37.432  -24.542  54.200 0.0000000000
56530  -37.171  -24.586  53.663 0.0000000000
44178  -19.885  -36.072  64.416 0.0000000000
45206  -24.990  -34.897  63.394 0.0000000000
50860  -31.750  -29.385  57.165 0.0000000000
50859  -30.912  -29.357  56.986 0.0000000000
50812  -31.368  -29.229  59.346 0.0000000000
51933  -32.965  -28.225  60.861 0.0000000000
51926  -32.812  -28.082  61.987 0.0000000000
53098  -35.811  -27.443  59.418 0.0000000000
63369  -45.002  -18.525  54.972 0.0000000000
63370  -45.656  -18.288  54.516 0.0000000000
62189  -46.778  -19.819  52.034 0.0000000000
63412  -47.106  -19.611  51.847 0.0000000000
64590  -49.544  -17.168  51.797 0.0000000000
69205  -49.337  -14.104  42.471 0.0000000000
72514  -53.998  -11.232  43.291 0.0000000000
71410  -53.704  -11.594  43.451 0.0000000000
71400  -54.696  -11.518  44.218 0.0000000000
76936  -56.707  -7.253  36.095 0.0000000000
64749  -43.568  -17.588  41.535 0.0000000000
68168  -46.171  -14.509  39.882 0.0000000000
69228  -46.659  -14.468  40.179 0.0000000000
69258  -47.092  -13.842  38.704 0.0000000000
72584  -50.245  -11.055  37.090 0.0000000000
72583  -49.789  -11.120  36.964 0.0000000000
40068  -7.497  -40.036  70.858 0.0000000000
44043  -11.606  -35.634  72.878 0.0000000000
44042  -11.022  -35.961  73.545 0.0000000000
43133  -10.442  -36.345  73.915 0.0000000000
41152  -9.807  -38.738  75.771 0.0000000000
40023  -8.714  -39.380  75.374 0.0000000000
40022  -7.861  -39.506  75.103 0.0000000000
40028  -7.130  -39.743  74.370 0.0000000000
37714  -8.171  -40.927  75.265 0.0000000000
37724  -7.981  -41.545  74.900 0.0000000000
35477  -9.623  -42.820  73.658 0.0000000000
58619  -39.374  -22.969  59.887 0.0000000000
59797  -39.879  -22.518  59.386 0.0000000000
59798  -40.522  -22.156  58.940 0.0000000000
60939  -41.107  -21.548  56.840 0.0000000000
62125  -42.109  -20.066  58.411 0.0000000000
62134  -42.058  -20.157  57.402 0.0000000000
62144  -42.702  -19.820  56.569 0.0000000000
62201  -40.289  -20.478  51.259 0.0000000000
62220  -40.929  -20.664  50.858 0.0000000000
61018  -41.699  -21.001  50.453 0.0000000000
44093  -23.165  -36.502  68.613 0.0000000000
43178  -23.293  -37.063  68.713 0.0000000000
41248  -24.977  -38.213  67.420 0.0000000000
45284  -26.566  -34.630  58.291 0.0000000000
44238  -28.428  -35.348  62.277 0.0000000000
44219  -28.980  -35.347  62.584 0.0000000000
48572  -28.434  -31.763  57.062 0.0000000000
48564  -28.792  -31.807  57.827 0.0000000000
48565  -29.108  -31.739  58.558 0.0000000000
47415  -29.545  -32.462  59.283 0.0000000000
46215  -30.475  -34.114  63.882 0.0000000000
46214  -30.305  -33.973  64.727 0.0000000000
45172  -29.580  -34.358  66.383 0.0000000000
44146  -16.437  -35.958  66.156 0.0000000000
44145  -15.398  -36.058  65.975 0.0000000000
43216  -13.991  -36.485  65.743 0.0000000000
43204  -14.175  -36.332  66.323 0.0000000000
44104  -13.998  -35.895  68.045 0.0000000000
44083  -14.209  -35.652  69.147 0.0000000000
45112  -19.097  -35.356  72.119 0.0000000000
45111  -18.566  -34.986  71.990 0.0000000000
62290  -44.580  -19.829  45.483 0.0000000000
62273  -44.596  -20.224  46.370 0.0000000000
63460  -46.281  -19.423  46.689 0.0000000000
64653  -48.465  -18.430  46.897 0.0000000000
64612  -49.959  -17.930  49.321 0.0000000000
65795  -51.265  -17.216  50.023 0.0000000000
68095  -50.725  -14.784  44.970 0.0000000000
66999  -52.181  -14.979  46.788 0.0000000000
73695  -52.542  -9.469  36.502 0.0000000000
74754  -52.103  -8.975  36.039 0.0000000000
75888  -53.701  -7.534  34.069 0.0000000000
76955  -54.246  -6.925  34.357 0.0000000000
76956  -54.816  -6.667  34.589 0.0000000000
76966  -54.691  -6.599  34.091 0.0000000000
78019  -55.002  -6.220  33.546 0.0000000000
76999  -55.247  -7.019  29.632 0.0000000000
78037  -55.372  -5.887  31.498 0.0000000000
79051  -56.548  -4.830  32.124 0.0000000000
79052  -57.456  -4.662  32.122 0.0000000000
79075  -58.439  -4.792  28.653 0.0000000000
79069  -58.837  -5.093  29.355 0.0000000000
79076  -58.943  -5.164  28.444 0.0000000000
54262  -37.271  -26.545  58.187 0.0000000000
54280  -36.844  -26.944  57.392 0.0000000000
54299  -36.571  -26.666  56.293 0.0000000000
54319  -36.250  -26.258  55.336 0.0000000000
55462  -35.772  -25.761  54.052 0.0000000000
44236  -22.347  -35.591  61.316 0.0000000000
52025  -29.821  -28.828  54.622 0.0000000000
51992  -31.522  -29.274  56.480 0.0000000000
51960  -34.738  -28.505  58.346 0.0000000000
51977  -35.044  -28.410  57.803 0.0000000000
53126  -34.959  -28.439  57.106 0.0000000000
62186  -43.731  -19.970  52.452 0.0000000000
62206  -45.448  -20.687  51.154 0.0000000000
61021  -44.591  -21.131  49.938 0.0000000000
61003  -44.993  -20.931  50.442 0.0000000000
70316  -51.089  -12.615  41.020 0.0000000000
70302  -51.474  -12.484  41.800 0.0000000000
71420  -52.073  -11.965  41.763 0.0000000000
71422  -53.328  -11.535  42.523 0.0000000000
72536  -53.096  -11.324  41.286 0.0000000000
71432  -53.070  -11.545  41.957 0.0000000000
72515  -54.501  -11.136  43.486 0.0000000000
72507  -55.157  -11.099  43.992 0.0000000000
74724  -56.270  -8.733  39.404 0.0000000000
75851  -56.219  -7.887  37.961 0.0000000000
38986  -8.918  -40.899  66.758 0.0000000000
38956  -9.727  -40.332  68.181 0.0000000000
58639  -39.696  -23.313  56.892 0.0000000000
58650  -39.618  -23.013  56.145 0.0000000000
59820  -39.949  -21.904  55.738 0.0000000000
59828  -39.559  -22.177  55.003 0.0000000000
60968  -41.033  -20.467  54.307 0.0000000000
60987  -40.022  -20.548  52.246 0.0000000000
60975  -39.707  -20.917  52.548 0.0000000000
62182  -40.068  -20.484  51.788 0.0000000000
60999  -39.966  -20.596  50.734 0.0000000000
61035  -39.133  -21.362  49.354 0.0000000000
45153  -24.235  -34.684  66.982 0.0000000000
43205  -25.222  -37.179  67.194 0.0000000000
42301  -25.520  -37.624  67.091 0.0000000000
41249  -25.803  -38.541  67.132 0.0000000000
42289  -27.661  -37.359  68.010 0.0000000000
45269  -28.608  -34.500  59.139 0.0000000000
50809  -29.469  -30.335  59.682 0.0000000000
49654  -29.391  -30.941  60.301 0.0000000000
49615  -29.875  -30.801  63.052 0.0000000000
47263  -31.128  -32.406  67.428 0.0000000000
47264  -31.590  -32.253  67.993 0.0000000000
44147  -17.468  -36.076  66.295 0.0000000000
44106  -16.001  -35.665  68.153 0.0000000000
44073  -17.529  -35.176  70.039 0.0000000000
45122  -19.119  -35.163  71.534 0.0000000000
64698  -46.705  -18.015  44.938 0.0000000000
64678  -47.519  -18.204  45.778 0.0000000000
64679  -48.150  -17.844  45.996 0.0000000000
64680  -48.953  -17.786  46.387 0.0000000000
65836  -50.073  -17.368  47.021 0.0000000000
78047  -56.905  -5.020  29.815 0.0000000000
78055  -57.125  -5.060  29.018 0.0000000000
78066  -57.288  -5.034  27.997 0.0000000000
43175  -12.605  -36.893  68.705 0.0000000000
43174  -12.030  -37.266  69.071 0.0000000000
57492  -38.592  -23.804  60.393 0.0000000000
57493  -38.991  -23.568  59.876 0.0000000000
55425  -38.182  -25.318  57.372 0.0000000000
56494  -37.984  -25.254  56.644 0.0000000000
56495  -38.602  -24.934  57.123 0.0000000000
57525  -39.036  -24.390  56.672 0.0000000000
57526  -39.372  -23.750  56.331 0.0000000000
58661  -38.904  -23.552  55.087 0.0000000000
58668  -37.899  -23.628  53.960 0.0000000000
44134  -20.800  -35.493  67.410 0.0000000000
44135  -21.771  -35.317  67.386 0.0000000000
45152  -23.499  -34.787  66.912 0.0000000000
44181  -22.741  -35.152  64.313 0.0000000000
45168  -25.885  -34.383  66.247 0.0000000000
45169  -26.858  -34.600  66.248 0.0000000000
49713  -27.623  -30.737  54.945 0.0000000000
49704  -27.894  -30.888  55.743 0.0000000000
49679  -28.582  -31.166  57.508 0.0000000000
49680  -28.889  -30.711  57.860 0.0000000000
50823  -29.338  -30.492  59.022 0.0000000000
50873  -29.268  -29.656  55.981 0.0000000000
50858  -29.908  -29.416  57.101 0.0000000000
50824  -29.646  -29.953  58.962 0.0000000000
50795  -30.274  -29.682  60.596 0.0000000000
50782  -30.510  -29.478  61.515 0.0000000000
51942  -31.146  -29.170  60.263 0.0000000000
50783  -30.954  -29.146  61.119 0.0000000000
51923  -30.709  -29.216  62.032 0.0000000000
51914  -30.863  -29.138  62.546 0.0000000000
51907  -31.572  -28.650  63.475 0.0000000000
51899  -32.138  -28.219  64.452 0.0000000000
51908  -32.085  -28.293  63.707 0.0000000000
53063  -32.598  -28.049  63.783 0.0000000000
53064  -33.170  -27.735  63.708 0.0000000000
53080  -33.296  -27.929  62.358 0.0000000000
53073  -33.714  -27.683  62.914 0.0000000000
53065  -33.778  -27.368  63.692 0.0000000000
54190  -34.369  -26.927  63.640 0.0000000000
53096  -34.302  -28.174  59.896 0.0000000000
53091  -35.506  -27.335  60.160 0.0000000000
55334  -36.090  -25.461  63.699 0.0000000000
55349  -36.915  -25.303  61.910 0.0000000000
44191  -17.507  -35.953  63.303 0.0000000000
44177  -18.868  -36.183  64.386 0.0000000000
64508  -45.173  -17.906  58.488 0.0000000000
64534  -45.449  -17.968  56.377 0.0000000000
64521  -46.899  -17.389  56.963 0.0000000000
65703  -47.516  -17.125  56.758 0.0000000000
63384  -45.877  -18.657  53.839 0.0000000000
65743  -49.214  -16.887  53.526 0.0000000000
67046  -48.408  -15.036  42.824 0.0000000000
67033  -49.280  -15.017  43.644 0.0000000000
68103  -49.776  -14.721  44.016 0.0000000000
69192  -49.719  -14.162  43.056 0.0000000000
68116  -50.034  -14.375  43.726 0.0000000000
68104  -50.527  -14.408  44.186 0.0000000000
68096  -51.510  -14.335  45.253 0.0000000000
69166  -52.853  -13.943  45.936 0.0000000000
70288  -51.661  -12.717  42.697 0.0000000000
70279  -53.420  -12.223  44.144 0.0000000000
70278  -52.712  -12.666  43.882 0.0000000000
69176  -53.451  -13.151  45.386 0.0000000000
36568  -6.325  -42.734  72.688 0.0000000000
61123  -42.283  -21.595  45.893 0.0000000000
61172  -42.673  -20.216  44.160 0.0000000000
61147  -43.513  -20.315  45.161 0.0000000000
62307  -43.653  -19.819  44.670 0.0000000000
63527  -43.757  -19.422  44.151 0.0000000000
63545  -45.274  -18.080  43.678 0.0000000000
64727  -45.677  -17.536  43.280 0.0000000000
65891  -46.176  -16.859  42.865 0.0000000000
65905  -46.507  -16.471  42.625 0.0000000000
67044  -46.909  -15.945  42.428 0.0000000000
67055  -45.668  -15.848  41.386 0.0000000000
67056  -46.301  -15.592  41.743 0.0000000000
68126  -47.422  -15.197  42.155 0.0000000000
68140  -47.614  -14.655  41.601 0.0000000000
69219  -48.370  -14.205  41.608 0.0000000000
70314  -49.721  -13.142  40.592 0.0000000000
69270  -46.686  -13.686  37.900 0.0000000000
69259  -47.990  -13.659  38.537 0.0000000000
69248  -49.169  -13.373  39.688 0.0000000000
70330  -49.489  -13.217  39.932 0.0000000000
70332  -50.961  -12.590  40.093 0.0000000000
70355  -50.664  -12.460  38.411 0.0000000000
70356  -51.296  -12.190  38.496 0.0000000000
71457  -52.355  -11.831  39.278 0.0000000000
72575  -53.454  -10.529  38.164 0.0000000000
72597  -51.201  -10.128  36.668 0.0000000000
73703  -50.701  -9.328  35.513 0.0000000000
73722  -50.024  -9.502  33.657 0.0000000000
42272  -11.548  -37.705  69.183 0.0000000000
41225  -10.993  -38.353  69.643 0.0000000000
43155  -10.920  -37.096  71.684 0.0000000000
42263  -10.760  -38.011  70.977 0.0000000000
41224  -10.479  -38.864  70.045 0.0000000000
40071  -10.008  -39.101  70.293 0.0000000000
41213  -9.465  -38.829  71.055 0.0000000000
40051  -9.001  -39.007  71.204 0.0000000000
43111  -10.206  -36.819  75.366 0.0000000000
43120  -9.817  -36.670  74.634 0.0000000000
42214  -9.144  -37.288  74.437 0.0000000000
42206  -8.877  -37.852  74.964 0.0000000000
42225  -8.842  -37.465  73.682 0.0000000000
41180  -9.179  -37.969  72.274 0.0000000000
41197  -7.939  -39.263  71.658 0.0000000000
40036  -6.934  -39.251  72.480 0.0000000000
40031  -6.647  -40.150  73.636 0.0000000000
35486  -7.206  -43.584  72.866 0.0000000000
35475  -8.078  -43.311  73.784 0.0000000000
64465  -44.666  -17.788  61.126 0.0000000000
64479  -44.772  -17.699  60.265 0.0000000000
58581  -39.243  -21.993  63.044 0.0000000000
58632  -40.166  -22.752  57.886 0.0000000000
58626  -40.315  -22.535  58.311 0.0000000000
60913  -41.035  -20.830  60.088 0.0000000000
60906  -41.491  -19.898  60.868 0.0000000000
62111  -42.549  -19.188  60.573 0.0000000000
63319  -43.253  -18.841  59.863 0.0000000000
63327  -44.037  -18.275  59.115 0.0000000000
63338  -44.676  -18.248  58.189 0.0000000000
63355  -44.037  -18.857  55.891 0.0000000000
63395  -42.741  -19.459  53.375 0.0000000000
59948  -42.410  -21.898  47.197 0.0000000000
59865  -36.782  -22.610  50.978 0.0000000000
59878  -37.127  -21.797  50.317 0.0000000000
60996  -37.781  -21.499  50.490 0.0000000000
61014  -37.955  -21.181  49.896 0.0000000000
61033  -37.271  -21.321  49.154 0.0000000000
61077  -38.205  -21.816  47.848 0.0000000000
59905  -38.638  -21.897  47.941 0.0000000000
61055  -39.496  -21.797  48.757 0.0000000000
59907  -39.935  -22.090  48.221 0.0000000000
59925  -40.390  -22.290  47.519 0.0000000000
59945  -39.852  -22.490  46.549 0.0000000000
59947  -41.847  -21.997  46.744 0.0000000000
61099  -42.179  -21.793  46.288 0.0000000000
44091  -22.340  -35.672  69.080 0.0000000000
45243  -24.197  -35.269  60.381 0.0000000000
45170  -27.808  -34.794  66.276 0.0000000000
46288  -28.233  -33.222  56.910 0.0000000000
47434  -28.695  -32.508  57.430 0.0000000000
45298  -28.441  -33.674  57.484 0.0000000000
47391  -29.945  -32.399  60.360 0.0000000000
47369  -30.638  -33.115  60.734 0.0000000000
46254  -30.444  -33.656  60.137 0.0000000000
45249  -30.227  -34.383  60.166 0.0000000000
44240  -29.643  -35.309  61.732 0.0000000000
44220  -29.555  -35.350  62.357 0.0000000000
44199  -29.490  -35.341  62.957 0.0000000000
45210  -29.172  -35.151  63.627 0.0000000000
44118  -28.377  -35.399  68.323 0.0000000000
44119  -29.090  -35.186  68.219 0.0000000000
43179  -28.648  -35.827  68.682 0.0000000000
46174  -30.554  -33.911  67.686 0.0000000000
45143  -30.611  -34.345  67.984 0.0000000000
41274  -10.855  -39.103  64.951 0.0000000000
42285  -12.198  -37.469  67.856 0.0000000000
42329  -12.369  -37.777  64.156 0.0000000000
42319  -12.305  -37.597  65.036 0.0000000000
43215  -13.209  -36.854  65.524 0.0000000000
42312  -12.682  -37.262  65.421 0.0000000000
42311  -12.367  -37.513  65.885 0.0000000000
42299  -12.303  -37.510  66.856 0.0000000000
45110  -17.810  -34.808  71.790 0.0000000000
61080  -44.070  -20.731  47.422 0.0000000000
62243  -44.623  -20.650  47.923 0.0000000000
62244  -45.232  -20.276  48.115 0.0000000000
63424  -47.527  -19.246  49.835 0.0000000000
63483  -46.217  -19.126  46.036 0.0000000000
63461  -46.848  -19.188  46.765 0.0000000000
63450  -47.147  -19.124  47.651 0.0000000000
63437  -47.348  -19.065  48.653 0.0000000000
65775  -50.303  -16.876  51.393 0.0000000000
67010  -49.392  -16.352  45.420 0.0000000000
66996  -49.773  -16.525  46.083 0.0000000000
65855  -50.228  -16.945  46.760 0.0000000000
65837  -50.841  -17.123  47.225 0.0000000000
65817  -51.419  -17.407  47.998 0.0000000000
64614  -51.614  -17.379  49.050 0.0000000000
73673  -53.943  -9.909  37.901 0.0000000000
73685  -54.281  -9.537  37.636 0.0000000000
75859  -55.931  -7.533  37.117 0.0000000000
75870  -56.425  -7.346  36.516 0.0000000000
76935  -56.291  -6.843  35.929 0.0000000000
78002  -55.323  -6.407  34.842 0.0000000000
76947  -56.781  -6.988  35.515 0.0000000000
75881  -57.165  -7.540  34.938 0.0000000000
76974  -54.482  -6.971  32.641 0.0000000000
78028  -54.820  -6.463  32.831 0.0000000000
78020  -55.835  -5.430  33.376 0.0000000000
79060  -58.423  -4.717  30.768 0.0000000000
37725  -8.558  -41.694  75.016 0.0000000000
38968  -9.520  -40.455  67.400 0.0000000000
40101  -9.620  -40.315  68.623 0.0000000000
41167  -7.957  -38.177  73.411 0.0000000000
41178  -7.745  -38.971  72.151 0.0000000000
41214  -10.105  -38.603  70.940 0.0000000000
41215  -10.753  -38.318  70.411 0.0000000000
42239  -8.526  -37.806  73.222 0.0000000000
42240  -9.192  -37.487  72.781 0.0000000000
42255  -11.004  -37.424  71.207 0.0000000000
43112  -10.944  -36.823  75.471 0.0000000000
43214  -12.785  -37.176  65.816 0.0000000000
44013  -11.115  -36.105  74.770 0.0000000000
44094  -28.799  -35.519  68.436 0.0000000000
44200  -29.895  -35.338  62.698 0.0000000000
45129  -30.710  -34.841  68.203 0.0000000000
45178  -22.779  -34.846  65.884 0.0000000000
46269  -30.017  -33.400  59.689 0.0000000000
47392  -30.143  -32.997  59.927 0.0000000000
50741  -30.228  -29.967  63.683 0.0000000000
50856  -28.705  -30.528  56.856 0.0000000000
53071  -32.492  -28.171  63.343 0.0000000000
53167  -35.500  -27.209  55.786 0.0000000000
54362  -35.474  -25.914  53.878 0.0000000000
55410  -38.012  -25.474  57.793 0.0000000000
56529  -36.810  -24.666  53.162 0.0000000000
58618  -38.981  -23.399  60.241 0.0000000000
59890  -41.101  -21.818  48.962 0.0000000000
59974  -41.807  -21.822  45.872 0.0000000000
61057  -40.765  -21.809  48.943 0.0000000000
61102  -44.154  -20.522  46.777 0.0000000000
62275  -45.874  -19.489  46.356 0.0000000000
63505  -44.837  -19.492  45.104 0.0000000000
63559  -44.416  -18.063  42.939 0.0000000000
63577  -43.477  -17.956  42.063 0.0000000000
65653  -46.758  -17.216  58.650 0.0000000000
65719  -48.261  -16.850  55.574 0.0000000000
65732  -48.952  -16.827  54.291 0.0000000000
65868  -47.889  -16.966  44.899 0.0000000000
65869  -48.633  -16.778  45.160 0.0000000000
68105  -51.052  -14.364  44.659 0.0000000000
68141  -48.150  -14.548  41.993 0.0000000000
69260  -48.548  -13.555  38.767 0.0000000000
70352  -48.112  -13.486  38.089 0.0000000000
71411  -54.217  -11.461  43.883 0.0000000000
71456  -51.785  -12.097  38.896 0.0000000000
71488  -49.261  -11.415  36.763 0.0000000000
76944  -54.673  -6.825  34.834 0.0000000000
