#!ascii label  , from subject 3431 vox2ras=TkReg
366
73255  -24.545  -9.635  -13.256 0.0000000000
69876  -21.865  -13.494  -9.117 0.0000000000
68817  -27.077  -13.641  -11.215 0.0000000000
65387  -25.139  -17.166  -8.891 0.0000000000
86034  -25.508  1.696  -18.495 0.0000000000
83963  -27.616  -0.465  -16.278 0.0000000000
77549  -23.096  -5.818  -12.516 0.0000000000
61863  -24.416  -20.803  -7.726 0.0000000000
67674  -23.650  -15.521  -9.264 0.0000000000
66558  -21.860  -16.656  -8.209 0.0000000000
85021  -26.493  0.380  -17.571 0.0000000000
82853  -24.907  -1.501  -14.831 0.0000000000
73209  -21.971  -9.822  -10.808 0.0000000000
75385  -20.875  -7.921  -10.861 0.0000000000
76492  -23.655  -7.619  -12.475 0.0000000000
78584  -24.878  -5.593  -13.119 0.0000000000
77550  -26.142  -6.490  -12.697 0.0000000000
75398  -26.802  -8.439  -12.104 0.0000000000
72033  -20.013  -11.430  -9.078 0.0000000000
70963  -23.070  -11.958  -11.076 0.0000000000
71001  -26.219  -12.345  -13.340 0.0000000000
68814  -25.091  -13.648  -10.854 0.0000000000
66594  -26.447  -15.433  -9.810 0.0000000000
65390  -27.577  -16.468  -8.927 0.0000000000
79571  -22.293  -3.938  -12.422 0.0000000000
80638  -24.547  -3.662  -13.762 0.0000000000
82854  -27.251  -1.821  -13.742 0.0000000000
64194  -21.272  -18.040  -7.526 0.0000000000
64198  -24.494  -18.382  -8.397 0.0000000000
67655  -20.645  -15.736  -8.143 0.0000000000
66556  -20.290  -16.612  -7.951 0.0000000000
82852  -24.270  -1.177  -14.486 0.0000000000
81723  -23.226  -2.057  -13.641 0.0000000000
73221  -23.381  -10.275  -11.874 0.0000000000
74296  -22.713  -9.020  -11.528 0.0000000000
75417  -23.926  -9.050  -12.299 0.0000000000
76494  -24.954  -7.434  -12.728 0.0000000000
75420  -25.418  -8.538  -12.778 0.0000000000
75397  -26.391  -8.336  -12.509 0.0000000000
74318  -26.162  -9.309  -13.100 0.0000000000
70925  -20.511  -12.354  -9.027 0.0000000000
72052  -21.680  -11.355  -10.226 0.0000000000
70947  -22.565  -12.292  -10.235 0.0000000000
70964  -23.598  -12.615  -11.308 0.0000000000
69877  -22.846  -13.444  -9.701 0.0000000000
66574  -24.585  -16.383  -9.148 0.0000000000
67675  -24.862  -15.573  -9.532 0.0000000000
66575  -25.497  -16.209  -9.316 0.0000000000
66577  -27.048  -15.946  -9.404 0.0000000000
65388  -25.958  -17.015  -8.991 0.0000000000
85006  -25.293  1.471  -15.762 0.0000000000
84995  -25.122  1.772  -15.059 0.0000000000
87008  -25.283  2.616  -18.012 0.0000000000
88975  -25.506  4.323  -19.079 0.0000000000
88041  -26.499  3.491  -19.434 0.0000000000
83979  -26.948  -0.012  -16.986 0.0000000000
77537  -22.277  -6.855  -11.783 0.0000000000
77536  -21.673  -6.293  -11.695 0.0000000000
78574  -22.229  -5.032  -12.313 0.0000000000
79583  -23.550  -4.150  -13.186 0.0000000000
79584  -24.451  -4.388  -13.457 0.0000000000
80621  -26.809  -4.173  -12.813 0.0000000000
79597  -26.123  -3.661  -13.795 0.0000000000
81725  -27.024  -2.583  -13.395 0.0000000000
69929  -26.940  -13.470  -12.797 0.0000000000
72083  -27.130  -11.433  -12.559 0.0000000000
61861  -22.800  -20.323  -7.087 0.0000000000
63054  -22.350  -18.735  -7.452 0.0000000000
64196  -22.713  -18.199  -7.967 0.0000000000
63056  -23.911  -19.123  -8.006 0.0000000000
68778  -20.995  -14.170  -8.483 0.0000000000
68780  -22.522  -14.604  -8.970 0.0000000000
68760  -21.861  -15.095  -8.474 0.0000000000
67657  -22.253  -15.859  -8.452 0.0000000000
65385  -23.755  -17.111  -8.670 0.0000000000
85018  -25.426  0.842  -16.091 0.0000000000
85033  -25.902  1.123  -18.281 0.0000000000
83977  -25.631  0.305  -16.551 0.0000000000
82888  -25.918  -0.610  -15.799 0.0000000000
82873  -26.153  -1.420  -15.507 0.0000000000
74263  -20.135  -10.025  -10.054 0.0000000000
75373  -20.911  -8.620  -10.715 0.0000000000
75387  -22.363  -8.258  -11.501 0.0000000000
77560  -23.307  -6.986  -12.365 0.0000000000
78583  -24.027  -5.383  -13.040 0.0000000000
77562  -24.490  -6.553  -12.890 0.0000000000
78585  -25.730  -5.833  -13.070 0.0000000000
79572  -26.692  -4.962  -12.446 0.0000000000
78569  -26.848  -5.929  -11.717 0.0000000000
59539  -26.103  -21.894  -7.456 0.0000000000
60691  -25.795  -20.641  -8.093 0.0000000000
73194  -20.625  -10.457  -10.083 0.0000000000
72065  -23.019  -11.101  -11.567 0.0000000000
72101  -23.541  -11.110  -13.057 0.0000000000
73235  -25.421  -10.612  -13.579 0.0000000000
70999  -24.675  -12.437  -13.130 0.0000000000
69927  -24.968  -13.468  -12.402 0.0000000000
68832  -25.774  -13.997  -11.936 0.0000000000
68793  -23.981  -14.321  -9.967 0.0000000000
68795  -25.382  -14.334  -10.400 0.0000000000
68796  -26.593  -14.317  -10.594 0.0000000000
67677  -27.552  -15.342  -9.768 0.0000000000
66578  -27.774  -15.790  -9.266 0.0000000000
87018  -27.834  2.595  -18.985 0.0000000000
80636  -22.995  -2.818  -13.052 0.0000000000
80652  -24.298  -2.650  -14.164 0.0000000000
81753  -26.234  -2.031  -15.053 0.0000000000
79596  -25.546  -3.860  -13.757 0.0000000000
81739  -26.256  -2.555  -14.447 0.0000000000
83947  -27.611  -0.825  -15.387 0.0000000000
73237  -26.823  -10.829  -12.963 0.0000000000
74297  -27.155  -9.468  -11.634 0.0000000000
65367  -20.146  -17.408  -7.545 0.0000000000
65369  -21.517  -17.415  -7.983 0.0000000000
65371  -23.177  -17.458  -8.354 0.0000000000
64208  -25.092  -17.928  -8.675 0.0000000000
61883  -26.186  -20.220  -8.279 0.0000000000
63058  -25.790  -19.385  -8.490 0.0000000000
64200  -26.407  -18.322  -8.719 0.0000000000
81722  -22.756  -1.727  -13.106 0.0000000000
74317  -23.844  -9.679  -12.564 0.0000000000
74324  -23.916  -9.306  -12.346 0.0000000000
74326  -24.591  -9.252  -12.714 0.0000000000
75419  -24.860  -8.699  -12.610 0.0000000000
74327  -25.043  -9.265  -12.966 0.0000000000
75421  -25.810  -8.937  -12.984 0.0000000000
74328  -25.637  -9.407  -13.340 0.0000000000
69875  -20.829  -13.437  -8.751 0.0000000000
69874  -20.228  -12.921  -8.664 0.0000000000
70926  -21.329  -12.508  -9.372 0.0000000000
70927  -22.107  -12.755  -9.577 0.0000000000
69896  -23.074  -12.930  -10.261 0.0000000000
66573  -23.926  -16.580  -8.970 0.0000000000
86027  -25.347  1.761  -17.375 0.0000000000
86026  -25.347  1.917  -16.474 0.0000000000
88040  -25.765  3.482  -19.210 0.0000000000
87016  -26.010  2.716  -19.267 0.0000000000
83962  -26.778  -0.422  -16.306 0.0000000000
83980  -27.701  0.185  -17.320 0.0000000000
83981  -28.279  0.554  -17.004 0.0000000000
83964  -28.371  0.081  -16.373 0.0000000000
77548  -22.701  -6.345  -12.184 0.0000000000
77547  -22.033  -5.695  -12.069 0.0000000000
78575  -22.791  -5.393  -12.481 0.0000000000
78582  -23.228  -5.114  -12.755 0.0000000000
80640  -27.075  -3.054  -12.980 0.0000000000
68834  -27.041  -13.375  -12.129 0.0000000000
69930  -27.282  -12.898  -12.592 0.0000000000
69910  -27.302  -12.812  -11.597 0.0000000000
61862  -23.576  -20.628  -7.490 0.0000000000
61879  -22.640  -19.458  -7.203 0.0000000000
61880  -23.361  -19.745  -7.574 0.0000000000
63055  -23.081  -18.939  -7.738 0.0000000000
61881  -24.221  -19.977  -7.820 0.0000000000
68758  -20.233  -14.774  -8.135 0.0000000000
68759  -21.043  -14.852  -8.313 0.0000000000
66557  -21.080  -16.620  -8.076 0.0000000000
67656  -21.451  -15.807  -8.247 0.0000000000
66559  -22.632  -16.688  -8.409 0.0000000000
83960  -25.173  0.436  -15.403 0.0000000000
83976  -25.461  0.541  -15.989 0.0000000000
82886  -25.033  -0.104  -15.236 0.0000000000
82887  -25.360  -0.408  -15.515 0.0000000000
82872  -25.470  -1.233  -15.265 0.0000000000
74283  -20.498  -9.414  -10.344 0.0000000000
74284  -21.407  -9.247  -10.763 0.0000000000
75408  -23.606  -8.663  -12.218 0.0000000000
75396  -22.997  -8.371  -11.834 0.0000000000
76480  -23.184  -7.561  -12.144 0.0000000000
76470  -22.626  -7.449  -11.809 0.0000000000
76493  -24.322  -7.680  -12.659 0.0000000000
77564  -25.854  -6.976  -12.825 0.0000000000
77563  -25.240  -6.686  -12.874 0.0000000000
78576  -26.285  -5.666  -12.688 0.0000000000
78568  -26.611  -5.681  -12.258 0.0000000000
77538  -26.504  -6.466  -12.266 0.0000000000
76482  -26.702  -7.676  -12.105 0.0000000000
75388  -27.225  -8.536  -11.142 0.0000000000
59538  -25.207  -22.070  -7.428 0.0000000000
58371  -26.464  -22.300  -7.010 0.0000000000
73175  -20.072  -10.565  -9.640 0.0000000000
72034  -20.833  -11.436  -9.657 0.0000000000
72053  -22.556  -11.205  -10.808 0.0000000000
72082  -23.300  -11.097  -12.311 0.0000000000
70997  -23.456  -11.822  -12.573 0.0000000000
70998  -23.913  -12.098  -12.950 0.0000000000
70982  -23.262  -11.926  -11.907 0.0000000000
69908  -24.388  -13.246  -11.469 0.0000000000
69926  -24.342  -13.099  -12.210 0.0000000000
69909  -24.963  -13.547  -11.598 0.0000000000
68831  -25.353  -13.705  -11.550 0.0000000000
68781  -23.281  -14.375  -9.565 0.0000000000
67676  -25.520  -15.421  -9.713 0.0000000000
67692  -25.207  -14.900  -9.962 0.0000000000
67693  -25.904  -14.805  -10.204 0.0000000000
67711  -26.038  -14.307  -10.601 0.0000000000
67694  -26.566  -14.669  -10.323 0.0000000000
67695  -27.296  -14.807  -10.212 0.0000000000
66595  -26.966  -15.257  -9.918 0.0000000000
66561  -28.372  -16.073  -8.737 0.0000000000
85034  -26.293  0.822  -18.184 0.0000000000
86035  -26.200  1.257  -18.706 0.0000000000
86046  -27.089  1.482  -18.904 0.0000000000
75372  -20.232  -8.251  -10.511 0.0000000000
79570  -21.669  -4.075  -12.195 0.0000000000
80620  -22.483  -2.954  -12.419 0.0000000000
79582  -22.864  -3.936  -12.732 0.0000000000
80637  -23.926  -3.157  -13.774 0.0000000000
80653  -24.886  -3.092  -14.056 0.0000000000
81738  -25.479  -2.203  -14.726 0.0000000000
79585  -25.302  -4.706  -13.408 0.0000000000
81724  -26.590  -2.790  -13.894 0.0000000000
80655  -26.281  -3.122  -13.963 0.0000000000
81740  -26.772  -2.225  -14.201 0.0000000000
81754  -26.573  -2.098  -14.691 0.0000000000
82875  -27.850  -0.932  -14.707 0.0000000000
72104  -25.829  -11.412  -13.481 0.0000000000
73236  -26.163  -10.351  -13.448 0.0000000000
72105  -26.542  -11.447  -13.260 0.0000000000
73222  -27.019  -10.413  -12.178 0.0000000000
63053  -21.692  -18.598  -7.204 0.0000000000
64193  -20.691  -17.972  -7.303 0.0000000000
65368  -20.807  -17.380  -7.800 0.0000000000
64195  -21.950  -18.108  -7.765 0.0000000000
64197  -23.546  -18.329  -8.184 0.0000000000
65372  -23.988  -17.706  -8.518 0.0000000000
67654  -19.846  -15.684  -7.956 0.0000000000
83928  -24.491  -0.466  -14.649 0.0000000000
82851  -23.359  -1.106  -13.952 0.0000000000
81736  -23.874  -2.092  -14.185 0.0000000000
73210  -22.691  -10.044  -11.248 0.0000000000
74295  -22.143  -9.103  -11.157 0.0000000000
74306  -23.247  -9.331  -11.795 0.0000000000
75409  -23.969  -8.367  -12.496 0.0000000000
76503  -24.635  -8.279  -12.590 0.0000000000
76505  -25.214  -7.934  -12.682 0.0000000000
76496  -26.003  -7.628  -12.745 0.0000000000
76481  -26.333  -7.509  -12.472 0.0000000000
75411  -26.000  -8.359  -12.828 0.0000000000
74307  -26.458  -8.983  -12.613 0.0000000000
70924  -19.854  -12.340  -8.629 0.0000000000
72035  -21.406  -11.869  -9.753 0.0000000000
70946  -21.814  -12.156  -9.811 0.0000000000
70948  -23.220  -12.617  -10.656 0.0000000000
69897  -23.644  -13.351  -10.471 0.0000000000
68813  -24.419  -13.747  -10.568 0.0000000000
66593  -25.947  -15.639  -9.692 0.0000000000
66576  -26.290  -16.238  -9.353 0.0000000000
65389  -26.805  -17.097  -8.842 0.0000000000
84994  -25.009  1.022  -15.013 0.0000000000
88030  -25.411  3.498  -18.512 0.0000000000
88983  -26.942  4.437  -19.811 0.0000000000
85022  -26.982  0.304  -17.496 0.0000000000
85035  -27.032  0.610  -18.124 0.0000000000
85061  -28.058  0.441  -18.964 0.0000000000
77535  -20.734  -6.367  -11.212 0.0000000000
78567  -20.865  -5.378  -11.545 0.0000000000
78573  -21.540  -5.127  -11.998 0.0000000000
78581  -22.677  -4.676  -12.558 0.0000000000
79586  -26.218  -4.595  -13.311 0.0000000000
80639  -26.665  -3.440  -13.359 0.0000000000
69952  -26.590  -13.087  -13.176 0.0000000000
72106  -26.970  -11.501  -13.048 0.0000000000
70985  -27.279  -12.168  -12.219 0.0000000000
72066  -27.282  -11.395  -11.582 0.0000000000
61878  -21.941  -19.209  -6.922 0.0000000000
68779  -21.519  -14.270  -8.647 0.0000000000
68761  -22.340  -15.252  -8.627 0.0000000000
67673  -22.722  -15.464  -8.796 0.0000000000
67658  -22.912  -16.034  -8.715 0.0000000000
66560  -23.346  -16.577  -8.703 0.0000000000
84983  -24.134  0.949  -14.274 0.0000000000
85005  -25.341  0.908  -15.785 0.0000000000
85019  -25.400  1.056  -16.473 0.0000000000
85020  -25.712  0.787  -17.556 0.0000000000
82871  -24.863  -0.605  -14.954 0.0000000000
82906  -25.958  -0.105  -16.253 0.0000000000
83978  -26.183  -0.047  -16.851 0.0000000000
83961  -26.276  -0.374  -16.187 0.0000000000
82889  -26.544  -0.857  -15.761 0.0000000000
75386  -21.557  -8.257  -11.121 0.0000000000
76469  -21.970  -7.388  -11.526 0.0000000000
77561  -23.593  -6.445  -12.657 0.0000000000
79573  -27.077  -4.296  -12.196 0.0000000000
79558  -27.081  -4.946  -11.621 0.0000000000
76471  -26.649  -7.198  -12.073 0.0000000000
60678  -24.692  -21.482  -7.638 0.0000000000
61864  -24.977  -20.953  -7.836 0.0000000000
73195  -21.331  -10.253  -10.439 0.0000000000
72051  -21.086  -10.900  -10.140 0.0000000000
73196  -22.068  -10.533  -10.688 0.0000000000
73232  -23.567  -10.285  -12.562 0.0000000000
73233  -23.909  -10.049  -13.240 0.0000000000
73234  -24.695  -10.500  -13.529 0.0000000000
72102  -24.283  -11.303  -13.290 0.0000000000
72103  -25.060  -11.445  -13.406 0.0000000000
71000  -25.466  -12.367  -13.255 0.0000000000
70983  -23.815  -12.606  -12.207 0.0000000000
69950  -25.137  -13.010  -13.119 0.0000000000
69951  -25.752  -13.360  -13.108 0.0000000000
68851  -26.424  -13.798  -12.983 0.0000000000
68833  -26.501  -13.847  -12.149 0.0000000000
69878  -23.442  -13.885  -9.919 0.0000000000
67691  -24.536  -14.927  -9.769 0.0000000000
68794  -24.804  -14.323  -10.243 0.0000000000
68815  -25.761  -13.916  -10.808 0.0000000000
68816  -26.353  -13.964  -10.863 0.0000000000
68797  -26.958  -14.286  -10.612 0.0000000000
67696  -27.831  -14.915  -10.042 0.0000000000
86045  -26.160  1.928  -19.086 0.0000000000
87017  -26.826  2.608  -19.202 0.0000000000
81737  -24.586  -2.158  -14.484 0.0000000000
81752  -25.811  -1.753  -15.192 0.0000000000
82890  -27.120  -0.842  -15.756 0.0000000000
79595  -24.949  -3.949  -13.693 0.0000000000
80654  -25.761  -3.079  -14.123 0.0000000000
82874  -27.028  -1.492  -14.929 0.0000000000
73257  -25.621  -10.027  -13.672 0.0000000000
74319  -26.633  -9.882  -12.835 0.0000000000
74308  -26.815  -9.448  -12.291 0.0000000000
65370  -22.288  -17.453  -8.144 0.0000000000
65373  -24.624  -17.680  -8.657 0.0000000000
61882  -25.233  -20.305  -8.030 0.0000000000
63057  -24.852  -19.279  -8.193 0.0000000000
64199  -25.396  -18.536  -8.595 0.0000000000
64209  -25.714  -17.781  -8.827 0.0000000000
64210  -26.226  -17.570  -8.854 0.0000000000
65386  -24.345  -17.123  -8.810 0.0000000000
67712  -26.196  -14.446  -10.489 0.0000000000
68850  -25.986  -14.125  -12.721 0.0000000000
69858  -20.575  -14.144  -8.351 0.0000000000
69911  -27.625  -12.825  -10.989 0.0000000000
69928  -25.578  -13.884  -12.623 0.0000000000
69953  -27.102  -12.997  -13.084 0.0000000000
70984  -24.310  -12.804  -12.608 0.0000000000
71002  -27.062  -12.240  -13.089 0.0000000000
73254  -24.298  -9.528  -12.913 0.0000000000
73256  -25.112  -9.824  -13.598 0.0000000000
74316  -23.702  -9.611  -12.166 0.0000000000
74325  -24.164  -9.379  -12.602 0.0000000000
75410  -25.638  -8.237  -12.819 0.0000000000
75418  -24.377  -8.705  -12.519 0.0000000000
76495  -25.535  -7.738  -12.769 0.0000000000
76504  -24.990  -7.931  -12.631 0.0000000000
79557  -26.808  -5.379  -12.036 0.0000000000
82870  -24.877  -0.222  -14.987 0.0000000000
82904  -25.311  0.100  -15.668 0.0000000000
82905  -25.683  0.004  -15.947 0.0000000000
82916  -27.821  0.291  -18.017 0.0000000000
82917  -28.012  0.168  -17.800 0.0000000000
82927  -28.026  0.293  -18.109 0.0000000000
82928  -28.059  0.339  -17.793 0.0000000000
82939  -27.987  0.007  -18.770 0.0000000000
82940  -28.178  0.015  -18.959 0.0000000000
83945  -24.684  0.048  -14.842 0.0000000000
83946  -24.687  -0.348  -14.799 0.0000000000
83992  -27.934  0.596  -17.940 0.0000000000
83993  -28.068  0.661  -17.671 0.0000000000
84003  -27.877  0.247  -18.658 0.0000000000
84004  -28.234  0.805  -17.795 0.0000000000
84013  -28.014  0.257  -19.058 0.0000000000
84014  -28.107  0.335  -18.891 0.0000000000
85048  -27.906  0.846  -18.516 0.0000000000
85062  -28.025  0.677  -19.054 0.0000000000
86036  -26.630  1.001  -18.541 0.0000000000
86044  -25.637  2.199  -19.090 0.0000000000
