#!ascii label  , from subject 3431 vox2ras=TkReg
935
55931  20.024  -28.807  62.446 0.0000000000
55832  32.457  -28.761  69.424 0.0000000000
68902  41.323  -15.206  43.513 0.0000000000
64261  31.474  -20.869  54.168 0.0000000000
58086  36.991  -25.790  61.685 0.0000000000
125621  50.833  -7.680  32.161 0.0000000000
66756  42.729  -17.923  47.161 0.0000000000
64368  37.210  -19.380  46.360 0.0000000000
51319  16.677  -32.893  62.061 0.0000000000
55891  26.617  -28.545  65.961 0.0000000000
53576  28.425  -30.073  62.266 0.0000000000
55999  23.793  -28.461  59.225 0.0000000000
74443  46.328  -10.343  38.855 0.0000000000
55857  22.428  -28.345  68.072 0.0000000000
54689  17.887  -29.647  66.899 0.0000000000
72151  46.577  -13.638  42.501 0.0000000000
51252  13.878  -32.275  66.433 0.0000000000
47918  9.863  -35.794  66.197 0.0000000000
65509  35.894  -19.458  52.690 0.0000000000
61945  34.544  -22.026  59.427 0.0000000000
58125  35.628  -26.599  57.282 0.0000000000
54799  32.125  -29.284  59.668 0.0000000000
66724  42.253  -18.048  49.142 0.0000000000
65620  39.477  -19.565  46.497 0.0000000000
65575  39.738  -19.170  48.883 0.0000000000
67751  43.680  -15.595  49.152 0.0000000000
54789  19.693  -30.447  59.818 0.0000000000
51348  17.849  -32.285  59.897 0.0000000000
53563  18.595  -30.964  61.852 0.0000000000
55927  23.357  -28.040  63.439 0.0000000000
55960  25.107  -27.846  61.806 0.0000000000
55983  22.186  -28.652  60.096 0.0000000000
54857  21.047  -29.607  57.368 0.0000000000
71030  41.127  -13.525  41.567 0.0000000000
69952  43.363  -14.345  44.833 0.0000000000
69969  43.298  -13.797  42.992 0.0000000000
71042  43.790  -12.674  41.847 0.0000000000
54643  17.439  -29.030  69.749 0.0000000000
53508  15.797  -30.482  67.013 0.0000000000
53487  14.357  -30.290  69.111 0.0000000000
47861  10.938  -35.248  71.214 0.0000000000
48960  12.340  -34.623  68.821 0.0000000000
47896  9.811  -36.347  68.178 0.0000000000
124913  7.198  -38.665  68.387 0.0000000000
44420  6.606  -38.055  71.245 0.0000000000
61912  35.226  -21.501  61.814 0.0000000000
60949  36.518  -23.080  60.452 0.0000000000
60969  36.358  -23.605  57.842 0.0000000000
58103  36.283  -26.576  59.192 0.0000000000
54803  28.291  -29.796  59.337 0.0000000000
53587  31.066  -30.039  61.121 0.0000000000
54850  29.345  -29.227  57.708 0.0000000000
56030  30.853  -28.414  56.987 0.0000000000
64258  34.329  -20.033  53.606 0.0000000000
65544  33.960  -19.613  50.166 0.0000000000
64301  31.517  -20.937  51.029 0.0000000000
80470  52.735  -4.412  30.758 0.0000000000
125640  50.589  -6.367  30.817 0.0000000000
67799  42.244  -16.985  44.393 0.0000000000
66782  40.098  -18.577  44.153 0.0000000000
68862  43.185  -15.148  46.576 0.0000000000
54668  28.930  -29.252  67.698 0.0000000000
53519  30.174  -29.914  65.888 0.0000000000
54736  27.841  -29.568  64.226 0.0000000000
54785  26.284  -28.820  60.349 0.0000000000
56034  24.885  -28.715  57.133 0.0000000000
74429  48.894  -9.753  40.632 0.0000000000
75597  49.278  -10.227  37.954 0.0000000000
76628  49.226  -9.456  35.174 0.0000000000
76642  48.963  -9.018  33.199 0.0000000000
54703  21.193  -28.624  64.904 0.0000000000
54706  19.046  -29.225  65.066 0.0000000000
54655  20.302  -28.748  67.564 0.0000000000
55880  24.943  -28.316  66.491 0.0000000000
72173  46.369  -12.002  40.671 0.0000000000
52422  17.194  -31.109  64.493 0.0000000000
51284  15.835  -32.524  64.249 0.0000000000
50127  13.589  -33.822  63.306 0.0000000000
50053  13.024  -32.892  68.877 0.0000000000
48993  12.370  -34.533  65.672 0.0000000000
43380  2.880  -39.509  72.878 0.0000000000
65523  39.159  -19.031  51.634 0.0000000000
64230  33.718  -19.852  55.817 0.0000000000
65367  33.650  -19.763  59.656 0.0000000000
64218  32.656  -20.784  57.151 0.0000000000
61979  34.777  -22.690  56.555 0.0000000000
59121  35.459  -25.522  55.723 0.0000000000
57154  33.851  -27.206  55.158 0.0000000000
53516  32.395  -30.043  64.824 0.0000000000
54747  33.687  -29.234  62.515 0.0000000000
55975  35.147  -28.177  61.125 0.0000000000
56010  33.833  -28.146  58.555 0.0000000000
57145  32.404  -27.629  55.952 0.0000000000
65578  36.363  -19.026  48.733 0.0000000000
64349  34.208  -20.022  47.249 0.0000000000
65553  41.487  -18.217  50.270 0.0000000000
65574  40.769  -18.770  49.130 0.0000000000
65555  40.080  -19.011  49.892 0.0000000000
66702  43.123  -17.159  49.727 0.0000000000
54769  20.102  -29.398  61.302 0.0000000000
54770  19.351  -30.277  60.979 0.0000000000
54753  19.500  -29.340  62.040 0.0000000000
55929  21.551  -28.207  62.943 0.0000000000
55945  22.408  -27.779  62.276 0.0000000000
55946  21.425  -28.077  61.929 0.0000000000
55985  20.857  -29.453  60.326 0.0000000000
69981  41.239  -13.852  42.668 0.0000000000
69962  42.407  -14.724  44.119 0.0000000000
69961  43.371  -14.298  43.668 0.0000000000
69970  42.375  -13.932  43.453 0.0000000000
69980  42.486  -13.356  42.834 0.0000000000
124956  9.913  -35.993  70.808 0.0000000000
47879  10.424  -35.837  69.750 0.0000000000
46747  8.792  -37.183  69.288 0.0000000000
124938  8.212  -37.895  68.455 0.0000000000
124937  8.001  -37.893  69.123 0.0000000000
43402  6.236  -39.214  69.409 0.0000000000
61922  36.774  -23.087  61.379 0.0000000000
59985  37.091  -24.523  60.766 0.0000000000
59986  36.984  -24.638  60.092 0.0000000000
59082  36.888  -25.439  60.689 0.0000000000
54633  33.102  -29.073  68.421 0.0000000000
54852  27.303  -29.324  57.521 0.0000000000
54828  28.853  -29.531  58.439 0.0000000000
54874  27.575  -29.127  56.717 0.0000000000
56051  28.822  -28.735  56.346 0.0000000000
64260  32.142  -20.427  53.952 0.0000000000
64287  32.279  -20.400  51.555 0.0000000000
77581  51.183  -8.577  33.444 0.0000000000
77584  51.633  -7.977  32.707 0.0000000000
125626  51.723  -7.145  31.825 0.0000000000
125642  52.415  -6.251  31.655 0.0000000000
125639  50.866  -6.895  31.426 0.0000000000
67791  42.467  -16.986  45.638 0.0000000000
66781  41.303  -18.071  44.485 0.0000000000
66770  41.544  -18.639  45.575 0.0000000000
64367  38.114  -19.501  46.609 0.0000000000
65636  38.327  -19.400  44.961 0.0000000000
64391  36.919  -19.450  45.481 0.0000000000
67763  42.890  -16.148  48.028 0.0000000000
68863  42.870  -15.856  46.915 0.0000000000
68871  42.609  -15.812  45.808 0.0000000000
52487  17.748  -32.287  61.108 0.0000000000
51335  15.951  -33.278  61.681 0.0000000000
54702  27.393  -28.816  66.348 0.0000000000
54701  28.126  -29.245  66.024 0.0000000000
54720  27.371  -29.057  65.224 0.0000000000
55981  24.063  -28.044  60.263 0.0000000000
55979  25.870  -28.295  61.290 0.0000000000
55998  24.736  -28.461  59.457 0.0000000000
54806  25.350  -28.853  58.756 0.0000000000
56015  24.487  -28.649  58.264 0.0000000000
56036  23.060  -28.663  57.281 0.0000000000
60997  33.541  -23.604  54.137 0.0000000000
74431  47.490  -10.012  39.892 0.0000000000
74441  48.263  -10.134  39.347 0.0000000000
74455  47.193  -10.213  38.287 0.0000000000
75611  47.097  -9.533  36.087 0.0000000000
76630  47.361  -9.509  34.321 0.0000000000
76635  49.234  -9.300  34.195 0.0000000000
55870  21.778  -28.509  66.913 0.0000000000
54670  21.235  -28.684  66.116 0.0000000000
55868  24.234  -28.270  67.288 0.0000000000
55882  22.870  -28.471  66.097 0.0000000000
73256  47.808  -11.249  41.307 0.0000000000
72163  46.131  -13.245  41.459 0.0000000000
72189  43.128  -12.085  40.062 0.0000000000
54688  18.618  -29.403  66.273 0.0000000000
53520  18.333  -29.998  64.595 0.0000000000
53506  17.530  -30.064  66.142 0.0000000000
52406  14.590  -31.390  66.578 0.0000000000
52424  15.720  -31.647  65.497 0.0000000000
51267  14.944  -32.287  65.332 0.0000000000
50108  14.699  -33.297  64.311 0.0000000000
51268  14.223  -32.785  65.513 0.0000000000
50041  13.087  -32.918  69.931 0.0000000000
48970  11.617  -35.141  67.223 0.0000000000
48969  12.379  -34.623  67.771 0.0000000000
48979  11.611  -35.042  66.197 0.0000000000
48994  11.497  -34.825  65.186 0.0000000000
64229  34.813  -20.057  55.641 0.0000000000
63036  34.656  -21.636  60.986 0.0000000000
64138  34.172  -20.394  60.802 0.0000000000
63054  33.324  -21.026  59.607 0.0000000000
64199  32.928  -20.350  57.870 0.0000000000
63065  33.286  -21.272  58.603 0.0000000000
61966  33.559  -21.811  57.123 0.0000000000
63074  34.391  -22.036  57.996 0.0000000000
59106  36.129  -25.764  57.278 0.0000000000
60011  36.250  -24.678  56.716 0.0000000000
58135  35.354  -26.222  56.240 0.0000000000
58145  34.770  -26.637  55.663 0.0000000000
57143  34.346  -27.266  56.380 0.0000000000
53547  30.044  -30.277  63.983 0.0000000000
53517  31.620  -30.165  65.162 0.0000000000
53546  30.925  -30.245  63.631 0.0000000000
54782  31.695  -29.589  60.484 0.0000000000
53557  32.410  -29.773  62.027 0.0000000000
54765  32.779  -29.436  61.432 0.0000000000
55957  34.516  -28.647  61.515 0.0000000000
55958  33.926  -28.820  60.950 0.0000000000
57104  34.976  -27.876  59.797 0.0000000000
55996  33.318  -28.527  59.103 0.0000000000
56070  30.168  -28.047  54.944 0.0000000000
56029  32.073  -28.034  56.837 0.0000000000
65525  37.168  -19.088  51.766 0.0000000000
65541  37.513  -18.891  50.763 0.0000000000
65542  36.278  -18.870  50.867 0.0000000000
64331  32.688  -20.933  48.086 0.0000000000
65581  33.696  -20.143  48.495 0.0000000000
80473  52.712  -4.388  29.425 0.0000000000
65617  42.327  -18.394  47.852 0.0000000000
65633  41.275  -19.059  46.416 0.0000000000
65597  40.651  -19.101  48.077 0.0000000000
65598  39.223  -19.336  47.604 0.0000000000
65599  38.042  -19.267  47.914 0.0000000000
67742  44.112  -16.273  49.592 0.0000000000
66712  43.079  -16.990  49.024 0.0000000000
53591  18.998  -31.076  60.202 0.0000000000
53578  18.814  -31.089  60.945 0.0000000000
52472  18.216  -31.420  62.367 0.0000000000
55909  24.492  -28.278  64.557 0.0000000000
55925  25.248  -28.170  63.800 0.0000000000
55943  24.077  -27.609  62.558 0.0000000000
57090  23.379  -27.594  61.589 0.0000000000
55982  23.124  -28.283  60.137 0.0000000000
56018  22.235  -29.070  58.266 0.0000000000
56002  21.372  -29.502  59.159 0.0000000000
54808  20.207  -30.168  59.099 0.0000000000
74445  44.359  -10.443  38.189 0.0000000000
55822  22.593  -27.879  69.896 0.0000000000
70993  44.916  -13.548  44.492 0.0000000000
71003  45.060  -14.033  43.610 0.0000000000
71012  45.363  -14.110  42.850 0.0000000000
72164  45.142  -13.164  41.644 0.0000000000
71027  43.922  -13.307  42.497 0.0000000000
71029  41.927  -13.011  42.136 0.0000000000
54658  17.560  -29.244  68.768 0.0000000000
53494  17.176  -29.922  66.949 0.0000000000
53485  16.074  -29.698  68.229 0.0000000000
53496  15.384  -30.195  67.729 0.0000000000
52393  14.427  -30.792  67.521 0.0000000000
48950  12.216  -34.533  69.851 0.0000000000
48940  11.384  -35.046  70.320 0.0000000000
47895  10.657  -35.740  68.697 0.0000000000
47910  10.037  -36.080  67.158 0.0000000000
46778  8.745  -36.725  67.121 0.0000000000
61923  36.197  -22.557  61.051 0.0000000000
61944  35.437  -22.458  59.298 0.0000000000
61953  35.817  -22.785  58.241 0.0000000000
60963  36.618  -23.740  58.790 0.0000000000
59098  36.585  -25.489  58.718 0.0000000000
58115  35.812  -26.912  58.377 0.0000000000
53590  28.115  -29.908  61.087 0.0000000000
53574  30.545  -30.355  62.006 0.0000000000
53602  29.674  -30.187  60.306 0.0000000000
54801  30.385  -29.808  59.583 0.0000000000
54826  30.918  -29.273  58.759 0.0000000000
56012  31.632  -28.668  58.059 0.0000000000
56013  30.522  -28.992  57.855 0.0000000000
56050  29.995  -28.359  56.067 0.0000000000
64272  34.651  -19.755  52.804 0.0000000000
65528  34.303  -19.434  51.450 0.0000000000
64286  33.111  -19.873  50.908 0.0000000000
64300  32.125  -20.654  50.260 0.0000000000
79479  52.629  -5.056  31.414 0.0000000000
80471  51.958  -5.153  30.984 0.0000000000
68890  42.129  -15.764  43.799 0.0000000000
67824  39.801  -15.882  43.074 0.0000000000
67811  40.385  -16.656  43.244 0.0000000000
65648  39.940  -19.312  44.860 0.0000000000
65663  38.436  -18.667  43.903 0.0000000000
68830  44.374  -14.719  49.138 0.0000000000
69922  44.438  -13.769  48.385 0.0000000000
70962  44.400  -13.378  47.719 0.0000000000
69944  43.529  -14.675  45.965 0.0000000000
68879  42.446  -15.367  45.099 0.0000000000
54636  30.576  -29.167  69.034 0.0000000000
53484  31.202  -29.624  67.740 0.0000000000
54681  29.599  -29.682  66.299 0.0000000000
54718  29.059  -29.957  64.988 0.0000000000
53562  28.309  -30.060  63.086 0.0000000000
54751  26.767  -28.695  62.839 0.0000000000
54768  26.694  -28.682  61.544 0.0000000000
54767  27.508  -29.376  61.931 0.0000000000
54804  27.208  -29.451  59.505 0.0000000000
54831  25.934  -29.137  58.145 0.0000000000
56054  25.940  -28.852  56.313 0.0000000000
75608  49.919  -10.068  37.389 0.0000000000
75599  47.181  -9.977  37.264 0.0000000000
75609  49.169  -10.032  37.054 0.0000000000
76618  50.172  -9.747  36.594 0.0000000000
76634  50.161  -9.344  34.684 0.0000000000
76641  50.487  -8.922  33.663 0.0000000000
76647  50.117  -8.534  32.940 0.0000000000
125616  49.452  -8.099  31.734 0.0000000000
55913  20.753  -28.485  63.557 0.0000000000
54723  19.813  -28.723  64.075 0.0000000000
54705  20.117  -28.834  65.096 0.0000000000
54687  19.759  -29.060  65.981 0.0000000000
54656  19.460  -29.030  67.937 0.0000000000
55843  20.642  -28.415  69.245 0.0000000000
54657  18.541  -29.169  68.374 0.0000000000
54642  18.548  -28.849  69.477 0.0000000000
55813  31.346  -28.487  70.158 0.0000000000
54637  29.708  -28.861  69.337 0.0000000000
54669  28.223  -29.000  68.100 0.0000000000
55878  26.869  -28.469  66.944 0.0000000000
55866  26.206  -28.229  67.621 0.0000000000
55892  25.678  -28.349  65.714 0.0000000000
55894  23.710  -28.411  65.326 0.0000000000
55911  22.591  -28.377  64.158 0.0000000000
73278  48.459  -9.957  41.258 0.0000000000
73280  47.229  -10.361  40.555 0.0000000000
73282  45.926  -11.407  39.871 0.0000000000
72174  44.931  -12.592  41.138 0.0000000000
73283  45.012  -11.509  39.726 0.0000000000
73300  44.659  -11.026  38.974 0.0000000000
54724  18.873  -29.366  63.903 0.0000000000
53550  18.083  -30.974  63.546 0.0000000000
52460  17.075  -32.106  63.204 0.0000000000
53522  16.846  -30.620  65.740 0.0000000000
52443  16.675  -31.840  64.209 0.0000000000
51301  16.464  -32.751  62.895 0.0000000000
50125  15.170  -33.382  62.646 0.0000000000
50143  13.822  -33.720  62.600 0.0000000000
52381  13.513  -30.986  68.957 0.0000000000
51242  13.395  -32.110  67.386 0.0000000000
50065  12.883  -33.856  67.278 0.0000000000
50073  13.173  -33.006  66.786 0.0000000000
50090  13.073  -34.042  65.223 0.0000000000
43378  4.794  -39.232  72.416 0.0000000000
65522  40.064  -18.960  51.570 0.0000000000
64256  36.428  -19.820  53.813 0.0000000000
64243  35.126  -20.099  54.574 0.0000000000
64244  34.000  -20.040  54.696 0.0000000000
64231  32.698  -20.009  55.984 0.0000000000
64198  33.791  -19.586  57.641 0.0000000000
64217  32.808  -20.220  56.975 0.0000000000
64232  32.135  -20.746  55.993 0.0000000000
61996  32.514  -22.001  55.579 0.0000000000
61995  33.443  -22.336  55.669 0.0000000000
60992  34.574  -23.631  55.171 0.0000000000
61978  35.422  -22.952  56.962 0.0000000000
60983  35.425  -23.722  56.190 0.0000000000
60020  35.015  -24.318  54.887 0.0000000000
59122  34.973  -25.992  55.152 0.0000000000
58153  34.400  -26.583  54.618 0.0000000000
58077  36.987  -26.892  62.278 0.0000000000
53490  32.254  -29.995  66.525 0.0000000000
54679  33.365  -29.487  66.007 0.0000000000
54698  33.647  -29.396  65.177 0.0000000000
53559  31.094  -30.258  62.717 0.0000000000
53529  33.107  -29.530  63.710 0.0000000000
54715  34.695  -28.774  64.441 0.0000000000
55923  34.963  -28.658  63.142 0.0000000000
57073  36.067  -28.020  62.130 0.0000000000
57087  36.583  -27.424  61.700 0.0000000000
57112  36.121  -27.102  60.030 0.0000000000
57122  35.355  -27.390  58.744 0.0000000000
57132  35.252  -27.285  58.044 0.0000000000
56011  32.956  -28.205  57.956 0.0000000000
56028  32.846  -27.871  57.154 0.0000000000
57134  33.546  -27.655  57.097 0.0000000000
57144  33.308  -27.453  56.078 0.0000000000
65556  39.086  -19.053  49.791 0.0000000000
65577  37.477  -19.067  48.805 0.0000000000
65600  36.978  -19.193  47.911 0.0000000000
65560  34.643  -19.402  49.357 0.0000000000
65602  34.888  -19.559  47.750 0.0000000000
64370  35.000  -19.953  46.065 0.0000000000
125613  49.883  -7.423  30.544 0.0000000000
65536  41.561  -18.276  50.904 0.0000000000
65554  40.816  -18.486  50.035 0.0000000000
65537  41.039  -18.423  50.803 0.0000000000
66704  42.052  -18.083  50.628 0.0000000000
54752  20.022  -29.076  61.792 0.0000000000
55930  20.695  -28.416  62.633 0.0000000000
55947  20.492  -28.706  61.709 0.0000000000
68916  40.881  -14.672  43.195 0.0000000000
68917  40.198  -14.716  42.548 0.0000000000
69963  41.794  -15.046  43.859 0.0000000000
69971  41.612  -14.519  43.539 0.0000000000
124949  8.678  -36.450  71.620 0.0000000000
44419  7.398  -37.631  70.561 0.0000000000
59072  37.170  -25.206  61.799 0.0000000000
59978  37.238  -24.377  61.381 0.0000000000
59081  37.086  -25.029  61.203 0.0000000000
59073  36.962  -25.566  61.360 0.0000000000
55811  33.205  -28.274  69.781 0.0000000000
54634  32.461  -29.152  68.690 0.0000000000
54875  26.741  -29.120  56.841 0.0000000000
56053  26.936  -28.872  56.067 0.0000000000
56052  27.827  -28.883  56.010 0.0000000000
125634  50.840  -7.526  31.994 0.0000000000
66769  42.459  -17.982  46.027 0.0000000000
66780  42.192  -17.856  45.135 0.0000000000
64390  37.998  -19.567  45.716 0.0000000000
64392  35.871  -19.768  45.212 0.0000000000
66755  42.905  -17.274  47.357 0.0000000000
67779  42.912  -16.746  47.197 0.0000000000
67790  42.670  -16.528  46.425 0.0000000000
51318  17.172  -32.693  61.436 0.0000000000
51333  17.220  -32.712  60.703 0.0000000000
51334  16.466  -33.154  61.050 0.0000000000
55907  26.439  -28.480  64.922 0.0000000000
56016  23.487  -28.653  58.178 0.0000000000
74442  47.197  -10.196  39.252 0.0000000000
55869  23.131  -28.379  67.141 0.0000000000
55856  23.579  -28.192  68.129 0.0000000000
72150  47.425  -13.098  41.909 0.0000000000
72162  47.403  -12.097  41.030 0.0000000000
52425  15.022  -31.638  65.906 0.0000000000
51251  14.505  -32.045  65.941 0.0000000000
50030  13.042  -32.994  70.928 0.0000000000
47917  10.775  -35.482  66.704 0.0000000000
47929  10.748  -35.277  65.738 0.0000000000
61935  34.256  -21.816  60.007 0.0000000000
63037  34.018  -21.231  60.504 0.0000000000
63053  33.853  -21.555  59.506 0.0000000000
63064  34.095  -21.778  58.676 0.0000000000
63075  33.724  -21.710  57.878 0.0000000000
58136  35.059  -26.821  56.470 0.0000000000
58126  34.978  -27.119  56.870 0.0000000000
53561  29.071  -30.225  63.339 0.0000000000
53560  30.191  -30.422  62.969 0.0000000000
54766  32.147  -29.620  61.103 0.0000000000
54781  32.650  -29.296  60.480 0.0000000000
54780  33.319  -29.117  60.934 0.0000000000
55977  33.557  -28.765  60.143 0.0000000000
55978  32.841  -28.996  59.645 0.0000000000
65526  36.332  -19.142  51.932 0.0000000000
66739  42.445  -18.070  48.681 0.0000000000
65618  41.709  -18.871  47.352 0.0000000000
65596  41.886  -18.496  48.464 0.0000000000
64344  38.819  -19.365  47.234 0.0000000000
67741  44.796  -16.324  49.781 0.0000000000
66713  42.566  -17.496  49.454 0.0000000000
66723  42.668  -17.569  48.828 0.0000000000
66738  42.720  -17.968  48.191 0.0000000000
54771  18.877  -30.604  61.444 0.0000000000
52486  18.287  -31.690  61.480 0.0000000000
55926  24.308  -28.035  63.607 0.0000000000
55963  22.458  -27.987  61.165 0.0000000000
57076  22.871  -27.642  61.700 0.0000000000
56001  21.952  -29.150  59.175 0.0000000000
54788  20.390  -29.820  60.286 0.0000000000
54807  20.885  -29.715  59.562 0.0000000000
70985  44.035  -14.045  45.704 0.0000000000
70994  44.222  -13.899  44.883 0.0000000000
71004  44.255  -14.143  44.046 0.0000000000
71013  44.335  -14.200  42.970 0.0000000000
69979  43.202  -13.303  42.746 0.0000000000
54675  16.814  -29.520  68.235 0.0000000000
54659  16.491  -29.351  69.049 0.0000000000
53486  15.360  -29.775  68.798 0.0000000000
53497  14.672  -30.278  68.268 0.0000000000
52380  14.060  -30.660  68.327 0.0000000000
48930  11.287  -34.924  71.348 0.0000000000
48939  12.100  -34.426  70.835 0.0000000000
47880  9.949  -36.312  68.986 0.0000000000
47909  10.751  -35.656  67.704 0.0000000000
46777  9.347  -36.381  67.463 0.0000000000
46758  8.996  -36.861  67.954 0.0000000000
124946  8.036  -38.063  68.527 0.0000000000
124930  8.257  -37.651  67.753 0.0000000000
43393  6.178  -38.865  70.334 0.0000000000
43386  5.944  -38.761  71.438 0.0000000000
60948  36.892  -23.584  60.867 0.0000000000
61933  36.107  -22.691  60.017 0.0000000000
61943  36.257  -23.008  59.108 0.0000000000
60956  36.721  -23.646  59.863 0.0000000000
59092  36.739  -25.537  59.698 0.0000000000
59993  36.833  -24.594  59.229 0.0000000000
58114  36.224  -26.204  58.148 0.0000000000
53604  27.881  -29.840  60.174 0.0000000000
53603  28.718  -30.050  60.230 0.0000000000
54802  29.313  -29.883  59.370 0.0000000000
54827  29.915  -29.476  58.472 0.0000000000
56014  29.916  -29.165  57.777 0.0000000000
65511  34.337  -19.577  52.242 0.0000000000
64273  33.529  -19.929  52.381 0.0000000000
125643  51.043  -5.823  30.630 0.0000000000
125632  51.148  -5.643  29.729 0.0000000000
125614  50.344  -6.733  30.117 0.0000000000
68880  42.388  -15.964  44.780 0.0000000000
67810  41.598  -16.609  43.555 0.0000000000
66792  40.587  -17.713  43.772 0.0000000000
66793  39.620  -17.674  43.466 0.0000000000
66783  39.139  -18.412  43.870 0.0000000000
65619  40.464  -19.275  46.953 0.0000000000
65634  40.424  -19.366  45.782 0.0000000000
65650  37.840  -19.141  44.287 0.0000000000
65664  37.658  -18.632  43.554 0.0000000000
67750  44.381  -15.624  49.541 0.0000000000
68818  45.175  -15.752  49.576 0.0000000000
68831  43.550  -15.078  48.753 0.0000000000
68845  43.314  -15.020  47.880 0.0000000000
68844  43.919  -14.346  48.359 0.0000000000
69923  43.835  -14.195  47.814 0.0000000000
69935  44.087  -13.800  47.524 0.0000000000
69936  43.787  -14.396  46.956 0.0000000000
70974  43.950  -14.183  46.333 0.0000000000
68872  42.422  -16.449  45.156 0.0000000000
68889  42.317  -15.330  44.522 0.0000000000
54652  29.770  -29.333  68.370 0.0000000000
54667  29.849  -29.617  67.324 0.0000000000
54682  28.891  -29.385  66.689 0.0000000000
54719  28.296  -29.593  65.079 0.0000000000
54735  28.620  -29.950  64.272 0.0000000000
54750  27.682  -29.597  63.137 0.0000000000
55942  25.114  -27.976  62.862 0.0000000000
55941  25.886  -28.213  63.128 0.0000000000
55959  25.959  -28.193  62.240 0.0000000000
54784  27.292  -29.346  60.758 0.0000000000
54832  25.256  -28.898  57.825 0.0000000000
54855  25.259  -28.889  57.398 0.0000000000
54854  25.652  -28.998  57.243 0.0000000000
56033  25.365  -28.818  56.701 0.0000000000
56019  21.568  -29.388  58.359 0.0000000000
56038  21.786  -29.185  57.626 0.0000000000
75587  48.619  -10.302  38.532 0.0000000000
75586  49.325  -10.270  38.909 0.0000000000
75596  50.277  -10.143  38.127 0.0000000000
75600  46.099  -9.849  36.880 0.0000000000
76620  48.264  -9.510  35.676 0.0000000000
75610  48.193  -9.772  36.679 0.0000000000
76619  49.195  -9.669  36.136 0.0000000000
76627  50.118  -9.509  35.604 0.0000000000
54721  21.344  -28.546  64.564 0.0000000000
54722  20.787  -28.595  64.486 0.0000000000
54704  20.787  -28.707  65.144 0.0000000000
55871  20.947  -28.613  67.316 0.0000000000
54671  20.581  -28.746  66.667 0.0000000000
54672  19.532  -29.016  66.974 0.0000000000
55842  21.900  -28.222  69.076 0.0000000000
54641  19.505  -28.793  68.879 0.0000000000
55844  19.637  -28.477  69.829 0.0000000000
54626  30.563  -28.760  69.722 0.0000000000
55877  27.413  -28.618  67.308 0.0000000000
55867  25.247  -28.222  67.437 0.0000000000
55879  25.923  -28.311  66.684 0.0000000000
55893  24.697  -28.351  65.522 0.0000000000
55881  23.924  -28.355  66.311 0.0000000000
55883  21.949  -28.594  65.759 0.0000000000
55895  22.748  -28.510  65.093 0.0000000000
55896  21.813  -28.568  64.846 0.0000000000
55912  21.611  -28.438  63.974 0.0000000000
72172  46.996  -11.505  40.930 0.0000000000
73265  47.362  -10.911  41.138 0.0000000000
73266  46.826  -11.105  40.829 0.0000000000
73281  46.484  -11.034  40.337 0.0000000000
72186  46.052  -11.610  40.351 0.0000000000
71041  44.597  -12.985  41.952 0.0000000000
72175  43.531  -12.381  40.977 0.0000000000
72188  44.345  -12.051  40.291 0.0000000000
73284  43.893  -11.486  39.555 0.0000000000
53536  17.848  -30.715  64.229 0.0000000000
52459  17.922  -31.488  62.989 0.0000000000
52442  17.448  -31.349  63.779 0.0000000000
53507  16.503  -30.437  66.501 0.0000000000
51266  15.553  -32.253  64.939 0.0000000000
52444  16.119  -31.962  64.860 0.0000000000
51283  16.374  -32.501  63.610 0.0000000000
51302  15.663  -33.045  63.329 0.0000000000
50126  14.569  -33.522  63.366 0.0000000000
51221  13.143  -31.927  69.459 0.0000000000
51231  13.134  -31.952  68.377 0.0000000000
48978  12.390  -34.604  66.725 0.0000000000
50074  12.957  -33.927  66.243 0.0000000000
43377  5.636  -38.733  72.170 0.0000000000
43379  3.691  -39.332  72.712 0.0000000000
65507  37.852  -19.255  52.673 0.0000000000
64242  36.181  -20.064  54.526 0.0000000000
64257  35.512  -19.897  53.499 0.0000000000
64245  32.904  -20.113  54.871 0.0000000000
65353  33.920  -19.868  60.265 0.0000000000
65384  33.700  -19.591  58.992 0.0000000000
64200  32.868  -20.841  58.011 0.0000000000
63087  31.973  -21.399  55.626 0.0000000000
63083  32.519  -21.311  56.394 0.0000000000
61980  33.945  -22.116  56.426 0.0000000000
61994  34.282  -22.730  55.742 0.0000000000
62008  33.798  -22.955  55.078 0.0000000000
60984  34.773  -23.180  55.912 0.0000000000
61952  36.288  -23.263  58.493 0.0000000000
61963  35.659  -22.902  57.516 0.0000000000
60970  35.991  -23.104  57.671 0.0000000000
60012  35.869  -24.711  56.098 0.0000000000
60982  36.038  -24.218  56.411 0.0000000000
60991  35.177  -24.035  55.365 0.0000000000
60019  35.425  -24.632  55.364 0.0000000000
59128  35.211  -25.355  54.991 0.0000000000
57166  33.248  -27.663  54.263 0.0000000000
53503  30.895  -30.001  66.407 0.0000000000
53491  31.677  -30.003  66.989 0.0000000000
53531  31.659  -30.189  64.237 0.0000000000
53501  32.456  -29.983  65.776 0.0000000000
53500  32.950  -29.659  65.272 0.0000000000
53515  33.043  -29.617  64.540 0.0000000000
53588  30.071  -30.349  61.182 0.0000000000
53573  31.281  -30.195  61.963 0.0000000000
54748  33.044  -29.444  62.246 0.0000000000
53544  32.598  -29.716  62.965 0.0000000000
54734  33.210  -29.402  62.847 0.0000000000
54716  33.906  -29.325  64.275 0.0000000000
54732  34.483  -29.048  63.639 0.0000000000
55906  35.027  -28.607  63.839 0.0000000000
54746  34.337  -29.062  62.850 0.0000000000
55956  35.314  -28.300  61.847 0.0000000000
57088  35.825  -27.812  61.346 0.0000000000
57102  36.354  -27.227  60.823 0.0000000000
57103  35.490  -27.677  60.452 0.0000000000
55995  34.291  -28.230  59.375 0.0000000000
57114  34.969  -27.740  59.174 0.0000000000
57123  34.613  -27.742  58.463 0.0000000000
56048  31.858  -27.811  56.076 0.0000000000
57135  32.828  -27.689  56.646 0.0000000000
65539  39.554  -19.016  50.724 0.0000000000
65540  38.578  -18.998  50.725 0.0000000000
65558  36.888  -18.797  49.743 0.0000000000
65557  38.020  -18.949  49.762 0.0000000000
65543  35.028  -19.152  50.512 0.0000000000
64329  33.995  -20.066  47.787 0.0000000000
65580  34.255  -19.814  48.211 0.0000000000
64348  35.411  -19.491  46.997 0.0000000000
81491  54.109  -3.814  29.088 0.0000000000
81497  54.954  -3.759  28.317 0.0000000000
125611  50.076  -7.703  31.652 0.0000000000
125601  49.271  -8.383  30.170 0.0000000000
65573  41.516  -18.284  49.461 0.0000000000
66714  42.094  -17.994  49.850 0.0000000000
54754  18.826  -30.212  61.981 0.0000000000
55928  22.450  -28.113  63.247 0.0000000000
55944  23.156  -27.704  62.696 0.0000000000
55964  21.407  -28.559  60.942 0.0000000000
55984  21.324  -29.250  60.052 0.0000000000
55965  20.780  -29.197  60.804 0.0000000000
54644  16.532  -29.162  70.078 0.0000000000
43392  7.169  -38.405  69.195 0.0000000000
60940  37.114  -23.575  61.672 0.0000000000
60955  37.048  -24.071  60.382 0.0000000000
58094  36.586  -26.402  60.291 0.0000000000
54829  27.807  -29.558  58.401 0.0000000000
54851  28.392  -29.259  57.337 0.0000000000
56032  29.109  -29.045  57.116 0.0000000000
54873  28.175  -29.056  56.586 0.0000000000
64259  33.174  -20.196  53.709 0.0000000000
64274  32.273  -20.403  52.783 0.0000000000
77580  51.376  -8.841  33.922 0.0000000000
77576  52.297  -8.725  34.713 0.0000000000
66771  40.748  -18.951  44.888 0.0000000000
64389  38.711  -19.630  46.242 0.0000000000
65635  39.145  -19.541  45.476 0.0000000000
64411  37.573  -19.426  44.967 0.0000000000
64412  36.723  -19.396  44.498 0.0000000000
67752  43.099  -16.182  48.772 0.0000000000
68846  42.891  -15.909  47.517 0.0000000000
52502  17.699  -32.355  60.518 0.0000000000
50159  15.468  -33.568  60.991 0.0000000000
50141  15.247  -33.456  61.881 0.0000000000
54683  27.976  -29.008  67.105 0.0000000000
54737  27.046  -28.958  64.035 0.0000000000
55961  24.150  -27.635  61.366 0.0000000000
55980  25.137  -28.194  60.581 0.0000000000
54786  25.547  -28.679  59.654 0.0000000000
56056  24.181  -28.380  56.272 0.0000000000
56035  23.903  -28.492  57.252 0.0000000000
62009  33.008  -22.704  54.858 0.0000000000
74430  48.116  -9.881  40.205 0.0000000000
74440  49.093  -9.909  39.786 0.0000000000
74454  47.912  -10.283  38.646 0.0000000000
75598  48.228  -10.182  37.753 0.0000000000
76629  48.296  -9.384  34.725 0.0000000000
76636  48.080  -9.319  33.772 0.0000000000
55858  21.169  -28.527  68.088 0.0000000000
72161  48.121  -11.711  41.140 0.0000000000
53505  18.209  -29.851  65.452 0.0000000000
53521  17.485  -30.488  65.110 0.0000000000
52405  15.569  -31.065  66.351 0.0000000000
51285  15.133  -32.748  64.631 0.0000000000
51303  15.217  -33.105  64.005 0.0000000000
51286  14.587  -33.007  64.899 0.0000000000
50109  13.785  -33.689  64.516 0.0000000000
51211  13.299  -32.016  70.584 0.0000000000
48961  11.557  -35.173  68.251 0.0000000000
64228  35.890  -20.191  55.513 0.0000000000
64214  35.589  -20.185  56.549 0.0000000000
64215  34.558  -19.835  56.713 0.0000000000
64120  34.536  -20.578  61.246 0.0000000000
64139  33.686  -20.434  60.265 0.0000000000
64159  33.356  -20.394  59.677 0.0000000000
65385  33.299  -19.983  59.240 0.0000000000
64179  33.015  -20.578  58.784 0.0000000000
64180  32.941  -20.959  58.424 0.0000000000
63076  33.017  -21.327  57.504 0.0000000000
61965  34.241  -22.096  57.259 0.0000000000
60006  36.527  -24.543  57.403 0.0000000000
59113  36.309  -25.190  57.144 0.0000000000
59114  35.903  -25.542  56.623 0.0000000000
58144  35.184  -26.122  55.682 0.0000000000
53533  29.948  -30.105  64.963 0.0000000000
53518  30.839  -30.083  65.498 0.0000000000
53532  30.830  -30.174  64.573 0.0000000000
53572  31.831  -29.947  61.592 0.0000000000
54764  33.646  -29.128  61.678 0.0000000000
54763  34.216  -29.004  62.176 0.0000000000
55976  34.575  -28.355  60.473 0.0000000000
56049  31.175  -28.010  55.800 0.0000000000
57146  31.844  -27.818  55.626 0.0000000000
57156  32.185  -27.811  55.112 0.0000000000
57157  31.605  -27.906  55.125 0.0000000000
65524  38.178  -19.067  51.692 0.0000000000
65559  35.713  -18.961  49.619 0.0000000000
64299  33.078  -20.243  49.715 0.0000000000
65561  33.794  -19.935  49.111 0.0000000000
64312  33.190  -20.435  48.740 0.0000000000
80474  51.815  -5.091  29.657 0.0000000000
66757  42.062  -18.639  46.475 0.0000000000
64366  38.800  -19.445  46.896 0.0000000000
64346  37.554  -19.309  47.171 0.0000000000
67743  43.418  -16.447  49.391 0.0000000000
66722  42.941  -16.965  48.422 0.0000000000
66737  42.919  -17.161  47.734 0.0000000000
52500  18.694  -31.476  59.987 0.0000000000
53577  19.058  -30.793  60.718 0.0000000000
53592  18.731  -31.352  60.476 0.0000000000
52501  18.302  -31.881  60.230 0.0000000000
52473  17.565  -32.191  62.188 0.0000000000
55908  25.461  -28.290  64.737 0.0000000000
57089  23.669  -27.492  62.003 0.0000000000
56000  22.834  -28.807  59.034 0.0000000000
74444  45.384  -10.379  38.547 0.0000000000
74456  46.241  -10.126  37.918 0.0000000000
74457  45.215  -10.123  37.567 0.0000000000
55841  23.024  -28.066  69.022 0.0000000000
72130  45.092  -13.008  45.205 0.0000000000
71002  45.731  -14.027  43.412 0.0000000000
71011  46.062  -14.048  42.912 0.0000000000
71025  45.884  -14.001  42.232 0.0000000000
71026  45.020  -13.686  42.128 0.0000000000
71028  43.000  -12.907  42.381 0.0000000000
71043  42.673  -12.615  41.597 0.0000000000
71044  41.654  -12.985  41.140 0.0000000000
54674  17.562  -29.522  67.723 0.0000000000
53495  16.472  -29.994  67.493 0.0000000000
52392  15.124  -30.748  67.013 0.0000000000
52407  13.961  -31.544  67.156 0.0000000000
48951  11.438  -35.150  69.284 0.0000000000
46799  8.852  -36.346  66.176 0.0000000000
61911  35.943  -21.829  62.072 0.0000000000
61924  35.214  -21.859  61.364 0.0000000000
61934  34.972  -22.143  60.388 0.0000000000
61954  34.886  -22.244  58.545 0.0000000000
59999  36.692  -24.551  58.275 0.0000000000
59105  36.434  -25.403  57.789 0.0000000000
53575  29.543  -30.378  62.149 0.0000000000
53589  29.084  -30.205  61.194 0.0000000000
53601  30.452  -30.101  60.467 0.0000000000
54783  30.968  -29.779  60.262 0.0000000000
54800  31.294  -29.463  59.629 0.0000000000
54825  31.703  -29.160  58.980 0.0000000000
56031  29.805  -28.846  57.123 0.0000000000
65527  35.451  -19.167  51.629 0.0000000000
65510  34.967  -19.432  52.285 0.0000000000
64313  32.340  -20.878  49.119 0.0000000000
79482  51.306  -5.980  29.055 0.0000000000
68903  40.416  -15.427  43.245 0.0000000000
68891  41.255  -15.932  43.268 0.0000000000
67800  41.309  -17.282  43.813 0.0000000000
65649  39.006  -19.077  44.469 0.0000000000
69908  44.966  -13.922  49.158 0.0000000000
70973  44.266  -13.375  46.767 0.0000000000
68870  43.029  -15.142  45.982 0.0000000000
69945  42.862  -14.980  45.465 0.0000000000
69953  42.617  -14.900  44.820 0.0000000000
54635  31.564  -29.194  68.976 0.0000000000
54650  31.715  -29.486  68.093 0.0000000000
54651  30.740  -29.547  68.057 0.0000000000
53493  30.350  -29.727  67.198 0.0000000000
53504  30.278  -29.806  66.730 0.0000000000
54700  28.914  -29.594  65.743 0.0000000000
54699  29.516  -29.897  65.488 0.0000000000
53548  29.347  -30.148  64.395 0.0000000000
55924  26.195  -28.344  63.908 0.0000000000
54805  26.173  -29.109  59.142 0.0000000000
54830  26.813  -29.334  58.373 0.0000000000
54853  26.442  -29.219  57.511 0.0000000000
54876  26.196  -29.091  56.968 0.0000000000
56017  22.809  -28.845  58.026 0.0000000000
56037  22.351  -28.900  57.405 0.0000000000
64247  31.559  -20.958  55.053 0.0000000000
76609  50.554  -9.861  37.293 0.0000000000
76617  51.114  -9.530  36.804 0.0000000000
76626  51.022  -9.340  35.904 0.0000000000
76633  50.851  -9.358  35.119 0.0000000000
76640  50.902  -9.203  34.417 0.0000000000
77585  50.222  -8.257  32.594 0.0000000000
77588  49.944  -8.158  32.163 0.0000000000
55914  20.138  -28.665  63.169 0.0000000000
54686  20.621  -28.815  65.750 0.0000000000
54673  18.588  -29.295  67.371 0.0000000000
54640  20.207  -28.696  68.350 0.0000000000
54628  18.193  -28.632  70.407 0.0000000000
54629  17.318  -28.823  70.685 0.0000000000
55812  32.355  -28.280  70.185 0.0000000000
55833  31.787  -28.769  69.691 0.0000000000
54653  28.968  -29.030  68.607 0.0000000000
54684  27.418  -28.686  66.909 0.0000000000
55910  23.536  -28.304  64.362 0.0000000000
68904  39.701  -15.456  42.695 0.0000000000
74415  49.173  -9.841  41.274 0.0000000000
73264  47.984  -10.521  41.441 0.0000000000
73279  47.896  -10.042  40.965 0.0000000000
73297  46.860  -10.296  40.002 0.0000000000
73298  46.351  -10.625  39.657 0.0000000000
72187  45.499  -12.025  40.249 0.0000000000
73299  45.643  -10.945  39.258 0.0000000000
54738  19.488  -29.041  63.092 0.0000000000
54739  18.871  -29.783  62.919 0.0000000000
53535  18.412  -30.265  63.682 0.0000000000
53549  18.429  -30.803  62.786 0.0000000000
52458  18.232  -31.256  62.745 0.0000000000
52474  16.964  -32.509  62.606 0.0000000000
52423  16.639  -31.275  65.146 0.0000000000
52404  16.285  -31.065  65.895 0.0000000000
51320  15.877  -33.181  62.425 0.0000000000
50142  14.500  -33.580  62.248 0.0000000000
52394  13.640  -31.259  67.909 0.0000000000
50031  12.749  -33.788  70.387 0.0000000000
50042  12.869  -33.831  69.376 0.0000000000
50054  12.885  -33.841  68.325 0.0000000000
50064  13.028  -32.919  67.826 0.0000000000
50089  13.499  -33.271  65.773 0.0000000000
50110  13.105  -34.089  64.634 0.0000000000
49008  13.085  -34.109  64.327 0.0000000000
49009  12.410  -34.371  64.508 0.0000000000
49018  12.959  -34.102  63.712 0.0000000000
43387  5.331  -39.451  71.726 0.0000000000
42357  4.725  -40.002  71.852 0.0000000000
65521  40.813  -18.636  51.500 0.0000000000
65508  36.894  -19.340  52.678 0.0000000000
65491  36.123  -19.705  53.324 0.0000000000
64246  32.014  -20.413  55.030 0.0000000000
64197  34.349  -19.636  57.753 0.0000000000
64216  33.531  -19.706  57.029 0.0000000000
65406  33.232  -19.916  58.478 0.0000000000
65427  33.232  -19.840  57.704 0.0000000000
64233  31.710  -21.116  55.464 0.0000000000
61997  31.896  -21.859  55.120 0.0000000000
61981  33.129  -21.781  56.453 0.0000000000
61964  35.052  -22.479  57.576 0.0000000000
60976  36.247  -23.932  56.879 0.0000000000
60027  35.088  -24.892  54.640 0.0000000000
59129  34.690  -25.675  54.262 0.0000000000
58076  37.083  -26.010  62.170 0.0000000000
54649  32.541  -29.333  67.961 0.0000000000
54664  32.574  -29.578  67.178 0.0000000000
53502  31.611  -30.108  66.061 0.0000000000
54680  32.778  -29.629  66.475 0.0000000000
54663  33.403  -29.376  66.910 0.0000000000
54697  34.432  -28.966  65.109 0.0000000000
53545  31.773  -30.171  63.311 0.0000000000
53558  31.856  -30.121  62.422 0.0000000000
53530  32.458  -29.992  63.927 0.0000000000
54696  34.748  -28.610  64.946 0.0000000000
55905  35.350  -28.321  64.467 0.0000000000
55940  34.797  -28.662  62.363 0.0000000000
55939  35.486  -28.314  62.642 0.0000000000
57062  36.143  -28.018  62.859 0.0000000000
57072  36.647  -27.600  62.535 0.0000000000
58087  36.818  -26.360  61.372 0.0000000000
57113  35.587  -27.372  59.476 0.0000000000
58104  35.816  -27.122  58.937 0.0000000000
57133  34.648  -27.440  57.422 0.0000000000
55997  32.442  -28.838  58.893 0.0000000000
57124  33.921  -27.847  57.905 0.0000000000
57155  32.911  -27.558  55.146 0.0000000000
65538  40.373  -18.745  50.751 0.0000000000
65576  38.594  -19.158  48.789 0.0000000000
64347  36.529  -19.272  47.059 0.0000000000
65579  35.267  -19.260  48.570 0.0000000000
65601  35.894  -19.231  47.823 0.0000000000
64369  36.129  -19.409  46.169 0.0000000000
125612  49.668  -7.902  29.964 0.0000000000
53483  31.493  -29.702  67.532 0.0000000000
53492  30.878  -29.771  67.267 0.0000000000
53534  29.438  -30.116  64.836 0.0000000000
53543  33.129  -29.453  63.209 0.0000000000
53571  32.286  -29.697  61.539 0.0000000000
53586  31.670  -29.772  61.085 0.0000000000
54625  31.167  -28.886  69.527 0.0000000000
54665  32.008  -29.666  67.576 0.0000000000
54666  30.443  -29.678  67.466 0.0000000000
54685  21.261  -28.670  65.431 0.0000000000
54714  34.943  -28.485  64.815 0.0000000000
54717  29.473  -30.065  65.073 0.0000000000
54733  33.693  -29.306  63.294 0.0000000000
54749  28.267  -29.941  63.611 0.0000000000
54787  20.885  -29.570  60.081 0.0000000000
55864  27.685  -28.716  67.761 0.0000000000
55890  34.573  -28.774  65.640 0.0000000000
55948  19.991  -28.945  62.004 0.0000000000
55962  23.367  -27.807  60.967 0.0000000000
57074  23.521  -27.551  62.357 0.0000000000
57075  23.161  -27.540  62.118 0.0000000000
57091  23.022  -27.730  61.363 0.0000000000
58124  36.162  -26.019  57.612 0.0000000000
60977  35.889  -23.337  57.161 0.0000000000
63022  34.671  -21.150  61.456 0.0000000000
63023  34.323  -20.848  61.035 0.0000000000
63038  33.520  -20.769  60.063 0.0000000000
63066  32.966  -21.092  58.161 0.0000000000
64271  35.256  -19.633  52.816 0.0000000000
64330  33.539  -20.307  47.933 0.0000000000
64345  38.429  -19.372  47.230 0.0000000000
65354  33.529  -20.051  59.958 0.0000000000
65368  33.400  -20.014  59.664 0.0000000000
65383  34.227  -19.536  58.709 0.0000000000
65405  33.756  -19.567  58.148 0.0000000000
65426  33.554  -19.651  57.636 0.0000000000
65595  42.334  -18.329  48.162 0.0000000000
65603  34.440  -19.802  47.729 0.0000000000
67762  43.210  -15.517  48.553 0.0000000000
67780  42.685  -17.238  46.487 0.0000000000
70992  45.608  -13.697  43.968 0.0000000000
80466  53.016  -4.709  31.427 0.0000000000
124905  6.930  -38.935  68.193 0.0000000000
124912  7.007  -38.743  68.627 0.0000000000
124921  7.413  -38.435  68.622 0.0000000000
124922  7.434  -38.499  68.327 0.0000000000
124925  7.864  -38.222  67.977 0.0000000000
124929  8.054  -38.080  68.041 0.0000000000
124935  7.806  -38.238  68.264 0.0000000000
124951  8.049  -37.954  68.860 0.0000000000
