#!ascii label  , from subject 3431 vox2ras=TkReg
2236
14333  48.705  -64.963  8.980 0.2000000030
15372  49.468  -65.007  9.055 0.2000000030
15386  48.437  -64.485  8.259 0.2000000030
14314  48.134  -65.385  9.723 0.2000000030
14376  47.080  -64.452  6.457 0.1000000015
14313  49.283  -65.562  9.855 0.3000000119
15384  49.811  -64.586  8.647 0.2000000030
15400  47.947  -64.185  7.596 0.1000000015
14334  47.576  -64.818  8.456 0.2000000030
15399  48.819  -64.047  7.680 0.1000000015
15410  48.338  -63.813  7.029 0.1000000015
16411  48.205  -63.735  6.538 0.1000000015
17406  49.013  -63.313  5.346 0.1000000015
15423  47.315  -64.145  5.954 0.1000000015
19482  49.089  -61.999  4.629 0.1000000015
16432  47.546  -63.615  5.549 0.1000000015
18420  47.898  -62.873  5.133 0.1000000015
19483  48.230  -62.047  5.059 0.2000000030
18430  47.689  -62.488  4.980 0.1000000015
17385  50.456  -62.724  7.592 0.1000000015
19449  50.918  -61.482  7.166 0.1000000015
15398  49.486  -64.168  8.029 0.2000000030
16409  49.418  -63.627  5.981 0.1000000015
17386  50.298  -63.151  7.369 0.1000000015
16400  49.517  -63.754  7.082 0.1000000015
18414  50.250  -62.580  5.353 0.1000000015
20625  49.107  -61.163  5.094 0.1000000015
19452  47.874  -60.992  6.385 0.2000000030
19465  48.507  -61.242  5.403 0.2000000030
19453  47.063  -61.404  6.624 0.1000000015
19475  47.672  -61.666  5.264 0.2000000030
19454  46.250  -61.741  6.773 0.2000000030
19469  45.801  -61.644  6.237 0.1000000015
20595  45.060  -61.534  6.128 0.1000000015
18410  50.579  -62.389  6.513 0.1000000015
20591  50.838  -60.590  6.802 0.1000000015
19481  49.727  -61.981  4.312 0.1000000015
19438  46.767  -61.158  7.471 0.2000000030
19439  45.827  -61.678  7.541 0.2000000030
19440  44.854  -62.011  7.668 0.2000000030
19455  45.259  -61.796  6.601 0.2000000030
19456  44.199  -62.128  6.812 0.1000000015
20597  43.545  -61.556  6.148 0.2000000030
19463  50.452  -61.522  5.418 0.1000000015
20592  50.239  -60.152  6.196 0.1000000015
20606  49.908  -60.671  5.570 0.1000000015
20593  49.147  -60.089  6.243 0.2000000030
20583  47.269  -60.130  7.457 0.2000000030
19437  47.524  -60.814  7.050 0.3000000119
19441  43.742  -62.337  7.873 0.3000000119
19457  43.031  -62.223  6.919 0.2000000030
20598  42.407  -61.549  6.201 0.2000000030
21801  43.501  -59.756  5.257 0.2000000030
20570  46.526  -60.359  7.991 0.3000000119
20594  48.442  -60.503  6.384 0.2000000030
19427  44.368  -61.661  8.592 0.3000000119
19429  42.244  -62.155  8.973 0.3000000119
18386  41.681  -62.332  8.754 0.3000000119
19442  42.411  -62.540  8.028 0.3000000119
19458  41.875  -62.215  6.919 0.2000000030
20613  42.962  -60.718  5.656 0.2000000030
21802  42.398  -60.086  5.085 0.2000000030
20560  41.698  -60.554  9.619 0.4000000060
20573  43.717  -60.814  9.171 0.3000000119
20558  43.126  -61.292  9.268 0.3000000119
19425  46.126  -61.123  8.056 0.2000000030
19426  45.344  -61.368  8.260 0.2000000030
19443  41.358  -62.475  7.618 0.3000000119
19459  40.861  -62.112  6.983 0.2000000030
20614  41.823  -60.812  5.577 0.2000000030
20561  40.693  -60.565  9.922 0.3000000119
19416  42.011  -61.440  9.413 0.3000000119
19445  39.857  -62.228  7.654 0.2000000030
20615  40.731  -61.024  5.649 0.2000000030
20600  39.915  -61.560  6.692 0.2000000030
20616  39.598  -61.010  5.522 0.1000000015
20599  41.258  -61.559  6.301 0.2000000030
20630  40.506  -60.663  4.750 0.2000000030
20629  41.278  -60.586  5.082 0.2000000030
21803  41.761  -60.366  5.046 0.2000000030
20562  39.566  -60.543  10.140 0.3000000119
19419  39.089  -61.466  9.509 0.3000000119
19418  40.128  -61.510  9.691 0.3000000119
19420  38.188  -61.312  9.285 0.2000000030
19433  38.633  -61.759  8.677 0.3000000119
19434  37.850  -61.391  8.555 0.2000000030
18388  40.454  -62.364  8.483 0.3000000119
20584  39.364  -61.831  7.353 0.1000000015
20585  38.746  -61.457  7.282 0.1000000015
20601  38.527  -60.893  6.359 0.1000000015
20645  40.136  -60.487  4.039 0.1000000015
21745  38.240  -59.609  10.682 0.3000000119
20553  38.005  -60.365  10.361 0.2000000030
21746  37.078  -59.889  10.337 0.2000000030
21747  35.899  -59.417  10.269 0.2000000030
22847  34.762  -58.741  9.994 0.1000000015
20565  36.915  -60.589  9.172 0.1000000015
21763  36.183  -60.118  9.305 0.1000000015
20576  36.744  -60.532  8.448 0.1000000015
20602  37.618  -60.426  6.447 0.1000000015
20617  38.454  -60.856  5.212 0.1000000015
22818  37.660  -58.852  10.928 0.2000000030
22867  34.441  -58.779  8.964 0.1000000015
22884  34.571  -58.947  7.788 0.1000000015
21774  36.032  -60.153  8.096 0.1000000015
21785  36.458  -59.895  7.208 0.1000000015
20587  36.667  -60.368  7.814 0.1000000015
21793  36.459  -59.679  6.179 0.1000000015
21792  37.092  -60.146  5.886 0.1000000015
21784  37.080  -60.087  6.675 0.1000000015
21805  37.120  -60.515  5.000 0.1000000015
22885  33.790  -58.280  8.081 0.1000000015
17413  49.214  -62.928  4.853 0.1000000015
20610  46.333  -61.178  5.250 0.1000000015
16163  42.788  -64.239  23.399 0.5000000000
14084  44.281  -65.754  23.511 0.5000000000
15146  44.175  -64.887  23.320 0.5000000000
16184  43.488  -63.863  23.116 0.5000000000
16185  42.937  -63.643  23.122 0.5000000000
13024  45.731  -66.952  23.594 0.2000000030
13025  45.210  -67.080  23.672 0.2000000030
13050  45.659  -66.787  23.362 0.3000000119
13026  44.358  -66.872  23.728 0.3000000119
14110  45.185  -66.210  23.245 0.5000000000
15178  44.799  -65.214  23.071 0.5000000000
15203  45.764  -64.733  22.220 0.5000000000
16183  44.374  -64.264  22.938 0.5000000000
16207  45.926  -64.244  21.915 0.5000000000
16209  44.671  -63.958  22.602 0.5000000000
17203  42.318  -63.332  23.035 0.5000000000
18209  43.204  -62.612  22.611 0.5000000000
17183  41.006  -63.529  23.468 0.5000000000
16168  37.734  -64.294  23.108 0.5000000000
13049  46.350  -66.787  23.367 0.3000000119
14108  47.004  -66.584  22.700 0.3000000119
15177  45.651  -65.327  22.623 0.5000000000
17220  45.441  -63.283  22.081 0.5000000000
17221  44.448  -63.353  22.511 0.5000000000
18210  42.488  -62.402  22.650 0.5000000000
18193  40.704  -62.811  23.287 0.5000000000
15227  39.860  -65.620  19.776 0.4000000060
16232  39.584  -64.777  19.957 0.5000000000
16210  38.808  -64.628  20.572 0.5000000000
16187  37.708  -64.011  22.419 0.5000000000
18196  38.189  -63.097  23.554 0.5000000000
16230  41.078  -65.270  19.092 0.4000000060
12050  46.695  -66.785  23.481 0.3000000119
14107  47.860  -66.717  22.363 0.4000000060
14120  48.542  -66.115  22.081 0.4000000060
15201  47.374  -65.393  21.887 0.5000000000
15200  48.430  -65.280  21.474 0.5000000000
16206  46.847  -64.383  21.659 0.5000000000
16205  47.657  -64.698  21.427 0.5000000000
16229  47.402  -64.052  21.275 0.5000000000
17218  46.905  -63.626  21.410 0.5000000000
17233  46.013  -62.828  21.829 0.5000000000
18226  43.007  -62.207  22.477 0.5000000000
18213  39.380  -62.198  23.304 0.6000000238
16211  38.097  -64.431  21.516 0.5000000000
17187  37.608  -63.521  22.985 0.5000000000
18214  38.423  -62.293  23.322 0.5000000000
16243  42.507  -65.846  18.069 0.4000000060
15245  41.896  -66.054  18.567 0.4000000060
16231  40.475  -64.986  19.443 0.5000000000
14025  47.125  -65.798  26.258 0.1000000015
16146  47.421  -64.724  25.423 0.1000000015
17164  47.162  -63.723  24.740 0.1000000015
15109  47.749  -65.752  25.535 0.1000000015
16145  47.887  -64.890  24.713 0.1000000015
17181  47.249  -63.260  24.149 0.1000000015
15126  48.257  -65.637  24.742 0.1000000015
17163  48.320  -64.297  24.212 0.1000000015
13023  47.217  -66.812  23.678 0.2000000030
14083  48.358  -66.475  24.021 0.1000000015
13047  48.116  -66.972  22.977 0.3000000119
14121  47.953  -66.028  21.950 0.5000000000
14105  48.814  -66.408  22.950 0.4000000060
14119  48.995  -66.174  22.464 0.4000000060
15222  49.342  -64.854  21.179 0.5000000000
16228  48.151  -64.239  20.956 0.5000000000
16227  49.097  -64.005  20.818 0.5000000000
17231  47.411  -63.219  20.992 0.5000000000
19207  41.847  -61.843  22.507 0.5000000000
17205  37.685  -63.147  22.285 0.5000000000
17223  38.589  -63.897  20.680 0.5000000000
16244  41.836  -65.518  18.340 0.4000000060
15257  44.056  -65.990  17.811 0.5000000000
17110  46.890  -63.422  27.619 0.1000000015
16099  46.703  -64.754  26.772 0.1000000015
15095  47.223  -65.411  26.266 0.1000000015
15110  47.554  -65.347  25.832 0.1000000015
17165  46.615  -63.001  25.158 0.1000000015
16122  47.002  -64.745  26.483 0.1000000015
17148  47.091  -63.943  25.844 0.1000000015
18167  46.991  -63.023  24.340 0.1000000015
19190  49.799  -61.464  22.832 0.2000000030
21529  49.427  -59.593  23.355 0.2000000030
13003  47.865  -66.533  24.614 0.1000000015
14066  48.222  -66.184  24.548 0.1000000015
16144  48.782  -64.958  24.458 0.1000000015
17179  49.225  -63.742  23.753 0.1000000015
18189  49.520  -62.540  23.208 0.2000000030
14065  48.772  -65.996  24.189 0.2000000030
16160  49.641  -64.863  24.073 0.1000000015
15144  50.139  -65.262  23.228 0.2000000030
16158  50.759  -63.580  23.076 0.2000000030
20327  50.108  -60.373  22.863 0.2000000030
15145  49.478  -65.730  23.785 0.2000000030
15173  50.117  -65.474  22.441 0.3000000119
16180  50.960  -63.751  22.612 0.3000000119
16203  50.925  -63.695  21.600 0.4000000060
16226  50.065  -64.038  20.959 0.5000000000
19209  39.727  -61.390  22.995 0.5000000000
21569  37.537  -60.161  21.794 0.5000000000
20367  38.191  -60.230  22.243 0.5000000000
20347  40.048  -60.646  22.473 0.5000000000
18228  37.544  -62.270  21.711 0.5000000000
19228  37.349  -61.442  22.212 0.5000000000
19210  38.714  -61.457  23.111 0.5000000000
18234  46.033  -61.944  21.640 0.5000000000
17232  46.575  -62.896  21.416 0.5000000000
17236  38.703  -63.237  20.228 0.5000000000
18227  37.843  -62.621  21.110 0.5000000000
19227  40.750  -60.823  22.299 0.5000000000
16246  41.012  -64.806  19.074 0.5000000000
17235  39.295  -63.899  20.027 0.5000000000
18215  37.694  -62.564  22.862 0.5000000000
19208  40.812  -61.480  22.701 0.6000000238
17224  38.158  -63.320  21.073 0.5000000000
15258  43.226  -65.936  17.857 0.4000000060
17109  47.487  -63.064  28.171 0.1000000015
16100  46.189  -64.568  27.226 0.1000000015
18120  47.599  -63.053  27.338 0.1000000015
18131  47.314  -62.842  26.749 0.1000000015
19135  47.116  -61.433  27.083 0.1000000015
17131  46.950  -63.847  26.699 0.1000000015
17132  46.979  -63.299  26.276 0.1000000015
18151  45.874  -62.093  25.252 0.1000000015
18168  46.371  -62.472  24.635 0.1000000015
18192  46.579  -62.120  24.047 0.1000000015
21531  47.390  -60.051  23.499 0.1000000015
18190  48.347  -62.691  23.424 0.1000000015
21530  48.379  -59.807  23.381 0.2000000030
20328  49.098  -60.596  23.041 0.2000000030
19191  48.755  -61.654  23.133 0.2000000030
17177  51.099  -62.952  22.854 0.3000000119
18187  51.344  -61.951  22.635 0.3000000119
20326  51.036  -60.203  22.803 0.2000000030
17200  51.487  -62.999  22.176 0.3000000119
19188  51.456  -60.995  22.601 0.2000000030
18207  52.003  -62.036  22.207 0.3000000119
16225  50.745  -63.014  20.708 0.4000000060
17217  51.396  -62.931  21.517 0.4000000060
21575  39.842  -59.739  20.273 0.5000000000
20377  40.918  -59.976  20.451 0.5000000000
20365  40.629  -60.265  21.728 0.5000000000
16242  49.621  -63.486  20.506 0.5000000000
20399  42.820  -60.234  18.711 0.5000000000
20386  43.122  -60.084  19.797 0.5000000000
20376  42.403  -60.136  20.586 0.5000000000
20364  41.869  -60.512  21.479 0.6000000238
18232  47.713  -62.202  20.560 0.5000000000
17230  48.409  -63.198  20.613 0.5000000000
19293  44.655  -60.213  18.813 0.5000000000
19270  44.715  -60.003  19.635 0.5000000000
20375  43.506  -60.190  20.747 0.6000000238
19226  41.437  -61.053  22.169 0.5000000000
19223  44.686  -61.430  21.801 0.5000000000
20363  43.035  -60.661  21.427 0.5000000000
19224  43.868  -61.356  21.899 0.5000000000
15255  46.249  -66.279  17.723 0.4000000060
15272  44.942  -65.763  17.440 0.4000000060
15244  42.961  -66.422  18.307 0.4000000060
22543  45.767  -58.560  28.586 0.1000000015
20272  46.252  -60.656  27.393 0.1000000015
21469  45.475  -59.759  27.342 0.1000000015
18132  46.825  -62.599  26.243 0.1000000015
20285  45.700  -60.907  26.583 0.1000000015
21470  45.271  -59.550  26.631 0.1000000015
19141  46.335  -61.673  26.443 0.1000000015
20286  45.166  -60.433  25.966 0.1000000015
21489  45.144  -59.388  26.003 0.1000000015
20312  45.770  -60.959  24.045 0.1000000015
21515  45.753  -59.874  24.077 0.1000000015
21514  46.684  -59.510  23.838 0.1000000015
22612  47.783  -58.369  24.457 0.2000000030
22611  48.879  -58.118  24.544 0.2000000030
21511  49.720  -58.764  24.049 0.2000000030
21528  50.443  -59.436  23.374 0.2000000030
21624  53.053  -58.994  16.913 0.2000000030
20436  51.897  -59.668  16.844 0.2000000030
19284  51.665  -60.126  17.349 0.2000000030
20418  52.478  -60.071  17.727 0.2000000030
20397  52.701  -60.477  18.744 0.2000000030
18186  51.766  -61.418  22.498 0.2000000030
19305  50.569  -60.084  16.774 0.2000000030
19286  50.491  -60.487  17.525 0.2000000030
19262  51.001  -60.864  18.409 0.2000000030
19261  51.833  -60.768  18.498 0.3000000119
18255  50.921  -61.305  19.177 0.2000000030
17253  51.047  -61.521  19.492 0.4000000060
19309  47.542  -61.004  16.793 0.2000000030
19307  49.042  -60.688  16.778 0.3000000119
19288  49.010  -60.649  17.559 0.3000000119
19265  48.986  -60.719  18.405 0.4000000060
19245  50.270  -61.139  18.806 0.3000000119
18241  50.290  -61.563  19.438 0.4000000060
17255  50.593  -61.806  19.725 0.5000000000
16224  50.895  -62.351  20.319 0.4000000060
16241  50.147  -63.047  20.411 0.5000000000
20439  44.760  -60.504  17.005 0.5000000000
19311  45.640  -60.559  17.273 0.4000000060
19291  46.372  -60.354  17.837 0.4000000060
19290  47.325  -60.610  17.662 0.4000000060
19267  47.297  -60.354  18.704 0.4000000060
19249  47.167  -60.667  19.675 0.5000000000
19248  48.057  -61.057  19.571 0.5000000000
18242  49.617  -61.771  19.728 0.5000000000
17241  49.520  -62.691  20.206 0.5000000000
19292  45.223  -60.312  18.075 0.5000000000
19269  45.456  -60.008  19.276 0.5000000000
19250  46.347  -60.348  20.011 0.5000000000
20384  44.724  -60.138  20.507 0.5000000000
19238  44.415  -60.907  21.524 0.5000000000
19236  46.219  -61.009  20.947 0.5000000000
18233  46.832  -62.100  21.007 0.5000000000
22556  44.760  -57.994  28.544 0.1000000015
23562  46.272  -58.202  28.405 0.1000000015
24683  46.009  -57.129  27.925 0.1000000015
22555  46.197  -58.652  27.990 0.1000000015
24682  46.291  -57.218  27.760 0.1000000015
23585  46.334  -57.358  27.290 0.1000000015
23604  46.551  -57.554  26.254 0.1000000015
23615  46.848  -57.577  25.811 0.1000000015
22598  46.738  -58.021  25.361 0.1000000015
22597  47.989  -57.572  25.046 0.2000000030
23613  48.293  -56.757  25.603 0.2000000030
21527  51.395  -59.330  23.351 0.2000000030
22704  53.288  -58.839  17.143 0.1000000015
21608  53.224  -59.333  17.584 0.2000000030
20417  53.159  -60.034  18.280 0.2000000030
20325  51.954  -60.230  22.765 0.2000000030
23731  52.631  -58.216  17.943 0.1000000015
22692  53.608  -58.715  18.370 0.1000000015
22682  53.672  -58.835  18.985 0.1000000015
21581  53.842  -59.203  19.249 0.1000000015
20383  52.904  -60.596  19.408 0.1000000015
18254  51.282  -61.292  19.197 0.2000000030
17199  51.725  -62.499  21.654 0.3000000119
19205  52.137  -61.052  22.367 0.2000000030
20382  53.184  -60.365  19.910 0.1000000015
19243  52.484  -61.107  19.639 0.1000000015
18239  51.700  -61.584  19.647 0.3000000119
17216  51.670  -62.468  21.048 0.2000000030
19234  47.646  -61.373  20.133 0.5000000000
18243  48.824  -61.932  20.028 0.5000000000
18231  48.394  -62.418  20.313 0.5000000000
19235  47.042  -61.231  20.467 0.5000000000
18244  48.138  -61.805  20.151 0.5000000000
19251  45.334  -60.212  20.383 0.5000000000
24685  44.645  -57.095  27.752 0.1000000015
24701  44.952  -56.374  27.404 0.1000000015
24684  45.345  -57.088  27.861 0.1000000015
24699  46.598  -56.536  27.266 0.1000000015
25810  46.246  -55.612  27.065 0.1000000015
23603  47.315  -56.731  26.377 0.1000000015
24723  47.807  -56.265  26.334 0.2000000030
23612  49.528  -56.870  25.120 0.2000000030
22610  49.921  -57.703  24.671 0.2000000030
23626  49.971  -57.200  24.832 0.2000000030
21510  50.765  -58.640  24.047 0.2000000030
21509  51.659  -58.553  23.862 0.2000000030
23716  51.978  -58.261  18.501 0.1000000015
23699  53.264  -58.237  19.798 0.1000000015
22675  53.880  -58.669  19.690 0.1000000015
21582  53.600  -59.744  19.618 0.1000000015
21550  52.695  -59.767  22.577 0.1000000015
20346  52.581  -60.453  22.259 0.2000000030
22667  54.173  -58.509  20.614 0.1000000015
21574  53.565  -59.851  20.685 0.1000000015
20372  53.148  -60.478  20.635 0.1000000015
19233  52.608  -61.402  20.682 0.2000000030
19222  52.609  -61.128  21.659 0.2000000030
25814  42.761  -55.957  26.618 0.1000000015
24702  43.945  -56.606  27.280 0.1000000015
26971  42.480  -54.821  26.576 0.1000000015
25812  44.437  -55.550  26.832 0.1000000015
26945  42.934  -54.412  26.571 0.1000000015
26944  43.902  -54.377  26.509 0.1000000015
25811  45.379  -55.570  27.046 0.1000000015
25808  47.885  -55.639  26.451 0.1000000015
24722  48.420  -55.945  26.133 0.1000000015
25828  48.338  -55.171  26.215 0.1000000015
24721  48.978  -55.669  25.876 0.1000000015
24740  49.431  -55.884  25.616 0.2000000030
23625  50.438  -56.999  24.709 0.2000000030
22609  51.124  -57.843  24.381 0.2000000030
22608  51.979  -58.021  24.108 0.2000000030
22607  52.153  -58.337  23.527 0.1000000015
21508  52.034  -58.463  23.703 0.2000000030
23718  49.767  -57.624  18.231 0.1000000015
22678  50.571  -58.297  19.460 0.1000000015
22677  51.335  -58.339  19.528 0.1000000015
23700  52.808  -58.150  20.127 0.1000000015
21526  52.334  -59.032  23.186 0.2000000030
22669  51.257  -58.296  20.352 0.1000000015
22668  52.248  -58.165  20.772 0.1000000015
23681  53.440  -57.891  20.478 0.1000000015
21565  54.143  -59.109  21.355 0.1000000015
21566  53.585  -59.738  21.640 0.1000000015
20345  53.123  -60.025  22.097 0.2000000030
28211  42.537  -53.520  26.517 0.1000000015
28210  43.293  -53.655  26.507 0.1000000015
26970  44.471  -53.878  26.188 0.1000000015
26942  45.761  -54.983  26.587 0.1000000015
25829  47.702  -55.128  26.346 0.1000000015
25827  49.080  -55.254  25.883 0.1000000015
26989  49.340  -54.543  25.295 0.1000000015
25849  49.978  -55.135  25.571 0.1000000015
25848  50.576  -55.367  25.093 0.2000000030
24751  50.773  -56.132  24.786 0.2000000030
25864  50.851  -55.505  24.372 0.1000000015
24750  51.130  -56.194  24.228 0.2000000030
23667  49.043  -57.397  21.468 0.1000000015
23653  49.444  -57.161  22.271 0.1000000015
24771  49.695  -56.555  22.908 0.1000000015
24770  50.698  -56.839  23.146 0.1000000015
24769  51.292  -56.862  23.457 0.1000000015
23639  51.752  -57.217  23.484 0.1000000015
24762  51.354  -56.435  23.894 0.1000000015
23702  49.557  -58.032  19.371 0.1000000015
23683  49.724  -58.126  20.491 0.1000000015
22658  50.694  -58.153  21.254 0.1000000015
23652  50.196  -57.623  22.234 0.1000000015
22639  51.113  -58.115  21.999 0.1000000015
23651  51.428  -57.656  22.734 0.1000000015
23638  52.079  -58.005  22.906 0.1000000015
22623  52.438  -58.490  23.005 0.1000000015
22638  51.761  -58.289  22.032 0.1000000015
23650  52.263  -58.222  22.097 0.1000000015
22636  53.582  -58.299  22.340 0.1000000015
21525  53.000  -59.070  23.054 0.1000000015
29480  43.346  -52.801  26.258 0.1000000015
28231  43.792  -53.255  26.343 0.1000000015
26994  44.680  -53.784  25.821 0.1000000015
26968  46.121  -54.602  26.182 0.1000000015
26966  47.956  -54.654  26.029 0.1000000015
26990  48.321  -54.577  25.319 0.1000000015
27048  47.708  -55.493  22.594 0.1000000015
25907  48.190  -55.531  22.749 0.1000000015
27028  49.120  -54.869  23.717 0.1000000015
25919  48.184  -55.754  21.984 0.1000000015
25920  47.868  -55.531  22.243 0.1000000015
25906  48.688  -55.741  22.912 0.1000000015
25889  48.700  -55.324  23.248 0.1000000015
27027  49.887  -54.723  23.540 0.1000000015
27005  50.419  -54.811  24.026 0.1000000015
24776  48.457  -56.542  21.565 0.1000000015
24772  48.825  -56.245  22.495 0.1000000015
25888  49.323  -55.248  23.265 0.1000000015
25887  49.971  -55.475  23.340 0.1000000015
25886  50.599  -55.511  23.759 0.1000000015
25885  51.033  -55.913  23.988 0.1000000015
26992  46.409  -54.726  25.576 0.1000000015
27010  45.666  -55.078  24.877 0.1000000015
26991  47.371  -54.712  25.468 0.1000000015
25891  46.165  -55.337  24.441 0.1000000015
27009  46.669  -55.042  24.876 0.1000000015
27049  47.079  -55.374  22.760 0.1000000015
27030  46.745  -55.352  23.977 0.1000000015
25890  46.477  -55.234  24.569 0.1000000015
27007  48.737  -54.666  24.476 0.1000000015
27029  48.025  -55.247  23.549 0.1000000015
14109  46.126  -66.353  22.919 0.4000000060
18224  44.709  -62.258  22.170 0.5000000000
15176  46.700  -65.865  22.405 0.4000000060
15199  49.486  -65.667  21.870 0.4000000060
14024  47.433  -66.014  25.942 0.1000000015
18191  47.159  -62.611  23.844 0.1000000015
13021  48.402  -66.637  23.350 0.2000000030
15198  50.197  -65.172  21.889 0.4000000060
15221  49.986  -64.989  21.383 0.4000000060
17149  46.778  -63.210  25.664 0.1000000015
17178  50.312  -63.236  23.262 0.2000000030
16159  50.397  -64.206  23.345 0.2000000030
18188  50.508  -62.263  22.896 0.3000000119
16181  50.492  -64.640  22.388 0.3000000119
19189  50.738  -61.220  22.676 0.2000000030
20366  39.166  -59.967  21.734 0.5000000000
19134  47.988  -62.065  27.302 0.1000000015
19154  45.443  -61.481  25.335 0.1000000015
19142  45.597  -61.322  26.062 0.1000000015
21532  46.545  -60.289  23.658 0.1000000015
20330  47.132  -60.899  23.500 0.1000000015
20329  48.072  -60.787  23.283 0.1000000015
21513  47.609  -59.174  23.813 0.1000000015
21512  48.654  -58.904  23.869 0.2000000030
18208  51.533  -62.529  22.512 0.3000000119
20387  41.888  -60.112  19.503 0.5000000000
20400  41.531  -60.203  18.342 0.5000000000
20420  43.977  -60.463  17.965 0.5000000000
21449  45.930  -59.577  27.997 0.1000000015
22569  45.605  -58.531  26.980 0.1000000015
21498  45.231  -59.572  25.166 0.1000000015
22586  45.547  -58.624  25.796 0.1000000015
22585  46.013  -58.031  26.101 0.1000000015
22596  49.033  -57.367  24.960 0.2000000030
21609  52.539  -59.602  17.149 0.2000000030
21625  52.406  -59.105  16.571 0.2000000030
19304  51.130  -59.913  16.746 0.2000000030
19285  51.154  -60.368  17.535 0.2000000030
20396  53.256  -60.193  19.067 0.1000000015
19306  49.810  -60.311  16.761 0.2000000030
19287  49.756  -60.586  17.514 0.2000000030
19263  50.363  -60.829  18.205 0.3000000119
16239  50.808  -62.164  20.131 0.4000000060
19308  48.403  -60.926  16.939 0.4000000060
19324  49.129  -60.529  15.996 0.2000000030
19289  48.230  -60.703  17.608 0.4000000060
19266  48.180  -60.549  18.563 0.5000000000
19246  49.669  -61.173  19.016 0.5000000000
16240  50.586  -62.483  20.267 0.5000000000
18230  52.070  -61.927  20.397 0.3000000119
20438  45.553  -60.668  16.730 0.5000000000
19310  46.352  -60.812  16.744 0.5000000000
19268  46.366  -60.092  18.904 0.5000000000
23573  44.882  -57.658  28.201 0.1000000015
23572  45.536  -57.804  28.316 0.1000000015
23571  45.982  -57.848  28.194 0.1000000015
23584  47.036  -56.716  26.974 0.1000000015
23602  47.942  -56.384  26.111 0.2000000030
21591  53.871  -59.125  18.405 0.1000000015
23730  53.170  -58.510  18.513 0.1000000015
23574  43.993  -57.691  27.998 0.1000000015
24700  45.803  -56.344  27.543 0.1000000015
24698  47.570  -56.175  26.646 0.1000000015
24697  47.993  -55.926  26.470 0.2000000030
24741  48.921  -56.337  25.617 0.2000000030
23611  50.124  -56.319  25.165 0.2000000030
23717  50.950  -58.061  18.469 0.1000000015
22685  51.122  -58.323  19.099 0.1000000015
22684  51.611  -58.360  19.039 0.1000000015
23715  52.668  -58.391  19.118 0.1000000015
20361  52.894  -60.509  21.885 0.2000000030
23648  53.892  -57.817  21.730 0.1000000015
20360  53.128  -60.367  21.376 0.1000000015
25813  43.309  -55.497  26.660 0.1000000015
24724  42.233  -56.215  26.533 0.1000000015
25831  42.502  -55.445  26.560 0.1000000015
26946  42.021  -54.336  26.584 0.1000000015
25830  42.828  -55.018  26.579 0.1000000015
26943  44.897  -54.780  26.509 0.1000000015
26941  46.487  -55.084  26.557 0.1000000015
25809  47.105  -55.569  26.651 0.1000000015
23624  51.513  -57.029  24.265 0.2000000030
23623  52.036  -57.823  23.593 0.1000000015
23701  50.180  -58.098  18.836 0.1000000015
22670  50.241  -58.266  20.372 0.1000000015
22676  52.037  -58.316  19.716 0.1000000015
23665  52.737  -58.049  21.412 0.1000000015
21549  53.436  -59.169  22.463 0.1000000015
26969  45.250  -54.384  26.154 0.1000000015
26967  47.063  -54.808  26.192 0.1000000015
26965  48.669  -54.730  25.843 0.1000000015
26988  50.363  -54.687  24.891 0.1000000015
24775  49.025  -56.823  22.198 0.1000000015
23666  49.813  -57.998  21.076 0.1000000015
25905  49.284  -55.848  23.093 0.1000000015
24764  50.390  -56.094  23.450 0.1000000015
22622  53.032  -58.658  22.614 0.1000000015
29501  43.801  -52.660  26.097 0.1000000015
28244  44.297  -53.070  26.057 0.1000000015
26993  45.415  -54.465  25.666 0.1000000015
27008  47.669  -54.888  24.633 0.1000000015
27006  49.710  -54.355  24.292 0.1000000015
27031  45.683  -55.468  23.888 0.1000000015
27068  46.487  -54.899  22.021 0.1000000015
27050  46.054  -55.363  22.898 0.1000000015
10136  41.074  -70.206  23.445 0.1000000015
10137  40.325  -70.378  23.042 0.1000000015
11079  41.459  -69.295  23.383 0.1000000015
12037  41.793  -68.358  23.422 0.1000000015
12036  42.686  -68.133  23.690 0.1000000015
11077  42.984  -68.649  23.988 0.1000000015
9266  40.709  -71.142  23.473 0.2000000030
12034  44.527  -67.584  24.010 0.1000000015
10138  39.632  -70.325  22.751 0.2000000030
11080  40.611  -69.469  23.150 0.1000000015
10151  38.422  -70.790  22.062 0.2000000030
12038  40.857  -68.527  23.245 0.1000000015
10152  38.246  -71.041  21.806 0.2000000030
11089  39.086  -69.682  22.567 0.2000000030
12039  39.901  -68.679  23.109 0.2000000030
13029  41.080  -67.550  23.452 0.2000000030
13027  43.113  -67.174  23.791 0.3000000119
14085  43.394  -66.124  23.759 0.3000000119
13028  42.079  -67.395  23.678 0.3000000119
12040  39.168  -68.839  22.710 0.2000000030
13030  40.054  -67.706  23.301 0.2000000030
10190  37.984  -70.646  20.949 0.2000000030
14087  41.294  -66.541  23.744 0.2000000030
11091  37.898  -69.499  21.737 0.2000000030
9331  41.186  -71.525  19.301 0.1000000015
11090  38.353  -69.847  22.151 0.2000000030
10167  38.173  -70.332  21.909 0.2000000030
15148  42.570  -65.302  23.743 0.4000000060
9312  39.512  -71.350  19.891 0.1000000015
10189  38.415  -70.591  20.483 0.1000000015
13031  38.969  -67.847  22.885 0.2000000030
14088  40.249  -66.697  23.546 0.2000000030
9333  40.022  -71.758  19.585 0.1000000015
15149  41.524  -65.493  23.828 0.4000000060
10188  39.122  -70.491  20.147 0.2000000030
13052  38.636  -68.371  22.554 0.2000000030
11123  38.595  -69.697  20.279 0.2000000030
9310  41.605  -71.187  19.497 0.1000000015
10185  42.427  -70.446  19.629 0.2000000030
9311  40.571  -71.165  19.735 0.1000000015
10186  41.290  -70.228  19.862 0.1000000015
12087  37.894  -69.023  20.489 0.2000000030
13053  37.993  -67.886  22.124 0.2000000030
14090  38.618  -66.988  22.871 0.2000000030
14089  39.272  -66.859  23.225 0.4000000060
10187  40.092  -70.379  19.952 0.1000000015
15152  38.424  -66.073  23.027 0.4000000060
16164  41.754  -64.486  23.639 0.4000000060
13092  37.497  -68.277  20.743 0.3000000119
11122  39.486  -69.502  20.026 0.2000000030
15151  39.350  -65.842  23.600 0.4000000060
17182  41.902  -63.785  23.342 0.4000000060
13068  37.422  -68.290  21.404 0.3000000119
13090  39.016  -67.315  19.936 0.4000000060
12086  38.745  -68.643  19.995 0.3000000119
23760  52.245  -57.634  15.901 0.1000000015
22705  52.768  -58.474  16.760 0.1000000015
16165  40.691  -64.610  23.787 0.4000000060
15179  37.786  -65.993  22.405 0.4000000060
16166  39.568  -64.772  23.802 0.5000000000
14122  38.140  -66.581  20.570 0.4000000060
13091  37.952  -67.937  20.215 0.3000000119
14123  37.530  -66.468  21.622 0.4000000060
22717  52.368  -58.540  15.582 0.1000000015
23778  52.418  -57.823  14.912 0.1000000015
21639  52.002  -58.943  15.719 0.1000000015
17184  39.865  -63.767  23.741 0.4000000060
17185  38.810  -63.884  23.709 0.5000000000
16167  38.428  -64.855  23.476 0.5000000000
18194  40.068  -62.899  23.490 0.5000000000
20450  51.633  -59.248  15.775 0.1000000015
20473  50.744  -59.423  14.415 0.1000000015
19322  50.668  -59.708  16.110 0.1000000015
9265  41.293  -70.807  23.936 0.1000000015
11078  42.268  -69.028  23.675 0.1000000015
12035  43.589  -67.850  23.910 0.1000000015
10135  41.771  -69.921  23.804 0.1000000015
10133  43.067  -68.862  24.204 0.1000000015
12033  45.582  -67.148  23.957 0.1000000015
19321  51.006  -59.621  16.221 0.1000000015
8437  39.237  -72.249  22.807 0.1000000015
13054  37.716  -68.508  21.780 0.2000000030
15150  40.436  -65.665  23.818 0.4000000060
14111  38.079  -66.805  22.498 0.3000000119
20451  51.003  -59.420  15.516 0.1000000015
10123  42.847  -69.541  24.745 0.1000000015
14231  35.853  -66.412  13.555 0.1000000015
14252  36.094  -66.110  12.498 0.1000000015
13209  38.633  -66.771  12.999 0.1000000015
14253  35.234  -66.091  12.374 0.1000000015
13187  38.436  -67.367  14.089 0.1000000015
14232  34.860  -66.321  13.329 0.1000000015
14254  34.259  -66.089  12.328 0.1000000015
14255  33.335  -65.836  12.350 0.1000000015
4462  26.954  -77.164  21.629 0.1000000015
12169  29.935  -67.990  15.311 0.1000000015
13213  29.846  -67.349  13.691 0.1000000015
13211  36.771  -66.804  14.005 0.1000000015
14236  30.027  -66.364  13.256 0.1000000015
15333  31.528  -65.723  12.430 0.1000000015
13188  37.510  -67.324  14.444 0.1000000015
15345  31.774  -65.783  11.896 0.1000000015
13186  39.459  -67.493  13.787 0.1000000015
4449  25.300  -77.640  22.647 0.1000000015
5069  27.097  -76.206  21.487 0.1000000015
5797  27.141  -75.195  21.403 0.1000000015
4436  24.764  -77.346  23.326 0.1000000015
5058  25.869  -76.428  22.621 0.1000000015
5070  26.497  -76.411  22.168 0.1000000015
6702  27.160  -74.145  21.168 0.1000000015
10219  29.138  -70.304  18.376 0.1000000015
12148  30.131  -68.674  16.236 0.1000000015
13212  36.249  -66.817  14.294 0.1000000015
14213  35.279  -66.514  13.981 0.1000000015
14233  33.982  -66.209  13.317 0.1000000015
13189  36.695  -67.335  14.864 0.1000000015
12189  39.198  -68.186  14.656 0.1000000015
5798  26.548  -75.493  21.952 0.1000000015
6703  26.375  -74.490  21.791 0.1000000015
5772  24.588  -76.068  24.077 0.1000000015
5046  24.845  -76.704  23.643 0.1000000015
5059  25.353  -76.801  23.060 0.1000000015
5784  25.986  -75.651  22.465 0.1000000015
7616  25.654  -73.771  22.209 0.1000000015
8471  27.000  -72.362  20.636 0.1000000015
9336  27.863  -71.335  19.910 0.1000000015
9350  28.606  -71.049  19.172 0.1000000015
10206  27.902  -70.250  19.690 0.1000000015
11151  29.050  -69.196  18.223 0.1000000015
11187  29.823  -68.795  16.962 0.1000000015
12149  29.501  -67.830  16.525 0.1000000015
13171  29.299  -66.992  15.263 0.1000000015
15311  32.244  -65.256  14.194 0.1000000015
13167  36.250  -67.310  15.172 0.1000000015
14214  34.782  -66.519  14.359 0.1000000015
14215  33.696  -66.208  14.225 0.1000000015
14216  32.927  -65.694  14.134 0.1000000015
15321  32.316  -65.403  13.286 0.1000000015
12190  38.163  -67.943  14.824 0.1000000015
8455  25.739  -72.311  21.857 0.1000000015
5034  24.235  -76.378  24.538 0.1000000015
5771  24.988  -76.077  23.533 0.1000000015
5785  25.390  -75.786  23.018 0.1000000015
8456  25.650  -72.986  21.970 0.1000000015
8472  26.348  -72.404  21.136 0.1000000015
9296  26.597  -71.014  21.189 0.1000000015
12104  28.108  -68.268  19.339 0.1000000015
5756  24.423  -75.787  24.730 0.1000000015
6659  24.659  -75.241  24.781 0.1000000015
6677  24.823  -74.937  23.847 0.1000000015
7600  25.207  -73.728  23.164 0.1000000015
10220  28.492  -70.031  19.124 0.1000000015
12122  28.389  -68.787  19.124 0.1000000015
12136  29.176  -68.312  17.678 0.1000000015
13152  29.107  -66.645  16.263 0.1000000015
14192  29.138  -65.643  16.258 0.1000000015
14205  29.165  -65.999  15.505 0.1000000015
15313  30.423  -65.238  14.615 0.1000000015
15314  29.655  -65.509  14.991 0.1000000015
15299  32.432  -65.028  15.375 0.1000000015
15312  31.371  -65.076  14.381 0.1000000015
14217  29.742  -65.810  14.101 0.1000000015
13169  35.150  -66.779  15.337 0.1000000015
14204  32.766  -65.462  14.697 0.1000000015
12192  37.084  -67.826  15.386 0.1000000015
12165  39.540  -68.716  14.995 0.1000000015
11207  39.702  -69.245  15.322 0.1000000015
11225  39.146  -68.843  15.088 0.1000000015
9285  25.876  -71.470  22.617 0.1000000015
9297  26.185  -71.634  21.566 0.1000000015
5735  24.688  -75.587  25.448 0.1000000015
6633  25.542  -74.663  25.694 0.1000000015
6658  24.842  -74.579  24.960 0.1000000015
7543  25.331  -73.927  25.146 0.1000000015
8429  25.345  -72.723  23.782 0.1000000015
9286  25.447  -71.939  23.077 0.1000000015
10192  26.985  -70.259  20.734 0.1000000015
12105  27.545  -68.490  20.074 0.1000000015
6634  24.956  -75.096  25.393 0.1000000015
7563  25.035  -74.071  24.517 0.1000000015
13114  28.000  -67.467  20.001 0.1000000015
13113  28.358  -67.645  19.204 0.1000000015
13127  28.708  -67.298  18.491 0.1000000015
14168  28.819  -66.029  18.358 0.1000000015
15261  29.143  -64.899  18.140 0.1000000015
14179  29.001  -65.653  17.173 0.1000000015
16291  31.464  -64.332  16.457 0.1000000015
16292  30.663  -64.184  16.666 0.1000000015
13150  35.638  -67.246  16.246 0.1000000015
13151  34.800  -66.629  16.060 0.1000000015
14190  34.066  -66.280  15.784 0.1000000015
16290  32.087  -64.574  16.212 0.1000000015
14203  33.364  -65.870  15.130 0.1000000015
12168  36.164  -67.534  15.981 0.1000000015
12147  36.331  -67.900  16.530 0.1000000015
12167  36.719  -67.885  15.782 0.1000000015
11227  37.887  -68.442  15.237 0.1000000015
10260  40.296  -69.935  15.850 0.1000000015
5033  26.871  -76.511  25.672 0.1000000015
5000  25.728  -76.183  26.264 0.1000000015
5014  25.193  -76.194  26.113 0.1000000015
6632  26.573  -74.656  25.754 0.1000000015
7542  26.037  -73.761  25.523 0.1000000015
10160  26.581  -70.712  22.474 0.1000000015
5733  26.208  -75.539  26.083 0.1000000015
8394  25.843  -73.145  25.106 0.1000000015
9258  26.535  -71.869  24.301 0.1000000015
9284  26.606  -70.815  22.979 0.1000000015
10171  26.747  -70.169  21.823 0.1000000015
11098  27.331  -69.187  22.113 0.1000000015
12090  27.295  -68.682  20.822 0.1000000015
13074  27.780  -68.022  21.399 0.1000000015
14141  28.385  -66.863  20.197 0.1000000015
14154  28.604  -66.539  19.623 0.1000000015
15248  29.060  -65.052  19.340 0.1000000015
15231  28.962  -65.402  20.326 0.1000000015
16260  29.636  -64.259  18.848 0.1000000015
16259  30.434  -64.018  18.523 0.1000000015
16274  30.515  -64.009  17.539 0.1000000015
16272  32.114  -64.370  16.936 0.1000000015
16273  31.365  -64.105  17.251 0.1000000015
14177  34.264  -66.382  16.584 0.1000000015
15288  32.626  -64.890  16.564 0.1000000015
13136  35.000  -67.175  17.282 0.1000000015
12134  36.340  -68.618  17.246 0.1000000015
11210  37.374  -69.278  16.174 0.1000000015
12166  37.428  -68.418  15.571 0.1000000015
11209  37.935  -69.310  15.402 0.1000000015
11208  38.808  -69.431  15.284 0.1000000015
9272  28.009  -71.237  24.182 0.1000000015
9271  28.938  -71.362  23.735 0.1000000015
5032  27.397  -76.278  25.364 0.1000000015
5732  27.073  -75.471  25.640 0.1000000015
6631  27.382  -74.751  25.475 0.1000000015
6657  28.155  -74.292  25.093 0.1000000015
7562  26.562  -73.071  25.201 0.1000000015
9257  27.389  -71.753  24.445 0.1000000015
10143  28.318  -70.567  23.646 0.1000000015
10158  28.605  -69.799  23.194 0.1000000015
8412  26.982  -72.402  24.792 0.1000000015
9273  26.830  -71.139  23.707 0.1000000015
11097  28.034  -69.081  22.731 0.1000000015
12070  28.712  -67.901  21.738 0.1000000015
14127  29.294  -66.305  21.481 0.1000000015
12059  27.748  -68.627  22.131 0.1000000015
12071  27.997  -68.112  21.817 0.1000000015
16217  29.218  -64.897  20.748 0.1000000015
16250  29.604  -64.218  19.709 0.1000000015
16258  31.264  -64.141  18.177 0.1000000015
15259  33.017  -65.321  17.863 0.1000000015
16257  32.051  -64.351  17.808 0.1000000015
13125  34.130  -67.229  18.255 0.1000000015
13137  34.189  -66.504  17.405 0.1000000015
15273  33.154  -65.362  17.158 0.1000000015
13124  34.763  -67.994  18.144 0.1000000015
12135  35.477  -68.442  17.837 0.1000000015
12133  36.740  -69.029  17.044 0.1000000015
6675  29.830  -74.130  23.841 0.1000000015
5754  28.788  -75.225  24.853 0.1000000015
6655  29.709  -74.637  24.244 0.1000000015
7582  29.124  -72.897  23.853 0.1000000015
8427  28.612  -72.157  24.171 0.1000000015
10142  29.240  -70.578  23.367 0.1000000015
4425  27.810  -76.962  25.094 0.1000000015
5031  28.343  -76.131  25.091 0.1000000015
6656  29.187  -74.333  24.398 0.1000000015
7560  28.618  -73.244  24.501 0.1000000015
8411  27.943  -72.359  24.756 0.1000000015
10157  29.534  -69.829  22.980 0.1000000015
12057  29.520  -68.156  22.109 0.1000000015
11096  29.047  -69.091  22.613 0.1000000015
14126  30.092  -66.296  22.152 0.1000000015
15211  29.203  -65.375  21.106 0.1000000015
16216  29.680  -64.571  21.076 0.1000000015
16249  30.348  -64.001  19.516 0.1000000015
16248  31.219  -64.190  19.199 0.1000000015
15247  32.588  -65.094  19.118 0.1000000015
14166  33.585  -66.027  17.886 0.1000000015
11166  35.127  -69.570  18.229 0.1000000015
11165  36.003  -69.432  17.763 0.1000000015
5770  30.106  -74.890  24.350 0.1000000015
7581  29.651  -73.192  23.427 0.1000000015
9270  29.744  -71.465  23.273 0.1000000015
5753  29.553  -75.099  24.522 0.1000000015
8426  29.379  -72.266  23.536 0.1000000015
10155  30.334  -69.511  23.031 0.1000000015
11094  30.542  -69.033  23.225 0.1000000015
12056  30.388  -68.181  22.832 0.1000000015
13057  30.240  -67.237  22.457 0.1000000015
15184  30.699  -65.596  22.411 0.1000000015
15210  30.031  -65.252  21.791 0.1000000015
16214  32.313  -64.294  21.287 0.1000000015
16235  30.108  -64.061  20.442 0.1000000015
15208  32.927  -64.782  20.561 0.1000000015
16234  31.166  -64.161  20.298 0.1000000015
14153  32.890  -65.992  19.329 0.1000000015
12102  33.111  -67.907  19.808 0.1000000015
14167  32.986  -65.657  18.543 0.1000000015
12120  33.468  -68.018  19.154 0.1000000015
13126  33.313  -66.664  18.785 0.1000000015
11148  34.400  -69.403  18.615 0.1000000015
10230  35.593  -70.313  18.111 0.1000000015
8516  37.227  -72.343  17.139 0.1000000015
6674  30.469  -74.322  24.167 0.1000000015
7580  30.323  -73.484  23.586 0.1000000015
9269  30.651  -71.465  23.710 0.1000000015
10140  30.563  -69.986  23.424 0.1000000015
6673  31.056  -74.609  24.613 0.1000000015
10141  30.025  -70.563  23.131 0.1000000015
15183  31.655  -65.326  23.002 0.1000000015
15209  30.951  -64.910  22.194 0.1000000015
16190  31.629  -64.423  22.175 0.1000000015
13094  33.299  -67.153  20.184 0.1000000015
14139  33.102  -66.186  20.042 0.1000000015
13112  33.067  -67.008  19.550 0.1000000015
11149  33.756  -69.224  19.073 0.1000000015
10218  34.171  -69.839  18.944 0.1000000015
10216  35.468  -71.082  18.454 0.1000000015
7661  36.445  -73.129  18.439 0.1000000015
5862  38.160  -73.830  18.080 0.1000000015
8409  31.776  -73.472  25.229 0.1000000015
7579  30.884  -73.671  24.195 0.1000000015
8410  31.287  -72.679  24.620 0.1000000015
9255  31.366  -71.382  24.660 0.1000000015
11065  31.497  -69.243  24.854 0.1000000015
11084  30.986  -69.139  23.958 0.1000000015
10126  31.131  -70.282  24.243 0.1000000015
13035  31.446  -67.253  24.009 0.1000000015
13056  30.820  -67.261  23.240 0.1000000015
14113  31.377  -66.438  23.496 0.1000000015
16189  32.482  -64.556  22.456 0.1000000015
15207  33.670  -65.068  21.321 0.1000000015
15229  33.258  -65.462  20.492 0.1000000015
5767  36.444  -74.399  23.593 0.1000000015
6688  35.230  -73.368  22.183 0.1000000015
7612  34.532  -72.772  21.227 0.1000000015
9295  33.867  -71.332  20.994 0.1000000015
10191  33.562  -70.445  20.306 0.1000000015
13093  33.898  -67.442  20.749 0.1000000015
5783  36.308  -73.793  22.486 0.1000000015
6701  34.952  -73.169  21.315 0.1000000015
8454  34.073  -72.105  20.976 0.1000000015
12089  33.344  -68.081  20.255 0.1000000015
5766  36.989  -74.854  23.430 0.1000000015
6700  35.571  -73.422  21.386 0.1000000015
8487  34.556  -72.429  20.195 0.1000000015
9335  34.194  -71.618  19.895 0.1000000015
11135  33.373  -69.452  19.624 0.1000000015
5782  37.195  -74.321  22.686 0.1000000015
5795  36.692  -73.494  21.734 0.1000000015
6713  35.761  -73.466  20.550 0.1000000015
10204  34.494  -71.158  19.322 0.1000000015
6732  36.124  -73.497  19.659 0.1000000015
9348  35.093  -71.689  18.975 0.1000000015
6711  37.103  -72.683  20.269 0.1000000015
6731  36.618  -73.471  19.163 0.1000000015
5822  38.139  -73.527  18.703 0.1000000015
8392  31.989  -72.561  25.716 0.1000000015
8393  31.629  -72.012  25.079 0.1000000015
9241  31.793  -71.375  25.441 0.1000000015
10111  31.631  -70.408  25.066 0.1000000015
11048  31.874  -69.683  25.481 0.1000000015
12021  31.812  -68.146  25.182 0.1000000015
12022  31.382  -68.080  24.419 0.1000000015
13007  31.952  -67.196  24.654 0.1000000015
14094  31.796  -66.581  23.935 0.1000000015
15182  32.869  -65.038  23.109 0.1000000015
15206  34.529  -65.547  22.004 0.1000000015
12067  34.826  -68.366  21.785 0.1000000015
14138  33.661  -66.234  20.612 0.1000000015
7598  34.970  -72.765  22.484 0.1000000015
9283  34.630  -71.218  22.012 0.1000000015
10170  33.959  -70.337  21.141 0.1000000015
12068  34.243  -68.413  21.084 0.1000000015
7578  35.361  -73.010  23.081 0.1000000015
6686  38.514  -73.949  22.771 0.1000000015
5781  37.986  -74.552  22.646 0.1000000015
9225  32.725  -71.242  26.974 0.1000000015
10093  32.561  -70.321  26.653 0.1000000015
9240  32.262  -71.392  26.258 0.1000000015
11047  32.316  -69.370  26.110 0.1000000015
12005  32.423  -68.190  25.822 0.1000000015
10110  32.057  -70.432  25.838 0.1000000015
11064  31.920  -68.922  25.535 0.1000000015
13006  32.754  -66.887  24.956 0.1000000015
14093  32.364  -66.387  24.180 0.1000000015
15155  32.548  -65.669  23.673 0.1000000015
15180  34.798  -65.774  22.872 0.1000000015
15181  33.844  -65.012  22.756 0.1000000015
12055  35.102  -68.215  22.573 0.1000000015
13069  35.066  -67.444  22.237 0.1000000015
14124  34.967  -66.467  22.047 0.1000000015
8439  35.144  -72.178  22.939 0.1000000015
9268  35.437  -71.359  23.362 0.1000000015
11093  35.010  -69.314  22.234 0.1000000015
14125  34.347  -66.305  21.276 0.1000000015
6650  37.077  -74.940  24.904 0.1000000015
7557  35.853  -73.204  23.878 0.1000000015
11106  34.432  -69.368  21.412 0.1000000015
5747  37.713  -75.327  24.483 0.1000000015
5748  36.762  -74.984  24.218 0.1000000015
11005  32.865  -69.879  27.147 0.1000000015
11025  32.779  -69.395  26.844 0.1000000015
11985  32.780  -68.639  26.486 0.1000000015
12004  33.024  -67.878  26.204 0.1000000015
12990  32.395  -67.485  25.267 0.1000000015
14050  33.211  -66.696  25.015 0.1000000015
14068  33.210  -66.200  24.574 0.1000000015
15129  33.745  -65.738  24.372 0.1000000015
15128  33.990  -65.528  24.238 0.1000000015
13033  35.196  -67.150  23.468 0.1000000015
14112  35.140  -66.730  22.868 0.1000000015
11092  35.223  -69.704  22.897 0.1000000015
10154  34.988  -70.403  22.430 0.1000000015
6652  36.232  -74.038  24.040 0.1000000015
5746  38.804  -75.070  24.070 0.1000000015
7595  39.431  -72.937  23.278 0.1000000015
12947  33.800  -67.455  26.865 0.1000000015
12968  33.621  -67.345  26.201 0.1000000015
12988  34.290  -66.623  25.331 0.1000000015
12989  33.146  -67.150  25.526 0.1000000015
14049  33.636  -66.525  25.015 0.1000000015
14067  34.229  -66.000  24.552 0.1000000015
14091  34.907  -66.241  23.691 0.1000000015
11083  35.257  -68.736  23.161 0.1000000015
10153  35.309  -70.468  23.120 0.1000000015
7538  36.954  -73.929  24.897 0.1000000015
8423  35.581  -72.281  23.625 0.1000000015
6670  39.754  -73.534  23.883 0.1000000015
8421  40.310  -72.007  23.634 0.1000000015
12967  34.316  -66.887  26.286 0.1000000015
12987  35.321  -66.650  25.351 0.1000000015
13004  35.132  -66.712  24.794 0.1000000015
13005  35.037  -66.792  24.320 0.1000000015
12020  35.284  -67.808  23.750 0.1000000015
11063  35.388  -68.599  23.866 0.1000000015
6647  40.170  -73.007  24.902 0.1000000015
6626  38.861  -74.572  25.616 0.1000000015
9254  35.898  -71.380  23.980 0.1000000015
7554  40.349  -72.714  24.733 0.1000000015
12003  36.009  -67.895  24.656 0.1000000015
11046  36.392  -69.027  24.648 0.1000000015
10108  36.669  -70.075  24.711 0.1000000015
12019  35.471  -67.638  24.397 0.1000000015
6625  39.944  -74.193  25.562 0.1000000015
6607  39.596  -73.867  26.058 0.1000000015
6627  37.730  -74.673  25.427 0.1000000015
7556  36.655  -73.329  24.594 0.1000000015
8407  36.887  -72.198  24.813 0.1000000015
10139  35.672  -70.404  23.780 0.1000000015
8405  40.858  -71.894  24.688 0.1000000015
7537  37.384  -73.527  25.288 0.1000000015
10107  37.514  -70.261  24.946 0.1000000015
11062  35.790  -69.173  24.266 0.1000000015
9239  36.982  -71.112  24.835 0.1000000015
10109  36.215  -69.693  24.534 0.1000000015
8389  38.066  -72.831  25.634 0.1000000015
8391  37.234  -71.748  25.043 0.1000000015
10125  36.159  -70.420  24.343 0.1000000015
8406  37.130  -72.455  25.035 0.1000000015
9253  36.447  -71.376  24.451 0.1000000015
11186  30.301  -69.612  16.716 0.1000000015
14218  29.322  -66.313  14.683 0.1000000015
13193  29.403  -67.031  14.536 0.1000000015
14237  29.515  -66.666  13.998 0.1000000015
14230  36.785  -66.387  13.084 0.1000000015
15323  30.583  -65.560  13.731 0.1000000015
13210  37.630  -66.760  13.597 0.1000000015
14234  33.146  -65.779  13.294 0.1000000015
15322  31.451  -65.394  13.446 0.1000000015
14279  33.547  -66.136  11.392 0.1000000015
15332  32.425  -65.571  12.407 0.1000000015
3863  26.280  -77.906  22.125 0.1000000015
12194  30.302  -68.229  14.218 0.1000000015
14235  30.813  -65.872  12.872 0.1000000015
7614  26.940  -73.456  21.007 0.1000000015
11152  28.657  -69.318  18.861 0.1000000015
11168  29.702  -69.650  17.507 0.1000000015
13191  35.393  -66.815  14.924 0.1000000015
6704  25.882  -74.499  22.219 0.1000000015
6691  25.526  -74.764  22.705 0.1000000015
7615  26.269  -73.335  21.437 0.1000000015
9317  27.190  -71.408  20.445 0.1000000015
8470  27.726  -72.192  20.146 0.1000000015
9318  26.597  -71.760  20.928 0.1000000015
9337  27.436  -70.652  20.162 0.1000000015
12121  28.633  -68.360  18.770 0.1000000015
13138  28.999  -66.962  17.405 0.1000000015
13168  35.870  -67.200  15.419 0.1000000015
14202  34.277  -66.458  15.135 0.1000000015
11127  27.218  -69.348  20.468 0.1000000015
11137  28.063  -69.224  19.429 0.1000000015
7583  25.109  -73.733  23.984 0.1000000015
16309  30.095  -64.553  16.156 0.1000000015
16310  29.674  -64.711  16.366 0.1000000015
15300  31.157  -64.816  15.226 0.1000000015
15298  33.169  -65.549  15.704 0.1000000015
5734  25.380  -75.509  25.941 0.1000000015
8413  25.896  -72.472  24.565 0.1000000015
8428  25.577  -72.303  24.061 0.1000000015
11108  27.059  -69.323  21.250 0.1000000015
13115  27.671  -67.938  20.284 0.1000000015
15275  29.302  -64.719  17.308 0.1000000015
14178  33.705  -65.902  16.901 0.1000000015
7541  27.072  -73.919  25.447 0.1000000015
10159  27.329  -70.143  23.032 0.1000000015
10144  27.621  -70.724  23.702 0.1000000015
12072  27.485  -68.542  21.554 0.1000000015
13072  28.904  -67.241  21.392 0.1000000015
13096  28.400  -67.183  20.768 0.1000000015
14140  28.757  -66.308  20.679 0.1000000015
15274  32.635  -64.807  17.434 0.1000000015
10246  37.138  -70.099  16.550 0.1000000015
10263  37.657  -70.358  15.816 0.1000000015
5755  27.882  -75.400  25.227 0.1000000015
7561  27.609  -73.162  25.116 0.1000000015
12058  28.500  -68.481  22.200 0.1000000015
13071  29.558  -67.141  21.861 0.1000000015
15260  32.605  -64.874  18.264 0.1000000015
10229  36.570  -70.284  17.279 0.1000000015
6676  29.302  -73.576  23.932 0.1000000015
11095  30.024  -69.157  22.620 0.1000000015
16215  30.819  -64.341  21.386 0.1000000015
16247  31.986  -64.490  18.744 0.1000000015
16233  32.169  -64.522  19.884 0.1000000015
12119  34.188  -68.465  18.603 0.1000000015
10231  35.128  -70.101  18.321 0.1000000015
8425  30.150  -72.468  23.179 0.1000000015
8424  30.663  -72.777  23.783 0.1000000015
12042  30.924  -68.166  23.608 0.1000000015
14114  30.771  -66.329  22.844 0.1000000015
11136  33.196  -68.636  19.672 0.1000000015
9347  35.692  -71.742  18.421 0.1000000015
9359  36.138  -71.301  17.885 0.1000000015
8501  36.325  -72.592  18.096 0.1000000015
6775  37.192  -73.382  17.952 0.1000000015
16213  33.123  -64.642  22.101 0.1000000015
10205  33.971  -70.317  19.395 0.1000000015
6754  37.035  -73.495  18.671 0.1000000015
8502  35.728  -72.484  18.641 0.1000000015
7662  35.785  -73.099  18.927 0.1000000015
5843  37.048  -73.455  19.020 0.1000000015
15156  31.959  -66.068  23.663 0.1000000015
8453  34.335  -71.987  21.521 0.1000000015
7613  34.360  -72.580  20.917 0.1000000015
9315  33.958  -71.640  20.496 0.1000000015
11125  33.338  -69.001  20.178 0.1000000015
11107  33.781  -69.360  20.797 0.1000000015
13070  34.660  -67.400  21.455 0.1000000015
6714  35.203  -73.217  20.748 0.1000000015
8469  34.351  -72.304  20.529 0.1000000015
5765  37.823  -75.250  23.302 0.1000000015
5796  36.137  -73.512  21.138 0.1000000015
9334  34.633  -71.729  19.476 0.1000000015
8486  34.919  -72.376  19.605 0.1000000015
6733  35.500  -73.325  20.186 0.1000000015
5764  38.509  -75.001  23.187 0.1000000015
5810  36.139  -73.432  20.205 0.1000000015
5824  36.496  -73.335  19.618 0.1000000015
6730  37.630  -72.950  19.540 0.1000000015
5823  37.349  -73.266  19.252 0.1000000015
8440  34.770  -72.086  22.252 0.1000000015
9282  35.027  -71.307  22.693 0.1000000015
10169  34.580  -70.310  21.729 0.1000000015
6671  38.998  -74.391  23.419 0.1000000015
14092  32.900  -65.894  24.109 0.1000000015
15153  34.304  -65.523  23.729 0.1000000015
5726  39.326  -74.707  24.893 0.1000000015
6649  39.452  -74.397  24.079 0.1000000015
11082  35.403  -69.533  23.549 0.1000000015
13089  40.511  -67.529  19.768 0.3000000119
15204  38.306  -65.536  20.923 0.3000000119
15205  37.816  -65.475  21.822 0.4000000060
16186  37.779  -65.059  22.624 0.4000000060
14137  39.066  -66.116  20.176 0.3000000119
13202  49.193  -66.894  14.151 0.1000000015
14212  50.131  -66.191  14.679 0.1000000015
15283  49.526  -66.125  16.081 0.2000000030
15286  47.655  -65.784  16.738 0.3000000119
18236  38.133  -62.627  20.370 0.4000000060
12085  39.885  -68.447  19.825 0.3000000119
16269  44.338  -65.258  17.248 0.4000000060
16255  42.334  -65.222  17.882 0.4000000060
15285  48.340  -65.895  16.617 0.2000000030
16267  46.198  -65.477  16.818 0.3000000119
16270  43.517  -65.157  17.300 0.4000000060
16256  41.815  -65.027  18.244 0.4000000060
17246  39.162  -63.243  19.573 0.4000000060
13224  48.787  -67.030  13.433 0.1000000015
15284  49.026  -65.902  16.277 0.3000000119
17269  42.412  -64.728  17.436 0.4000000060
17258  41.007  -64.128  18.412 0.4000000060
17245  39.896  -63.522  19.162 0.4000000060
13239  49.277  -66.566  12.947 0.1000000015
18237  37.486  -62.089  20.627 0.5000000000
16301  49.810  -65.371  15.372 0.2000000030
16284  48.109  -65.455  16.225 0.3000000119
16268  45.360  -65.303  16.941 0.3000000119
17257  41.528  -64.489  18.209 0.4000000060
19239  36.913  -61.271  20.999 0.4000000060
21567  38.512  -59.595  21.194 0.4000000060
16288  43.871  -64.741  16.780 0.4000000060
16289  43.308  -64.833  17.001 0.4000000060
17259  40.457  -63.681  18.313 0.4000000060
18257  39.685  -63.175  18.124 0.4000000060
18246  38.573  -62.714  19.387 0.5000000000
14247  49.618  -66.354  12.934 0.2000000030
13222  49.798  -66.372  13.436 0.2000000030
14211  50.404  -65.734  14.080 0.2000000030
16302  48.971  -65.274  15.700 0.2000000030
15295  50.073  -65.846  15.332 0.2000000030
16286  45.987  -64.944  16.283 0.3000000119
16287  44.905  -64.660  16.335 0.3000000119
13240  48.742  -66.705  12.718 0.1000000015
17270  41.935  -64.324  17.390 0.4000000060
16285  47.056  -65.338  16.338 0.3000000119
17281  44.191  -64.253  16.072 0.4000000060
17271  41.108  -63.843  17.591 0.4000000060
18247  37.695  -62.167  19.606 0.5000000000
19253  36.937  -61.569  19.895 0.5000000000
21578  37.064  -59.841  21.025 0.4000000060
17282  42.956  -64.287  16.613 0.4000000060
18270  39.829  -63.126  17.260 0.4000000060
18259  37.952  -62.327  18.531 0.5000000000
19271  37.035  -61.836  18.796 0.5000000000
21579  36.539  -60.074  20.676 0.4000000060
14226  50.541  -65.650  13.420 0.2000000030
16320  50.279  -65.307  14.615 0.2000000030
16321  49.693  -64.796  14.808 0.2000000030
16303  47.875  -64.909  15.651 0.4000000060
16322  48.658  -64.635  14.885 0.2000000030
16304  46.748  -64.705  15.576 0.3000000119
16323  47.519  -64.504  14.837 0.4000000060
16305  45.655  -64.342  15.526 0.3000000119
18272  38.356  -62.364  17.517 0.5000000000
19254  36.355  -60.926  20.149 0.5000000000
21577  37.913  -59.347  20.793 0.4000000060
21576  38.964  -59.511  20.634 0.4000000060
16324  46.390  -64.257  14.722 0.4000000060
17297  43.768  -63.592  15.478 0.4000000060
17283  41.757  -63.736  16.575 0.4000000060
15320  50.690  -65.290  13.532 0.2000000030
14267  50.562  -65.597  12.233 0.2000000030
16334  50.431  -64.449  13.772 0.2000000030
21584  39.283  -59.573  19.444 0.4000000060
16335  49.395  -64.231  14.058 0.2000000030
17296  44.908  -63.906  15.402 0.3000000119
17298  42.535  -63.254  15.498 0.4000000060
17284  40.741  -63.294  16.622 0.4000000060
14268  49.613  -66.141  12.282 0.2000000030
16348  50.981  -64.593  12.837 0.2000000030
16336  48.244  -64.273  14.051 0.3000000119
16337  47.126  -64.230  14.063 0.4000000060
21583  40.137  -59.835  19.837 0.4000000060
17295  45.514  -63.974  15.124 0.3000000119
18271  39.226  -62.773  17.361 0.5000000000
19272  36.215  -61.218  19.170 0.5000000000
14292  50.272  -65.706  11.308 0.2000000030
14266  50.899  -65.349  12.523 0.2000000030
17299  41.391  -63.149  15.865 0.4000000060
20403  35.759  -60.327  19.594 0.5000000000
21585  38.055  -59.090  19.862 0.4000000060
19326  46.850  -61.049  15.736 0.4000000060
14312  50.102  -65.674  10.384 0.2000000030
15343  51.179  -65.059  12.093 0.2000000030
17321  50.597  -63.996  13.197 0.2000000030
17323  48.921  -63.855  13.248 0.2000000030
17311  44.513  -63.368  14.516 0.4000000060
18282  38.861  -62.218  16.543 0.5000000000
19295  36.432  -61.377  17.979 0.5000000000
14294  48.484  -65.727  10.882 0.2000000030
17309  46.210  -64.078  14.197 0.4000000060
18281  39.919  -62.817  16.464 0.5000000000
21586  36.983  -59.269  20.091 0.5000000000
20440  43.434  -60.311  16.712 0.4000000060
19327  46.188  -60.926  15.985 0.2000000030
20421  42.509  -60.321  17.538 0.4000000060
20389  39.705  -59.862  18.612 0.4000000060
15344  50.851  -65.262  11.456 0.2000000030
17324  47.704  -63.936  13.256 0.4000000060
21596  37.014  -59.006  19.100 0.4000000060
21594  39.004  -59.489  18.291 0.4000000060
15357  50.676  -65.190  10.619 0.2000000030
17336  50.644  -63.782  12.449 0.2000000030
17337  49.566  -63.459  12.382 0.2000000030
15356  51.186  -64.718  11.033 0.2000000030
20401  40.253  -60.058  17.940 0.4000000060
21593  39.495  -59.694  17.780 0.4000000060
18297  41.841  -62.761  15.114 0.3000000119
19314  36.776  -61.414  17.187 0.5000000000
20424  35.635  -60.693  18.400 0.5000000000
21595  38.085  -59.084  18.795 0.4000000060
17325  46.394  -63.889  13.513 0.4000000060
18316  42.547  -62.577  14.348 0.3000000119
18298  40.703  -62.631  15.503 0.4000000060
17326  45.163  -63.460  13.498 0.4000000060
19312  38.275  -61.770  16.215 0.5000000000
16359  51.238  -64.279  11.610 0.2000000030
20422  41.212  -60.183  17.185 0.4000000060
21597  35.892  -59.345  19.162 0.5000000000
20425  35.223  -59.969  17.929 0.5000000000
18317  41.395  -62.324  14.434 0.4000000060
18299  39.458  -62.045  15.502 0.5000000000
20444  36.107  -60.688  16.812 0.5000000000
19329  38.337  -61.412  15.327 0.5000000000
18318  40.247  -62.006  14.503 0.5000000000
17244  40.661  -64.213  19.044 0.4000000060
20443  36.925  -61.090  16.081 0.5000000000
13087  42.614  -68.002  19.564 0.3000000119
14134  42.246  -67.274  19.303 0.3000000119
14135  41.271  -66.901  19.521 0.2000000030
14136  40.120  -66.554  19.732 0.2000000030
12081  43.918  -69.037  19.634 0.2000000030
14133  43.223  -67.594  18.979 0.3000000119
14152  43.397  -67.055  18.480 0.3000000119
15224  42.713  -67.025  18.747 0.3000000119
14150  45.384  -67.451  18.613 0.2000000030
14165  45.407  -66.928  18.206 0.2000000030
15243  44.082  -66.713  18.151 0.2000000030
15268  48.591  -66.350  16.778 0.2000000030
14315  47.070  -65.330  9.602 0.1000000015
14335  46.499  -65.111  8.645 0.1000000015
20556  49.618  -60.092  9.116 0.1000000015
11120  41.425  -69.229  19.916 0.1000000015
12084  41.018  -68.456  19.887 0.2000000030
12082  42.931  -68.837  19.686 0.2000000030
13088  41.641  -67.734  19.747 0.2000000030
9309  42.621  -71.035  19.325 0.1000000015
11117  44.213  -69.805  19.543 0.1000000015
10184  43.442  -70.566  19.329 0.1000000015
10183  44.474  -70.272  19.332 0.1000000015
14293  49.464  -65.923  11.066 0.1000000015
17358  50.886  -62.836  10.109 0.1000000015
18349  49.474  -62.482  10.829 0.1000000015
18350  48.343  -62.444  10.821 0.1000000015
17368  50.936  -63.018  9.250 0.1000000015
18377  50.597  -61.936  9.501 0.1000000015
19402  49.470  -61.408  9.803 0.1000000015
18367  47.651  -62.016  10.504 0.1000000015
19413  49.761  -60.975  9.376 0.1000000015
20547  48.166  -60.116  10.159 0.1000000015
19406  45.945  -60.814  10.800 0.1000000015
20549  46.319  -60.130  10.720 0.1000000015
20538  44.921  -60.014  11.246 0.1000000015
11119  42.224  -69.519  19.810 0.2000000030
11118  43.211  -69.729  19.632 0.1000000015
17339  47.116  -63.558  12.390 0.1000000015
17328  43.498  -62.709  13.875 0.3000000119
15370  50.907  -64.553  10.116 0.1000000015
16367  51.192  -63.825  10.349 0.1000000015
17346  51.014  -63.459  11.251 0.1000000015
17349  47.778  -63.110  11.549 0.1000000015
17351  46.026  -62.945  11.586 0.2000000030
17342  44.127  -62.877  12.883 0.3000000119
18331  42.094  -61.998  13.439 0.3000000119
19360  40.388  -61.328  13.476 0.3000000119
15371  50.251  -64.993  9.502 0.1000000015
17348  48.968  -63.011  11.533 0.1000000015
18351  47.217  -62.490  10.991 0.1000000015
18338  45.099  -62.767  11.852 0.2000000030
18341  42.252  -61.708  12.874 0.3000000119
16380  50.196  -64.374  8.879 0.1000000015
19391  45.929  -61.349  10.835 0.1000000015
19394  43.428  -60.835  11.808 0.2000000030
19377  42.091  -61.202  12.611 0.3000000119
20539  43.968  -60.098  11.563 0.1000000015
20540  43.389  -60.138  11.804 0.2000000030
20525  41.713  -60.215  12.631 0.4000000060
21743  45.772  -59.319  10.978 0.1000000015
21725  44.360  -59.196  11.559 0.1000000015
21708  42.816  -59.174  12.124 0.3000000119
8438  38.654  -72.253  22.298 0.1000000015
9293  37.988  -71.448  21.349 0.1000000015
20445  35.249  -59.689  17.113 0.4000000060
20460  37.041  -60.686  15.440 0.4000000060
18332  40.981  -61.869  13.792 0.3000000119
19346  39.455  -61.545  14.303 0.4000000060
20459  37.881  -60.702  14.674 0.4000000060
19361  39.416  -60.879  13.578 0.4000000060
19362  38.847  -60.420  13.709 0.4000000060
20527  40.622  -60.349  13.090 0.4000000060
21690  40.222  -59.332  13.296 0.5000000000
21709  42.155  -59.263  12.481 0.3000000119
21710  41.218  -59.333  12.974 0.5000000000
22793  45.426  -58.502  11.142 0.2000000030
21724  45.063  -59.070  11.292 0.1000000015
22779  41.858  -58.236  12.776 0.4000000060
23864  47.333  -57.709  9.678 0.1000000015
23865  46.577  -57.383  10.146 0.1000000015
22794  44.761  -58.346  11.430 0.2000000030
22795  43.850  -58.295  11.774 0.2000000030
22860  48.642  -58.212  8.186 0.1000000015
23892  47.424  -57.547  9.083 0.1000000015
23867  44.978  -57.206  10.873 0.2000000030
21780  48.482  -59.032  6.959 0.1000000015
22881  48.113  -58.259  7.450 0.1000000015
21615  36.138  -58.695  18.382 0.4000000060
21614  37.091  -58.757  18.188 0.3000000119
22698  35.755  -58.562  17.747 0.4000000060
20483  36.595  -59.894  14.974 0.4000000060
20461  36.070  -59.963  15.667 0.4000000060
20482  37.326  -60.106  14.548 0.4000000060
21645  35.603  -59.481  15.664 0.4000000060
20506  39.408  -60.048  13.412 0.4000000060
22760  38.708  -58.467  13.824 0.4000000060
21692  38.335  -59.332  13.832 0.4000000060
22759  39.714  -58.396  13.600 0.5000000000
22758  40.600  -58.323  13.357 0.4000000060
23819  43.065  -57.894  11.981 0.3000000119
22778  42.594  -58.422  12.295 0.4000000060
23799  41.239  -57.453  13.028 0.4000000060
23919  45.597  -57.452  8.885 0.2000000030
23894  45.798  -56.940  9.685 0.2000000030
23841  44.352  -57.459  11.289 0.2000000030
22883  46.355  -58.491  7.994 0.1000000015
23918  46.341  -57.208  8.955 0.2000000030
19484  47.118  -61.832  4.848 0.1000000015
22697  36.277  -58.329  17.694 0.4000000060
22696  37.134  -58.346  17.456 0.4000000060
22723  35.059  -58.208  16.005 0.4000000060
22741  35.621  -58.156  14.823 0.4000000060
21668  35.274  -58.527  15.334 0.4000000060
22739  37.612  -58.624  14.095 0.4000000060
23801  39.207  -57.512  13.825 0.4000000060
23802  38.166  -57.636  14.057 0.4000000060
24911  41.266  -56.848  12.806 0.4000000060
23800  40.240  -57.430  13.459 0.4000000060
24945  43.719  -57.084  11.216 0.3000000119
23843  42.881  -57.347  11.895 0.3000000119
23820  42.372  -57.424  12.246 0.4000000060
22863  45.522  -58.360  8.365 0.2000000030
23920  44.720  -57.991  9.004 0.2000000030
24997  44.922  -56.992  10.127 0.2000000030
24973  44.341  -57.090  10.753 0.2000000030
21782  46.693  -59.281  7.755 0.2000000030
19486  45.312  -61.396  3.784 0.1000000015
19485  46.291  -61.550  4.205 0.1000000015
19476  46.977  -61.516  4.944 0.1000000015
21610  40.552  -59.705  16.675 0.3000000119
22708  38.322  -57.982  16.792 0.4000000060
21630  38.427  -58.733  17.099 0.3000000119
23753  36.512  -57.058  16.861 0.4000000060
24855  35.697  -56.328  16.346 0.4000000060
24856  35.455  -56.956  16.243 0.4000000060
23784  36.152  -57.410  14.579 0.4000000060
24876  35.312  -56.786  15.737 0.4000000060
24895  37.695  -56.905  14.197 0.4000000060
24896  36.836  -56.608  14.404 0.4000000060
24913  39.661  -56.471  13.561 0.4000000060
24914  38.571  -56.657  13.969 0.3000000119
26096  41.456  -56.143  11.013 0.3000000119
26070  41.679  -56.213  11.470 0.3000000119
26055  41.168  -55.737  11.980 0.3000000119
26039  40.769  -55.756  12.550 0.3000000119
24912  40.787  -56.498  12.938 0.3000000119
21772  43.504  -59.866  9.177 0.2000000030
22842  43.598  -58.440  9.225 0.2000000030
24999  42.979  -57.269  10.292 0.3000000119
24947  41.889  -56.456  11.814 0.3000000119
24927  41.675  -56.681  12.339 0.3000000119
22864  44.568  -58.811  8.737 0.2000000030
24998  44.020  -57.123  10.128 0.2000000030
21769  46.065  -59.743  8.169 0.2000000030
21626  41.557  -59.496  15.848 0.3000000119
21642  41.945  -58.866  15.491 0.3000000119
21627  40.820  -59.271  16.104 0.3000000119
22706  40.424  -57.911  16.272 0.4000000060
21629  39.121  -58.795  16.768 0.3000000119
24853  37.909  -56.137  17.190 0.3000000119
24852  39.100  -56.136  17.050 0.4000000060
25987  36.039  -55.203  16.615 0.4000000060
25986  37.119  -55.201  17.089 0.4000000060
24854  36.728  -56.157  16.970 0.4000000060
26002  35.489  -55.288  15.583 0.4000000060
24875  35.339  -56.152  15.632 0.4000000060
27171  36.343  -54.527  14.408 0.3000000119
26021  35.902  -55.120  14.785 0.4000000060
24897  35.705  -56.328  14.946 0.4000000060
28476  40.120  -54.354  11.297 0.3000000119
27216  39.899  -54.497  12.308 0.2000000030
27192  39.324  -54.645  13.061 0.2000000030
26042  37.747  -55.056  13.869 0.2000000030
26019  37.732  -56.006  14.106 0.3000000119
26097  40.721  -55.705  10.743 0.3000000119
27215  40.478  -54.784  11.632 0.3000000119
26056  40.536  -55.166  12.301 0.2000000030
26040  40.060  -55.422  13.014 0.2000000030
26041  38.818  -55.462  13.642 0.2000000030
21773  42.987  -59.968  9.325 0.2000000030
22844  41.842  -58.605  9.710 0.3000000119
23898  41.521  -57.758  10.171 0.3000000119
25000  41.992  -57.158  10.395 0.3000000119
20457  43.090  -59.937  15.767 0.3000000119
20441  42.148  -60.128  16.368 0.3000000119
28384  36.540  -53.345  15.891 0.3000000119
28428  37.706  -53.536  13.221 0.2000000030
28429  37.033  -53.176  13.592 0.2000000030
28430  36.490  -53.264  14.447 0.2000000030
28406  36.226  -53.355  15.239 0.2000000030
29705  37.836  -52.589  12.208 0.2000000030
27194  37.156  -54.235  13.861 0.2000000030
20455  45.506  -60.696  15.930 0.2000000030
20581  48.757  -59.552  6.678 0.1000000015
21781  47.626  -59.105  7.280 0.1000000015
21758  42.355  -59.612  9.455 0.3000000119
20572  44.828  -60.649  8.721 0.2000000030
15228  39.114  -65.320  20.294 0.3000000119
15226  40.977  -65.957  19.217 0.3000000119
15225  41.988  -66.623  18.939 0.3000000119
15256  45.200  -66.382  17.913 0.2000000030
9279  38.914  -71.478  22.413 0.1000000015
11121  40.538  -69.372  19.936 0.2000000030
17338  48.364  -63.561  12.361 0.1000000015
20456  44.232  -60.254  15.783 0.3000000119
21613  38.064  -58.896  17.762 0.3000000119
17341  44.690  -63.047  12.713 0.2000000030
13086  43.569  -68.282  19.417 0.2000000030
14132  44.081  -67.922  19.092 0.1000000015
14151  44.230  -67.402  18.606 0.2000000030
19403  48.629  -61.064  9.922 0.1000000015
12083  41.995  -68.597  19.855 0.2000000030
16379  50.614  -63.918  9.126 0.1000000015
18376  50.819  -62.233  9.241 0.1000000015
17347  50.149  -62.891  11.315 0.1000000015
18366  48.247  -61.762  10.316 0.1000000015
19405  46.559  -61.111  10.652 0.1000000015
19392  45.329  -61.113  11.074 0.1000000015
17350  46.646  -63.029  11.584 0.2000000030
18330  43.258  -62.524  13.372 0.3000000119
18352  45.975  -62.230  11.098 0.2000000030
18339  43.975  -62.554  12.374 0.3000000119
19359  41.445  -61.517  13.191 0.4000000060
19347  38.622  -60.947  14.184 0.4000000060
18354  43.689  -61.684  11.830 0.3000000119
18355  43.180  -61.428  12.025 0.3000000119
20524  42.718  -60.187  12.133 0.3000000119
21632  35.166  -58.949  16.700 0.4000000060
21665  37.647  -59.532  14.144 0.4000000060
23893  46.766  -57.277  9.379 0.2000000030
24996  45.390  -56.934  10.218 0.2000000030
22711  35.511  -58.172  17.033 0.4000000060
21667  35.859  -59.167  15.027 0.4000000060
23895  44.809  -57.335  9.543 0.2000000030
22709  37.263  -57.813  16.937 0.4000000060
26069  42.054  -56.478  11.252 0.3000000119
24974  43.321  -56.972  10.802 0.2000000030
23896  43.711  -57.843  9.547 0.2000000030
23751  38.697  -57.052  16.902 0.4000000060
22707  39.420  -57.936  16.611 0.4000000060
23752  37.564  -57.037  16.957 0.4000000060
26071  40.980  -55.495  11.262 0.3000000119
22866  43.091  -59.393  9.250 0.2000000030
23897  42.515  -57.863  9.923 0.2000000030
28477  39.575  -54.097  11.208 0.2000000030
28454  39.332  -53.872  11.902 0.2000000030
28455  38.426  -53.324  12.403 0.2000000030
27193  38.360  -54.258  13.300 0.2000000030
23750  39.834  -57.062  16.806 0.3000000119
22722  40.999  -58.247  15.988 0.2000000030
23749  40.960  -57.078  16.566 0.3000000119
20458  42.308  -59.554  15.686 0.2000000030
21641  42.931  -59.023  15.415 0.2000000030
14149  46.513  -67.654  18.775 0.1000000015
14148  47.266  -67.821  18.800 0.1000000015
14163  47.450  -67.128  18.328 0.1000000015
14164  46.217  -66.899  18.189 0.1000000015
13134  48.430  -67.362  17.093 0.1000000015
15254  47.102  -66.493  17.806 0.1000000015
14175  48.205  -66.811  17.506 0.1000000015
20478  46.089  -60.755  14.794 0.1000000015
20503  47.400  -60.152  13.991 0.1000000015
20504  46.630  -60.302  14.196 0.1000000015
20480  44.321  -59.978  15.124 0.1000000015
21662  45.576  -59.673  14.367 0.1000000015
21640  43.771  -59.646  15.242 0.1000000015
21663  44.577  -59.369  14.892 0.1000000015
22737  44.500  -58.461  15.200 0.1000000015
22720  42.380  -58.134  15.824 0.1000000015
23766  41.763  -57.531  16.205 0.2000000030
22718  44.238  -57.823  15.570 0.1000000015
23763  44.664  -57.061  15.506 0.2000000030
25984  39.520  -55.228  16.947 0.2000000030
24871  44.049  -56.215  15.725 0.2000000030
23765  42.598  -57.051  16.182 0.2000000030
24873  42.537  -56.042  16.131 0.2000000030
24851  40.238  -56.142  16.871 0.2000000030
24894  44.560  -55.708  15.371 0.2000000030
24872  43.245  -56.378  15.991 0.2000000030
25982  41.217  -55.430  16.406 0.2000000030
27133  38.786  -54.197  16.749 0.2000000030
28363  37.515  -53.667  16.535 0.2000000030
29660  37.421  -52.858  15.713 0.1000000015
23762  45.125  -56.725  15.298 0.2000000030
27131  40.422  -54.763  16.522 0.2000000030
27150  39.695  -53.893  16.333 0.2000000030
27151  38.979  -53.594  16.351 0.1000000015
28404  40.105  -52.882  15.331 0.1000000015
28382  38.164  -53.309  16.299 0.1000000015
20479  44.948  -60.286  14.996 0.1000000015
19342  48.568  -60.726  15.217 0.1000000015
20477  47.084  -60.741  14.509 0.1000000015
20476  48.039  -60.632  14.440 0.1000000015
21687  46.600  -59.457  13.937 0.1000000015
21688  45.960  -58.896  14.254 0.1000000015
23764  43.742  -57.109  15.885 0.2000000030
25999  42.221  -55.224  15.947 0.2000000030
22845  40.610  -58.487  10.187 0.2000000030
25001  41.268  -57.078  10.439 0.2000000030
23899  40.815  -57.498  10.353 0.2000000030
21759  41.238  -59.566  9.799 0.2000000030
22816  39.669  -58.450  10.454 0.2000000030
27255  40.189  -55.191  10.669 0.2000000030
23868  40.060  -57.645  10.428 0.2000000030
24977  40.554  -56.654  10.523 0.2000000030
21761  39.647  -59.749  10.301 0.2000000030
27236  40.256  -54.740  10.955 0.2000000030
24978  39.532  -56.716  10.698 0.1000000015
23869  39.126  -57.706  10.764 0.2000000030
26098  39.952  -55.766  10.637 0.2000000030
27237  39.761  -54.414  10.866 0.2000000030
24980  37.735  -57.299  11.211 0.1000000015
24948  38.358  -56.291  11.245 0.1000000015
26099  38.922  -55.804  11.049 0.1000000015
23872  36.209  -57.798  11.226 0.1000000015
22819  36.560  -58.800  10.869 0.1000000015
23781  45.609  -57.305  15.039 0.1000000015
28490  38.610  -53.991  11.093 0.1000000015
27239  37.647  -55.250  11.341 0.1000000015
23844  36.983  -57.152  11.324 0.1000000015
26073  37.507  -55.766  11.382 0.1000000015
23873  35.092  -57.158  11.026 0.1000000015
23846  35.642  -56.534  11.334 0.1000000015
23874  33.839  -57.237  10.264 0.1000000015
26015  45.906  -55.474  14.669 0.1000000015
24909  47.230  -56.456  14.094 0.1000000015
24892  46.368  -56.487  14.662 0.1000000015
28456  37.615  -52.937  12.825 0.1000000015
28478  38.723  -53.541  11.505 0.1000000015
28491  37.686  -53.717  10.788 0.1000000015
29739  38.318  -53.238  10.980 0.1000000015
26075  36.121  -55.524  11.301 0.1000000015
24982  34.229  -56.089  10.443 0.1000000015
26103  34.977  -55.297  10.624 0.1000000015
24910  46.639  -55.698  14.341 0.1000000015
26017  44.106  -55.001  15.215 0.1000000015
29722  37.534  -52.084  11.504 0.1000000015
30879  37.065  -51.520  10.404 0.1000000015
29740  37.739  -52.843  10.781 0.1000000015
29721  38.155  -52.821  11.537 0.1000000015
29741  37.222  -52.409  10.382 0.1000000015
28512  36.598  -53.102  9.718 0.1000000015
28492  36.884  -53.466  10.339 0.1000000015
27259  36.775  -54.310  10.810 0.1000000015
28513  35.984  -53.573  9.318 0.1000000015
28493  36.090  -53.639  9.950 0.1000000015
27260  35.975  -54.145  10.415 0.1000000015
27280  35.359  -54.122  9.745 0.1000000015
26037  46.329  -54.775  14.161 0.1000000015
26016  45.003  -55.083  14.966 0.1000000015
29706  37.361  -52.214  12.737 0.1000000015
29773  36.798  -52.084  8.649 0.1000000015
29755  36.807  -52.261  9.554 0.1000000015
28533  36.417  -53.025  8.847 0.1000000015
29691  37.055  -52.307  13.883 0.1000000015
22817  38.695  -58.668  10.797 0.1000000015
26102  35.823  -54.932  10.942 0.1000000015
26123  34.492  -55.006  9.902 0.1000000015
30863  37.212  -51.537  12.111 0.1000000015
22951  44.632  -59.193  2.400 0.1000000015
22952  44.268  -58.763  2.425 0.1000000015
22964  44.514  -59.080  1.693 0.1000000015
21869  44.830  -59.639  1.862 0.1000000015
20688  46.046  -60.571  0.807 0.1000000015
19515  46.487  -61.406  0.490 0.1000000015
18476  47.507  -62.646  -0.158 0.1000000015
22932  44.769  -58.985  3.205 0.1000000015
22933  44.004  -58.542  3.191 0.1000000015
20707  45.815  -59.992  0.973 0.1000000015
20689  45.293  -60.364  1.426 0.1000000015
22934  43.267  -58.644  3.293 0.1000000015
22918  43.613  -58.634  3.905 0.1000000015
21800  44.673  -59.867  5.187 0.1000000015
21815  45.040  -59.331  4.254 0.1000000015
21849  44.884  -59.658  2.757 0.1000000015
22965  43.983  -58.616  1.692 0.1000000015
20612  44.102  -60.724  5.696 0.1000000015
22953  43.478  -58.645  2.389 0.1000000015
21817  42.856  -59.214  4.332 0.1000000015
21833  42.089  -59.521  3.489 0.1000000015
21870  42.670  -59.054  1.738 0.1000000015
21850  42.685  -59.050  2.828 0.1000000015
21851  41.750  -59.622  2.455 0.1000000015
21816  44.063  -58.938  4.661 0.1000000015
18475  47.795  -62.889  -0.640 0.1000000015
4448  26.145  -77.367  22.335 0.1000000015
5001  25.591  -75.926  26.189 0.1000000015
5012  26.799  -76.086  25.799 0.1000000015
5013  26.250  -76.469  26.135 0.1000000015
5047  24.437  -76.971  24.029 0.1000000015
5714  25.927  -75.976  26.277 0.1000000015
5715  25.773  -75.725  26.175 0.1000000015
5727  38.594  -75.087  24.884 0.1000000015
5728  38.211  -75.086  25.188 0.1000000015
5745  39.408  -74.586  24.437 0.1000000015
5749  36.496  -74.540  24.119 0.1000000015
5769  30.633  -74.985  24.555 0.1000000015
5780  38.534  -74.587  22.959 0.1000000015
5794  37.343  -73.749  22.308 0.1000000015
5825  36.190  -73.494  19.874 0.1000000015
5841  38.417  -73.658  18.356 0.1000000015
5842  37.737  -73.573  18.531 0.1000000015
6608  39.007  -73.964  26.056 0.1000000015
6623  40.194  -73.039  25.065 0.1000000015
6628  37.110  -74.347  25.093 0.1000000015
6646  40.403  -72.795  24.730 0.1000000015
6648  40.102  -74.009  24.686 0.1000000015
6651  36.732  -74.357  24.568 0.1000000015
6669  40.081  -73.120  24.564 0.1000000015
6672  35.821  -73.770  23.220 0.1000000015
6678  24.616  -75.525  24.349 0.1000000015
6685  39.153  -73.641  23.168 0.1000000015
6689  34.803  -73.119  21.621 0.1000000015
6690  26.075  -74.973  22.245 0.1000000015
6729  38.461  -73.229  19.018 0.1000000015
6753  37.765  -73.668  18.224 0.1000000015
6755  36.136  -73.428  19.021 0.1000000015
7555  37.096  -72.789  24.996 0.1000000015
7559  31.445  -73.920  24.780 0.1000000015
7575  40.711  -72.133  24.582 0.1000000015
7576  40.367  -72.550  24.307 0.1000000015
7577  39.908  -72.679  23.725 0.1000000015
7599  34.710  -72.778  21.869 0.1000000015
7623  34.708  -72.887  20.812 0.1000000015
7624  34.540  -72.626  20.759 0.1000000015
7627  26.776  -73.000  20.887 0.1000000015
7642  35.532  -73.138  19.565 0.1000000015
7643  35.049  -73.006  20.192 0.1000000015
7644  34.636  -72.655  20.531 0.1000000015
7678  36.918  -72.858  17.733 0.1000000015
8375  38.817  -72.669  25.935 0.1000000015
8390  37.460  -72.344  25.236 0.1000000015
8395  25.603  -73.492  25.153 0.1000000015
8408  36.171  -72.323  24.261 0.1000000015
8414  25.393  -73.321  24.636 0.1000000015
8422  39.758  -72.277  23.275 0.1000000015
8441  25.527  -72.046  22.327 0.1000000015
8442  25.363  -72.539  22.657 0.1000000015
8481  40.853  -71.761  19.140 0.1000000015
8482  40.035  -72.114  19.302 0.1000000015
8485  35.407  -72.758  19.156 0.1000000015
8503  35.253  -72.375  19.093 0.1000000015
8517  36.611  -72.126  17.677 0.1000000015
8518  36.073  -72.078  18.124 0.1000000015
9256  28.045  -71.811  24.522 0.1000000015
9274  25.727  -71.880  23.743 0.1000000015
9275  25.366  -72.218  23.320 0.1000000015
9281  38.161  -71.188  21.642 0.2000000030
9294  34.182  -71.065  21.501 0.1000000015
9307  44.867  -70.313  19.293 0.1000000015
9316  27.590  -71.649  20.163 0.1000000015
9332  40.734  -71.637  19.414 0.1000000015
10122  43.140  -69.002  24.412 0.1000000015
10124  36.561  -70.753  24.574 0.1000000015
10150  39.040  -70.585  22.472 0.2000000030
10156  30.125  -69.827  22.978 0.1000000015
10168  38.082  -70.651  21.572 0.2000000030
10172  26.370  -70.985  21.926 0.1000000015
10182  45.029  -69.956  19.630 0.1000000015
10203  43.439  -70.832  19.142 0.1000000015
10207  27.392  -69.991  20.178 0.1000000015
10217  34.791  -70.385  18.714 0.1000000015
10261  39.291  -70.130  15.617 0.1000000015
10264  37.364  -70.111  16.171 0.1000000015
11081  39.795  -69.574  22.901 0.2000000030
11104  38.002  -70.015  21.733 0.2000000030
11105  37.722  -69.732  21.193 0.2000000030
11124  38.118  -69.928  20.693 0.2000000030
11126  33.159  -68.420  19.977 0.1000000015
11138  27.562  -69.453  19.929 0.1000000015
11150  33.384  -68.858  19.395 0.1000000015
11164  36.546  -69.380  17.262 0.1000000015
11185  36.906  -69.477  16.835 0.1000000015
11226  38.508  -68.692  15.088 0.1000000015
12041  35.208  -67.890  23.175 0.1000000015
12051  46.320  -66.844  23.647 0.3000000119
12052  38.524  -68.920  22.362 0.2000000030
12053  38.003  -68.929  21.958 0.2000000030
12054  37.664  -68.964  21.520 0.2000000030
12060  27.490  -68.761  21.952 0.1000000015
12066  37.428  -68.876  21.025 0.2000000030
12069  29.171  -67.606  21.765 0.1000000015
12088  33.666  -68.473  20.615 0.1000000015
12103  28.355  -68.079  19.096 0.1000000015
12118  34.762  -68.794  18.288 0.1000000015
12146  36.828  -68.660  16.636 0.1000000015
12170  29.406  -67.384  15.830 0.1000000015
12191  37.446  -67.863  15.097 0.1000000015
13008  31.563  -67.501  24.386 0.1000000015
13022  47.732  -66.820  23.802 0.2000000030
13032  38.378  -67.383  22.638 0.2000000030
13034  31.858  -66.824  24.233 0.1000000015
13046  48.440  -66.667  22.937 0.4000000060
13048  47.257  -66.848  23.226 0.3000000119
13051  45.145  -66.807  23.485 0.3000000119
13055  35.167  -67.492  22.869 0.1000000015
13066  38.013  -67.209  20.280 0.3000000119
13067  37.472  -67.420  20.940 0.3000000119
13073  28.203  -67.696  21.339 0.1000000015
13085  44.604  -68.473  19.397 0.1000000015
13095  28.846  -66.751  21.069 0.1000000015
13097  27.705  -67.945  20.787 0.1000000015
13111  44.796  -67.919  18.999 0.1000000015
13123  47.717  -67.731  18.574 0.1000000015
13135  35.843  -67.804  17.092 0.1000000015
13170  29.555  -67.397  14.875 0.1000000015
13180  49.782  -66.543  14.520 0.1000000015
13185  40.463  -67.529  13.640 0.1000000015
13190  35.777  -66.833  14.599 0.1000000015
13192  29.723  -67.541  14.444 0.1000000015
13201  49.786  -66.434  13.772 0.2000000030
13203  48.751  -67.182  13.938 0.1000000015
13214  29.550  -67.164  14.135 0.1000000015
13223  49.525  -66.552  13.393 0.1000000015
14000  46.819  -66.056  26.280 0.1000000015
14069  32.568  -66.648  24.615 0.1000000015
14082  48.922  -66.230  23.533 0.2000000030
14086  42.352  -66.360  23.838 0.3000000119
14106  48.471  -66.557  22.588 0.4000000060
14155  28.307  -66.934  19.938 0.1000000015
14176  47.698  -66.637  17.806 0.1000000015
14188  49.868  -66.207  15.904 0.2000000030
14191  33.644  -65.895  16.059 0.1000000015
14201  50.002  -66.210  15.301 0.2000000030
14227  50.187  -66.115  13.961 0.2000000030
14245  50.656  -65.565  12.848 0.2000000030
14246  50.048  -66.076  13.150 0.2000000030
14280  32.412  -65.940  11.467 0.1000000015
14336  45.888  -65.275  8.852 0.1000000015
15094  47.574  -65.688  25.965 0.1000000015
15125  49.053  -65.465  24.300 0.2000000030
15127  47.771  -65.355  25.265 0.1000000015
15147  43.517  -65.123  23.582 0.5000000000
15154  33.442  -65.439  23.901 0.1000000015
15174  49.622  -66.089  22.906 0.2000000030
15175  47.426  -66.204  22.229 0.4000000060
15202  46.362  -65.032  22.056 0.5000000000
15223  48.780  -64.643  21.080 0.5000000000
15230  32.863  -65.276  19.898 0.1000000015
15242  44.839  -66.988  18.238 0.2000000030
15246  41.412  -65.581  18.787 0.4000000060
15267  49.067  -66.310  16.393 0.2000000030
15269  47.824  -66.257  17.274 0.2000000030
15270  46.854  -65.918  17.181 0.3000000119
15271  45.801  -65.833  17.359 0.4000000060
15282  49.907  -65.985  15.777 0.2000000030
15287  33.145  -65.421  16.292 0.1000000015
15289  29.324  -64.955  16.607 0.1000000015
15296  49.881  -65.762  15.664 0.2000000030
15297  49.520  -65.685  15.857 0.3000000119
15301  30.261  -64.923  15.442 0.1000000015
15302  29.555  -65.133  15.870 0.1000000015
15309  50.469  -65.476  14.128 0.2000000030
15310  50.261  -65.802  14.698 0.2000000030
15331  50.896  -65.249  12.875 0.2000000030
15385  49.147  -64.586  8.433 0.2000000030
15411  47.712  -64.049  6.671 0.1000000015
16133  47.214  -64.723  26.132 0.1000000015
16161  44.119  -64.534  23.204 0.5000000000
16162  43.759  -64.469  23.304 0.5000000000
16182  45.011  -64.764  22.769 0.5000000000
16188  33.101  -64.784  22.603 0.1000000015
16204  50.378  -64.571  21.605 0.4000000060
16208  45.161  -64.248  22.434 0.5000000000
16212  37.882  -63.567  21.819 0.5000000000
16236  29.359  -64.591  20.305 0.1000000015
16245  41.430  -65.034  18.702 0.5000000000
16253  43.633  -65.588  17.590 0.4000000060
16254  42.999  -65.514  17.651 0.4000000060
16271  42.912  -64.972  17.340 0.4000000060
16275  29.720  -64.221  17.856 0.1000000015
16283  48.634  -65.639  16.208 0.3000000119
16293  29.802  -64.306  16.873 0.1000000015
16300  50.055  -65.571  15.275 0.2000000030
16306  45.057  -64.276  15.794 0.3000000119
16307  31.615  -64.607  15.823 0.1000000015
16308  30.869  -64.547  15.954 0.1000000015
16319  50.474  -65.267  14.183 0.2000000030
16325  45.799  -64.066  14.979 0.3000000119
16333  50.643  -65.072  13.863 0.2000000030
16338  46.523  -64.145  14.112 0.4000000060
16349  50.792  -64.165  13.104 0.2000000030
16391  50.097  -63.898  8.193 0.2000000030
16401  48.865  -63.787  7.064 0.1000000015
16410  48.776  -63.709  6.472 0.1000000015
16423  49.262  -63.459  5.552 0.1000000015
16424  48.888  -63.569  5.786 0.1000000015
16425  48.162  -63.659  5.974 0.1000000015
17162  49.050  -64.486  24.177 0.1000000015
17180  47.838  -63.517  23.843 0.1000000015
17186  37.964  -63.829  23.508 0.5000000000
17201  43.846  -63.499  22.848 0.5000000000
17202  43.143  -63.179  22.871 0.5000000000
17204  41.650  -63.323  23.193 0.5000000000
17219  46.271  -63.554  21.693 0.5000000000
17222  43.670  -62.982  22.647 0.5000000000
17225  37.817  -62.968  21.630 0.5000000000
17227  51.331  -62.291  20.469 0.4000000060
17228  51.217  -62.907  21.066 0.4000000060
17229  49.131  -63.277  20.470 0.5000000000
17234  40.016  -64.255  19.584 0.4000000060
17238  51.081  -61.850  19.877 0.4000000060
17239  50.707  -62.039  19.954 0.4000000060
17240  50.237  -62.230  19.972 0.5000000000
17242  48.873  -62.749  20.316 0.5000000000
17243  41.158  -64.539  18.734 0.4000000060
17254  50.863  -61.669  19.640 0.4000000060
17256  42.008  -64.758  17.880 0.4000000060
17272  40.313  -63.413  17.471 0.4000000060
17280  44.769  -64.259  15.907 0.3000000119
17285  40.172  -63.215  16.935 0.4000000060
17300  40.830  -63.034  16.015 0.4000000060
17310  45.608  -63.868  14.496 0.3000000119
17312  43.391  -62.897  14.551 0.3000000119
17313  42.743  -62.824  14.866 0.3000000119
17322  50.027  -63.820  13.267 0.2000000030
17327  44.075  -62.929  13.547 0.3000000119
17335  51.099  -64.024  12.043 0.2000000030
17340  45.830  -63.305  12.301 0.2000000030
17359  50.661  -62.828  10.727 0.1000000015
17396  50.091  -63.264  6.167 0.1000000015
17405  49.639  -63.193  5.236 0.1000000015
17407  48.617  -63.441  5.577 0.1000000015
17412  49.598  -62.999  4.736 0.1000000015
17414  48.344  -63.138  5.289 0.1000000015
17415  47.339  -63.098  5.035 0.1000000015
17421  49.060  -62.723  4.702 0.1000000015
17422  48.813  -62.776  4.932 0.1000000015
17423  47.138  -62.683  4.706 0.1000000015
18150  46.304  -62.469  25.619 0.1000000015
18169  45.733  -61.975  24.925 0.1000000015
18195  39.095  -63.009  23.578 0.5000000000
18197  37.742  -63.243  23.328 0.5000000000
18211  41.391  -62.624  22.977 0.5000000000
18212  40.349  -62.220  23.148 0.5000000000
18222  52.162  -61.976  21.270 0.2000000030
18223  45.518  -62.415  22.011 0.5000000000
18225  43.660  -62.318  22.392 0.5000000000
18235  45.243  -61.764  21.873 0.5000000000
18240  50.622  -61.310  19.146 0.4000000060
18245  39.269  -63.011  18.939 0.5000000000
18256  50.704  -61.535  19.444 0.4000000060
18258  38.831  -62.753  18.313 0.4000000060
18280  40.540  -62.953  16.144 0.5000000000
18283  38.029  -61.979  16.847 0.5000000000
18296  42.429  -62.807  14.974 0.3000000119
18300  38.747  -61.831  15.903 0.5000000000
18315  43.188  -62.637  14.036 0.3000000119
18319  39.594  -61.826  14.810 0.5000000000
18329  43.841  -62.772  13.013 0.3000000119
18333  40.412  -61.781  13.904 0.3000000119
18337  45.708  -62.884  11.646 0.2000000030
18340  42.888  -61.851  12.530 0.3000000119
18348  49.980  -62.500  10.789 0.1000000015
18353  44.675  -61.972  11.479 0.3000000119
18363  50.716  -62.281  9.764 0.1000000015
18364  50.189  -62.135  10.215 0.1000000015
18365  49.063  -61.901  10.301 0.1000000015
18368  46.975  -61.848  10.635 0.1000000015
18387  41.122  -62.331  8.671 0.3000000119
18389  40.052  -62.402  8.213 0.3000000119
18397  50.671  -62.247  7.488 0.1000000015
18398  50.502  -62.620  7.231 0.1000000015
18399  41.984  -62.445  8.541 0.3000000119
18400  41.573  -62.488  8.295 0.3000000119
18401  40.902  -62.473  8.102 0.3000000119
18402  40.353  -62.460  7.988 0.3000000119
18409  50.819  -61.904  6.887 0.1000000015
18417  49.934  -62.701  4.536 0.1000000015
18418  49.566  -62.872  4.494 0.1000000015
18419  48.329  -62.721  5.061 0.1000000015
18427  49.818  -62.410  4.160 0.1000000015
18428  49.406  -62.546  4.450 0.1000000015
18429  48.713  -62.496  4.799 0.1000000015
18489  47.800  -62.815  -1.114 0.1000000015
19140  47.191  -62.087  26.684 0.1000000015
19153  45.866  -61.831  25.753 0.1000000015
19168  46.184  -61.684  24.114 0.1000000015
19169  45.719  -61.565  24.610 0.1000000015
19187  51.828  -60.934  22.574 0.2000000030
19192  47.675  -61.733  23.395 0.1000000015
19193  46.746  -61.613  23.737 0.1000000015
19206  42.322  -61.935  22.436 0.5000000000
19211  37.862  -61.594  22.959 0.5000000000
19221  52.929  -60.890  20.933 0.1000000015
19225  42.632  -61.547  22.207 0.5000000000
19232  52.898  -60.871  20.254 0.1000000015
19237  45.193  -60.919  21.345 0.5000000000
19240  36.540  -60.732  20.623 0.4000000060
19242  52.872  -60.757  19.786 0.1000000015
19244  50.684  -61.085  18.751 0.3000000119
19247  48.922  -61.149  19.279 0.5000000000
19252  44.747  -60.003  20.166 0.5000000000
19264  49.707  -60.837  18.254 0.4000000060
19294  37.373  -61.903  17.593 0.5000000000
19303  51.469  -59.847  16.832 0.2000000030
19313  37.367  -61.492  16.451 0.5000000000
19328  39.215  -61.701  14.977 0.5000000000
19330  37.402  -61.200  15.801 0.4000000060
19343  47.608  -61.070  15.088 0.1000000015
19344  46.871  -61.059  14.966 0.1000000015
19345  40.088  -61.746  13.982 0.3000000119
19358  41.960  -61.644  13.004 0.3000000119
19376  42.838  -61.143  12.171 0.3000000119
19378  41.186  -60.917  12.917 0.3000000119
19379  40.661  -60.685  13.096 0.4000000060
19393  44.323  -60.977  11.455 0.2000000030
19401  49.950  -61.468  9.657 0.1000000015
19404  47.626  -61.162  10.351 0.1000000015
19412  50.316  -61.308  9.282 0.1000000015
19414  49.259  -60.735  9.558 0.1000000015
19415  42.690  -61.549  9.259 0.3000000119
19417  41.124  -61.413  9.583 0.3000000119
19421  37.675  -61.187  9.093 0.2000000030
19428  43.252  -61.927  8.899 0.3000000119
19430  41.480  -62.021  9.155 0.3000000119
19431  40.659  -62.082  9.141 0.3000000119
19432  39.674  -62.174  8.727 0.3000000119
19444  40.591  -62.354  7.564 0.2000000030
19446  38.992  -62.047  7.886 0.1000000015
19447  38.261  -61.607  7.951 0.2000000030
19450  50.832  -61.457  6.425 0.1000000015
19451  48.491  -60.834  5.933 0.2000000030
19460  40.291  -62.088  7.196 0.2000000030
19464  49.986  -61.034  5.055 0.1000000015
19466  47.735  -61.395  5.640 0.2000000030
19467  47.133  -61.471  5.844 0.1000000015
19468  46.344  -61.567  6.003 0.2000000030
19472  50.168  -62.018  4.677 0.1000000015
19473  49.624  -61.474  4.792 0.1000000015
19474  48.732  -61.582  5.008 0.2000000030
19480  50.082  -62.201  4.269 0.1000000015
19534  47.645  -62.562  -0.913 0.1000000015
20273  45.471  -60.296  26.847 0.1000000015
20298  45.266  -60.670  24.787 0.1000000015
20311  46.223  -61.225  23.854 0.1000000015
20331  46.450  -60.922  23.695 0.1000000015
20332  46.097  -60.923  23.811 0.1000000015
20348  38.987  -60.660  22.671 0.5000000000
20349  38.083  -60.865  22.807 0.5000000000
20350  37.613  -61.117  22.646 0.5000000000
20362  43.857  -60.630  21.367 0.5000000000
20368  37.553  -60.681  22.299 0.5000000000
20373  44.934  -60.351  20.839 0.5000000000
20374  44.411  -60.357  20.977 0.5000000000
20378  39.914  -59.839  20.979 0.5000000000
20379  37.059  -60.600  21.621 0.5000000000
20380  36.683  -60.456  20.922 0.4000000060
20385  44.164  -60.011  20.142 0.5000000000
20388  40.518  -60.019  19.168 0.5000000000
20390  36.307  -60.357  20.394 0.4000000060
20398  43.911  -60.221  19.174 0.5000000000
20402  39.599  -59.816  18.159 0.4000000060
20404  35.303  -59.951  18.816 0.5000000000
20419  44.645  -60.446  17.673 0.5000000000
20423  40.426  -59.978  17.203 0.3000000119
20437  51.307  -59.603  16.358 0.1000000015
20442  41.225  -59.847  16.390 0.3000000119
20454  46.118  -60.961  15.581 0.2000000030
20481  38.169  -60.170  14.036 0.4000000060
20505  40.172  -60.402  13.222 0.4000000060
20507  38.770  -59.862  13.653 0.4000000060
20526  41.010  -60.264  12.963 0.4000000060
20548  47.234  -60.096  10.479 0.1000000015
20550  45.648  -60.286  10.932 0.1000000015
20551  39.297  -59.968  10.334 0.2000000030
20552  38.799  -60.149  10.370 0.3000000119
20559  42.737  -60.706  9.398 0.3000000119
20563  38.512  -60.871  10.002 0.2000000030
20564  37.543  -60.756  9.629 0.2000000030
20571  45.725  -60.501  8.340 0.2000000030
20574  43.240  -60.336  9.288 0.2000000030
20575  37.285  -60.988  8.755 0.2000000030
20582  48.173  -60.033  6.850 0.2000000030
20586  37.496  -60.791  7.537 0.1000000015
20596  44.582  -61.539  6.133 0.1000000015
20605  50.593  -60.805  5.994 0.1000000015
20607  49.125  -60.816  5.545 0.2000000030
20611  45.301  -61.160  5.712 0.1000000015
20624  49.555  -60.978  5.143 0.1000000015
21533  46.075  -60.585  23.795 0.1000000015
21548  54.155  -58.625  22.089 0.1000000015
21568  38.034  -59.732  21.541 0.4000000060
21573  54.015  -59.204  20.193 0.1000000015
21587  36.340  -59.808  20.208 0.5000000000
21592  53.578  -59.642  18.660 0.1000000015
21598  35.308  -59.528  18.493 0.5000000000
21607  53.770  -58.901  17.863 0.1000000015
21611  39.782  -59.591  17.105 0.3000000119
21612  38.964  -59.240  17.452 0.4000000060
21616  35.320  -59.025  17.891 0.5000000000
21628  40.085  -58.855  16.433 0.3000000119
21631  35.476  -59.661  16.274 0.4000000060
21643  41.195  -58.788  15.738 0.3000000119
21644  40.669  -58.617  16.043 0.3000000119
21646  35.233  -59.042  15.793 0.4000000060
21661  46.149  -60.124  14.171 0.1000000015
21664  43.865  -58.838  15.312 0.2000000030
21666  36.881  -59.320  14.456 0.4000000060
21689  40.821  -58.866  13.217 0.5000000000
21691  39.189  -59.249  13.573 0.4000000060
21711  40.645  -59.953  13.087 0.5000000000
21726  43.472  -59.385  11.843 0.3000000119
21744  39.186  -59.401  10.503 0.2000000030
21748  35.298  -59.067  10.176 0.2000000030
21760  40.280  -59.672  10.133 0.2000000030
21762  36.904  -60.387  9.647 0.1000000015
21764  35.264  -59.349  9.566 0.1000000015
21770  45.278  -59.550  8.465 0.2000000030
21771  44.270  -59.775  8.890 0.2000000030
21775  35.250  -59.576  8.532 0.1000000015
21783  45.952  -59.057  8.060 0.2000000030
21786  35.455  -59.483  7.463 0.1000000015
21788  50.511  -59.935  6.619 0.1000000015
21789  50.094  -59.353  6.548 0.1000000015
21791  37.768  -60.560  5.695 0.1000000015
21804  37.760  -60.745  5.200 0.1000000015
21818  41.555  -60.100  4.408 0.2000000030
21832  42.781  -58.955  3.569 0.1000000015
22570  45.288  -58.966  26.389 0.1000000015
22595  49.509  -57.308  24.893 0.2000000030
22599  45.918  -58.877  24.736 0.1000000015
22613  46.808  -58.797  24.356 0.1000000015
22614  46.235  -59.205  24.191 0.1000000015
22635  54.204  -58.114  22.079 0.1000000015
22637  52.089  -58.369  21.936 0.1000000015
22655  54.302  -58.270  21.480 0.1000000015
22656  52.146  -58.264  21.603 0.1000000015
22657  51.558  -58.236  21.342 0.1000000015
22671  49.704  -58.202  20.087 0.1000000015
22679  49.989  -58.294  19.809 0.1000000015
22683  52.108  -58.381  19.077 0.1000000015
22693  53.289  -58.582  17.646 0.1000000015
22695  37.816  -58.419  17.119 0.4000000060
22710  36.357  -57.831  17.102 0.4000000060
22719  43.419  -58.070  15.743 0.1000000015
22721  41.570  -58.201  15.852 0.2000000030
22738  44.024  -58.316  15.490 0.1000000015
22740  36.505  -58.395  14.462 0.4000000060
22742  35.145  -57.947  15.279 0.4000000060
22757  41.183  -58.442  13.134 0.4000000060
22777  43.161  -58.621  11.985 0.2000000030
22812  47.695  -58.157  9.892 0.1000000015
22814  46.142  -58.144  10.759 0.2000000030
22815  40.120  -58.179  10.345 0.2000000030
22843  42.953  -58.637  9.373 0.2000000030
22846  39.872  -59.140  10.281 0.2000000030
22861  47.617  -57.776  8.345 0.1000000015
22862  46.497  -57.728  8.333 0.2000000030
22865  43.698  -59.014  9.035 0.2000000030
22882  47.138  -58.329  7.749 0.1000000015
22917  44.371  -58.702  3.878 0.1000000015
22919  43.109  -58.752  3.805 0.1000000015
22978  44.315  -58.885  1.109 0.1000000015
23563  45.779  -58.166  28.538 0.1000000015
23614  47.276  -57.304  25.735 0.1000000015
23637  52.700  -58.472  22.357 0.1000000015
23649  53.139  -58.030  21.891 0.1000000015
23663  54.032  -57.836  20.907 0.1000000015
23664  53.412  -57.818  21.225 0.1000000015
23680  53.910  -58.043  20.031 0.1000000015
23682  52.965  -57.941  20.808 0.1000000015
23684  49.237  -57.879  20.389 0.1000000015
23698  53.552  -58.416  19.611 0.1000000015
23713  53.528  -58.624  19.290 0.1000000015
23714  53.243  -58.518  19.225 0.1000000015
23729  53.437  -58.660  18.877 0.1000000015
23747  42.167  -56.776  16.326 0.2000000030
23748  41.813  -56.838  16.390 0.3000000119
23754  35.693  -57.262  16.696 0.4000000060
23767  41.158  -57.796  16.196 0.2000000030
23768  35.229  -57.442  16.241 0.4000000060
23783  37.148  -57.603  14.280 0.4000000060
23785  35.410  -57.370  15.000 0.4000000060
23786  35.114  -57.439  15.564 0.4000000060
23821  41.839  -57.409  12.663 0.4000000060
23840  45.270  -57.740  11.081 0.2000000030
23842  43.444  -57.411  11.685 0.2000000030
23845  36.130  -56.883  11.433 0.1000000015
23866  45.674  -57.188  10.540 0.2000000030
23870  38.171  -57.906  11.026 0.1000000015
23871  37.219  -57.982  11.137 0.1000000015
23917  46.942  -57.435  8.797 0.2000000030
23921  44.059  -58.396  9.092 0.2000000030
24739  50.230  -55.733  25.304 0.1000000015
24763  50.938  -56.246  23.670 0.1000000015
24849  42.044  -56.427  16.336 0.2000000030
24850  41.258  -56.121  16.560 0.2000000030
24870  44.772  -56.372  15.426 0.2000000030
24874  41.800  -55.713  16.279 0.2000000030
24893  45.368  -56.159  15.112 0.2000000030
24898  35.245  -56.958  15.256 0.4000000060
24926  42.210  -56.939  12.074 0.3000000119
24928  41.123  -56.139  12.455 0.3000000119
24944  44.162  -57.123  11.108 0.2000000030
24946  42.510  -56.842  11.595 0.3000000119
24949  37.741  -56.534  11.333 0.1000000015
24950  36.867  -56.364  11.413 0.1000000015
24951  36.119  -56.146  11.438 0.1000000015
24972  45.082  -57.028  10.501 0.2000000030
24975  42.204  -56.669  10.874 0.3000000119
24976  41.376  -56.516  10.650 0.3000000119
24979  38.535  -56.893  11.092 0.1000000015
24981  35.353  -55.928  11.150 0.1000000015
25863  51.197  -55.979  24.169 0.1000000015
25865  46.511  -55.155  24.769 0.1000000015
25866  46.283  -55.202  24.740 0.1000000015
25983  40.560  -55.218  16.619 0.2000000030
25985  38.335  -55.166  17.150 0.2000000030
25997  43.902  -55.484  15.524 0.1000000015
25998  43.176  -55.494  15.747 0.2000000030
26001  40.984  -55.046  16.359 0.2000000030
26018  43.530  -55.047  15.408 0.1000000015
26020  36.738  -55.396  14.355 0.3000000119
26036  47.123  -55.387  13.803 0.1000000015
26054  41.635  -56.224  11.896 0.3000000119
26072  38.153  -55.942  11.337 0.1000000015
26074  36.753  -55.682  11.376 0.1000000015
26095  41.858  -56.337  11.132 0.3000000119
26100  37.256  -55.278  11.304 0.1000000015
26101  36.718  -55.050  11.182 0.1000000015
26122  35.263  -54.660  10.384 0.1000000015
26972  42.037  -55.026  26.555 0.1000000015
27026  50.294  -55.020  23.596 0.1000000015
27132  39.966  -54.608  16.629 0.2000000030
27134  37.554  -54.276  16.891 0.2000000030
27135  36.568  -54.451  16.735 0.4000000060
27149  40.699  -54.483  16.243 0.2000000030
27152  36.795  -53.784  16.459 0.2000000030
27153  35.924  -54.101  16.014 0.3000000119
27172  35.787  -54.132  14.853 0.2000000030
27195  36.458  -53.848  14.202 0.2000000030
27217  39.113  -54.043  12.601 0.2000000030
27238  38.143  -55.341  11.337 0.1000000015
27256  39.644  -54.924  10.805 0.2000000030
27257  38.783  -54.792  11.133 0.1000000015
27258  37.697  -54.678  11.156 0.1000000015
28232  43.157  -53.124  26.452 0.1000000015
28362  37.996  -53.821  16.687 0.2000000030
28381  39.269  -53.057  15.899 0.1000000015
28383  37.190  -53.297  16.153 0.3000000119
28453  39.950  -54.221  11.611 0.3000000119
28489  39.350  -54.377  11.005 0.2000000030
28534  36.032  -53.539  8.814 0.1000000015
29661  36.941  -53.069  15.805 0.1000000015
29679  36.801  -52.901  15.396 0.1000000015
30848  37.000  -51.021  12.058 0.1000000015
30864  37.082  -51.335  11.419 0.1000000015
30913  36.959  -51.594  8.713 0.1000000015
