#!ascii label  , from subject 3066 vox2ras=TkReg
1298
112099  -57.137  27.576  21.222 0.0000000000
120918  -43.298  38.248  10.193 0.0000000000
120784  -48.888  38.621  19.883 0.0000000000
117055  -54.267  32.932  10.703 0.0000000000
118606  -48.873  35.898  4.291 0.0000000000
120093  -50.910  38.167  10.502 0.0000000000
117079  -48.388  33.556  7.548 0.0000000000
115385  -48.672  31.374  10.278 0.0000000000
110512  -47.438  25.383  24.212 0.0000000000
112821  -53.023  28.111  26.210 0.0000000000
125914  -40.509  45.507  8.933 0.0000000000
124731  -45.266  43.110  5.277 0.0000000000
124059  -52.415  41.856  4.157 0.0000000000
116116  -51.430  32.589  21.714 0.0000000000
122502  -47.971  40.249  16.637 0.0000000000
120001  -53.308  38.277  16.240 0.0000000000
116172  -55.515  32.038  17.297 0.0000000000
114495  -50.481  29.983  15.617 0.0000000000
115311  -45.630  31.192  15.497 0.0000000000
112113  -55.180  27.489  19.565 0.0000000000
117887  -51.475  34.348  2.656 0.0000000000
117088  -51.328  34.391  6.250 0.0000000000
116317  -48.819  32.525  4.033 0.0000000000
115438  -46.771  31.526  6.755 0.0000000000
111289  -50.374  26.362  25.384 0.0000000000
112828  -49.125  27.802  25.253 0.0000000000
126620  -42.781  46.791  11.437 0.0000000000
124735  -48.901  42.648  5.180 0.0000000000
117678  -51.517  34.340  24.123 0.0000000000
119943  -51.820  37.166  22.499 0.0000000000
124018  -45.320  42.207  11.550 0.0000000000
121681  -45.164  38.948  13.747 0.0000000000
119276  -52.946  36.696  10.977 0.0000000000
120892  -52.962  38.883  13.075 0.0000000000
118498  -53.410  35.572  13.471 0.0000000000
116989  -52.673  34.105  15.758 0.0000000000
116212  -54.350  32.488  13.812 0.0000000000
114498  -54.261  30.504  15.478 0.0000000000
114549  -53.503  30.556  12.451 0.0000000000
116209  -47.348  32.506  13.687 0.0000000000
119326  -46.817  36.532  6.656 0.0000000000
120090  -47.548  37.332  10.324 0.0000000000
119315  -49.502  36.673  7.747 0.0000000000
118533  -50.656  35.982  9.497 0.0000000000
117051  -50.694  33.565  10.241 0.0000000000
114591  -51.727  30.871  9.660 0.0000000000
115425  -49.422  31.191  8.408 0.0000000000
115422  -46.516  31.046  8.483 0.0000000000
111345  -50.044  26.494  22.152 0.0000000000
112093  -53.471  27.363  23.393 0.0000000000
112063  -55.935  27.801  24.383 0.0000000000
127441  -47.656  48.184  10.201 0.0000000000
125305  -44.551  45.039  9.533 0.0000000000
124030  -42.415  42.369  9.426 0.0000000000
121765  -44.938  39.963  7.386 0.0000000000
121794  -47.760  39.504  4.929 0.0000000000
120993  -50.628  38.375  3.118 0.0000000000
118641  -52.149  36.511  1.202 0.0000000000
121858  -51.568  39.084  0.583 0.0000000000
115217  -50.316  31.263  24.160 0.0000000000
114388  -52.676  31.009  24.747 0.0000000000
114416  -54.426  30.158  22.528 0.0000000000
123233  -49.279  41.304  19.139 0.0000000000
120023  -49.174  37.524  14.124 0.0000000000
120838  -51.420  38.997  16.759 0.0000000000
120798  -52.584  39.142  20.005 0.0000000000
117734  -51.197  35.150  19.694 0.0000000000
115286  -53.802  31.973  18.856 0.0000000000
115284  -56.326  30.976  19.442 0.0000000000
114445  -54.455  30.103  18.724 0.0000000000
113665  -51.470  29.588  18.334 0.0000000000
112929  -48.845  28.617  17.260 0.0000000000
115359  -50.497  31.387  12.562 0.0000000000
114493  -48.707  30.216  15.217 0.0000000000
112148  -45.629  27.841  16.499 0.0000000000
111352  -57.161  26.328  21.505 0.0000000000
112116  -57.255  26.632  20.020 0.0000000000
112102  -56.525  27.806  20.076 0.0000000000
116362  -50.311  32.517  1.739 0.0000000000
116329  -50.356  32.422  3.431 0.0000000000
115481  -48.582  31.675  2.425 0.0000000000
115458  -46.717  31.315  3.912 0.0000000000
119960  -50.631  37.488  20.967 0.0000000000
122529  -43.222  40.133  11.315 0.0000000000
117804  -54.232  34.485  10.880 0.0000000000
120079  -54.295  36.921  11.632 0.0000000000
117794  -54.385  34.602  11.705 0.0000000000
117015  -53.508  33.754  13.601 0.0000000000
116224  -54.125  32.652  12.662 0.0000000000
115361  -54.367  31.409  12.548 0.0000000000
115374  -53.993  31.173  11.500 0.0000000000
119345  -48.025  36.229  5.376 0.0000000000
119314  -48.399  36.337  7.539 0.0000000000
118558  -49.921  35.639  6.464 0.0000000000
117832  -50.142  34.601  7.101 0.0000000000
117825  -50.827  35.199  7.704 0.0000000000
117817  -49.593  34.985  8.799 0.0000000000
118521  -49.940  34.796  10.066 0.0000000000
117063  -48.923  33.787  9.202 0.0000000000
116289  -49.993  31.575  8.764 0.0000000000
116287  -48.260  32.612  8.258 0.0000000000
114603  -46.216  30.854  7.770 0.0000000000
111291  -51.878  26.644  25.775 0.0000000000
112083  -52.128  27.282  24.290 0.0000000000
112041  -53.230  27.349  25.494 0.0000000000
112086  -54.696  27.392  24.048 0.0000000000
112031  -54.424  28.132  25.571 0.0000000000
126655  -42.218  46.184  9.725 0.0000000000
126657  -44.453  46.568  9.751 0.0000000000
125303  -42.533  44.745  9.469 0.0000000000
124701  -43.324  43.364  10.280 0.0000000000
124710  -41.183  43.810  9.110 0.0000000000
124729  -43.256  43.558  5.430 0.0000000000
124044  -43.409  42.387  6.449 0.0000000000
124046  -45.262  41.758  6.287 0.0000000000
122570  -46.188  40.377  6.529 0.0000000000
123332  -47.117  41.385  6.048 0.0000000000
124057  -51.223  42.596  4.782 0.0000000000
122594  -49.722  40.637  4.513 0.0000000000
122611  -51.763  40.512  3.864 0.0000000000
120192  -52.120  37.297  2.293 0.0000000000
120996  -52.638  38.851  2.498 0.0000000000
120214  -51.911  37.752  0.675 0.0000000000
123380  -52.186  40.554  2.011 0.0000000000
116920  -46.506  32.954  22.527 0.0000000000
115231  -45.782  31.895  24.064 0.0000000000
116089  -48.323  32.281  23.761 0.0000000000
115215  -48.865  30.702  23.616 0.0000000000
116090  -49.186  32.577  23.850 0.0000000000
116912  -52.274  34.053  23.666 0.0000000000
116076  -51.792  32.829  24.180 0.0000000000
114403  -52.455  31.420  23.237 0.0000000000
114405  -53.850  30.230  23.394 0.0000000000
115261  -52.387  31.365  21.540 0.0000000000
123263  -48.293  41.879  16.694 0.0000000000
123955  -48.442  42.047  17.954 0.0000000000
122488  -49.164  40.895  18.303 0.0000000000
120091  -48.630  37.565  10.267 0.0000000000
120055  -47.844  37.310  12.122 0.0000000000
120057  -49.931  37.696  12.265 0.0000000000
121676  -53.402  39.130  15.039 0.0000000000
120861  -52.155  38.700  14.853 0.0000000000
121661  -53.045  39.823  16.923 0.0000000000
121628  -52.540  40.106  18.852 0.0000000000
120814  -53.042  39.129  18.734 0.0000000000
119197  -52.310  37.289  20.033 0.0000000000
119995  -52.032  37.240  17.811 0.0000000000
116170  -53.798  32.670  16.131 0.0000000000
116161  -52.943  32.778  17.518 0.0000000000
116163  -54.867  32.302  17.801 0.0000000000
115282  -55.254  31.596  19.415 0.0000000000
115289  -56.054  31.571  18.754 0.0000000000
114438  -56.202  30.116  19.356 0.0000000000
114458  -55.894  30.725  17.380 0.0000000000
114497  -53.200  30.446  15.429 0.0000000000
114455  -52.748  30.420  17.489 0.0000000000
114471  -50.983  30.303  16.749 0.0000000000
112915  -50.085  28.942  18.063 0.0000000000
113711  -49.721  29.584  16.282 0.0000000000
114573  -50.166  30.855  9.715 0.0000000000
115388  -51.201  31.226  10.812 0.0000000000
115370  -49.660  31.580  11.364 0.0000000000
115330  -46.452  31.699  15.053 0.0000000000
115332  -48.471  31.407  14.289 0.0000000000
115313  -47.042  30.782  15.441 0.0000000000
113690  -46.597  29.455  16.335 0.0000000000
113707  -45.242  29.412  15.992 0.0000000000
112156  -44.269  27.750  15.325 0.0000000000
110550  -55.578  25.684  20.588 0.0000000000
112128  -53.605  27.136  19.026 0.0000000000
117871  -50.666  34.827  3.633 0.0000000000
117841  -50.817  34.865  5.414 0.0000000000
117111  -51.331  33.673  4.599 0.0000000000
117109  -49.948  33.146  4.724 0.0000000000
117085  -48.000  33.417  6.111 0.0000000000
116296  -47.530  32.615  7.033 0.0000000000
116302  -46.908  32.171  5.391 0.0000000000
110521  -49.081  25.863  24.487 0.0000000000
110475  -49.146  25.792  26.091 0.0000000000
112040  -51.352  27.483  26.234 0.0000000000
126637  -40.456  46.811  10.184 0.0000000000
124733  -47.364  42.891  5.114 0.0000000000
125336  -51.085  44.675  4.316 0.0000000000
124061  -52.237  42.635  3.464 0.0000000000
117687  -49.717  34.296  23.466 0.0000000000
118396  -51.361  35.654  23.288 0.0000000000
117699  -52.394  35.205  22.586 0.0000000000
121666  -46.639  39.295  15.274 0.0000000000
120094  -51.892  38.029  10.472 0.0000000000
120890  -51.519  38.412  12.021 0.0000000000
120077  -53.166  38.093  11.365 0.0000000000
120042  -53.672  37.575  13.418 0.0000000000
119234  -53.241  37.246  14.632 0.0000000000
119226  -52.314  36.536  16.045 0.0000000000
118480  -52.690  35.129  14.808 0.0000000000
116179  -53.867  32.934  15.240 0.0000000000
115314  -55.063  31.976  15.394 0.0000000000
114500  -55.402  30.860  15.739 0.0000000000
115350  -55.274  31.064  14.254 0.0000000000
114522  -54.079  30.402  14.446 0.0000000000
114535  -52.768  30.588  13.369 0.0000000000
116236  -48.188  32.284  11.937 0.0000000000
121611  -47.211  39.287  19.386 0.0000000000
119296  -44.858  37.064  8.505 0.0000000000
120088  -45.538  37.237  10.052 0.0000000000
119286  -46.917  36.788  8.955 0.0000000000
120124  -48.800  36.943  8.817 0.0000000000
120126  -50.213  37.262  8.477 0.0000000000
118559  -50.970  35.712  6.626 0.0000000000
119302  -50.771  36.566  8.262 0.0000000000
119289  -51.041  36.793  9.355 0.0000000000
119274  -51.162  36.371  10.116 0.0000000000
117792  -51.826  34.801  10.706 0.0000000000
117053  -52.707  33.340  10.252 0.0000000000
116275  -53.247  31.675  9.728 0.0000000000
116273  -51.531  32.160  9.440 0.0000000000
114608  -50.100  30.772  8.791 0.0000000000
114588  -49.007  30.581  8.946 0.0000000000
115439  -47.350  31.320  7.504 0.0000000000
114605  -47.744  30.782  8.347 0.0000000000
111326  -50.660  26.657  24.049 0.0000000000
111335  -51.629  27.244  23.067 0.0000000000
111348  -53.856  26.602  21.747 0.0000000000
111349  -54.924  26.526  21.778 0.0000000000
111329  -56.249  27.034  23.153 0.0000000000
112088  -56.384  27.671  23.520 0.0000000000
126661  -49.181  46.721  9.720 0.0000000000
126658  -45.726  46.623  9.572 0.0000000000
125307  -46.880  45.135  9.826 0.0000000000
124702  -44.479  43.454  10.633 0.0000000000
123307  -43.672  41.721  10.955 0.0000000000
121734  -43.071  39.776  9.259 0.0000000000
125315  -40.054  44.461  7.447 0.0000000000
124038  -42.406  42.238  7.549 0.0000000000
122551  -43.566  40.751  8.401 0.0000000000
120940  -43.759  38.693  8.295 0.0000000000
120960  -45.293  38.424  6.783 0.0000000000
120160  -46.622  37.684  5.722 0.0000000000
120173  -47.781  37.500  4.427 0.0000000000
122582  -48.590  40.565  5.159 0.0000000000
121805  -48.821  39.489  4.138 0.0000000000
119377  -49.642  36.422  3.261 0.0000000000
119387  -51.275  36.456  2.633 0.0000000000
118631  -51.866  35.213  1.986 0.0000000000
118638  -49.915  35.416  0.673 0.0000000000
120212  -50.413  37.404  0.348 0.0000000000
123379  -51.920  41.375  1.760 0.0000000000
113603  -50.456  29.312  24.424 0.0000000000
113604  -51.471  29.258  25.073 0.0000000000
116900  -50.539  33.144  24.348 0.0000000000
114387  -52.018  30.583  24.956 0.0000000000
113594  -53.115  29.661  25.591 0.0000000000
113607  -54.366  29.741  24.756 0.0000000000
113632  -55.423  29.173  23.840 0.0000000000
113646  -56.140  29.186  22.498 0.0000000000
122450  -49.579  40.152  20.370 0.0000000000
120035  -46.092  37.551  12.822 0.0000000000
120021  -47.168  37.421  13.885 0.0000000000
120844  -47.691  38.267  15.540 0.0000000000
120040  -51.088  37.935  13.493 0.0000000000
120846  -49.839  37.967  15.941 0.0000000000
120826  -49.544  39.324  17.440 0.0000000000
121626  -50.584  40.385  18.655 0.0000000000
122461  -50.654  40.798  19.738 0.0000000000
121602  -50.509  39.522  20.776 0.0000000000
120778  -51.877  38.559  21.666 0.0000000000
118420  -52.426  36.286  21.476 0.0000000000
116942  -51.470  33.717  21.096 0.0000000000
117758  -51.402  34.522  17.147 0.0000000000
116968  -51.214  33.358  18.605 0.0000000000
116135  -52.212  31.872  20.663 0.0000000000
115275  -53.832  31.290  20.217 0.0000000000
114432  -55.498  30.739  20.766 0.0000000000
113652  -56.435  29.222  20.497 0.0000000000
113651  -56.167  29.134  20.165 0.0000000000
112893  -54.854  28.410  19.769 0.0000000000
112891  -52.883  28.772  19.313 0.0000000000
114456  -53.947  30.450  17.517 0.0000000000
114444  -53.186  30.193  18.410 0.0000000000
112903  -51.759  28.638  18.853 0.0000000000
112124  -50.045  28.114  18.329 0.0000000000
112138  -48.690  27.457  17.475 0.0000000000
114577  -53.004  30.752  10.671 0.0000000000
114547  -51.844  30.834  12.066 0.0000000000
114519  -50.610  30.349  14.403 0.0000000000
115345  -48.785  31.672  13.189 0.0000000000
114518  -49.626  30.634  14.340 0.0000000000
114494  -49.576  30.041  15.226 0.0000000000
113692  -48.427  29.098  16.439 0.0000000000
112927  -47.547  28.330  16.845 0.0000000000
112100  -57.274  26.975  21.699 0.0000000000
112104  -57.343  26.824  20.878 0.0000000000
112103  -57.115  27.402  20.352 0.0000000000
112115  -56.858  27.078  19.673 0.0000000000
112888  -56.763  28.190  20.633 0.0000000000
116361  -49.405  32.350  1.646 0.0000000000
116344  -49.795  32.016  2.004 0.0000000000
115491  -48.598  31.847  1.891 0.0000000000
119181  -49.959  36.940  20.464 0.0000000000
120786  -50.303  38.497  20.603 0.0000000000
121720  -43.098  39.047  10.708 0.0000000000
121706  -43.339  39.251  11.604 0.0000000000
120904  -43.483  38.387  11.169 0.0000000000
118516  -54.420  35.549  11.343 0.0000000000
117040  -54.401  33.466  11.555 0.0000000000
117028  -54.221  33.790  12.310 0.0000000000
116237  -54.142  32.238  11.560 0.0000000000
116257  -54.065  31.865  10.676 0.0000000000
118586  -48.689  35.743  4.994 0.0000000000
118567  -48.645  35.879  5.776 0.0000000000
118568  -49.479  35.474  5.595 0.0000000000
117831  -49.275  34.341  7.395 0.0000000000
117823  -49.018  34.364  8.175 0.0000000000
117816  -48.960  34.286  8.961 0.0000000000
117072  -48.676  33.598  8.527 0.0000000000
116270  -48.914  32.884  8.947 0.0000000000
110519  -47.888  25.627  23.677 0.0000000000
112028  -52.041  27.442  26.231 0.0000000000
111292  -52.590  26.962  25.690 0.0000000000
112029  -53.241  27.515  26.010 0.0000000000
112042  -54.027  27.633  25.426 0.0000000000
112822  -53.844  28.156  25.953 0.0000000000
126654  -41.266  46.220  9.635 0.0000000000
125916  -41.914  45.524  9.420 0.0000000000
125302  -41.588  44.617  9.292 0.0000000000
124709  -40.792  44.086  8.895 0.0000000000
125330  -44.559  44.640  4.543 0.0000000000
125329  -43.555  44.707  4.805 0.0000000000
124730  -44.305  43.318  5.283 0.0000000000
124049  -44.513  42.601  5.754 0.0000000000
124050  -45.579  42.172  5.817 0.0000000000
123331  -46.269  41.594  6.202 0.0000000000
124051  -46.724  42.160  5.605 0.0000000000
123340  -52.201  41.712  4.337 0.0000000000
122596  -51.674  41.184  4.255 0.0000000000
123350  -51.993  41.271  4.277 0.0000000000
121818  -52.201  39.333  3.388 0.0000000000
122612  -52.472  40.260  3.315 0.0000000000
122623  -52.490  40.037  2.500 0.0000000000
123365  -52.374  41.265  2.797 0.0000000000
116929  -46.672  33.127  21.827 0.0000000000
116921  -47.177  33.259  22.588 0.0000000000
116908  -46.776  32.873  23.160 0.0000000000
116909  -47.805  33.181  23.377 0.0000000000
116923  -52.178  33.638  22.973 0.0000000000
116091  -51.913  32.937  23.326 0.0000000000
115244  -51.439  32.063  22.590 0.0000000000
115245  -52.065  31.617  22.612 0.0000000000
115260  -51.269  31.635  21.909 0.0000000000
123275  -47.832  41.309  15.748 0.0000000000
123262  -47.971  40.926  16.480 0.0000000000
122503  -48.448  40.795  17.311 0.0000000000
120092  -49.737  37.791  10.291 0.0000000000
120075  -49.796  37.942  11.297 0.0000000000
120850  -53.516  38.730  15.571 0.0000000000
121670  -53.357  39.301  15.802 0.0000000000
120840  -53.521  38.946  16.359 0.0000000000
120815  -53.327  39.308  17.877 0.0000000000
120830  -53.145  38.740  17.929 0.0000000000
119992  -52.585  38.286  18.498 0.0000000000
119996  -52.704  37.925  17.279 0.0000000000
116171  -54.692  32.395  16.770 0.0000000000
116162  -53.690  32.575  17.303 0.0000000000
116164  -55.600  31.924  18.188 0.0000000000
115295  -56.021  31.348  17.865 0.0000000000
115303  -55.716  31.440  16.874 0.0000000000
114496  -51.938  30.395  15.480 0.0000000000
113694  -50.036  29.698  16.760 0.0000000000
115386  -49.526  31.287  10.405 0.0000000000
115387  -50.380  31.250  10.577 0.0000000000
115369  -48.836  31.715  11.181 0.0000000000
115312  -46.489  30.988  15.477 0.0000000000
114468  -46.251  30.185  16.022 0.0000000000
114490  -45.711  30.326  15.832 0.0000000000
113706  -44.741  29.705  15.541 0.0000000000
110537  -56.112  25.857  21.112 0.0000000000
111364  -54.609  26.901  19.049 0.0000000000
117872  -51.163  34.412  3.666 0.0000000000
117124  -51.442  33.546  3.403 0.0000000000
116328  -49.516  32.279  3.538 0.0000000000
116319  -50.677  32.829  4.285 0.0000000000
117108  -49.189  32.975  4.472 0.0000000000
117096  -48.805  33.270  5.237 0.0000000000
116310  -48.626  32.845  4.599 0.0000000000
117095  -47.882  33.121  5.442 0.0000000000
116309  -47.735  32.543  4.732 0.0000000000
114648  -46.048  30.928  4.603 0.0000000000
110474  -48.134  25.561  26.342 0.0000000000
112039  -50.733  27.435  26.204 0.0000000000
112830  -50.610  27.903  25.668 0.0000000000
125335  -49.952  44.425  4.409 0.0000000000
125976  -49.688  45.758  3.578 0.0000000000
119164  -51.541  36.747  22.431 0.0000000000
118407  -51.124  36.219  22.627 0.0000000000
118408  -51.638  36.231  23.055 0.0000000000
118397  -52.012  36.090  23.319 0.0000000000
119154  -52.246  36.385  23.043 0.0000000000
124693  -46.197  42.996  11.243 0.0000000000
122515  -45.968  39.532  14.391 0.0000000000
120095  -52.669  37.663  10.860 0.0000000000
120921  -52.373  38.322  11.115 0.0000000000
120096  -53.442  37.282  11.137 0.0000000000
119256  -54.359  36.386  12.339 0.0000000000
120060  -54.043  37.397  12.367 0.0000000000
119249  -53.734  36.551  13.004 0.0000000000
120026  -53.525  37.729  14.335 0.0000000000
119241  -53.314  36.641  14.053 0.0000000000
119240  -52.999  36.153  14.498 0.0000000000
118490  -53.049  35.448  14.289 0.0000000000
116211  -53.891  33.198  13.319 0.0000000000
117002  -53.523  33.532  14.528 0.0000000000
117003  -53.939  33.081  14.560 0.0000000000
116197  -54.324  32.603  14.774 0.0000000000
115335  -55.307  31.291  15.107 0.0000000000
115334  -54.951  31.829  14.459 0.0000000000
114550  -54.184  30.682  12.514 0.0000000000
114537  -54.896  30.598  13.572 0.0000000000
114536  -53.842  30.349  13.392 0.0000000000
119311  -45.533  37.024  7.415 0.0000000000
119285  -45.840  36.939  9.030 0.0000000000
119298  -46.518  36.589  8.211 0.0000000000
119300  -48.708  36.727  8.388 0.0000000000
119301  -49.339  36.899  8.220 0.0000000000
120111  -49.569  37.512  9.333 0.0000000000
117099  -51.325  34.323  5.602 0.0000000000
118570  -51.054  35.276  5.922 0.0000000000
117089  -51.445  34.709  6.074 0.0000000000
118540  -50.839  35.967  8.401 0.0000000000
118548  -51.159  35.699  7.701 0.0000000000
119290  -51.340  36.998  10.017 0.0000000000
117800  -50.316  34.425  10.309 0.0000000000
117801  -51.270  34.580  10.649 0.0000000000
117802  -52.164  34.202  10.529 0.0000000000
117052  -51.673  33.262  10.141 0.0000000000
117067  -52.251  32.647  9.681 0.0000000000
116254  -51.519  32.678  9.758 0.0000000000
114607  -49.591  30.777  8.635 0.0000000000
114589  -49.860  30.608  9.051 0.0000000000
114604  -47.027  30.535  8.064 0.0000000000
110515  -49.328  25.936  24.988 0.0000000000
111325  -49.567  26.263  24.030 0.0000000000
111311  -50.063  26.351  24.906 0.0000000000
112092  -52.504  27.381  23.574 0.0000000000
112091  -51.921  27.290  23.820 0.0000000000
111336  -53.041  27.186  22.606 0.0000000000
111347  -52.537  26.546  21.625 0.0000000000
111337  -54.183  26.950  22.562 0.0000000000
112062  -54.894  27.823  24.716 0.0000000000
111328  -55.431  26.998  23.301 0.0000000000
112087  -55.642  27.405  23.908 0.0000000000
111330  -56.670  27.210  22.873 0.0000000000
112064  -56.249  27.937  24.155 0.0000000000
128883  -48.050  49.357  10.960 0.0000000000
128885  -49.337  49.236  10.995 0.0000000000
128179  -48.553  48.793  10.533 0.0000000000
128189  -49.449  47.866  10.010 0.0000000000
127454  -47.771  47.690  9.786 0.0000000000
127421  -43.602  47.282  11.657 0.0000000000
127437  -43.757  47.090  10.976 0.0000000000
125918  -43.943  45.780  9.312 0.0000000000
125919  -45.099  45.857  9.435 0.0000000000
125920  -46.312  45.894  9.390 0.0000000000
125306  -45.704  45.091  9.691 0.0000000000
125294  -46.313  44.364  10.361 0.0000000000
125293  -45.109  44.327  10.282 0.0000000000
124700  -42.850  43.087  10.146 0.0000000000
124024  -43.016  42.418  10.248 0.0000000000
123306  -43.129  41.229  10.484 0.0000000000
123310  -42.833  41.445  9.617 0.0000000000
124718  -40.790  43.534  7.297 0.0000000000
124042  -41.563  43.270  6.774 0.0000000000
123324  -44.206  41.370  6.899 0.0000000000
123320  -43.867  41.246  7.475 0.0000000000
122560  -44.332  40.626  7.675 0.0000000000
121749  -43.700  39.723  8.411 0.0000000000
121764  -44.446  39.607  7.687 0.0000000000
120950  -44.498  38.545  7.530 0.0000000000
121779  -45.220  39.546  7.058 0.0000000000
121793  -46.684  39.429  5.634 0.0000000000
120961  -46.201  38.536  5.957 0.0000000000
120973  -46.928  38.554  5.229 0.0000000000
120161  -47.199  37.597  5.044 0.0000000000
120974  -47.599  38.418  4.643 0.0000000000
124734  -48.339  42.784  5.113 0.0000000000
124052  -47.703  42.100  5.457 0.0000000000
124053  -48.566  42.110  5.340 0.0000000000
122610  -50.609  40.271  3.841 0.0000000000
121806  -49.568  39.984  3.989 0.0000000000
121816  -49.958  39.395  3.648 0.0000000000
120992  -49.641  38.317  3.355 0.0000000000
120182  -50.056  37.394  2.963 0.0000000000
119378  -50.493  36.442  2.881 0.0000000000
120183  -50.994  37.385  2.716 0.0000000000
119398  -52.366  36.972  1.636 0.0000000000
119389  -52.265  36.709  2.043 0.0000000000
118640  -51.576  35.526  1.073 0.0000000000
117906  -51.141  34.600  1.139 0.0000000000
117905  -50.738  34.818  0.861 0.0000000000
118639  -50.630  35.583  0.617 0.0000000000
121859  -52.037  38.948  0.997 0.0000000000
120213  -51.273  37.515  0.313 0.0000000000
121028  -50.833  38.280  0.019 0.0000000000
121015  -50.224  38.307  0.382 0.0000000000
121857  -51.021  39.257  -0.074 0.0000000000
124072  -52.030  42.248  2.452 0.0000000000
114401  -48.441  30.064  23.364 0.0000000000
115216  -49.494  30.981  23.843 0.0000000000
114385  -50.066  30.237  24.046 0.0000000000
114386  -50.959  30.390  24.522 0.0000000000
117677  -50.616  34.025  24.173 0.0000000000
117676  -49.879  33.573  24.102 0.0000000000
115220  -52.430  31.474  24.254 0.0000000000
115219  -52.008  31.811  24.585 0.0000000000
114368  -52.811  30.411  25.231 0.0000000000
113606  -53.487  30.321  24.964 0.0000000000
113595  -54.082  29.519  25.471 0.0000000000
113631  -54.680  29.673  23.598 0.0000000000
113644  -54.991  29.792  22.724 0.0000000000
113645  -55.699  29.581  22.651 0.0000000000
114417  -55.135  29.948  22.115 0.0000000000
123238  -48.864  41.534  18.615 0.0000000000
122459  -48.601  40.502  19.824 0.0000000000
120089  -46.510  37.293  10.304 0.0000000000
120071  -45.703  37.412  11.050 0.0000000000
120072  -46.691  37.376  11.168 0.0000000000
120037  -47.990  37.244  13.071 0.0000000000
120036  -46.964  37.102  12.978 0.0000000000
120022  -48.153  37.373  14.034 0.0000000000
120859  -47.380  37.773  14.762 0.0000000000
120009  -48.362  37.560  14.981 0.0000000000
120891  -51.910  38.427  12.566 0.0000000000
120059  -51.410  38.154  12.876 0.0000000000
120875  -51.934  38.479  13.717 0.0000000000
120848  -52.367  39.209  15.921 0.0000000000
120847  -51.167  38.302  15.656 0.0000000000
120837  -50.281  38.590  16.791 0.0000000000
121645  -51.089  39.968  18.075 0.0000000000
121614  -52.128  39.994  19.793 0.0000000000
122474  -51.875  40.318  19.109 0.0000000000
121613  -51.708  40.175  20.285 0.0000000000
122451  -50.484  40.479  20.454 0.0000000000
121604  -52.109  39.664  20.658 0.0000000000
121595  -51.324  39.135  21.294 0.0000000000
120787  -52.313  38.805  21.167 0.0000000000
119183  -52.093  36.917  20.145 0.0000000000
119184  -52.359  37.011  20.702 0.0000000000
118430  -51.773  36.183  20.299 0.0000000000
118419  -52.167  35.631  21.153 0.0000000000
117715  -51.537  34.881  20.659 0.0000000000
117765  -52.336  34.647  15.866 0.0000000000
118473  -51.589  35.410  16.790 0.0000000000
117759  -51.851  34.562  16.452 0.0000000000
116156  -52.770  32.400  18.406 0.0000000000
116969  -51.857  33.000  18.085 0.0000000000
116155  -51.835  32.797  18.560 0.0000000000
116150  -51.696  32.737  19.229 0.0000000000
116151  -52.389  32.065  19.732 0.0000000000
115274  -52.880  31.456  20.396 0.0000000000
115280  -53.314  31.705  19.428 0.0000000000
115283  -55.969  31.485  19.506 0.0000000000
115277  -55.752  31.265  20.176 0.0000000000
115278  -56.256  31.084  20.089 0.0000000000
114430  -56.232  30.243  21.257 0.0000000000
114434  -56.420  30.332  20.430 0.0000000000
113658  -56.218  29.429  19.965 0.0000000000
114437  -55.302  29.877  19.190 0.0000000000
113656  -54.575  29.420  19.459 0.0000000000
112892  -53.874  28.578  19.568 0.0000000000
113668  -54.031  29.669  19.199 0.0000000000
114499  -55.022  30.508  15.595 0.0000000000
114475  -55.308  30.627  16.496 0.0000000000
114474  -54.570  30.522  16.474 0.0000000000
114442  -51.658  29.985  18.101 0.0000000000
114443  -52.121  30.105  18.242 0.0000000000
113666  -52.502  29.459  18.891 0.0000000000
112125  -50.903  27.928  18.599 0.0000000000
112902  -50.667  28.860  18.340 0.0000000000
112914  -49.435  28.567  17.730 0.0000000000
112137  -47.771  27.490  17.184 0.0000000000
115407  -52.478  31.205  9.659 0.0000000000
115408  -53.148  31.017  10.098 0.0000000000
114592  -52.449  30.800  10.003 0.0000000000
115372  -51.218  31.230  11.795 0.0000000000
115360  -51.179  31.182  12.745 0.0000000000
114534  -51.591  30.781  13.303 0.0000000000
115348  -51.009  30.999  13.270 0.0000000000
116222  -48.175  32.271  12.950 0.0000000000
114516  -48.018  30.950  14.870 0.0000000000
115333  -49.102  31.037  14.243 0.0000000000
114517  -48.595  30.771  14.750 0.0000000000
113709  -48.630  29.566  15.690 0.0000000000
112926  -46.570  28.591  16.593 0.0000000000
112149  -46.513  27.522  16.870 0.0000000000
110539  -57.005  25.875  21.506 0.0000000000
111358  -57.257  26.086  20.511 0.0000000000
111367  -57.061  26.403  19.288 0.0000000000
117145  -51.329  33.462  2.485 0.0000000000
116346  -51.154  32.758  2.960 0.0000000000
116345  -50.377  32.211  2.482 0.0000000000
115483  -49.908  32.075  2.940 0.0000000000
116327  -48.848  32.008  3.439 0.0000000000
116316  -48.119  32.059  3.740 0.0000000000
115467  -47.775  31.545  3.173 0.0000000000
119182  -50.483  36.570  21.128 0.0000000000
119951  -51.245  37.687  21.518 0.0000000000
123300  -44.015  41.207  11.651 0.0000000000
122524  -43.806  39.906  12.412 0.0000000000
120871  -44.739  38.433  13.160 0.0000000000
118525  -53.416  35.607  10.874 0.0000000000
120097  -54.062  36.885  11.163 0.0000000000
118526  -54.207  35.848  10.925 0.0000000000
118506  -54.460  35.521  12.023 0.0000000000
118505  -53.926  35.574  12.699 0.0000000000
117784  -53.548  34.651  13.103 0.0000000000
117785  -54.040  34.684  12.408 0.0000000000
116223  -53.983  33.385  12.797 0.0000000000
115349  -54.736  31.603  13.546 0.0000000000
114563  -53.827  30.711  11.934 0.0000000000
119313  -47.251  36.352  7.418 0.0000000000
119327  -48.107  36.126  6.423 0.0000000000
119328  -49.206  36.086  6.932 0.0000000000
119329  -50.212  36.180  7.141 0.0000000000
117087  -50.673  33.997  6.438 0.0000000000
117833  -51.125  34.675  6.983 0.0000000000
118539  -50.323  35.531  8.951 0.0000000000
118532  -49.999  35.251  9.598 0.0000000000
117811  -49.419  34.338  9.565 0.0000000000
117050  -49.914  33.787  10.015 0.0000000000
117065  -50.184  32.908  9.765 0.0000000000
116271  -49.680  32.380  9.164 0.0000000000
116288  -49.155  31.960  8.569 0.0000000000
115424  -48.511  31.541  8.351 0.0000000000
114622  -46.687  30.802  7.359 0.0000000000
111344  -49.502  26.355  22.287 0.0000000000
111290  -50.810  26.451  25.697 0.0000000000
111312  -50.851  26.614  24.927 0.0000000000
112059  -52.368  27.284  24.653 0.0000000000
112085  -53.706  27.444  24.143 0.0000000000
112061  -53.906  27.451  24.836 0.0000000000
112846  -54.907  28.219  25.086 0.0000000000
128177  -46.733  48.701  10.920 0.0000000000
126639  -42.494  46.537  10.437 0.0000000000
126640  -43.608  46.779  10.518 0.0000000000
126656  -43.255  46.323  9.674 0.0000000000
125917  -42.893  45.636  9.404 0.0000000000
125304  -43.494  44.939  9.410 0.0000000000
125292  -43.979  44.246  9.998 0.0000000000
124712  -43.093  44.169  9.784 0.0000000000
124711  -42.362  43.488  9.695 0.0000000000
124029  -41.626  42.881  9.122 0.0000000000
125324  -42.639  44.585  5.247 0.0000000000
124724  -42.538  43.217  6.132 0.0000000000
124048  -43.851  42.915  5.668 0.0000000000
124045  -44.686  41.936  6.316 0.0000000000
123325  -45.081  41.298  6.652 0.0000000000
123326  -45.869  41.120  6.683 0.0000000000
122571  -46.815  40.835  6.321 0.0000000000
122581  -47.207  40.446  5.796 0.0000000000
124056  -50.170  42.531  4.949 0.0000000000
123337  -49.707  41.620  5.010 0.0000000000
123338  -50.638  41.711  4.753 0.0000000000
122595  -51.022  41.109  4.196 0.0000000000
121817  -51.230  39.367  3.473 0.0000000000
120994  -51.754  38.265  2.895 0.0000000000
121006  -52.609  38.318  2.199 0.0000000000
120201  -52.513  37.758  1.642 0.0000000000
119406  -51.801  36.815  0.715 0.0000000000
121016  -52.528  38.474  1.644 0.0000000000
121842  -52.337  39.068  1.469 0.0000000000
121841  -51.898  39.529  1.074 0.0000000000
116939  -46.553  33.107  20.846 0.0000000000
116114  -46.135  32.858  21.868 0.0000000000
116102  -45.965  32.672  22.581 0.0000000000
116087  -45.936  32.491  23.437 0.0000000000
115233  -48.234  31.170  23.311 0.0000000000
116072  -48.886  31.462  23.755 0.0000000000
116073  -49.497  31.976  23.990 0.0000000000
117679  -52.095  34.550  24.019 0.0000000000
116901  -51.326  33.472  24.310 0.0000000000
116092  -52.097  33.212  23.838 0.0000000000
115235  -52.000  31.978  23.669 0.0000000000
115236  -52.491  31.505  23.996 0.0000000000
114404  -52.890  30.910  23.845 0.0000000000
114415  -53.467  30.558  22.698 0.0000000000
114427  -53.895  30.580  21.733 0.0000000000
123965  -48.348  42.574  17.246 0.0000000000
123249  -48.530  41.674  17.782 0.0000000000
122471  -49.267  41.176  18.672 0.0000000000
120073  -47.709  37.497  11.198 0.0000000000
120074  -48.748  37.675  11.222 0.0000000000
120056  -48.883  37.517  12.181 0.0000000000
120038  -49.031  37.416  13.150 0.0000000000
121692  -53.062  38.840  13.993 0.0000000000
120876  -52.769  38.899  14.210 0.0000000000
120862  -52.786  39.341  15.032 0.0000000000
120849  -52.893  39.514  15.544 0.0000000000
120839  -52.165  39.527  16.870 0.0000000000
121646  -52.112  39.906  17.910 0.0000000000
121647  -52.988  40.153  17.732 0.0000000000
121629  -53.188  39.820  18.122 0.0000000000
119973  -52.277  37.804  19.016 0.0000000000
118458  -51.219  35.894  18.244 0.0000000000
116981  -53.214  33.053  16.457 0.0000000000
116980  -52.539  33.727  16.403 0.0000000000
116974  -52.977  33.084  17.024 0.0000000000
116157  -54.206  32.234  18.409 0.0000000000
115281  -54.375  31.672  19.338 0.0000000000
116152  -54.603  31.921  18.832 0.0000000000
115288  -55.625  31.734  19.009 0.0000000000
115290  -56.268  30.951  18.593 0.0000000000
114447  -56.137  30.655  18.241 0.0000000000
114446  -55.602  30.286  18.355 0.0000000000
114473  -53.526  30.519  16.464 0.0000000000
114472  -52.291  30.535  16.536 0.0000000000
114454  -51.474  30.158  17.651 0.0000000000
113664  -50.883  29.437  18.109 0.0000000000
113677  -50.475  29.552  17.647 0.0000000000
113676  -49.699  29.319  17.329 0.0000000000
113693  -49.177  29.159  16.884 0.0000000000
114574  -51.036  30.835  9.962 0.0000000000
114575  -51.836  30.816  10.267 0.0000000000
115371  -50.475  31.440  11.569 0.0000000000
116194  -47.269  32.044  14.480 0.0000000000
116210  -48.059  32.066  13.909 0.0000000000
116195  -47.836  31.750  14.450 0.0000000000
115331  -47.427  31.295  15.005 0.0000000000
114492  -47.607  30.374  15.521 0.0000000000
113708  -48.134  29.845  15.620 0.0000000000
114470  -47.142  29.865  16.111 0.0000000000
112925  -45.582  28.855  16.322 0.0000000000
112147  -44.855  28.043  16.098 0.0000000000
112937  -45.072  28.926  16.048 0.0000000000
112936  -44.601  28.743  15.641 0.0000000000
110549  -54.463  25.694  20.379 0.0000000000
118588  -49.899  35.208  4.162 0.0000000000
117852  -49.978  35.018  4.579 0.0000000000
117853  -50.458  34.743  4.369 0.0000000000
117854  -51.052  34.395  4.982 0.0000000000
116330  -51.226  32.953  3.891 0.0000000000
116320  -51.158  33.124  4.445 0.0000000000
117098  -51.138  33.771  5.625 0.0000000000
117097  -50.172  33.565  5.578 0.0000000000
117086  -49.167  33.888  6.489 0.0000000000
117078  -48.204  33.458  6.792 0.0000000000
116303  -47.353  32.787  5.819 0.0000000000
115446  -46.442  31.562  5.881 0.0000000000
115452  -47.165  31.981  4.630 0.0000000000
115451  -46.658  31.572  4.851 0.0000000000
110513  -47.989  25.491  24.760 0.0000000000
110496  -48.427  25.494  25.291 0.0000000000
110497  -48.839  25.599  25.646 0.0000000000
110498  -49.853  26.086  25.697 0.0000000000
111272  -48.964  26.285  26.210 0.0000000000
110476  -50.142  26.148  26.132 0.0000000000
111274  -51.117  26.567  26.191 0.0000000000
126619  -41.664  46.492  11.343 0.0000000000
126638  -41.469  46.485  10.358 0.0000000000
126653  -40.355  46.280  9.244 0.0000000000
124732  -46.313  42.985  5.241 0.0000000000
124743  -49.301  43.338  4.900 0.0000000000
124744  -50.605  43.540  4.704 0.0000000000
124058  -52.126  42.465  4.326 0.0000000000
124062  -52.397  41.932  3.687 0.0000000000
125337  -51.605  44.097  4.122 0.0000000000
125343  -51.577  44.539  3.506 0.0000000000
118395  -50.476  35.302  23.046 0.0000000000
117688  -50.898  34.855  23.742 0.0000000000
117689  -51.749  35.136  23.742 0.0000000000
116924  -52.328  34.472  23.073 0.0000000000
117698  -52.237  34.307  22.492 0.0000000000
122517  -47.171  40.829  15.165 0.0000000000
122512  -47.435  40.233  15.790 0.0000000000
120919  -51.137  38.379  11.087 0.0000000000
120920  -51.618  38.374  10.992 0.0000000000
120907  -52.689  38.498  11.935 0.0000000000
120078  -53.808  37.554  11.584 0.0000000000
120908  -53.477  38.297  12.166 0.0000000000
121693  -53.262  38.694  13.659 0.0000000000
120877  -53.539  38.360  13.907 0.0000000000
120863  -53.484  38.495  14.740 0.0000000000
120014  -53.299  37.762  15.282 0.0000000000
119217  -52.420  37.136  16.677 0.0000000000
119233  -52.828  36.654  14.973 0.0000000000
118479  -52.402  35.553  15.336 0.0000000000
117766  -52.626  34.531  15.285 0.0000000000
117779  -53.129  34.500  13.849 0.0000000000
117774  -52.847  34.370  14.625 0.0000000000
116990  -53.141  33.585  15.536 0.0000000000
116180  -54.554  32.441  15.763 0.0000000000
116181  -55.344  32.084  16.319 0.0000000000
115315  -55.451  31.431  15.981 0.0000000000
114524  -55.267  30.709  14.917 0.0000000000
114538  -55.175  30.625  14.316 0.0000000000
114521  -52.968  30.389  14.383 0.0000000000
114520  -51.742  30.422  14.410 0.0000000000
116235  -47.388  32.566  11.709 0.0000000000
116221  -47.423  32.653  12.698 0.0000000000
116208  -46.598  32.926  13.430 0.0000000000
116193  -46.261  32.475  14.399 0.0000000000
115329  -45.516  31.827  15.002 0.0000000000
115310  -44.835  31.291  15.300 0.0000000000
120106  -44.554  37.291  9.034 0.0000000000
120087  -44.563  37.257  9.980 0.0000000000
119272  -45.159  36.969  9.450 0.0000000000
120108  -46.316  37.124  9.581 0.0000000000
120109  -47.289  37.014  9.610 0.0000000000
119299  -47.617  36.492  8.264 0.0000000000
119287  -47.935  36.729  8.956 0.0000000000
120112  -50.602  37.475  9.404 0.0000000000
118569  -50.508  35.339  5.846 0.0000000000
119330  -50.748  36.240  7.247 0.0000000000
117826  -51.194  35.310  7.268 0.0000000000
119317  -50.978  36.237  7.475 0.0000000000
119316  -50.414  36.651  7.771 0.0000000000
120113  -51.288  37.476  10.070 0.0000000000
119275  -51.952  36.939  10.458 0.0000000000
118524  -52.423  35.930  10.859 0.0000000000
118522  -50.590  35.371  10.281 0.0000000000
118523  -51.560  35.667  10.611 0.0000000000
117803  -53.124  34.407  10.658 0.0000000000
117054  -53.749  33.308  10.281 0.0000000000
116256  -53.966  32.273  9.985 0.0000000000
116255  -53.141  32.506  9.804 0.0000000000
116274  -52.435  31.891  9.494 0.0000000000
115406  -51.640  31.348  9.361 0.0000000000
116272  -50.549  32.133  9.301 0.0000000000
115405  -50.719  31.431  9.205 0.0000000000
114590  -50.665  30.976  9.257 0.0000000000
115404  -49.300  30.868  9.584 0.0000000000
115403  -48.421  30.937  9.511 0.0000000000
116286  -47.764  32.540  7.764 0.0000000000
115423  -47.724  31.949  7.966 0.0000000000
115440  -47.923  31.129  8.076 0.0000000000
114623  -47.481  30.756  7.907 0.0000000000
114606  -48.570  30.894  8.464 0.0000000000
111324  -49.163  26.167  23.611 0.0000000000
111333  -49.426  26.342  22.968 0.0000000000
111334  -50.383  26.679  23.032 0.0000000000
111327  -51.476  27.010  24.236 0.0000000000
111346  -51.128  26.668  21.970 0.0000000000
111354  -52.866  26.033  20.838 0.0000000000
111355  -53.653  26.204  20.921 0.0000000000
111356  -54.702  26.234  21.028 0.0000000000
111350  -55.935  26.350  21.715 0.0000000000
112094  -54.474  27.197  23.326 0.0000000000
111338  -55.200  26.727  22.558 0.0000000000
111339  -56.106  26.645  22.519 0.0000000000
111340  -56.881  26.764  22.363 0.0000000000
112096  -57.178  26.975  22.126 0.0000000000
112095  -56.975  27.518  22.313 0.0000000000
127440  -47.002  48.085  10.329 0.0000000000
127451  -44.606  46.946  10.153 0.0000000000
127453  -46.413  47.355  9.928 0.0000000000
126659  -46.988  46.723  9.523 0.0000000000
125921  -47.551  45.886  9.523 0.0000000000
125308  -47.993  45.135  9.926 0.0000000000
125295  -47.457  44.455  10.369 0.0000000000
124703  -45.814  43.292  10.912 0.0000000000
124026  -44.895  42.738  11.163 0.0000000000
124025  -43.914  42.637  10.864 0.0000000000
124017  -44.447  41.983  11.369 0.0000000000
122535  -43.515  40.924  11.141 0.0000000000
121719  -42.838  39.739  10.314 0.0000000000
120917  -42.890  38.962  9.733 0.0000000000
125312  -40.088  44.481  8.254 0.0000000000
124714  -40.640  43.839  8.562 0.0000000000
124033  -41.463  42.689  8.235 0.0000000000
124034  -42.190  42.241  8.588 0.0000000000
124039  -43.121  41.869  7.182 0.0000000000
123319  -43.280  41.503  7.790 0.0000000000
123311  -43.069  41.193  8.915 0.0000000000
121735  -43.340  40.220  8.807 0.0000000000
121748  -43.290  39.413  8.775 0.0000000000
120931  -43.371  38.355  9.214 0.0000000000
120121  -44.037  38.027  8.216 0.0000000000
120136  -45.124  37.617  7.311 0.0000000000
119325  -45.960  37.015  6.824 0.0000000000
121780  -45.981  39.389  6.316 0.0000000000
120148  -45.964  37.684  6.341 0.0000000000
119343  -46.500  37.084  6.253 0.0000000000
119344  -47.178  36.748  5.723 0.0000000000
119363  -47.549  36.829  4.908 0.0000000000
119364  -48.221  36.522  4.441 0.0000000000
123333  -48.056  41.339  5.571 0.0000000000
122583  -49.293  41.054  5.099 0.0000000000
122593  -48.871  40.212  4.587 0.0000000000
121804  -48.140  38.933  4.529 0.0000000000
120984  -48.244  38.354  4.186 0.0000000000
120181  -49.171  37.389  3.351 0.0000000000
118607  -49.427  35.722  3.854 0.0000000000
118608  -50.235  35.433  3.451 0.0000000000
118620  -50.876  35.744  2.910 0.0000000000
118621  -51.454  35.431  2.595 0.0000000000
119388  -51.892  36.510  2.335 0.0000000000
118622  -52.103  35.954  2.143 0.0000000000
117897  -51.354  34.189  1.744 0.0000000000
117161  -50.067  33.216  1.269 0.0000000000
119405  -51.024  36.493  0.441 0.0000000000
119404  -50.092  36.379  0.559 0.0000000000
124073  -52.243  42.017  3.142 0.0000000000
123364  -52.086  41.625  2.357 0.0000000000
122637  -51.852  40.398  1.198 0.0000000000
112871  -48.896  28.378  24.399 0.0000000000
114384  -49.172  30.034  23.750 0.0000000000
113602  -49.721  29.351  24.017 0.0000000000
112843  -49.542  28.423  24.602 0.0000000000
112844  -50.503  28.495  25.069 0.0000000000
112831  -51.669  28.249  25.756 0.0000000000
112832  -52.713  28.671  25.822 0.0000000000
116910  -49.070  33.213  23.675 0.0000000000
116899  -49.759  32.810  24.113 0.0000000000
116074  -50.430  32.245  24.359 0.0000000000
116075  -51.256  32.542  24.451 0.0000000000
115218  -51.213  31.521  24.509 0.0000000000
114367  -52.505  29.982  25.298 0.0000000000
112833  -53.588  28.782  25.799 0.0000000000
112834  -54.553  28.575  25.461 0.0000000000
112835  -55.109  28.963  25.103 0.0000000000
113630  -53.778  30.038  24.149 0.0000000000
113608  -55.032  29.241  24.596 0.0000000000
112847  -55.563  28.505  24.643 0.0000000000
112872  -56.006  28.914  23.515 0.0000000000
112883  -56.414  28.570  22.753 0.0000000000
112885  -56.756  28.437  21.508 0.0000000000
122458  -47.460  40.262  19.353 0.0000000000
122449  -48.901  39.720  20.203 0.0000000000
120070  -44.727  37.401  10.889 0.0000000000
120872  -45.530  38.143  13.400 0.0000000000
120054  -46.856  37.386  12.052 0.0000000000
120873  -46.320  37.763  13.636 0.0000000000
120857  -45.882  38.529  14.049 0.0000000000
120843  -46.816  38.539  15.214 0.0000000000
121667  -47.250  39.185  15.781 0.0000000000
120835  -48.031  38.806  16.344 0.0000000000
120058  -50.980  38.140  12.415 0.0000000000
120039  -50.088  37.586  13.262 0.0000000000
120024  -50.156  37.705  14.228 0.0000000000
120860  -51.432  38.227  14.589 0.0000000000
120011  -50.426  37.771  15.064 0.0000000000
120010  -49.419  37.565  15.086 0.0000000000
120845  -48.693  38.050  15.813 0.0000000000
120836  -49.091  38.639  16.645 0.0000000000
121659  -48.486  39.619  17.021 0.0000000000
121643  -49.093  40.147  17.725 0.0000000000
121644  -49.917  40.152  18.326 0.0000000000
122472  -49.775  40.887  18.913 0.0000000000
121627  -51.575  40.263  18.613 0.0000000000
122473  -51.008  40.504  19.136 0.0000000000
121601  -49.586  39.242  20.330 0.0000000000
121594  -50.839  38.780  21.189 0.0000000000
120777  -51.379  38.333  21.492 0.0000000000
119953  -52.226  37.742  21.894 0.0000000000
119961  -52.573  37.985  20.925 0.0000000000
119174  -52.461  37.021  21.719 0.0000000000
119166  -52.297  36.816  22.633 0.0000000000
117708  -52.436  35.587  21.852 0.0000000000
117707  -52.081  34.681  21.696 0.0000000000
119216  -51.828  36.502  17.235 0.0000000000
118468  -51.204  35.274  17.602 0.0000000000
118457  -50.882  35.125  18.270 0.0000000000
116979  -51.793  33.830  16.909 0.0000000000
116971  -50.797  33.947  18.175 0.0000000000
116960  -50.833  34.159  19.280 0.0000000000
116961  -51.002  33.865  19.736 0.0000000000
116134  -51.656  32.653  20.479 0.0000000000
116117  -51.786  32.001  21.255 0.0000000000
115262  -53.373  31.018  21.099 0.0000000000
115263  -54.168  30.874  20.917 0.0000000000
115276  -54.850  31.129  20.286 0.0000000000
114428  -54.815  30.406  21.338 0.0000000000
113648  -56.034  29.944  21.783 0.0000000000
113649  -56.329  29.476  21.672 0.0000000000
112887  -56.221  28.623  20.263 0.0000000000
112894  -55.723  28.106  20.025 0.0000000000
113657  -55.665  29.175  19.854 0.0000000000
112112  -54.197  27.677  19.519 0.0000000000
112111  -53.212  27.893  19.416 0.0000000000
114476  -55.641  30.967  16.470 0.0000000000
114457  -55.039  30.389  17.461 0.0000000000
113667  -53.476  29.709  19.010 0.0000000000
113654  -53.106  29.328  19.188 0.0000000000
112110  -52.371  28.130  19.218 0.0000000000
112126  -51.822  27.689  18.728 0.0000000000
111375  -51.231  27.117  18.298 0.0000000000
112140  -50.340  27.277  18.140 0.0000000000
112901  -50.019  28.619  18.179 0.0000000000
112139  -49.522  27.435  17.845 0.0000000000
116276  -53.753  31.465  10.128 0.0000000000
115373  -53.652  31.014  11.046 0.0000000000
114562  -53.377  30.712  11.437 0.0000000000
114560  -51.910  31.035  11.091 0.0000000000
114561  -52.557  30.736  11.316 0.0000000000
114548  -52.627  30.627  12.296 0.0000000000
115357  -48.879  31.829  12.161 0.0000000000
115346  -49.623  31.245  13.506 0.0000000000
114532  -50.096  30.890  13.676 0.0000000000
114533  -50.585  30.724  13.682 0.0000000000
113710  -49.340  29.471  15.967 0.0000000000
112928  -48.393  28.588  16.986 0.0000000000
113691  -47.597  29.411  16.192 0.0000000000
112912  -48.045  28.119  17.055 0.0000000000
109606  -48.685  25.505  26.026 0.0000000000
110477  -50.537  26.295  26.048 0.0000000000
110499  -50.257  26.172  25.914 0.0000000000
110514  -48.765  25.643  24.877 0.0000000000
110520  -48.789  25.815  23.960 0.0000000000
111275  -52.381  26.836  26.119 0.0000000000
111276  -52.866  27.103  25.892 0.0000000000
111313  -51.798  26.975  25.056 0.0000000000
111314  -52.272  26.939  25.433 0.0000000000
111341  -57.183  26.733  21.954 0.0000000000
111351  -56.678  26.267  21.841 0.0000000000
111357  -55.502  26.164  21.198 0.0000000000
112027  -50.926  27.076  26.462 0.0000000000
112030  -54.100  27.915  25.754 0.0000000000
112043  -54.545  28.001  25.413 0.0000000000
112060  -52.800  27.339  24.977 0.0000000000
112084  -52.817  27.444  24.193 0.0000000000
112820  -52.391  28.106  26.096 0.0000000000
112823  -54.228  28.175  25.725 0.0000000000
112829  -49.734  27.798  25.436 0.0000000000
112845  -51.072  28.471  25.405 0.0000000000
112848  -56.133  28.092  24.414 0.0000000000
112873  -56.242  28.282  23.923 0.0000000000
112882  -56.061  29.059  22.864 0.0000000000
112890  -52.302  28.600  19.173 0.0000000000
112904  -52.318  28.888  19.131 0.0000000000
112913  -48.499  28.146  17.311 0.0000000000
112924  -44.998  28.646  16.061 0.0000000000
113592  -51.823  28.896  25.383 0.0000000000
113593  -52.242  29.219  25.414 0.0000000000
113596  -54.732  29.289  25.191 0.0000000000
113605  -52.089  29.802  25.211 0.0000000000
113655  -53.643  29.272  19.340 0.0000000000
113678  -51.053  29.696  17.960 0.0000000000
113689  -45.994  29.763  16.207 0.0000000000
114383  -48.840  30.303  23.608 0.0000000000
114402  -48.769  29.517  23.639 0.0000000000
114414  -52.722  31.066  22.661 0.0000000000
114426  -53.150  30.854  21.940 0.0000000000
114429  -55.725  30.262  21.527 0.0000000000
114433  -56.088  30.742  20.725 0.0000000000
114436  -54.801  29.838  19.177 0.0000000000
114453  -50.946  30.050  17.358 0.0000000000
114459  -56.145  30.931  17.870 0.0000000000
114469  -46.707  30.066  16.081 0.0000000000
114491  -46.633  30.472  15.756 0.0000000000
114523  -54.908  30.386  14.680 0.0000000000
114576  -52.464  30.817  10.550 0.0000000000
114593  -52.797  30.816  10.278 0.0000000000
114624  -47.927  30.878  8.216 0.0000000000
115234  -51.765  32.416  23.057 0.0000000000
115243  -51.159  32.147  22.356 0.0000000000
115259  -50.916  32.065  22.166 0.0000000000
115287  -54.285  31.952  18.833 0.0000000000
115296  -56.232  30.985  18.113 0.0000000000
115347  -50.540  31.137  13.265 0.0000000000
115389  -53.426  30.964  10.678 0.0000000000
115390  -53.746  31.267  10.693 0.0000000000
115409  -53.536  31.164  10.354 0.0000000000
115426  -50.198  30.987  8.598 0.0000000000
115459  -47.326  31.812  4.128 0.0000000000
115468  -48.767  31.699  2.985 0.0000000000
115469  -49.414  31.938  3.116 0.0000000000
115470  -49.810  32.171  3.236 0.0000000000
115482  -49.452  31.859  2.534 0.0000000000
115490  -48.155  31.951  1.836 0.0000000000
115492  -49.188  31.799  2.010 0.0000000000
116103  -51.335  32.286  22.435 0.0000000000
116104  -51.620  32.738  22.582 0.0000000000
116115  -51.228  32.344  22.224 0.0000000000
116133  -46.319  32.932  21.374 0.0000000000
116153  -54.866  31.800  19.044 0.0000000000
116158  -55.106  31.949  18.673 0.0000000000
116159  -55.607  31.812  18.663 0.0000000000
116196  -53.936  33.049  14.809 0.0000000000
116253  -51.022  32.699  9.864 0.0000000000
116295  -46.815  32.225  6.219 0.0000000000
116297  -47.909  32.872  7.675 0.0000000000
116308  -47.080  32.057  4.893 0.0000000000
116318  -49.777  32.668  4.081 0.0000000000
116326  -48.381  31.775  3.297 0.0000000000
116363  -51.030  32.776  2.115 0.0000000000
116902  -52.015  33.781  24.201 0.0000000000
116907  -46.312  32.749  22.965 0.0000000000
116911  -52.180  33.472  23.486 0.0000000000
116932  -51.813  33.611  22.109 0.0000000000
116938  -45.986  32.995  20.631 0.0000000000
116967  -50.770  34.130  18.868 0.0000000000
116972  -51.403  33.682  17.668 0.0000000000
116973  -52.314  33.178  17.404 0.0000000000
117016  -53.958  33.137  14.112 0.0000000000
117027  -53.844  33.902  12.917 0.0000000000
117064  -49.424  33.299  9.536 0.0000000000
117066  -51.773  32.677  9.695 0.0000000000
117110  -50.860  33.302  4.895 0.0000000000
117162  -50.762  33.327  1.663 0.0000000000
117163  -51.161  33.392  1.989 0.0000000000
117690  -52.204  35.114  23.429 0.0000000000
117733  -50.845  34.546  19.222 0.0000000000
117751  -50.767  34.729  18.718 0.0000000000
117755  -50.773  34.539  18.278 0.0000000000
117756  -51.006  34.462  17.759 0.0000000000
117791  -51.551  34.818  10.691 0.0000000000
117793  -52.379  34.786  10.732 0.0000000000
117799  -49.853  34.356  10.035 0.0000000000
117810  -49.042  34.162  9.254 0.0000000000
117818  -50.350  35.355  8.353 0.0000000000
117824  -49.832  34.931  7.872 0.0000000000
117834  -51.275  35.090  6.609 0.0000000000
117840  -50.064  34.926  5.113 0.0000000000
117842  -51.331  34.977  5.860 0.0000000000
117896  -50.654  34.066  1.245 0.0000000000
118398  -52.395  36.029  23.001 0.0000000000
118409  -52.499  36.181  22.277 0.0000000000
118431  -52.271  36.263  20.918 0.0000000000
118440  -50.908  35.304  18.914 0.0000000000
118441  -51.357  36.120  19.185 0.0000000000
118467  -50.881  34.865  17.943 0.0000000000
118474  -51.977  35.470  16.111 0.0000000000
118489  -52.752  35.802  14.735 0.0000000000
118513  -51.634  35.041  10.737 0.0000000000
118514  -52.074  35.254  10.776 0.0000000000
118515  -52.692  35.207  10.854 0.0000000000
118541  -51.180  36.088  7.847 0.0000000000
118549  -51.205  35.797  7.336 0.0000000000
118556  -48.587  35.950  6.129 0.0000000000
118557  -49.011  35.866  6.208 0.0000000000
118587  -49.452  35.356  4.638 0.0000000000
118609  -50.898  35.103  3.199 0.0000000000
118632  -52.229  36.096  1.680 0.0000000000
119153  -52.106  36.590  22.991 0.0000000000
119165  -51.848  36.826  22.752 0.0000000000
119172  -51.251  36.885  21.826 0.0000000000
119173  -51.668  37.030  22.353 0.0000000000
119196  -51.906  37.166  19.440 0.0000000000
119210  -51.612  36.824  18.374 0.0000000000
119225  -51.843  36.011  16.501 0.0000000000
119257  -54.534  36.284  11.728 0.0000000000
119265  -54.339  36.339  11.238 0.0000000000
119273  -45.574  37.083  9.528 0.0000000000
119277  -53.791  36.490  10.952 0.0000000000
119278  -54.152  36.404  11.014 0.0000000000
119284  -45.112  36.887  8.847 0.0000000000
119288  -48.498  36.849  8.896 0.0000000000
119297  -45.406  36.843  8.138 0.0000000000
119303  -51.123  36.243  7.653 0.0000000000
119312  -46.219  36.645  7.436 0.0000000000
119324  -45.529  37.277  7.094 0.0000000000
119376  -48.834  36.476  3.708 0.0000000000
119407  -52.317  37.287  1.105 0.0000000000
119944  -52.033  37.292  22.515 0.0000000000
119952  -51.790  37.530  22.126 0.0000000000
119959  -49.929  37.744  20.325 0.0000000000
119974  -52.613  37.985  19.693 0.0000000000
119991  -52.113  37.595  18.398 0.0000000000
119997  -53.344  38.558  16.769 0.0000000000
120000  -52.776  37.529  16.160 0.0000000000
120012  -51.046  37.897  14.948 0.0000000000
120013  -52.748  37.186  15.576 0.0000000000
120025  -50.922  37.870  14.385 0.0000000000
120041  -51.598  38.251  13.143 0.0000000000
120051  -44.060  37.821  11.578 0.0000000000
120052  -44.917  37.516  11.836 0.0000000000
120053  -45.869  37.368  11.982 0.0000000000
120061  -54.436  36.798  12.012 0.0000000000
120069  -43.886  37.665  10.616 0.0000000000
120076  -50.654  38.253  11.483 0.0000000000
120086  -43.832  37.665  9.630 0.0000000000
120105  -43.920  37.852  8.698 0.0000000000
120107  -45.814  37.147  9.549 0.0000000000
120110  -48.481  37.112  9.364 0.0000000000
120122  -44.543  37.559  8.009 0.0000000000
120123  -45.118  37.196  7.711 0.0000000000
120125  -49.380  37.142  8.576 0.0000000000
120135  -44.698  37.925  7.476 0.0000000000
120137  -49.585  36.970  8.163 0.0000000000
120138  -49.888  37.047  8.111 0.0000000000
120147  -45.533  37.565  6.833 0.0000000000
120174  -48.406  37.421  3.834 0.0000000000
120191  -51.699  37.285  2.508 0.0000000000
120193  -52.446  37.495  2.078 0.0000000000
120215  -52.386  38.052  1.118 0.0000000000
120776  -50.860  38.181  21.214 0.0000000000
120785  -49.313  38.382  19.982 0.0000000000
120827  -50.638  39.374  17.530 0.0000000000
120828  -51.609  39.575  17.420 0.0000000000
120829  -52.154  39.707  17.358 0.0000000000
120831  -53.431  38.969  17.187 0.0000000000
120858  -46.535  38.096  14.456 0.0000000000
120874  -51.331  38.141  14.035 0.0000000000
120888  -43.666  38.577  12.111 0.0000000000
120893  -53.578  38.343  13.050 0.0000000000
120905  -51.299  38.417  11.573 0.0000000000
120906  -51.915  38.433  11.656 0.0000000000
120930  -43.110  39.023  8.887 0.0000000000
120939  -43.428  39.187  8.588 0.0000000000
120941  -44.157  38.174  7.977 0.0000000000
120949  -44.117  39.014  7.846 0.0000000000
120951  -44.883  38.122  7.257 0.0000000000
120959  -44.876  38.914  7.113 0.0000000000
120985  -48.838  38.355  3.619 0.0000000000
120995  -52.428  38.660  2.772 0.0000000000
121004  -51.988  37.716  2.542 0.0000000000
121005  -52.254  37.969  2.463 0.0000000000
121029  -51.401  38.400  0.341 0.0000000000
121030  -51.971  38.472  0.772 0.0000000000
121031  -52.295  38.598  1.197 0.0000000000
121596  -51.866  39.312  21.251 0.0000000000
121600  -48.858  38.984  20.028 0.0000000000
121603  -51.361  39.973  20.871 0.0000000000
121625  -50.094  40.490  18.673 0.0000000000
121648  -53.248  39.654  17.396 0.0000000000
121658  -47.753  39.600  16.385 0.0000000000
121660  -52.609  39.818  17.236 0.0000000000
121662  -53.282  39.443  16.602 0.0000000000
121668  -52.700  39.657  16.590 0.0000000000
121669  -53.045  39.626  16.064 0.0000000000
121673  -45.687  39.182  14.206 0.0000000000
121674  -46.199  39.022  14.704 0.0000000000
121675  -53.120  39.455  15.327 0.0000000000
121680  -44.572  39.146  13.306 0.0000000000
121682  -53.108  39.202  14.633 0.0000000000
121683  -53.274  38.830  14.331 0.0000000000
121690  -43.713  39.481  12.348 0.0000000000
121705  -43.097  39.800  11.155 0.0000000000
121750  -44.190  40.064  8.055 0.0000000000
121763  -43.988  39.253  8.052 0.0000000000
121778  -44.724  39.155  7.310 0.0000000000
121795  -48.499  39.962  4.702 0.0000000000
121815  -49.265  38.933  3.612 0.0000000000
121819  -52.624  39.351  2.832 0.0000000000
121828  -52.661  39.121  2.129 0.0000000000
121856  -50.638  38.769  0.211 0.0000000000
122452  -51.210  40.545  20.281 0.0000000000
122462  -51.553  40.431  19.666 0.0000000000
122463  -52.087  40.246  19.277 0.0000000000
122475  -52.215  40.267  19.062 0.0000000000
122489  -49.612  40.674  18.544 0.0000000000
122511  -46.906  39.690  15.448 0.0000000000
122530  -43.530  40.215  11.849 0.0000000000
122531  -44.249  40.799  12.322 0.0000000000
122534  -43.105  40.365  10.903 0.0000000000
122542  -42.815  40.537  9.980 0.0000000000
122543  -43.104  40.656  9.182 0.0000000000
122552  -43.990  40.300  8.181 0.0000000000
122559  -43.843  41.096  7.898 0.0000000000
122561  -44.745  40.177  7.488 0.0000000000
122568  -44.715  40.944  7.086 0.0000000000
122569  -45.182  40.513  7.127 0.0000000000
122580  -46.512  39.924  6.086 0.0000000000
122609  -49.948  40.136  3.942 0.0000000000
122638  -52.254  39.769  1.744 0.0000000000
123239  -49.302  41.308  18.897 0.0000000000
123314  -42.734  41.753  8.878 0.0000000000
123315  -43.101  41.409  8.450 0.0000000000
123318  -42.696  41.770  8.233 0.0000000000
123323  -43.542  41.607  7.107 0.0000000000
123327  -46.518  41.081  6.479 0.0000000000
123330  -45.634  41.601  6.349 0.0000000000
123334  -48.954  41.484  5.284 0.0000000000
123339  -51.665  41.709  4.580 0.0000000000
123351  -52.350  41.244  3.863 0.0000000000
123954  -48.207  42.267  18.003 0.0000000000
124019  -46.152  42.621  11.496 0.0000000000
124027  -45.536  42.719  11.302 0.0000000000
124032  -40.826  43.208  8.040 0.0000000000
124036  -40.814  43.361  7.619 0.0000000000
124037  -41.322  43.051  7.351 0.0000000000
124043  -42.155  42.917  6.758 0.0000000000
124054  -49.295  42.299  5.169 0.0000000000
124715  -41.108  43.255  8.639 0.0000000000
124717  -40.455  43.782  7.774 0.0000000000
124721  -40.531  44.007  7.124 0.0000000000
124737  -43.505  44.098  5.034 0.0000000000
124738  -43.993  43.962  4.866 0.0000000000
124739  -44.924  43.846  4.804 0.0000000000
124745  -51.492  43.505  4.409 0.0000000000
124748  -51.949  43.494  3.885 0.0000000000
125301  -40.694  44.661  8.868 0.0000000000
125309  -48.661  45.174  10.152 0.0000000000
125325  -43.233  44.225  5.116 0.0000000000
125342  -51.311  45.238  3.869 0.0000000000
125915  -41.033  45.477  9.253 0.0000000000
126621  -43.425  46.994  11.127 0.0000000000
126641  -44.279  46.879  10.254 0.0000000000
126660  -48.234  46.735  9.501 0.0000000000
127420  -42.933  47.026  11.963 0.0000000000
127438  -44.444  47.270  10.711 0.0000000000
127452  -45.214  47.149  10.031 0.0000000000
127455  -48.906  47.454  9.698 0.0000000000
128178  -47.650  48.685  10.542 0.0000000000
128187  -48.114  48.324  10.187 0.0000000000
128188  -48.784  48.178  10.054 0.0000000000
128870  -49.085  49.415  11.512 0.0000000000
128871  -49.484  49.056  11.067 0.0000000000
128882  -47.392  49.084  10.960 0.0000000000
128884  -48.956  49.415  10.949 0.0000000000
