#!ascii label  , from subject 3066 vox2ras=TkReg
958
57577  -23.347  -20.616  66.541 0.0000000000
72497  -42.938  -10.102  57.241 0.0000000000
76349  -48.489  -6.895  51.565 0.0000000000
73895  -53.523  -8.366  44.816 0.0000000000
67227  -41.290  -14.143  58.650 0.0000000000
76397  -52.239  -7.115  48.247 0.0000000000
78995  -56.702  -5.047  38.254 0.0000000000
81416  -61.258  -3.198  35.885 0.0000000000
69907  -47.270  -10.861  56.400 0.0000000000
71232  -50.546  -10.542  54.877 0.0000000000
75030  -46.551  -8.168  55.280 0.0000000000
63575  -25.022  -16.965  69.309 0.0000000000
62370  -29.418  -18.288  66.740 0.0000000000
138584  -32.777  -21.940  66.229 0.0000000000
55319  -37.245  -23.682  63.885 0.0000000000
57650  -40.917  -20.416  62.096 0.0000000000
63648  -43.179  -16.921  60.829 0.0000000000
67228  -43.430  -13.680  57.860 0.0000000000
69954  -51.252  -11.121  52.212 0.0000000000
82597  -62.143  -1.713  34.341 0.0000000000
72466  -45.435  -9.711  58.196 0.0000000000
73700  -47.204  -8.837  57.393 0.0000000000
73733  -44.816  -8.943  56.374 0.0000000000
62393  -24.806  -17.400  66.560 0.0000000000
63585  -27.073  -17.087  68.155 0.0000000000
59971  -39.591  -18.804  62.201 0.0000000000
61200  -41.983  -18.692  61.542 0.0000000000
63638  -40.935  -17.494  61.318 0.0000000000
69904  -42.005  -11.951  57.688 0.0000000000
68562  -42.170  -12.997  59.719 0.0000000000
71164  -43.686  -10.674  59.153 0.0000000000
68585  -44.900  -11.638  57.066 0.0000000000
77515  -49.612  -7.003  54.094 0.0000000000
69934  -51.528  -11.482  53.641 0.0000000000
76333  -51.547  -7.396  52.051 0.0000000000
73871  -52.860  -8.357  46.780 0.0000000000
72614  -52.905  -8.710  48.624 0.0000000000
71356  -52.608  -10.138  47.228 0.0000000000
71412  -53.058  -9.535  45.218 0.0000000000
78957  -59.999  -4.750  40.238 0.0000000000
78938  -57.627  -4.509  41.389 0.0000000000
64801  -40.693  -16.086  58.718 0.0000000000
73893  -52.082  -8.917  44.480 0.0000000000
79014  -59.478  -4.071  37.925 0.0000000000
77812  -61.399  -5.136  37.791 0.0000000000
77880  -62.361  -4.829  32.551 0.0000000000
67286  -48.595  -13.343  54.111 0.0000000000
71220  -48.743  -10.645  55.971 0.0000000000
76259  -48.478  -8.313  55.765 0.0000000000
59904  -24.634  -19.016  67.905 0.0000000000
57620  -30.027  -21.378  64.590 0.0000000000
58761  -31.071  -20.006  66.679 0.0000000000
55327  -31.811  -23.520  64.141 0.0000000000
54155  -33.998  -24.900  63.644 0.0000000000
52899  -36.462  -25.449  62.665 0.0000000000
54184  -38.907  -24.612  62.141 0.0000000000
57670  -39.192  -22.554  62.509 0.0000000000
58872  -42.127  -20.797  59.852 0.0000000000
67183  -41.712  -14.576  60.096 0.0000000000
65922  -43.630  -15.547  59.736 0.0000000000
64822  -43.821  -15.828  57.867 0.0000000000
66005  -43.744  -13.799  55.660 0.0000000000
67284  -46.191  -13.103  54.368 0.0000000000
75118  -52.431  -7.641  50.074 0.0000000000
77714  -54.905  -5.639  42.403 0.0000000000
75168  -55.215  -7.446  43.956 0.0000000000
58758  -23.502  -19.927  68.435 0.0000000000
73682  -43.887  -9.588  58.276 0.0000000000
73699  -44.939  -8.755  57.659 0.0000000000
72513  -43.817  -9.571  56.484 0.0000000000
59985  -39.889  -18.548  61.498 0.0000000000
62448  -40.129  -17.946  62.223 0.0000000000
62480  -40.337  -17.778  60.859 0.0000000000
71205  -42.186  -11.242  57.515 0.0000000000
71178  -42.495  -10.770  59.033 0.0000000000
72463  -43.322  -10.331  58.687 0.0000000000
72448  -44.046  -10.126  59.094 0.0000000000
77532  -50.677  -6.996  53.205 0.0000000000
77588  -49.980  -6.420  51.663 0.0000000000
73883  -53.292  -8.801  45.788 0.0000000000
73856  -53.385  -9.197  47.234 0.0000000000
72658  -53.151  -9.536  46.317 0.0000000000
71391  -52.788  -9.828  46.115 0.0000000000
72657  -53.322  -9.280  45.842 0.0000000000
76511  -59.696  -6.113  39.897 0.0000000000
76487  -58.890  -6.114  40.968 0.0000000000
75260  -57.432  -6.734  39.520 0.0000000000
79034  -59.161  -5.105  34.868 0.0000000000
80214  -60.647  -3.509  36.821 0.0000000000
80193  -60.562  -3.979  38.374 0.0000000000
81410  -61.328  -3.456  37.099 0.0000000000
79026  -61.748  -4.645  36.708 0.0000000000
81418  -62.042  -3.388  36.151 0.0000000000
80251  -62.680  -3.229  34.034 0.0000000000
68603  -47.599  -11.653  55.683 0.0000000000
68604  -48.269  -11.754  55.524 0.0000000000
69908  -47.800  -10.921  56.300 0.0000000000
74980  -46.628  -7.979  56.433 0.0000000000
76247  -47.806  -8.474  56.539 0.0000000000
76270  -47.715  -7.660  55.556 0.0000000000
76303  -48.013  -6.920  54.892 0.0000000000
75052  -47.175  -8.200  54.590 0.0000000000
59905  -25.456  -18.596  67.560 0.0000000000
61093  -26.050  -17.567  68.631 0.0000000000
63587  -28.335  -17.534  67.668 0.0000000000
59924  -31.507  -19.890  65.590 0.0000000000
59911  -31.538  -20.544  66.208 0.0000000000
57603  -31.301  -22.019  65.433 0.0000000000
56451  -32.540  -23.223  65.319 0.0000000000
54153  -32.608  -24.284  64.017 0.0000000000
55304  -33.696  -24.215  64.934 0.0000000000
54173  -37.182  -24.959  63.364 0.0000000000
52901  -38.021  -25.253  62.355 0.0000000000
55343  -38.333  -24.033  63.179 0.0000000000
57624  -39.257  -20.386  62.686 0.0000000000
57647  -38.440  -21.182  62.831 0.0000000000
57671  -39.893  -21.953  62.198 0.0000000000
56513  -39.759  -23.037  61.846 0.0000000000
57672  -40.621  -21.394  61.687 0.0000000000
56556  -41.590  -22.659  60.010 0.0000000000
58846  -41.385  -20.255  61.517 0.0000000000
62468  -42.381  -17.932  61.377 0.0000000000
61220  -43.243  -18.796  60.615 0.0000000000
62497  -43.986  -18.168  60.385 0.0000000000
63656  -44.396  -16.766  60.205 0.0000000000
65920  -41.164  -15.620  59.355 0.0000000000
67214  -41.314  -14.149  59.391 0.0000000000
68563  -42.465  -13.037  59.326 0.0000000000
67201  -42.853  -13.754  60.002 0.0000000000
67215  -43.117  -14.193  58.658 0.0000000000
65964  -43.856  -15.760  58.664 0.0000000000
65985  -43.439  -14.713  57.434 0.0000000000
67241  -43.749  -13.329  56.946 0.0000000000
69905  -45.614  -11.173  56.896 0.0000000000
68591  -45.254  -11.711  56.494 0.0000000000
68602  -46.809  -11.556  55.940 0.0000000000
67285  -47.445  -12.964  54.362 0.0000000000
63581  -24.036  -16.853  68.564 0.0000000000
63569  -24.610  -17.162  69.591 0.0000000000
61091  -24.428  -17.723  69.551 0.0000000000
67272  -50.519  -12.990  55.029 0.0000000000
68616  -51.245  -12.328  54.893 0.0000000000
71275  -51.636  -10.622  52.788 0.0000000000
76388  -51.424  -6.830  48.793 0.0000000000
76366  -52.008  -6.522  50.325 0.0000000000
76377  -52.562  -6.981  49.553 0.0000000000
71336  -51.728  -9.963  48.186 0.0000000000
72601  -51.471  -9.458  49.495 0.0000000000
77717  -57.364  -5.462  42.515 0.0000000000
78936  -55.648  -4.900  41.798 0.0000000000
77684  -56.458  -6.031  43.433 0.0000000000
76438  -55.326  -6.120  43.463 0.0000000000
75169  -56.043  -7.028  43.748 0.0000000000
72684  -54.385  -9.168  43.815 0.0000000000
81443  -61.112  -2.637  34.107 0.0000000000
82586  -61.738  -2.405  35.182 0.0000000000
83754  -61.246  -1.441  33.083 0.0000000000
84905  -61.898  -0.372  32.915 0.0000000000
71183  -46.163  -10.182  57.853 0.0000000000
71196  -47.424  -10.221  57.100 0.0000000000
73685  -46.057  -9.169  57.816 0.0000000000
74954  -45.807  -8.420  57.231 0.0000000000
73754  -45.747  -8.630  55.378 0.0000000000
63593  -25.017  -16.912  67.734 0.0000000000
63584  -26.243  -16.873  68.541 0.0000000000
63607  -28.499  -17.225  66.799 0.0000000000
58818  -40.357  -19.602  62.601 0.0000000000
58847  -41.401  -19.762  61.854 0.0000000000
61164  -41.003  -18.679  62.354 0.0000000000
62451  -41.107  -18.016  61.969 0.0000000000
64729  -41.974  -16.705  61.168 0.0000000000
68599  -41.411  -13.208  57.295 0.0000000000
69883  -41.615  -12.976  59.252 0.0000000000
69884  -41.849  -12.268  59.195 0.0000000000
69875  -42.414  -12.028  59.281 0.0000000000
69885  -43.363  -11.621  58.750 0.0000000000
68584  -44.128  -12.209  57.478 0.0000000000
69886  -44.077  -11.228  58.578 0.0000000000
71193  -45.371  -10.803  58.227 0.0000000000
62391  -23.094  -17.758  66.579 0.0000000000
75031  -50.181  -8.525  54.468 0.0000000000
71246  -51.036  -10.881  54.431 0.0000000000
73775  -50.882  -9.018  53.816 0.0000000000
73791  -51.457  -8.588  52.980 0.0000000000
72561  -51.593  -9.658  52.523 0.0000000000
73853  -52.582  -7.785  47.371 0.0000000000
75131  -53.286  -7.583  48.741 0.0000000000
73854  -53.372  -8.427  47.494 0.0000000000
71337  -52.369  -9.685  47.900 0.0000000000
78973  -57.983  -4.317  39.476 0.0000000000
78954  -57.046  -4.456  40.312 0.0000000000
78939  -58.647  -4.604  41.412 0.0000000000
76468  -58.481  -5.837  41.618 0.0000000000
71229  -42.233  -11.025  55.688 0.0000000000
69921  -41.381  -12.410  55.825 0.0000000000
76363  -49.037  -6.657  50.728 0.0000000000
73869  -50.839  -8.756  47.078 0.0000000000
73870  -52.078  -8.857  46.455 0.0000000000
73881  -52.399  -9.143  45.306 0.0000000000
73894  -52.829  -8.365  44.489 0.0000000000
79013  -58.525  -4.816  37.364 0.0000000000
78998  -59.552  -4.039  38.821 0.0000000000
77766  -60.575  -5.277  39.224 0.0000000000
76547  -59.833  -6.165  38.026 0.0000000000
80235  -62.508  -3.425  35.086 0.0000000000
79044  -62.505  -4.142  34.348 0.0000000000
67287  -49.509  -14.011  54.081 0.0000000000
68614  -49.775  -12.261  55.319 0.0000000000
71221  -49.356  -10.563  55.709 0.0000000000
72485  -47.965  -9.709  57.162 0.0000000000
72500  -48.757  -9.682  56.285 0.0000000000
73737  -49.504  -9.093  55.519 0.0000000000
76289  -49.199  -6.912  55.011 0.0000000000
77545  -48.948  -6.877  53.832 0.0000000000
72535  -43.509  -10.120  55.313 0.0000000000
72537  -44.987  -9.766  54.569 0.0000000000
72547  -46.635  -9.620  53.784 0.0000000000
58759  -24.161  -19.654  67.921 0.0000000000
58771  -24.671  -19.543  67.167 0.0000000000
56507  -30.395  -22.640  63.127 0.0000000000
62410  -27.779  -17.228  65.361 0.0000000000
63618  -29.222  -17.617  66.276 0.0000000000
59894  -30.202  -19.595  66.437 0.0000000000
57621  -30.724  -21.994  64.884 0.0000000000
51813  -34.590  -25.719  62.447 0.0000000000
50772  -35.907  -25.668  62.120 0.0000000000
56471  -37.300  -22.944  63.353 0.0000000000
56492  -38.031  -22.240  63.040 0.0000000000
56493  -38.385  -22.921  63.336 0.0000000000
56512  -38.926  -23.443  62.528 0.0000000000
55369  -39.866  -23.967  61.500 0.0000000000
58859  -42.396  -19.963  60.188 0.0000000000
64752  -40.948  -16.507  59.970 0.0000000000
64740  -41.469  -16.360  60.392 0.0000000000
65886  -42.220  -15.747  60.371 0.0000000000
68548  -41.739  -13.946  60.277 0.0000000000
67186  -43.004  -15.220  60.244 0.0000000000
64755  -44.071  -16.273  60.372 0.0000000000
64785  -44.229  -16.129  59.491 0.0000000000
63671  -44.256  -16.654  58.234 0.0000000000
66048  -44.238  -14.462  54.469 0.0000000000
68590  -44.528  -12.337  56.679 0.0000000000
67254  -44.291  -13.078  55.885 0.0000000000
67283  -45.161  -13.542  54.382 0.0000000000
67302  -46.664  -13.549  53.488 0.0000000000
59882  -23.921  -18.543  69.397 0.0000000000
77612  -51.369  -6.095  50.687 0.0000000000
76351  -51.863  -7.253  51.372 0.0000000000
73814  -51.483  -8.898  51.504 0.0000000000
73829  -52.629  -8.196  49.535 0.0000000000
72589  -51.469  -9.082  50.385 0.0000000000
69969  -51.060  -11.238  51.912 0.0000000000
75177  -52.213  -8.158  43.408 0.0000000000
75166  -53.520  -7.680  44.204 0.0000000000
78953  -55.587  -4.942  40.557 0.0000000000
77746  -54.365  -5.532  40.551 0.0000000000
76452  -53.532  -6.499  42.409 0.0000000000
76420  -54.107  -7.072  43.834 0.0000000000
73896  -54.100  -8.575  44.833 0.0000000000
72674  -54.225  -9.223  44.759 0.0000000000
57587  -22.726  -20.984  66.056 0.0000000000
72482  -43.379  -9.878  57.890 0.0000000000
73697  -43.821  -9.463  57.718 0.0000000000
72512  -43.131  -9.961  56.477 0.0000000000
60001  -40.024  -19.148  60.893 0.0000000000
61217  -39.818  -18.014  61.107 0.0000000000
61238  -40.249  -18.156  60.671 0.0000000000
71206  -42.531  -10.689  57.337 0.0000000000
72481  -42.923  -10.421  57.987 0.0000000000
77587  -49.104  -6.462  51.883 0.0000000000
77567  -49.583  -6.563  52.586 0.0000000000
73884  -53.377  -8.928  46.133 0.0000000000
76530  -59.140  -6.345  39.565 0.0000000000
80234  -60.802  -3.196  34.683 0.0000000000
81409  -60.976  -3.257  37.145 0.0000000000
80215  -61.717  -3.711  36.887 0.0000000000
81417  -61.556  -3.238  36.225 0.0000000000
68593  -47.464  -11.236  56.120 0.0000000000
68594  -47.976  -11.283  55.952 0.0000000000
75006  -46.578  -7.868  55.823 0.0000000000
76256  -47.264  -7.836  56.020 0.0000000000
76269  -47.234  -7.747  55.686 0.0000000000
76286  -47.333  -7.736  55.091 0.0000000000
62355  -25.078  -17.202  69.319 0.0000000000
62356  -25.824  -17.195  68.897 0.0000000000
62369  -28.790  -17.953  67.401 0.0000000000
57590  -32.006  -21.714  66.091 0.0000000000
54141  -36.883  -24.165  64.162 0.0000000000
54159  -37.468  -24.425  63.655 0.0000000000
54174  -37.843  -24.799  63.124 0.0000000000
55329  -37.883  -24.109  63.550 0.0000000000
57625  -39.900  -20.316  62.554 0.0000000000
57649  -40.239  -20.954  62.362 0.0000000000
56514  -40.218  -22.267  61.708 0.0000000000
57687  -41.244  -21.423  60.768 0.0000000000
62469  -42.657  -17.382  61.158 0.0000000000
62484  -43.459  -17.778  60.732 0.0000000000
62498  -44.461  -17.799  60.201 0.0000000000
63649  -43.901  -16.861  60.638 0.0000000000
65942  -41.341  -14.861  59.101 0.0000000000
68564  -42.841  -13.320  58.859 0.0000000000
69906  -46.515  -11.046  56.490 0.0000000000
69915  -46.276  -11.452  56.191 0.0000000000
68611  -47.120  -12.098  55.389 0.0000000000
63582  -24.731  -16.834  68.641 0.0000000000
63574  -24.423  -16.965  69.269 0.0000000000
62344  -24.843  -17.085  69.518 0.0000000000
69924  -50.147  -11.385  55.311 0.0000000000
67273  -51.028  -12.800  55.138 0.0000000000
69925  -51.011  -11.439  55.033 0.0000000000
69955  -51.535  -11.283  52.657 0.0000000000
68632  -51.845  -12.239  52.889 0.0000000000
68642  -51.579  -12.012  52.373 0.0000000000
68641  -51.348  -11.638  52.105 0.0000000000
76389  -52.375  -6.796  48.812 0.0000000000
78994  -56.064  -5.085  38.471 0.0000000000
75181  -56.940  -6.541  42.848 0.0000000000
77703  -56.914  -5.911  43.138 0.0000000000
76439  -56.364  -6.635  43.460 0.0000000000
71182  -45.662  -10.263  58.137 0.0000000000
72467  -46.161  -9.723  57.860 0.0000000000
73715  -44.554  -8.833  57.156 0.0000000000
73716  -45.233  -8.495  56.899 0.0000000000
73734  -45.455  -8.474  56.120 0.0000000000
73753  -45.225  -8.961  55.750 0.0000000000
63615  -27.451  -17.079  66.146 0.0000000000
59957  -39.641  -19.250  62.796 0.0000000000
58817  -39.807  -19.620  62.832 0.0000000000
59943  -39.889  -19.023  63.470 0.0000000000
59945  -40.699  -19.115  62.511 0.0000000000
61162  -40.222  -18.601  63.448 0.0000000000
62465  -40.417  -17.678  62.140 0.0000000000
62450  -40.806  -18.023  62.532 0.0000000000
63630  -41.292  -17.612  61.531 0.0000000000
63631  -42.171  -17.389  61.501 0.0000000000
64727  -41.365  -17.045  61.019 0.0000000000
69903  -41.613  -12.610  57.919 0.0000000000
69893  -41.872  -12.007  58.563 0.0000000000
71179  -43.060  -10.655  59.100 0.0000000000
71162  -42.283  -11.478  59.367 0.0000000000
71163  -43.004  -10.933  59.379 0.0000000000
69876  -43.027  -11.561  59.153 0.0000000000
69877  -43.699  -11.118  59.066 0.0000000000
72465  -44.561  -9.838  58.477 0.0000000000
71181  -44.770  -10.487  58.462 0.0000000000
71194  -45.913  -10.628  57.888 0.0000000000
62392  -23.891  -17.570  66.543 0.0000000000
62381  -24.321  -17.135  67.264 0.0000000000
76291  -50.156  -7.640  54.054 0.0000000000
75032  -50.539  -8.451  53.942 0.0000000000
76292  -50.629  -7.983  53.646 0.0000000000
76317  -51.362  -7.432  52.699 0.0000000000
75074  -51.304  -8.076  52.995 0.0000000000
75090  -51.420  -8.048  52.486 0.0000000000
73805  -51.498  -8.756  52.506 0.0000000000
75102  -51.619  -7.985  51.811 0.0000000000
75152  -53.003  -7.720  47.367 0.0000000000
75153  -53.185  -8.054  47.268 0.0000000000
71373  -53.229  -9.908  46.974 0.0000000000
71339  -53.083  -9.615  47.490 0.0000000000
71357  -52.878  -9.881  47.284 0.0000000000
70019  -52.228  -10.082  47.526 0.0000000000
70037  -51.844  -10.646  46.860 0.0000000000
78956  -59.265  -4.401  40.465 0.0000000000
78955  -58.311  -4.291  40.533 0.0000000000
78940  -59.286  -4.802  40.913 0.0000000000
76467  -57.883  -6.079  42.171 0.0000000000
69922  -41.823  -11.781  55.769 0.0000000000
75151  -51.633  -8.328  47.251 0.0000000000
72672  -51.341  -9.367  44.333 0.0000000000
73882  -52.938  -8.792  45.592 0.0000000000
73905  -52.237  -8.332  44.099 0.0000000000
79024  -59.897  -4.246  36.742 0.0000000000
79023  -58.999  -4.951  36.002 0.0000000000
78997  -58.690  -4.219  38.623 0.0000000000
79000  -61.263  -4.538  38.189 0.0000000000
78976  -60.605  -4.651  39.029 0.0000000000
78977  -61.094  -4.869  38.689 0.0000000000
76532  -60.461  -5.624  38.671 0.0000000000
77811  -61.054  -5.353  38.341 0.0000000000
76548  -60.821  -5.682  37.726 0.0000000000
77831  -61.760  -4.928  36.284 0.0000000000
82587  -62.069  -2.320  35.012 0.0000000000
81444  -62.402  -2.562  34.698 0.0000000000
79053  -62.839  -4.025  33.126 0.0000000000
67304  -48.906  -14.048  53.551 0.0000000000
67305  -49.314  -14.225  53.698 0.0000000000
68623  -48.743  -12.930  54.575 0.0000000000
68595  -48.448  -11.338  55.790 0.0000000000
68605  -48.942  -11.781  55.593 0.0000000000
69916  -48.939  -11.101  55.752 0.0000000000
69923  -49.461  -11.514  55.529 0.0000000000
73687  -47.005  -9.417  57.508 0.0000000000
73701  -47.512  -9.090  57.340 0.0000000000
76258  -48.119  -8.289  56.005 0.0000000000
73717  -48.476  -8.949  56.544 0.0000000000
73735  -48.730  -8.790  56.217 0.0000000000
72501  -49.274  -9.674  55.834 0.0000000000
75008  -49.242  -8.423  55.394 0.0000000000
75009  -49.736  -8.563  54.924 0.0000000000
76272  -48.953  -7.773  55.343 0.0000000000
77527  -48.408  -6.880  54.542 0.0000000000
77528  -48.549  -6.794  54.727 0.0000000000
58782  -24.093  -20.030  66.242 0.0000000000
62367  -27.344  -17.540  68.161 0.0000000000
57619  -29.233  -20.943  64.262 0.0000000000
57642  -29.621  -21.585  63.886 0.0000000000
56483  -29.967  -22.196  63.496 0.0000000000
62426  -28.133  -17.665  64.706 0.0000000000
62411  -28.565  -17.479  65.481 0.0000000000
59895  -30.800  -19.646  66.545 0.0000000000
58774  -30.464  -20.457  66.290 0.0000000000
57578  -30.707  -20.769  66.201 0.0000000000
56449  -31.355  -22.556  65.011 0.0000000000
56485  -31.356  -22.935  63.940 0.0000000000
55340  -31.066  -22.969  63.269 0.0000000000
55341  -31.516  -23.418  63.588 0.0000000000
55354  -31.396  -23.598  62.941 0.0000000000
54154  -33.321  -24.644  63.687 0.0000000000
54170  -32.810  -24.596  63.209 0.0000000000
54171  -33.646  -25.049  63.289 0.0000000000
51812  -34.318  -25.770  62.838 0.0000000000
52898  -34.417  -25.638  63.207 0.0000000000
52888  -36.118  -25.284  63.166 0.0000000000
54157  -35.556  -24.928  64.062 0.0000000000
51796  -35.463  -25.561  63.007 0.0000000000
50758  -35.468  -25.612  62.588 0.0000000000
50759  -36.153  -25.614  62.266 0.0000000000
51807  -36.699  -25.620  62.357 0.0000000000
52902  -38.600  -24.972  62.261 0.0000000000
52909  -38.254  -25.475  61.777 0.0000000000
52910  -38.881  -25.155  61.796 0.0000000000
52921  -39.362  -25.495  61.235 0.0000000000
52911  -39.686  -25.109  61.470 0.0000000000
57648  -39.142  -21.520  62.695 0.0000000000
56535  -40.191  -23.439  61.358 0.0000000000
55370  -40.482  -23.977  60.996 0.0000000000
57704  -41.919  -21.425  60.071 0.0000000000
56557  -42.391  -22.133  59.672 0.0000000000
56558  -42.846  -21.847  59.580 0.0000000000
59959  -41.433  -19.257  61.971 0.0000000000
59972  -41.627  -19.890  61.465 0.0000000000
59973  -41.730  -19.545  61.503 0.0000000000
63663  -40.609  -16.911  59.494 0.0000000000
64765  -40.922  -16.299  59.678 0.0000000000
65900  -41.477  -15.115  59.773 0.0000000000
64753  -40.859  -16.054  59.927 0.0000000000
65884  -41.493  -15.663  60.045 0.0000000000
64741  -41.862  -16.324  60.589 0.0000000000
65885  -42.125  -15.110  60.329 0.0000000000
68574  -41.785  -12.896  59.503 0.0000000000
68573  -41.467  -13.525  59.643 0.0000000000
68561  -41.816  -13.312  59.919 0.0000000000
67202  -43.081  -14.519  59.651 0.0000000000
67185  -42.567  -14.384  60.193 0.0000000000
67169  -42.902  -15.589  60.438 0.0000000000
65902  -43.650  -15.671  60.195 0.0000000000
64767  -44.294  -16.157  60.077 0.0000000000
65945  -43.923  -15.762  59.614 0.0000000000
64803  -44.011  -15.986  58.694 0.0000000000
66006  -43.489  -14.344  56.296 0.0000000000
67265  -43.965  -13.846  55.217 0.0000000000
69894  -44.321  -11.542  58.057 0.0000000000
68601  -45.734  -11.832  55.850 0.0000000000
67255  -45.088  -12.429  55.742 0.0000000000
67267  -45.460  -12.717  55.165 0.0000000000
67301  -45.759  -13.546  53.799 0.0000000000
67303  -47.867  -13.749  53.219 0.0000000000
59883  -24.635  -18.328  69.095 0.0000000000
59891  -24.112  -18.944  68.544 0.0000000000
71247  -51.353  -10.580  53.787 0.0000000000
69933  -51.277  -11.530  54.321 0.0000000000
76374  -49.719  -6.790  49.844 0.0000000000
77611  -50.549  -6.072  50.708 0.0000000000
76367  -52.226  -7.086  50.588 0.0000000000
75111  -52.046  -7.812  51.026 0.0000000000
73815  -51.533  -8.694  51.649 0.0000000000
73822  -51.489  -8.788  51.148 0.0000000000
73837  -52.932  -8.420  48.906 0.0000000000
73830  -53.202  -8.038  49.030 0.0000000000
72602  -52.193  -8.873  48.943 0.0000000000
71304  -50.998  -9.851  50.332 0.0000000000
71288  -51.095  -10.242  51.440 0.0000000000
69968  -50.642  -11.030  51.406 0.0000000000
75165  -53.009  -7.576  44.034 0.0000000000
76435  -53.056  -7.255  43.496 0.0000000000
78937  -56.544  -4.586  41.515 0.0000000000
78935  -55.105  -5.176  42.027 0.0000000000
78952  -54.945  -4.980  41.358 0.0000000000
77729  -54.493  -5.462  41.632 0.0000000000
77728  -53.751  -5.922  41.229 0.0000000000
76466  -53.346  -6.267  41.712 0.0000000000
77713  -53.984  -5.889  42.085 0.0000000000
76421  -55.114  -6.725  43.768 0.0000000000
76437  -54.611  -6.431  43.456 0.0000000000
75167  -54.314  -7.659  44.211 0.0000000000
72675  -54.543  -8.682  44.372 0.0000000000
73683  -44.502  -9.330  58.216 0.0000000000
73684  -45.353  -8.973  58.077 0.0000000000
73698  -44.279  -9.125  57.778 0.0000000000
73714  -44.029  -9.239  57.203 0.0000000000
73732  -44.263  -9.111  56.691 0.0000000000
61180  -39.869  -18.369  62.649 0.0000000000
61198  -39.935  -18.029  61.804 0.0000000000
62464  -40.381  -17.830  61.436 0.0000000000
63637  -40.677  -17.397  61.156 0.0000000000
71191  -41.995  -11.220  58.450 0.0000000000
71192  -42.445  -10.797  58.199 0.0000000000
72462  -42.787  -10.581  58.522 0.0000000000
72446  -43.309  -10.595  59.126 0.0000000000
72447  -43.642  -10.423  59.101 0.0000000000
72464  -44.012  -9.838  58.831 0.0000000000
77530  -49.527  -6.831  53.851 0.0000000000
76304  -50.438  -7.245  53.460 0.0000000000
77547  -49.893  -6.731  53.115 0.0000000000
77548  -50.570  -6.712  52.885 0.0000000000
77569  -51.086  -6.558  52.180 0.0000000000
73872  -53.209  -8.600  46.754 0.0000000000
73873  -53.397  -8.911  46.871 0.0000000000
73874  -53.407  -9.253  46.950 0.0000000000
71372  -52.993  -9.967  46.831 0.0000000000
71371  -52.535  -10.310  46.669 0.0000000000
72641  -53.004  -9.708  46.418 0.0000000000
77748  -60.020  -5.384  40.242 0.0000000000
77731  -59.462  -5.282  40.735 0.0000000000
76488  -59.514  -5.872  40.505 0.0000000000
75261  -58.461  -6.537  40.064 0.0000000000
79036  -60.370  -4.088  36.065 0.0000000000
80213  -60.186  -3.808  37.559 0.0000000000
80204  -60.650  -3.526  37.726 0.0000000000
81397  -60.908  -3.401  37.859 0.0000000000
80205  -61.501  -3.893  37.457 0.0000000000
80206  -61.850  -4.001  36.972 0.0000000000
79016  -61.971  -4.133  36.785 0.0000000000
80223  -62.321  -3.649  35.974 0.0000000000
82607  -62.535  -1.382  33.560 0.0000000000
81457  -62.735  -2.200  33.709 0.0000000000
80252  -62.905  -3.059  33.114 0.0000000000
79067  -62.795  -4.255  32.173 0.0000000000
68612  -47.848  -12.173  54.990 0.0000000000
69909  -48.313  -10.924  56.105 0.0000000000
74955  -46.620  -8.316  57.119 0.0000000000
74956  -47.375  -8.445  56.983 0.0000000000
74981  -47.111  -8.093  56.510 0.0000000000
76257  -47.637  -8.079  56.036 0.0000000000
76271  -48.261  -7.578  55.442 0.0000000000
77501  -48.555  -7.378  55.433 0.0000000000
76288  -48.110  -7.102  55.330 0.0000000000
76302  -48.045  -7.065  54.596 0.0000000000
76301  -47.717  -7.599  54.154 0.0000000000
59892  -25.021  -18.462  68.475 0.0000000000
61102  -25.810  -18.064  68.384 0.0000000000
61119  -26.231  -18.218  67.911 0.0000000000
58800  -29.714  -20.619  65.592 0.0000000000
57579  -30.984  -20.813  66.370 0.0000000000
57567  -31.224  -20.565  66.421 0.0000000000
57604  -31.833  -22.524  65.429 0.0000000000
56450  -31.848  -23.001  65.079 0.0000000000
54152  -32.138  -23.894  64.019 0.0000000000
55328  -32.277  -23.774  64.308 0.0000000000
55316  -32.796  -23.872  64.603 0.0000000000
54138  -33.474  -24.491  64.231 0.0000000000
52889  -36.756  -25.143  63.284 0.0000000000
52900  -37.060  -25.309  62.813 0.0000000000
54175  -38.487  -24.709  62.658 0.0000000000
56536  -40.589  -22.740  61.006 0.0000000000
61201  -42.044  -18.267  61.638 0.0000000000
61219  -42.516  -19.067  61.080 0.0000000000
62483  -42.789  -18.491  61.067 0.0000000000
61221  -43.722  -18.372  60.466 0.0000000000
63664  -44.471  -17.111  59.501 0.0000000000
65941  -41.089  -15.474  58.851 0.0000000000
64782  -40.889  -16.024  59.229 0.0000000000
65921  -41.413  -15.090  59.569 0.0000000000
67182  -41.516  -14.318  59.998 0.0000000000
65944  -43.586  -15.462  59.182 0.0000000000
65965  -43.537  -15.245  58.424 0.0000000000
69914  -45.899  -11.409  56.395 0.0000000000
68610  -46.373  -12.114  55.449 0.0000000000
67268  -46.656  -12.561  54.969 0.0000000000
67269  -47.269  -12.427  54.941 0.0000000000
62365  -23.400  -17.205  68.513 0.0000000000
63573  -23.868  -17.031  69.209 0.0000000000
63567  -23.786  -17.271  69.598 0.0000000000
71261  -51.669  -10.554  53.195 0.0000000000
68625  -51.748  -12.379  53.431 0.0000000000
69943  -51.677  -11.425  53.113 0.0000000000
76387  -50.356  -6.950  49.087 0.0000000000
76375  -50.702  -6.241  49.784 0.0000000000
76376  -51.660  -6.324  49.685 0.0000000000
71319  -51.828  -9.567  48.666 0.0000000000
78926  -57.117  -4.831  42.163 0.0000000000
77716  -56.832  -5.194  42.623 0.0000000000
78914  -55.999  -5.177  43.036 0.0000000000
77701  -55.716  -5.539  43.183 0.0000000000
77700  -55.067  -5.940  43.068 0.0000000000
77683  -55.896  -6.016  43.573 0.0000000000
76422  -56.000  -6.570  43.682 0.0000000000
73897  -55.054  -8.201  44.167 0.0000000000
81428  -60.907  -2.630  34.828 0.0000000000
82575  -61.518  -2.776  35.576 0.0000000000
82595  -61.431  -2.124  34.361 0.0000000000
82596  -61.677  -1.761  34.282 0.0000000000
83747  -61.845  -1.343  33.924 0.0000000000
83755  -61.594  -1.214  33.392 0.0000000000
83756  -62.192  -0.874  33.425 0.0000000000
83769  -62.622  -0.543  32.905 0.0000000000
69897  -46.911  -10.510  56.809 0.0000000000
71195  -46.578  -10.272  57.447 0.0000000000
72468  -46.667  -9.616  57.582 0.0000000000
73686  -46.763  -9.169  57.561 0.0000000000
74936  -46.088  -8.719  57.578 0.0000000000
74979  -45.888  -8.042  56.436 0.0000000000
75005  -45.969  -8.075  55.747 0.0000000000
75029  -46.072  -8.268  55.403 0.0000000000
63583  -25.476  -16.808  68.623 0.0000000000
63576  -25.594  -16.974  69.063 0.0000000000
63594  -25.904  -16.654  67.816 0.0000000000
63596  -27.502  -16.984  67.587 0.0000000000
63597  -28.167  -17.207  67.429 0.0000000000
63598  -28.686  -17.533  67.214 0.0000000000
55318  -36.635  -23.557  64.160 0.0000000000
58816  -39.397  -19.946  62.712 0.0000000000
57626  -40.641  -20.169  62.407 0.0000000000
57627  -41.034  -20.170  62.219 0.0000000000
58819  -40.966  -19.719  62.401 0.0000000000
59958  -41.167  -19.413  62.254 0.0000000000
59946  -41.136  -18.814  62.253 0.0000000000
62433  -40.405  -18.362  63.034 0.0000000000
61181  -40.967  -18.262  62.467 0.0000000000
61182  -41.353  -18.485  61.924 0.0000000000
62452  -42.028  -17.712  61.480 0.0000000000
62453  -42.446  -16.989  61.206 0.0000000000
63641  -42.539  -16.883  61.085 0.0000000000
68589  -41.383  -13.313  58.267 0.0000000000
68583  -41.375  -13.436  59.050 0.0000000000
69892  -41.589  -12.749  58.738 0.0000000000
69874  -42.051  -12.360  59.477 0.0000000000
71177  -41.952  -11.450  59.148 0.0000000000
71161  -42.009  -11.799  59.401 0.0000000000
68575  -42.877  -12.329  58.799 0.0000000000
68576  -43.487  -12.467  58.319 0.0000000000
69887  -44.856  -11.130  58.348 0.0000000000
71180  -44.099  -10.719  58.941 0.0000000000
69895  -45.231  -11.260  57.763 0.0000000000
69896  -46.099  -10.718  57.223 0.0000000000
62380  -23.656  -17.196  67.564 0.0000000000
63592  -24.320  -16.826  67.950 0.0000000000
72529  -50.393  -9.713  54.987 0.0000000000
72530  -50.713  -9.737  54.297 0.0000000000
71233  -50.917  -10.300  54.160 0.0000000000
72540  -51.165  -9.678  53.710 0.0000000000
75053  -50.988  -8.296  53.489 0.0000000000
73792  -51.393  -8.759  53.175 0.0000000000
72548  -51.622  -9.645  53.190 0.0000000000
71274  -51.447  -10.249  52.259 0.0000000000
75142  -52.670  -7.421  47.769 0.0000000000
76398  -52.863  -7.191  48.285 0.0000000000
75143  -53.274  -7.556  47.975 0.0000000000
73838  -53.335  -8.353  48.395 0.0000000000
73839  -53.422  -8.948  47.887 0.0000000000
72603  -52.465  -9.295  48.374 0.0000000000
78996  -57.711  -4.589  38.415 0.0000000000
78972  -57.112  -4.610  39.150 0.0000000000
77730  -58.963  -5.205  41.402 0.0000000000
77718  -58.244  -5.293  41.881 0.0000000000
78927  -57.864  -4.897  41.956 0.0000000000
76454  -57.904  -5.780  42.224 0.0000000000
76453  -57.385  -6.086  42.728 0.0000000000
71219  -42.630  -10.535  56.481 0.0000000000
67240  -41.334  -13.984  57.759 0.0000000000
69912  -41.542  -12.507  56.908 0.0000000000
69913  -41.949  -11.881  56.677 0.0000000000
71218  -42.164  -11.125  56.555 0.0000000000
76362  -48.185  -7.106  50.404 0.0000000000
76373  -48.717  -7.092  49.810 0.0000000000
76386  -49.396  -7.286  49.228 0.0000000000
75130  -50.847  -7.398  48.448 0.0000000000
75140  -50.613  -7.992  47.860 0.0000000000
75141  -51.735  -7.584  47.753 0.0000000000
73852  -52.232  -8.188  47.184 0.0000000000
72640  -51.885  -9.270  45.752 0.0000000000
77810  -57.664  -5.384  36.969 0.0000000000
79012  -57.414  -5.126  37.635 0.0000000000
78974  -58.983  -4.158  39.621 0.0000000000
78975  -59.924  -4.199  39.485 0.0000000000
80192  -60.074  -4.044  38.864 0.0000000000
80176  -60.066  -4.122  39.149 0.0000000000
78958  -60.386  -5.088  39.787 0.0000000000
76512  -60.142  -5.744  39.479 0.0000000000
76531  -59.740  -6.035  39.085 0.0000000000
76546  -59.194  -6.384  38.698 0.0000000000
76569  -61.277  -5.412  37.024 0.0000000000
81429  -61.902  -2.809  35.934 0.0000000000
81430  -62.102  -2.887  35.600 0.0000000000
79037  -62.405  -4.244  35.445 0.0000000000
68613  -48.847  -12.527  55.060 0.0000000000
67271  -49.718  -13.149  54.778 0.0000000000
71231  -49.944  -10.744  55.391 0.0000000000
69898  -47.627  -10.578  56.648 0.0000000000
71197  -48.121  -10.316  56.809 0.0000000000
71207  -48.428  -10.500  56.318 0.0000000000
73702  -48.142  -9.073  56.902 0.0000000000
72499  -48.420  -9.403  56.679 0.0000000000
71208  -48.898  -10.178  56.007 0.0000000000
71209  -49.497  -10.050  55.732 0.0000000000
72515  -49.851  -9.641  55.459 0.0000000000
73756  -50.086  -9.123  54.984 0.0000000000
76274  -49.900  -8.170  54.529 0.0000000000
76290  -49.419  -7.212  54.649 0.0000000000
77513  -48.939  -6.742  55.113 0.0000000000
77514  -49.272  -6.849  54.539 0.0000000000
72525  -43.433  -9.931  55.898 0.0000000000
72526  -43.939  -9.695  55.717 0.0000000000
72536  -44.101  -9.978  54.952 0.0000000000
72527  -44.654  -9.406  55.542 0.0000000000
72528  -45.290  -9.164  55.176 0.0000000000
72538  -45.978  -9.277  54.724 0.0000000000
72539  -46.630  -9.168  54.443 0.0000000000
73790  -47.120  -8.855  54.168 0.0000000000
76348  -47.876  -7.527  50.975 0.0000000000
58770  -23.660  -20.237  67.367 0.0000000000
61103  -26.690  -17.846  68.275 0.0000000000
63616  -28.196  -17.125  66.140 0.0000000000
63608  -29.004  -17.573  66.666 0.0000000000
62382  -29.230  -17.865  66.895 0.0000000000
61107  -29.802  -18.856  66.512 0.0000000000
58786  -30.124  -20.659  65.881 0.0000000000
57589  -30.876  -21.037  66.097 0.0000000000
56464  -30.299  -22.065  64.187 0.0000000000
56484  -30.694  -22.543  63.736 0.0000000000
54156  -34.482  -24.731  64.151 0.0000000000
52886  -34.628  -25.471  63.385 0.0000000000
51805  -34.866  -25.987  63.064 0.0000000000
51808  -37.299  -25.571  62.322 0.0000000000
51816  -37.582  -25.655  61.935 0.0000000000
56454  -36.771  -23.270  63.698 0.0000000000
56472  -37.419  -23.335  63.572 0.0000000000
56491  -37.673  -22.150  62.790 0.0000000000
56470  -37.242  -22.739  63.141 0.0000000000
55330  -37.800  -23.718  63.607 0.0000000000
55355  -38.783  -24.162  62.494 0.0000000000
55356  -39.237  -23.968  61.979 0.0000000000
54185  -39.471  -24.613  61.710 0.0000000000
54193  -40.206  -24.701  61.366 0.0000000000
58858  -41.915  -20.389  60.447 0.0000000000
59987  -42.538  -19.578  60.647 0.0000000000
60002  -42.708  -19.823  60.114 0.0000000000
58873  -42.684  -20.392  59.751 0.0000000000
62496  -40.490  -17.534  60.343 0.0000000000
63655  -40.671  -17.057  60.112 0.0000000000
63646  -40.722  -17.462  60.635 0.0000000000
64766  -41.130  -15.912  59.716 0.0000000000
64739  -41.259  -16.414  60.268 0.0000000000
63639  -40.835  -16.971  60.912 0.0000000000
64742  -42.273  -16.471  60.844 0.0000000000
64743  -42.902  -16.382  60.738 0.0000000000
68560  -41.519  -13.886  60.059 0.0000000000
68547  -41.587  -14.137  60.169 0.0000000000
68549  -42.139  -13.684  60.242 0.0000000000
67184  -42.029  -14.349  60.353 0.0000000000
67167  -42.189  -14.987  60.226 0.0000000000
67168  -42.579  -15.312  60.303 0.0000000000
65888  -43.138  -15.833  60.511 0.0000000000
64754  -43.514  -16.323  60.573 0.0000000000
64804  -44.279  -16.622  58.950 0.0000000000
64784  -43.921  -15.882  58.927 0.0000000000
68600  -44.954  -12.235  56.127 0.0000000000
67315  -47.209  -13.818  52.871 0.0000000000
67316  -47.563  -13.904  52.847 0.0000000000
59890  -23.472  -19.191  69.043 0.0000000000
77610  -49.618  -6.402  51.119 0.0000000000
77589  -50.796  -6.270  51.483 0.0000000000
77590  -51.334  -6.411  51.404 0.0000000000
77613  -51.809  -6.606  51.036 0.0000000000
72575  -51.507  -9.279  52.052 0.0000000000
76390  -53.103  -7.134  48.656 0.0000000000
75119  -52.979  -7.584  49.324 0.0000000000
72590  -52.018  -8.530  49.809 0.0000000000
73823  -51.923  -8.324  50.507 0.0000000000
73904  -51.782  -8.531  43.590 0.0000000000
78971  -56.155  -4.923  39.233 0.0000000000
77765  -55.188  -5.300  39.395 0.0000000000
77747  -54.908  -5.422  40.018 0.0000000000
77764  -54.386  -5.576  39.472 0.0000000000
76451  -53.159  -7.024  42.763 0.0000000000
77699  -54.269  -6.134  42.857 0.0000000000
76436  -53.730  -6.818  43.276 0.0000000000
76419  -53.304  -7.183  43.899 0.0000000000
72685  -54.788  -8.706  44.051 0.0000000000
72673  -53.633  -9.705  44.252 0.0000000000
71411  -52.581  -10.201  44.673 0.0000000000
50746  -35.015  -26.069  63.059 0.0000000000
50747  -35.236  -25.789  62.939 0.0000000000
50756  -34.859  -26.101  63.160 0.0000000000
50757  -34.985  -25.890  62.867 0.0000000000
50770  -34.833  -26.018  62.952 0.0000000000
51794  -34.803  -25.789  63.172 0.0000000000
51795  -35.039  -25.825  63.105 0.0000000000
51803  -34.430  -25.809  63.073 0.0000000000
51804  -34.660  -25.870  63.012 0.0000000000
51806  -36.009  -25.478  62.588 0.0000000000
52897  -34.067  -25.650  63.052 0.0000000000
54142  -37.476  -24.008  63.868 0.0000000000
54160  -37.688  -24.063  63.703 0.0000000000
54172  -34.140  -25.364  63.351 0.0000000000
55315  -32.126  -23.399  64.706 0.0000000000
55342  -37.921  -24.350  63.409 0.0000000000
56455  -37.197  -23.584  63.866 0.0000000000
56465  -31.009  -22.517  64.405 0.0000000000
56466  -31.579  -23.000  64.582 0.0000000000
57705  -42.474  -21.297  59.626 0.0000000000
58760  -30.820  -20.171  66.585 0.0000000000
58833  -39.524  -19.744  62.752 0.0000000000
58834  -41.261  -19.818  62.096 0.0000000000
58835  -41.384  -19.548  61.962 0.0000000000
59944  -40.249  -19.128  63.223 0.0000000000
59986  -41.826  -19.918  61.173 0.0000000000
61161  -39.919  -18.531  63.293 0.0000000000
61163  -40.725  -18.726  62.877 0.0000000000
61183  -41.867  -18.178  61.577 0.0000000000
61199  -42.344  -18.855  61.336 0.0000000000
61218  -42.367  -18.932  61.207 0.0000000000
62354  -24.610  -17.192  69.561 0.0000000000
62395  -29.475  -17.835  66.411 0.0000000000
62431  -39.814  -17.920  62.834 0.0000000000
62432  -40.262  -18.166  63.040 0.0000000000
62449  -40.447  -17.978  62.226 0.0000000000
62466  -42.484  -18.742  61.237 0.0000000000
62467  -42.430  -18.576  61.310 0.0000000000
62481  -42.522  -18.998  61.202 0.0000000000
62482  -42.659  -18.834  61.059 0.0000000000
62485  -44.149  -17.274  60.508 0.0000000000
63568  -24.123  -17.210  69.620 0.0000000000
63617  -28.849  -17.412  66.200 0.0000000000
63628  -40.818  -17.848  62.131 0.0000000000
63629  -41.092  -17.769  61.892 0.0000000000
63632  -42.135  -17.031  61.305 0.0000000000
63640  -42.204  -16.878  61.205 0.0000000000
63647  -41.010  -16.869  60.307 0.0000000000
64728  -41.789  -16.877  61.132 0.0000000000
64783  -44.054  -15.814  58.705 0.0000000000
64802  -44.224  -15.611  58.739 0.0000000000
65887  -42.679  -15.897  60.531 0.0000000000
65901  -41.657  -15.116  59.974 0.0000000000
65903  -44.114  -15.964  60.174 0.0000000000
65923  -44.086  -15.830  59.920 0.0000000000
65943  -43.756  -15.661  58.864 0.0000000000
66027  -43.801  -13.889  55.398 0.0000000000
66075  -49.426  -14.617  53.453 0.0000000000
67166  -41.988  -14.827  60.203 0.0000000000
67200  -41.360  -14.220  59.771 0.0000000000
67253  -44.026  -13.624  55.437 0.0000000000
67270  -49.107  -13.193  54.538 0.0000000000
68550  -42.512  -13.506  60.039 0.0000000000
68592  -47.073  -11.151  56.229 0.0000000000
68615  -50.709  -12.224  55.269 0.0000000000
68622  -48.329  -12.697  54.553 0.0000000000
68624  -51.461  -12.429  54.100 0.0000000000
69899  -48.061  -10.676  56.472 0.0000000000
69917  -49.548  -11.047  55.527 0.0000000000
70003  -51.941  -10.045  47.747 0.0000000000
70004  -51.951  -9.807  47.890 0.0000000000
71165  -44.187  -10.313  58.886 0.0000000000
71198  -48.514  -10.130  56.444 0.0000000000
71222  -50.053  -10.197  55.484 0.0000000000
71287  -50.803  -10.318  50.951 0.0000000000
71320  -52.226  -9.374  48.439 0.0000000000
71338  -52.802  -9.635  47.723 0.0000000000
71358  -53.083  -9.764  47.277 0.0000000000
72483  -46.503  -9.930  57.656 0.0000000000
72484  -47.094  -9.768  57.420 0.0000000000
72486  -48.385  -9.867  56.728 0.0000000000
72498  -43.514  -9.691  57.191 0.0000000000
72514  -44.266  -9.298  56.168 0.0000000000
72560  -51.510  -9.596  52.169 0.0000000000
72574  -51.390  -9.311  51.623 0.0000000000
72615  -52.922  -9.199  48.280 0.0000000000
72616  -53.119  -9.436  47.849 0.0000000000
72617  -53.204  -9.546  47.413 0.0000000000
72627  -53.325  -9.647  47.069 0.0000000000
72642  -53.263  -9.704  46.756 0.0000000000
73718  -48.787  -9.156  56.326 0.0000000000
73719  -49.121  -9.301  56.024 0.0000000000
73736  -49.083  -8.843  55.958 0.0000000000
73755  -46.166  -8.453  55.167 0.0000000000
73757  -50.509  -9.104  54.430 0.0000000000
73773  -46.077  -8.722  54.999 0.0000000000
73774  -46.554  -8.705  54.823 0.0000000000
73804  -51.451  -8.479  52.748 0.0000000000
73840  -53.363  -9.167  47.621 0.0000000000
73855  -53.406  -8.899  47.320 0.0000000000
73885  -53.341  -9.330  46.503 0.0000000000
74937  -46.647  -8.742  57.470 0.0000000000
74938  -46.974  -8.750  57.425 0.0000000000
74957  -47.994  -8.637  56.655 0.0000000000
74958  -48.255  -8.805  56.612 0.0000000000
74982  -48.167  -8.511  56.303 0.0000000000
74983  -48.393  -8.588  56.250 0.0000000000
75007  -48.767  -8.456  55.804 0.0000000000
75073  -51.399  -8.368  52.966 0.0000000000
75089  -51.403  -8.218  52.773 0.0000000000
75150  -51.215  -8.153  47.522 0.0000000000
75178  -52.565  -7.853  43.666 0.0000000000
75179  -55.658  -7.539  43.613 0.0000000000
75197  -57.336  -6.405  42.282 0.0000000000
76246  -47.731  -8.327  56.358 0.0000000000
76273  -49.536  -7.924  54.794 0.0000000000
76287  -47.752  -7.355  55.232 0.0000000000
76305  -50.892  -7.524  53.309 0.0000000000
76350  -48.916  -6.587  51.371 0.0000000000
76364  -50.090  -6.437  50.445 0.0000000000
76378  -53.159  -7.230  49.083 0.0000000000
76399  -53.176  -7.319  48.348 0.0000000000
76418  -52.953  -7.372  43.843 0.0000000000
76423  -56.475  -6.300  43.398 0.0000000000
76469  -59.068  -5.675  41.073 0.0000000000
76489  -59.992  -5.777  40.030 0.0000000000
76510  -59.093  -6.305  40.358 0.0000000000
76549  -61.248  -5.419  37.274 0.0000000000
76568  -61.073  -5.616  36.907 0.0000000000
77502  -48.816  -7.302  55.373 0.0000000000
77512  -48.445  -6.958  55.319 0.0000000000
77529  -49.156  -6.835  54.306 0.0000000000
77531  -50.103  -6.947  53.511 0.0000000000
77549  -51.158  -6.893  52.868 0.0000000000
77568  -50.322  -6.522  52.328 0.0000000000
77570  -51.421  -6.949  52.336 0.0000000000
77591  -51.535  -6.817  51.721 0.0000000000
77609  -49.123  -6.512  51.291 0.0000000000
77702  -56.478  -5.478  43.131 0.0000000000
77715  -55.350  -5.589  42.856 0.0000000000
77749  -60.259  -5.479  39.784 0.0000000000
77767  -60.968  -5.027  38.875 0.0000000000
77788  -55.999  -5.217  38.006 0.0000000000
77789  -60.902  -5.236  38.744 0.0000000000
77790  -61.243  -5.049  38.521 0.0000000000
77829  -61.269  -5.429  36.748 0.0000000000
77830  -61.469  -5.180  36.866 0.0000000000
77891  -62.406  -4.674  31.815 0.0000000000
78913  -55.807  -5.312  43.015 0.0000000000
78923  -55.220  -5.350  42.315 0.0000000000
78924  -55.584  -5.280  42.609 0.0000000000
78925  -56.320  -4.994  42.481 0.0000000000
78999  -60.915  -4.264  38.405 0.0000000000
79015  -61.676  -4.453  37.159 0.0000000000
79025  -60.458  -3.838  36.363 0.0000000000
79027  -62.118  -4.316  36.416 0.0000000000
80177  -60.228  -4.209  38.984 0.0000000000
80194  -61.073  -3.847  38.018 0.0000000000
80203  -60.077  -3.856  38.235 0.0000000000
80216  -62.048  -3.780  36.568 0.0000000000
81398  -61.102  -3.450  37.584 0.0000000000
82576  -61.673  -2.790  36.083 0.0000000000
82585  -61.479  -2.468  35.049 0.0000000000
82606  -61.547  -1.696  33.915 0.0000000000
83746  -61.683  -1.468  33.877 0.0000000000
138576  -34.310  -24.532  64.801 0.0000000000
