#!ascii label  , from subject 4035 vox2ras=TkReg
1961
10406  36.325  -64.441  12.363 0.2000000030
11156  36.801  -63.937  13.224 0.2000000030
11176  36.750  -63.605  12.607 0.2000000030
10428  35.936  -64.757  11.993 0.2000000030
11954  35.956  -62.902  12.451 0.1000000015
10369  36.787  -64.218  13.893 0.3000000119
11175  37.754  -63.144  13.176 0.2000000030
11197  36.375  -63.861  11.328 0.1000000015
10427  36.278  -64.433  11.566 0.2000000030
11952  37.673  -62.693  13.008 0.1000000015
11953  36.936  -62.744  12.634 0.1000000015
12751  37.153  -62.087  13.297 0.1000000015
12725  37.776  -61.434  13.763 0.1000000015
11926  36.331  -62.438  12.966 0.1000000015
13541  37.725  -60.307  15.191 0.1000000015
12752  35.979  -61.932  13.540 0.1000000015
12726  36.606  -61.434  13.996 0.1000000015
14417  37.643  -59.636  15.806 0.2000000030
12710  36.106  -61.161  14.849 0.1000000015
12749  39.137  -61.845  13.095 0.1000000015
13570  40.138  -60.503  14.510 0.1000000015
11951  38.399  -62.657  13.246 0.2000000030
12750  38.282  -61.833  13.105 0.1000000015
12774  38.471  -62.225  12.975 0.1000000015
12775  37.784  -62.319  12.984 0.1000000015
13572  38.350  -60.851  14.278 0.1000000015
14416  38.541  -59.730  15.487 0.1000000015
15312  38.600  -58.461  16.574 0.2000000030
14398  38.084  -59.189  16.202 0.2000000030
16250  38.558  -57.402  17.087 0.1000000015
14399  37.132  -59.239  16.420 0.2000000030
17274  38.017  -56.514  17.629 0.2000000030
18332  37.539  -55.665  17.834 0.1000000015
13571  39.375  -60.848  14.239 0.1000000015
13539  39.632  -60.342  14.590 0.1000000015
18330  39.601  -55.496  17.634 0.2000000030
20331  39.873  -53.215  18.110 0.2000000030
18306  38.814  -54.967  18.115 0.2000000030
19353  38.381  -54.215  18.350 0.1000000015
19354  37.594  -54.326  18.152 0.2000000030
13540  38.947  -60.347  14.827 0.1000000015
14415  39.800  -59.628  15.057 0.1000000015
14397  38.968  -59.157  15.863 0.2000000030
17271  40.656  -56.379  16.682 0.2000000030
16249  39.600  -57.152  16.832 0.3000000119
22191  40.072  -51.775  18.020 0.3000000119
20332  38.863  -53.331  18.463 0.2000000030
21267  38.452  -52.631  18.258 0.2000000030
18310  36.307  -54.663  17.642 0.2000000030
18329  40.846  -55.677  17.106 0.3000000119
16267  39.312  -57.867  16.517 0.2000000030
22190  40.684  -52.050  17.869 0.3000000119
22202  40.761  -51.329  17.574 0.3000000119
23134  40.319  -50.556  17.621 0.3000000119
22203  39.789  -51.132  17.646 0.3000000119
21281  38.735  -51.999  18.012 0.2000000030
20334  37.020  -53.742  17.809 0.2000000030
19377  36.688  -53.967  17.689 0.2000000030
23108  40.730  -50.260  19.029 0.4000000060
21280  41.239  -52.378  17.510 0.3000000119
23133  41.087  -50.512  17.656 0.3000000119
19376  40.316  -54.963  17.668 0.2000000030
20330  40.683  -53.094  17.632 0.2000000030
23135  39.371  -50.529  17.475 0.3000000119
21282  37.922  -52.261  17.620 0.2000000030
22204  38.720  -51.269  17.556 0.2000000030
20348  37.454  -52.939  17.582 0.2000000030
23109  39.493  -50.081  19.578 0.3000000119
24097  41.044  -49.837  17.961 0.3000000119
24123  38.793  -49.924  17.382 0.2000000030
24141  38.343  -50.224  17.019 0.2000000030
23136  38.587  -50.565  17.218 0.2000000030
23150  38.106  -50.608  16.715 0.1000000015
21296  37.525  -52.129  16.638 0.2000000030
22205  37.998  -51.514  17.043 0.2000000030
21283  37.361  -52.672  17.211 0.2000000030
23110  38.323  -49.722  19.712 0.3000000119
24077  39.012  -49.547  18.890 0.3000000119
24076  40.081  -49.715  18.668 0.3000000119
23111  37.512  -49.328  19.759 0.2000000030
24100  38.395  -49.524  18.189 0.3000000119
24079  36.978  -48.868  19.260 0.2000000030
24099  39.507  -49.602  18.083 0.3000000119
24124  37.734  -49.706  17.430 0.1000000015
24143  37.168  -50.001  16.690 0.1000000015
24142  37.985  -50.134  16.812 0.1000000015
24125  36.708  -49.550  17.417 0.1000000015
22215  37.792  -51.309  16.293 0.1000000015
23096  37.437  -49.763  20.587 0.3000000119
23097  36.598  -49.347  20.892 0.2000000030
25027  35.603  -48.655  21.114 0.2000000030
24058  36.767  -49.189  20.145 0.1000000015
24059  35.821  -49.055  20.560 0.1000000015
25057  36.697  -48.701  18.940 0.1000000015
24101  37.178  -49.268  18.380 0.1000000015
23137  36.190  -50.177  16.866 0.1000000015
23080  36.756  -49.845  21.533 0.2000000030
24060  35.029  -49.030  20.291 0.1000000015
24061  34.750  -48.903  20.080 0.1000000015
24081  35.286  -49.218  19.876 0.1000000015
25075  35.808  -48.867  18.633 0.1000000015
25074  36.519  -48.894  18.647 0.1000000015
25076  34.950  -48.945  18.741 0.1000000015
24126  35.716  -49.716  17.534 0.1000000015
24102  36.206  -49.227  18.100 0.1000000015
25047  33.992  -47.755  20.100 0.1000000015
24104  34.404  -49.194  18.159 0.1000000015
23138  35.145  -50.393  17.078 0.1000000015
25029  34.548  -47.839  21.136 0.1000000015
13573  37.188  -60.954  14.548 0.1000000015
12724  38.858  -61.471  13.700 0.1000000015
16251  37.481  -57.227  17.337 0.1000000015
19245  32.146  -54.141  25.482 0.5000000000
19228  31.409  -53.959  26.162 0.5000000000
19227  32.254  -53.880  26.233 0.5000000000
20229  33.063  -53.549  26.194 0.5000000000
20248  33.760  -53.489  25.645 0.5000000000
19200  30.027  -53.746  28.303 0.2000000030
19215  29.662  -54.620  27.595 0.2000000030
19214  30.114  -53.869  27.787 0.3000000119
20215  30.908  -53.517  27.330 0.3000000119
20232  31.034  -53.729  26.632 0.5000000000
20230  32.336  -53.170  26.651 0.5000000000
21175  33.210  -52.670  26.298 0.5000000000
21191  33.786  -52.817  25.831 0.5000000000
20247  34.816  -53.743  25.451 0.5000000000
19243  34.405  -54.512  25.244 0.5000000000
18194  34.898  -55.305  24.338 0.5000000000
20201  30.406  -53.333  28.463 0.3000000119
20200  31.118  -52.904  27.923 0.3000000119
20214  31.707  -53.045  27.281 0.5000000000
21174  33.903  -52.215  25.861 0.5000000000
21190  34.354  -52.877  25.616 0.5000000000
19242  35.448  -54.661  25.339 0.5000000000
17228  34.515  -56.150  20.132 0.4000000060
18267  35.718  -55.597  21.094 0.5000000000
18243  35.015  -55.307  21.564 0.5000000000
18206  35.056  -55.087  23.272 0.5000000000
17241  35.166  -56.765  19.802 0.4000000060
20202  30.045  -53.574  29.066 0.3000000119
21145  31.036  -52.365  28.737 0.4000000060
22084  31.825  -51.809  27.981 0.4000000060
21160  32.076  -52.629  27.185 0.5000000000
22082  33.058  -51.169  27.170 0.5000000000
22099  33.474  -51.655  26.443 0.5000000000
22098  34.255  -51.393  26.077 0.5000000000
23029  33.841  -50.841  26.779 0.5000000000
23028  34.702  -50.624  26.416 0.5000000000
22097  35.113  -51.207  25.726 0.5000000000
22107  35.607  -51.983  25.511 0.5000000000
21188  36.249  -52.796  25.540 0.5000000000
18181  35.180  -55.284  25.001 0.6000000238
18223  35.134  -55.064  22.351 0.5000000000
18193  35.892  -55.644  24.414 0.5000000000
18180  36.217  -55.563  25.042 0.5000000000
15269  35.389  -58.468  19.420 0.4000000060
16226  34.785  -57.614  19.590 0.4000000060
17227  35.531  -55.999  20.275 0.5000000000
19118  31.657  -54.561  33.641 0.1000000015
20127  32.578  -53.608  32.301 0.1000000015
20126  33.355  -53.884  31.933 0.1000000015
20128  31.452  -53.489  32.461 0.1000000015
20151  33.013  -53.153  31.431 0.1000000015
20152  31.963  -52.956  31.751 0.1000000015
21097  32.880  -52.816  31.065 0.1000000015
20169  30.298  -53.026  30.293 0.2000000030
21116  31.029  -52.428  30.545 0.1000000015
21146  30.550  -52.824  29.040 0.3000000119
22083  32.309  -51.796  27.516 0.5000000000
21130  31.317  -51.971  29.769 0.4000000060
22047  31.705  -51.695  29.064 0.4000000060
23009  33.651  -50.607  27.730 0.4000000060
23008  34.398  -50.291  27.303 0.5000000000
23007  35.186  -49.948  26.871 0.5000000000
23006  36.182  -49.925  26.649 0.5000000000
23027  35.636  -50.432  26.023 0.5000000000
20246  35.805  -53.795  25.504 0.5000000000
18205  35.951  -55.686  23.604 0.5000000000
18242  35.762  -55.407  21.939 0.5000000000
16225  35.871  -57.459  19.560 0.4000000060
14361  34.963  -59.384  19.446 0.5000000000
17051  34.434  -57.023  33.903 0.1000000015
18066  32.999  -55.840  34.521 0.1000000015
18077  33.031  -55.520  33.699 0.1000000015
19117  32.418  -54.725  33.449 0.1000000015
19135  32.069  -54.184  32.933 0.1000000015
19158  33.735  -54.637  31.658 0.1000000015
19157  34.558  -54.355  31.326 0.1000000015
18088  33.787  -55.616  32.525 0.1000000015
19134  33.151  -54.607  32.625 0.1000000015
20149  34.521  -53.636  31.020 0.1000000015
22936  35.388  -50.343  30.994 0.2000000030
20153  30.670  -53.016  31.537 0.1000000015
21099  31.589  -52.615  31.097 0.1000000015
21098  32.422  -52.705  31.081 0.1000000015
21114  33.216  -52.472  30.792 0.1000000015
22027  34.506  -51.477  30.303 0.2000000030
21115  31.970  -51.945  30.606 0.2000000030
22029  32.762  -51.545  30.012 0.2000000030
22971  34.338  -50.468  29.237 0.2000000030
22953  34.901  -50.429  30.086 0.2000000030
23884  35.228  -49.134  30.936 0.2000000030
22030  31.914  -51.398  29.832 0.2000000030
22046  32.412  -51.216  29.192 0.2000000030
22987  34.236  -50.159  28.247 0.3000000119
23950  34.834  -49.647  27.763 0.4000000060
19241  36.432  -54.695  25.488 0.5000000000
23949  35.692  -49.456  27.400 0.4000000060
17163  38.378  -56.531  25.601 0.5000000000
18166  38.210  -55.568  26.009 0.5000000000
18167  37.618  -55.104  25.844 0.5000000000
17164  37.554  -56.628  25.012 0.5000000000
17165  36.886  -56.044  25.009 0.5000000000
18179  37.238  -55.554  25.473 0.5000000000
22096  36.960  -51.622  25.755 0.5000000000
23041  36.015  -51.191  25.619 0.5000000000
17201  36.824  -56.194  22.785 0.5000000000
17187  36.637  -56.396  23.615 0.5000000000
17175  36.634  -56.275  24.473 0.5000000000
19240  37.250  -54.594  25.691 0.5000000000
17240  36.109  -56.607  19.918 0.5000000000
18266  36.378  -55.646  21.549 0.5000000000
17176  36.271  -55.980  24.338 0.5000000000
18221  36.302  -55.789  22.961 0.5000000000
16068  35.149  -57.355  32.518 0.1000000015
17068  34.073  -56.256  33.188 0.1000000015
17078  34.572  -56.445  32.248 0.1000000015
17087  35.011  -56.234  31.753 0.1000000015
18085  35.786  -55.760  32.775 0.1000000015
17079  34.235  -56.020  32.558 0.1000000015
18087  34.273  -55.888  32.256 0.1000000015
18102  34.317  -55.498  31.819 0.1000000015
19156  35.201  -53.985  31.145 0.1000000015
19175  35.039  -53.596  30.788 0.1000000015
21111  35.345  -52.431  31.049 0.1000000015
21113  34.265  -52.420  30.526 0.1000000015
22008  35.347  -51.561  31.383 0.2000000030
22026  35.116  -51.466  30.771 0.2000000030
23916  34.802  -49.943  29.190 0.3000000119
23915  35.241  -49.461  29.304 0.3000000119
23899  35.330  -49.380  30.248 0.2000000030
23933  34.768  -49.760  28.676 0.3000000119
24930  36.214  -48.591  28.635 0.3000000119
24945  36.106  -48.885  27.731 0.4000000060
18165  39.320  -55.347  26.642 0.5000000000
19213  39.841  -54.410  27.082 0.5000000000
19224  38.620  -54.567  26.262 0.5000000000
23948  36.643  -49.396  27.193 0.5000000000
19212  40.681  -54.344  27.655 0.5000000000
20199  40.975  -53.599  28.298 0.5000000000
20212  40.100  -53.488  27.442 0.5000000000
19223  39.232  -54.285  26.615 0.5000000000
20228  38.215  -53.956  26.077 0.6000000238
23026  36.790  -50.703  25.958 0.5000000000
23968  37.172  -49.952  26.608 0.5000000000
20211  40.561  -53.361  27.938 0.5000000000
21157  40.266  -52.804  27.808 0.5000000000
20226  39.501  -53.493  26.861 0.6000000238
20244  37.641  -53.728  25.717 0.5000000000
21173  36.846  -52.284  25.635 0.5000000000
20243  38.215  -53.287  25.933 0.5000000000
21187  37.156  -52.942  25.568 0.5000000000
12647  35.165  -60.586  19.149 0.4000000060
13495  35.753  -60.302  19.056 0.4000000060
19096  35.548  -54.514  35.245 0.1000000015
18076  35.715  -55.082  33.269 0.1000000015
20096  35.051  -53.706  34.643 0.1000000015
18101  35.248  -55.187  31.680 0.1000000015
18100  35.687  -55.690  32.156 0.1000000015
19116  35.568  -54.189  32.861 0.1000000015
19133  35.557  -54.152  31.913 0.1000000015
20108  35.198  -53.277  33.524 0.1000000015
20148  35.413  -53.253  31.452 0.1000000015
21081  35.301  -52.302  32.434 0.1000000015
21984  35.360  -51.718  32.054 0.1000000015
22917  35.161  -50.794  31.922 0.2000000030
23867  35.128  -49.359  31.861 0.2000000030
25902  42.449  -46.958  29.700 0.2000000030
24896  35.765  -48.501  30.553 0.2000000030
24874  42.705  -48.589  30.513 0.2000000030
24854  42.079  -48.669  30.873 0.2000000030
23862  41.056  -49.040  31.320 0.2000000030
23847  40.662  -48.691  31.398 0.2000000030
24914  35.959  -48.607  29.716 0.2000000030
22933  42.847  -49.867  30.897 0.2000000030
22915  41.968  -50.311  31.128 0.2000000030
22916  41.176  -49.848  31.062 0.2000000030
22935  41.095  -50.070  30.500 0.2000000030
23863  40.370  -49.051  30.869 0.3000000119
23897  39.995  -49.353  29.779 0.2000000030
23914  39.268  -49.183  29.266 0.4000000060
22006  42.334  -51.350  30.598 0.2000000030
22007  41.621  -50.938  30.482 0.3000000119
22025  41.378  -50.909  29.862 0.4000000060
22951  40.722  -49.985  29.682 0.3000000119
23913  40.122  -49.618  28.995 0.4000000060
23931  39.243  -49.607  28.432 0.5000000000
24928  38.292  -48.510  28.669 0.4000000060
24944  37.012  -48.747  27.738 0.5000000000
20183  42.143  -53.838  29.098 0.5000000000
21128  41.859  -52.691  29.561 0.4000000060
22042  41.487  -51.768  29.514 0.4000000060
22043  40.848  -51.339  29.194 0.4000000060
22062  40.238  -51.283  28.371 0.5000000000
22985  39.552  -50.547  27.959 0.5000000000
23947  37.747  -49.581  27.198 0.5000000000
21142  41.369  -53.157  28.863 0.5000000000
21143  40.676  -52.532  28.482 0.5000000000
21158  39.644  -52.472  27.292 0.5000000000
21170  39.141  -52.757  26.619 0.5000000000
21171  38.344  -52.319  26.246 0.5000000000
22095  37.615  -51.446  26.095 0.5000000000
21032  35.828  -52.780  37.011 0.1000000015
20077  35.447  -53.601  36.296 0.1000000015
21943  34.690  -52.088  36.421 0.1000000015
20088  34.745  -53.092  35.301 0.1000000015
21951  34.205  -51.539  36.063 0.1000000015
21042  34.503  -52.311  35.146 0.1000000015
21952  33.972  -51.111  35.376 0.1000000015
21970  34.512  -51.494  33.879 0.1000000015
22898  34.017  -50.936  34.331 0.1000000015
21082  35.001  -52.251  32.826 0.1000000015
22918  34.669  -50.137  32.694 0.2000000030
23851  34.253  -49.344  33.480 0.2000000030
26936  41.927  -46.974  30.369 0.1000000015
26924  41.742  -47.264  30.836 0.2000000030
25849  41.688  -48.089  31.032 0.2000000030
24856  40.864  -48.186  31.632 0.2000000030
24895  36.727  -48.108  30.258 0.2000000030
28001  41.344  -45.489  29.594 0.1000000015
26937  41.321  -46.169  30.364 0.1000000015
26909  40.922  -46.918  31.500 0.1000000015
24857  40.464  -48.012  31.639 0.1000000015
23881  39.639  -48.827  30.339 0.2000000030
24913  36.883  -47.995  29.381 0.2000000030
23849  39.792  -48.260  31.201 0.1000000015
23898  39.125  -48.641  29.827 0.3000000119
24929  37.389  -48.292  28.545 0.2000000030
23003  39.284  -50.999  27.469 0.5000000000
22986  38.980  -50.061  27.866 0.5000000000
23946  38.586  -49.530  27.760 0.5000000000
23967  37.710  -50.035  26.753 0.5000000000
22080  39.139  -51.504  27.212 0.5000000000
22081  38.575  -51.461  26.815 0.5000000000
23025  37.800  -50.637  26.587 0.5000000000
21159  38.993  -52.088  26.819 0.5000000000
21941  36.016  -51.785  37.281 0.1000000015
22878  35.603  -50.685  37.242 0.1000000015
23820  35.411  -49.752  37.430 0.1000000015
22887  34.908  -50.833  36.970 0.1000000015
23821  34.754  -49.372  37.113 0.1000000015
23829  33.737  -49.283  35.218 0.1000000015
23828  34.207  -49.370  36.183 0.1000000015
22899  33.776  -50.132  34.512 0.1000000015
23840  33.939  -49.082  34.174 0.2000000030
24841  34.636  -48.566  33.049 0.2000000030
24862  35.013  -48.665  32.481 0.2000000030
25857  34.999  -47.907  32.646 0.2000000030
24861  35.363  -48.189  32.029 0.2000000030
24879  35.552  -48.370  31.305 0.2000000030
27986  41.045  -45.619  30.106 0.1000000015
26910  40.500  -46.907  31.767 0.1000000015
25851  40.364  -47.501  31.759 0.1000000015
24837  40.092  -47.921  31.581 0.1000000015
24877  37.708  -47.848  30.625 0.1000000015
24878  36.612  -47.891  31.109 0.2000000030
25834  39.662  -47.430  31.987 0.1000000015
23850  39.257  -47.721  30.999 0.1000000015
23882  38.735  -47.915  30.272 0.1000000015
24893  38.395  -48.074  29.801 0.2000000030
24779  36.093  -48.618  38.137 0.1000000015
23807  35.854  -49.237  37.715 0.1000000015
25753  36.414  -47.716  38.483 0.1000000015
23808  35.384  -49.036  37.440 0.1000000015
26790  35.753  -46.954  38.034 0.1000000015
25770  35.534  -47.576  37.702 0.1000000015
24797  34.467  -48.377  36.732 0.1000000015
24807  33.987  -48.339  35.823 0.1000000015
25801  33.716  -47.551  34.659 0.1000000015
25820  33.832  -47.569  34.265 0.1000000015
26875  33.843  -47.169  34.335 0.1000000015
25819  34.069  -47.478  33.862 0.1000000015
25838  34.554  -47.734  33.251 0.2000000030
25856  35.715  -47.335  32.383 0.2000000030
25872  36.033  -47.677  31.660 0.2000000030
25871  36.596  -47.611  31.584 0.1000000015
30119  40.926  -43.641  28.170 0.1000000015
29048  40.272  -44.490  29.846 0.1000000015
27987  40.510  -45.224  30.279 0.1000000015
27953  40.007  -46.217  31.583 0.1000000015
24860  36.941  -47.569  31.504 0.2000000030
27988  40.062  -45.226  30.748 0.1000000015
25852  40.089  -47.321  32.044 0.1000000015
24821  39.220  -47.405  31.769 0.1000000015
23865  38.566  -47.678  30.886 0.1000000015
23866  38.038  -47.776  30.904 0.2000000030
27858  36.313  -45.326  38.445 0.1000000015
27859  35.787  -45.297  37.767 0.1000000015
27876  35.355  -45.324  37.067 0.1000000015
25787  34.346  -47.285  36.337 0.1000000015
26850  34.393  -46.359  35.372 0.1000000015
26874  34.357  -46.650  34.252 0.1000000015
26896  34.582  -46.950  33.469 0.2000000030
26895  35.421  -46.166  33.464 0.1000000015
26915  35.591  -46.775  32.840 0.1000000015
26894  36.534  -45.992  32.823 0.1000000015
26914  36.233  -46.577  32.620 0.2000000030
30076  38.738  -43.802  30.344 0.1000000015
29050  39.011  -44.503  30.678 0.1000000015
29030  38.526  -44.629  31.222 0.1000000015
27955  38.258  -45.336  32.087 0.1000000015
26913  37.413  -46.209  32.446 0.1000000015
30097  40.624  -44.189  29.079 0.1000000015
30074  40.145  -44.032  29.546 0.1000000015
29049  39.646  -44.668  30.475 0.1000000015
29029  39.130  -44.853  30.790 0.1000000015
27975  38.837  -45.347  31.520 0.1000000015
26912  38.626  -46.369  32.104 0.1000000015
25853  38.120  -46.536  31.999 0.1000000015
25854  37.860  -46.893  31.709 0.1000000015
27974  39.484  -45.345  31.127 0.1000000015
27954  39.157  -45.928  31.784 0.1000000015
26892  39.033  -46.938  32.233 0.1000000015
25818  38.901  -47.192  32.031 0.1000000015
24859  37.765  -47.556  31.317 0.1000000015
28915  36.246  -44.437  38.091 0.1000000015
28916  35.689  -44.456  37.364 0.1000000015
28932  35.168  -44.548  36.510 0.1000000015
27892  34.508  -45.403  35.888 0.1000000015
27908  35.057  -45.226  34.350 0.1000000015
27929  35.517  -44.827  33.554 0.1000000015
32234  37.739  -42.011  30.816 0.1000000015
31117  37.254  -42.631  31.324 0.1000000015
30029  36.717  -43.782  32.461 0.1000000015
27928  36.247  -45.283  32.969 0.1000000015
32246  38.337  -41.871  29.371 0.1000000015
31134  37.825  -43.125  30.685 0.1000000015
30051  37.055  -43.686  31.895 0.1000000015
29008  36.741  -44.746  32.578 0.1000000015
27957  36.760  -45.262  32.641 0.1000000015
31133  38.195  -42.570  30.072 0.1000000015
30050  37.608  -43.803  31.405 0.1000000015
29007  37.460  -44.525  32.036 0.1000000015
27956  37.272  -45.295  32.454 0.1000000015
26893  36.990  -45.990  32.757 0.1000000015
29979  35.061  -43.357  35.038 0.1000000015
31081  35.642  -42.719  34.467 0.1000000015
30009  35.665  -43.564  33.981 0.1000000015
31093  36.127  -42.296  33.399 0.1000000015
33314  37.909  -40.875  30.309 0.1000000015
32219  37.095  -41.524  31.449 0.1000000015
32220  36.570  -42.151  31.961 0.1000000015
30008  35.977  -43.190  33.560 0.1000000015
28981  36.181  -44.302  33.177 0.1000000015
32233  37.954  -41.469  30.198 0.1000000015
31118  36.820  -43.156  31.866 0.1000000015
21189  35.242  -52.883  25.475 0.5000000000
21161  31.607  -52.307  27.819 0.4000000060
22064  32.852  -50.941  28.281 0.4000000060
19136  31.116  -54.206  33.064 0.1000000015
20167  34.153  -53.041  31.013 0.1000000015
21131  30.697  -52.583  29.630 0.2000000030
22988  33.698  -50.551  28.682 0.4000000060
17067  34.628  -56.989  32.985 0.1000000015
22954  34.456  -50.865  29.881 0.3000000119
22028  33.729  -51.649  30.144 0.2000000030
22044  34.114  -51.095  29.778 0.2000000030
22045  33.435  -50.910  29.357 0.2000000030
22970  34.840  -50.084  29.480 0.3000000119
22972  33.821  -50.613  29.107 0.3000000119
23932  35.388  -49.176  28.240 0.3000000119
16075  35.314  -56.663  31.957 0.1000000015
17085  35.835  -56.212  32.418 0.1000000015
18086  35.588  -55.021  32.402 0.1000000015
21096  35.437  -52.427  31.748 0.1000000015
21112  34.957  -52.425  30.605 0.1000000015
18156  40.242  -55.386  27.206 0.5000000000
19211  41.338  -54.845  27.849 0.5000000000
19109  35.472  -54.358  33.935 0.1000000015
20087  34.973  -53.735  35.559 0.1000000015
20097  34.707  -52.945  34.414 0.1000000015
20125  35.508  -53.188  32.371 0.1000000015
21066  35.270  -52.669  32.907 0.1000000015
20109  34.761  -52.742  33.848 0.1000000015
21985  34.811  -51.484  32.797 0.1000000015
23868  34.776  -49.231  32.730 0.2000000030
25868  42.206  -48.376  30.729 0.2000000030
25885  42.741  -47.696  30.147 0.2000000030
23861  42.261  -49.474  31.029 0.2000000030
23848  40.403  -48.589  31.343 0.1000000015
22914  42.958  -50.513  30.851 0.2000000030
22934  41.592  -50.530  30.861 0.2000000030
24927  38.812  -48.971  28.820 0.4000000060
21110  42.545  -52.418  30.041 0.5000000000
22024  41.959  -51.624  29.952 0.4000000060
21983  42.808  -51.036  30.817 0.2000000030
22984  40.085  -50.507  28.489 0.5000000000
23912  40.246  -50.006  28.738 0.5000000000
24943  38.014  -48.793  27.916 0.5000000000
24911  38.650  -48.549  29.310 0.3000000119
20164  42.799  -53.402  29.731 0.5000000000
21129  41.199  -52.335  29.169 0.5000000000
21144  40.142  -52.125  27.916 0.5000000000
21020  35.365  -52.049  36.849 0.1000000015
21034  34.574  -52.510  35.990 0.1000000015
21962  34.239  -51.512  34.857 0.1000000015
22889  33.937  -50.398  35.579 0.1000000015
21963  33.821  -50.864  34.920 0.1000000015
22905  34.221  -50.484  33.626 0.2000000030
23839  34.120  -48.973  33.779 0.2000000030
25870  41.612  -47.498  31.092 0.1000000015
26925  41.283  -46.773  31.078 0.1000000015
22877  36.578  -50.668  37.485 0.1000000015
23819  36.018  -49.969  37.544 0.1000000015
22888  34.409  -50.426  36.626 0.1000000015
24781  35.111  -48.385  37.317 0.1000000015
24808  33.710  -48.295  34.931 0.2000000030
24823  34.171  -48.468  33.674 0.2000000030
25837  35.114  -47.127  32.991 0.2000000030
30096  41.317  -44.273  28.601 0.1000000015
29066  40.786  -44.992  29.564 0.1000000015
28002  40.873  -45.363  29.861 0.1000000015
27972  40.770  -46.346  30.989 0.1000000015
24894  37.603  -47.892  29.963 0.2000000030
26891  39.317  -47.142  32.231 0.1000000015
24876  38.113  -47.848  30.181 0.1000000015
24759  36.546  -48.646  38.606 0.1000000015
26768  36.823  -46.095  39.102 0.1000000015
26789  36.357  -46.473  38.514 0.1000000015
25754  35.959  -47.350  38.201 0.1000000015
26811  36.001  -45.879  38.003 0.1000000015
26812  35.387  -46.378  37.482 0.1000000015
25771  34.817  -47.473  37.196 0.1000000015
26813  34.663  -46.814  36.992 0.1000000015
25800  33.806  -47.395  35.371 0.1000000015
26873  34.908  -46.052  34.646 0.1000000015
25855  36.828  -47.211  31.950 0.2000000030
27973  40.432  -45.818  30.950 0.1000000015
26911  39.703  -46.835  32.186 0.1000000015
24858  38.327  -47.531  31.250 0.1000000015
27877  34.803  -45.347  36.532 0.1000000015
26833  34.561  -46.164  36.589 0.1000000015
27891  34.841  -45.674  35.146 0.1000000015
31151  39.022  -42.935  29.341 0.1000000015
30099  39.312  -43.598  29.682 0.1000000015
30075  39.696  -44.004  29.884 0.1000000015
29031  37.895  -44.450  31.588 0.1000000015
30077  38.052  -43.720  30.786 0.1000000015
29006  38.052  -44.737  31.769 0.1000000015
25836  38.293  -47.090  31.631 0.1000000015
29944  35.623  -43.774  36.909 0.1000000015
29965  35.345  -43.455  36.076 0.1000000015
28949  34.826  -44.600  35.453 0.1000000015
28965  35.354  -44.083  34.332 0.1000000015
30028  37.188  -43.965  31.935 0.1000000015
31105  36.393  -42.718  32.673 0.1000000015
31071  35.501  -42.745  34.787 0.1000000015
29994  35.568  -43.063  34.320 0.1000000015
28982  35.732  -43.993  33.715 0.1000000015
32205  36.304  -41.757  32.856 0.1000000015
32188  36.368  -41.573  33.733 0.1000000015
33315  37.561  -40.843  30.820 0.1000000015
33324  37.793  -40.598  30.340 0.1000000015
16130  29.237  -57.610  26.981 0.1000000015
16143  29.422  -57.937  25.736 0.1000000015
17153  29.036  -56.606  26.172 0.1000000015
18169  29.140  -55.728  26.434 0.1000000015
19230  29.682  -55.052  26.818 0.1000000015
17142  29.180  -56.590  27.323 0.1000000015
18157  29.352  -55.605  27.542 0.1000000015
15191  29.771  -58.359  26.839 0.2000000030
18146  29.312  -55.199  28.390 0.1000000015
16156  29.649  -57.302  24.844 0.2000000030
17166  29.399  -56.545  25.233 0.1000000015
17167  29.009  -56.105  25.669 0.1000000015
16155  30.055  -58.173  24.801 0.2000000030
18168  29.859  -55.114  26.019 0.2000000030
18183  29.791  -55.061  25.567 0.2000000030
19229  30.422  -54.291  26.540 0.3000000119
19247  30.088  -54.712  25.227 0.3000000119
18208  29.646  -56.145  24.035 0.2000000030
19261  29.939  -55.408  24.367 0.2000000030
16167  29.990  -57.988  23.558 0.2000000030
17189  30.238  -56.847  23.224 0.2000000030
13476  29.947  -61.279  22.259 0.1000000015
17177  29.739  -57.250  24.065 0.2000000030
19246  31.117  -54.270  25.375 0.3000000119
14323  30.635  -60.090  22.573 0.1000000015
18207  29.986  -55.843  23.644 0.2000000030
19260  30.268  -55.112  24.140 0.2000000030
15225  30.206  -58.961  22.789 0.2000000030
17190  29.744  -56.512  23.809 0.2000000030
16181  30.245  -57.744  22.488 0.2000000030
13475  30.139  -60.660  21.563 0.1000000015
14331  30.704  -59.506  21.453 0.2000000030
19272  30.504  -55.315  23.282 0.2000000030
19271  30.867  -54.737  23.401 0.2000000030
19270  31.679  -54.480  23.555 0.4000000060
17202  30.486  -56.804  22.159 0.3000000119
15237  30.582  -58.462  21.774 0.2000000030
19257  33.001  -54.382  24.736 0.4000000060
18225  30.541  -55.794  22.467 0.3000000119
17215  31.217  -56.698  21.329 0.4000000060
16197  30.795  -57.467  21.610 0.3000000119
26973  42.879  -46.179  27.926 0.1000000015
19313  31.909  -54.655  22.079 0.4000000060
19269  32.704  -54.358  23.710 0.5000000000
18246  31.638  -55.479  21.415 0.4000000060
18247  30.768  -56.258  21.683 0.3000000119
18224  31.072  -55.253  22.270 0.4000000060
28014  42.743  -46.157  28.575 0.1000000015
26989  43.109  -46.286  27.727 0.1000000015
25901  43.135  -47.437  29.366 0.1000000015
19256  34.024  -54.713  24.849 0.4000000060
19268  33.975  -54.551  23.799 0.5000000000
19287  33.313  -54.418  22.795 0.5000000000
18182  34.589  -55.084  24.930 0.5000000000
25884  43.499  -48.033  29.777 0.1000000015
24873  43.244  -48.678  30.164 0.1000000015
25900  43.950  -48.234  29.040 0.1000000015
23895  43.680  -49.733  30.407 0.1000000015
16120  29.323  -57.466  28.067 0.1000000015
17132  29.175  -56.416  28.671 0.1000000015
19201  29.678  -54.130  28.727 0.1000000015
19244  33.182  -54.195  25.694 0.4000000060
23878  42.925  -49.482  30.701 0.1000000015
15197  29.760  -58.619  26.233 0.1000000015
19259  30.944  -54.487  24.351 0.3000000119
19258  31.910  -54.259  24.533 0.4000000060
19290  30.856  -55.139  22.778 0.3000000119
19288  32.272  -54.517  22.770 0.4000000060
26952  43.591  -47.222  28.547 0.1000000015
24890  43.712  -48.735  29.713 0.1000000015
16105  29.365  -57.516  28.940 0.1000000015
7761  32.507  -67.723  20.826 0.1000000015
7773  32.077  -68.194  20.299 0.1000000015
6940  32.814  -69.087  19.551 0.1000000015
7774  31.216  -67.606  20.215 0.1000000015
6928  33.435  -68.606  19.977 0.1000000015
8648  31.690  -67.313  20.844 0.1000000015
7775  30.400  -67.268  20.126 0.1000000015
8650  29.444  -66.699  20.481 0.1000000015
6027  25.215  -69.876  27.541 0.1000000015
7752  27.020  -67.610  22.204 0.1000000015
7765  26.812  -67.108  21.313 0.1000000015
7771  33.868  -68.030  20.526 0.1000000015
7764  27.527  -67.205  21.520 0.1000000015
7772  32.984  -68.273  20.519 0.1000000015
8628  28.450  -66.642  21.214 0.1000000015
6927  34.284  -68.184  19.793 0.1000000015
8651  28.231  -66.534  20.329 0.1000000015
6938  34.563  -68.197  19.121 0.1000000015
6026  25.717  -69.549  27.770 0.1000000015
5305  25.131  -70.366  27.267 0.1000000015
4630  25.343  -70.630  27.275 0.1000000015
5282  26.921  -70.327  29.798 0.1000000015
6016  26.395  -69.816  28.383 0.1000000015
6017  25.758  -70.215  28.084 0.1000000015
5294  25.648  -70.867  28.244 0.1000000015
5324  25.544  -70.362  26.581 0.1000000015
7678  26.687  -68.006  24.613 0.1000000015
6890  27.269  -68.404  23.097 0.1000000015
7760  33.248  -67.687  21.063 0.1000000015
8649  30.597  -66.871  20.847 0.1000000015
8687  34.737  -67.705  19.136 0.1000000015
6950  34.439  -68.046  18.767 0.1000000015
4611  25.588  -71.025  27.747 0.1000000015
4629  25.627  -70.807  27.306 0.1000000015
5267  26.616  -70.860  30.180 0.1000000015
5283  26.416  -70.778  29.298 0.1000000015
5293  26.042  -70.614  28.567 0.1000000015
4588  26.017  -71.574  28.834 0.1000000015
4610  26.101  -71.607  27.938 0.1000000015
4628  26.279  -71.006  27.196 0.1000000015
4627  27.116  -71.011  26.871 0.1000000015
6041  27.230  -69.840  26.156 0.1000000015
6067  26.754  -69.289  25.970 0.1000000015
6066  27.844  -69.487  25.359 0.1000000015
6840  27.059  -68.535  25.231 0.1000000015
6091  28.156  -69.636  23.878 0.1000000015
6889  27.823  -69.118  23.249 0.1000000015
7751  27.731  -67.820  22.338 0.1000000015
8627  29.586  -66.717  21.780 0.1000000015
7759  34.115  -67.600  21.352 0.1000000015
8625  32.401  -67.040  21.509 0.1000000015
8626  31.068  -66.818  21.686 0.1000000015
7770  34.709  -67.369  20.433 0.1000000015
6926  34.708  -67.898  19.710 0.1000000015
4595  27.279  -71.801  28.122 0.1000000015
4563  27.263  -71.037  31.485 0.1000000015
4577  26.422  -71.679  30.171 0.1000000015
5284  26.213  -70.951  28.859 0.1000000015
3883  26.356  -71.968  28.493 0.1000000015
3892  26.522  -71.928  28.221 0.1000000015
4626  27.825  -70.746  26.576 0.1000000015
5340  28.435  -70.262  25.693 0.1000000015
5358  29.071  -70.454  24.283 0.1000000015
4576  26.826  -71.226  30.777 0.1000000015
3874  26.298  -72.236  29.332 0.1000000015
6065  28.518  -70.029  24.575 0.1000000015
6888  28.804  -68.967  23.250 0.1000000015
6908  27.872  -68.702  22.834 0.1000000015
7728  29.233  -68.036  23.451 0.1000000015
7729  28.659  -68.311  23.083 0.1000000015
8609  29.496  -67.095  22.702 0.1000000015
7749  28.951  -67.677  22.911 0.1000000015
8607  31.653  -66.702  22.532 0.1000000015
8608  30.413  -66.742  22.651 0.1000000015
7762  28.940  -67.373  22.355 0.1000000015
8624  33.402  -67.318  21.773 0.1000000015
8669  34.590  -67.276  19.623 0.1000000015
8647  33.633  -66.405  19.800 0.1000000015
8646  34.419  -66.536  20.005 0.1000000015
4594  27.744  -71.778  28.630 0.1000000015
4608  27.731  -71.253  27.509 0.1000000015
4547  27.101  -71.459  32.443 0.1000000015
3860  26.520  -72.700  31.955 0.1000000015
3263  26.904  -73.126  31.280 0.1000000015
3873  27.003  -72.697  29.851 0.1000000015
3882  26.901  -72.349  28.613 0.1000000015
4640  27.862  -70.516  26.181 0.1000000015
5339  29.377  -70.047  25.242 0.1000000015
4564  26.704  -71.926  31.460 0.1000000015
3867  26.721  -72.648  30.830 0.1000000015
5357  29.535  -70.079  24.564 0.1000000015
5373  29.327  -70.207  23.807 0.1000000015
6110  28.858  -69.910  23.431 0.1000000015
6109  29.565  -69.693  23.846 0.1000000015
6887  29.473  -68.987  23.641 0.1000000015
6886  30.246  -68.762  24.295 0.1000000015
8590  30.932  -66.994  23.519 0.1000000015
7727  30.178  -67.976  23.836 0.1000000015
7748  34.317  -67.458  22.165 0.1000000015
7747  34.924  -67.244  22.491 0.1000000015
8605  33.676  -67.252  22.421 0.1000000015
8606  32.829  -66.811  22.414 0.1000000015
8589  32.174  -66.994  23.356 0.1000000015
7757  35.486  -66.937  22.057 0.1000000015
7758  34.925  -67.312  21.623 0.1000000015
8622  35.857  -66.427  21.856 0.1000000015
7769  35.424  -66.945  21.376 0.1000000015
8645  34.897  -66.633  20.506 0.1000000015
9482  33.887  -66.131  20.594 0.1000000015
3812  26.734  -72.574  34.094 0.1000000015
4529  26.612  -72.253  33.488 0.1000000015
3241  26.958  -73.248  32.256 0.1000000015
3251  26.976  -73.246  31.522 0.1000000015
3829  26.641  -72.656  33.101 0.1000000015
3252  26.722  -73.097  31.720 0.1000000015
3866  27.164  -73.075  30.961 0.1000000015
4586  28.200  -72.016  29.634 0.1000000015
5281  28.427  -71.252  29.141 0.1000000015
5303  28.344  -70.808  27.468 0.1000000015
5302  28.946  -70.095  27.560 0.1000000015
5320  29.236  -70.089  26.311 0.1000000015
5291  28.841  -70.409  28.758 0.1000000015
5319  29.681  -69.902  26.448 0.1000000015
6063  30.099  -69.569  25.337 0.1000000015
5371  29.776  -69.753  24.437 0.1000000015
6089  30.252  -69.320  24.712 0.1000000015
6062  30.640  -69.268  24.949 0.1000000015
6860  31.008  -68.832  24.725 0.1000000015
7700  31.665  -68.376  24.666 0.1000000015
7726  31.400  -67.990  24.211 0.1000000015
7725  32.841  -67.458  23.850 0.1000000015
7724  34.077  -67.271  23.221 0.1000000015
7746  35.391  -66.927  22.750 0.1000000015
7723  34.985  -67.158  23.216 0.1000000015
8604  35.751  -66.552  22.466 0.1000000015
9461  35.784  -65.977  21.626 0.1000000015
8644  35.430  -66.547  21.118 0.1000000015
9481  34.804  -66.058  20.708 0.1000000015
4574  28.961  -71.260  31.198 0.1000000015
5264  29.016  -70.932  30.736 0.1000000015
3811  26.995  -72.907  34.601 0.1000000015
3212  26.895  -73.074  33.886 0.1000000015
3229  27.071  -73.156  33.257 0.1000000015
3827  27.903  -72.944  33.380 0.1000000015
3865  27.820  -72.595  31.275 0.1000000015
4575  28.482  -71.824  30.790 0.1000000015
5280  28.865  -70.653  29.787 0.1000000015
6001  29.314  -69.893  29.523 0.1000000015
3242  26.690  -72.994  32.581 0.1000000015
6013  30.004  -69.163  28.227 0.1000000015
6802  30.632  -68.894  26.972 0.1000000015
6025  29.413  -69.723  27.850 0.1000000015
6818  31.283  -68.668  26.313 0.1000000015
6836  31.997  -68.673  25.476 0.1000000015
6859  31.795  -68.532  24.898 0.1000000015
7699  32.428  -68.142  24.746 0.1000000015
7698  33.577  -67.513  24.412 0.1000000015
7697  34.672  -67.187  24.102 0.1000000015
7722  35.325  -66.934  23.184 0.1000000015
8587  35.620  -66.627  23.260 0.1000000015
9460  36.132  -66.097  22.043 0.1000000015
4526  29.218  -71.620  33.550 0.1000000015
3810  27.700  -72.767  34.501 0.1000000015
4511  28.652  -72.065  34.379 0.1000000015
4545  29.017  -71.524  32.385 0.1000000015
5972  29.454  -70.448  31.131 0.1000000015
3802  26.826  -72.407  35.360 0.1000000015
3801  27.122  -72.724  35.652 0.1000000015
3210  27.448  -73.157  34.101 0.1000000015
4527  28.412  -72.409  33.727 0.1000000015
4562  28.407  -72.047  31.837 0.1000000015
5985  29.447  -70.136  30.512 0.1000000015
6762  29.681  -69.465  30.184 0.1000000015
6789  30.028  -68.963  28.726 0.1000000015
7677  32.693  -68.322  25.367 0.1000000015
7675  34.206  -67.246  25.222 0.1000000015
8571  35.467  -66.633  24.305 0.1000000015
9426  36.114  -66.025  23.370 0.1000000015
9427  35.991  -65.776  23.271 0.1000000015
4496  28.605  -71.986  35.439 0.1000000015
5221  29.763  -70.929  33.473 0.1000000015
5241  29.946  -70.334  32.337 0.1000000015
5242  29.662  -70.950  32.803 0.1000000015
5984  29.804  -69.543  30.730 0.1000000015
6761  30.308  -68.728  30.648 0.1000000015
6776  30.404  -68.485  29.333 0.1000000015
6760  31.017  -68.055  29.924 0.1000000015
6787  31.757  -67.784  28.404 0.1000000015
6801  31.493  -68.357  27.317 0.1000000015
6816  33.189  -67.967  26.865 0.1000000015
6817  32.313  -68.485  26.581 0.1000000015
7655  33.788  -67.535  26.119 0.1000000015
6835  33.006  -68.380  25.943 0.1000000015
7654  34.256  -67.283  25.845 0.1000000015
8535  35.553  -66.355  26.306 0.1000000015
8556  36.186  -65.957  25.340 0.1000000015
8557  35.206  -66.503  25.318 0.1000000015
8572  34.824  -66.838  24.824 0.1000000015
9413  36.176  -65.648  24.477 0.1000000015
9414  35.702  -65.371  23.977 0.1000000015
10252  33.379  -64.325  24.145 0.1000000015
4510  29.284  -71.440  34.719 0.1000000015
5205  29.854  -70.855  34.165 0.1000000015
5971  29.894  -69.863  31.532 0.1000000015
6752  30.630  -68.870  31.975 0.1000000015
4495  29.331  -71.303  35.610 0.1000000015
6800  32.476  -67.962  27.528 0.1000000015
6799  33.350  -67.698  27.786 0.1000000015
8514  34.305  -67.126  26.465 0.1000000015
8536  34.654  -66.897  25.935 0.1000000015
9403  36.762  -65.208  25.659 0.1000000015
10249  36.509  -65.194  25.249 0.1000000015
10250  36.021  -65.002  24.915 0.1000000015
11025  33.841  -63.936  24.880 0.1000000015
11027  31.737  -63.188  24.673 0.1000000015
5186  30.474  -70.257  35.869 0.1000000015
5187  29.864  -70.753  35.240 0.1000000015
5204  30.509  -70.017  34.672 0.1000000015
5959  30.455  -69.567  32.671 0.1000000015
6742  31.085  -68.779  32.904 0.1000000015
7570  31.178  -68.214  32.380 0.1000000015
5220  30.220  -70.297  33.406 0.1000000015
7582  31.295  -67.460  30.893 0.1000000015
7604  31.896  -67.575  29.650 0.1000000015
6785  33.402  -67.578  28.338 0.1000000015
7617  34.849  -66.933  28.493 0.1000000015
7637  33.939  -67.143  27.209 0.1000000015
12574  32.620  -61.652  27.600 0.1000000015
11751  33.275  -62.130  27.433 0.1000000015
10971  33.880  -63.012  27.356 0.1000000015
9375  34.332  -64.338  27.709 0.1000000015
10187  36.582  -64.836  27.089 0.1000000015
8512  35.698  -66.100  27.591 0.1000000015
8513  34.835  -66.726  26.912 0.1000000015
11750  33.793  -62.547  26.828 0.1000000015
10189  34.610  -63.846  27.194 0.1000000015
8511  36.249  -65.728  27.139 0.1000000015
12591  32.213  -61.293  27.405 0.1000000015
12590  32.694  -61.402  27.039 0.1000000015
12589  33.241  -61.907  26.740 0.1000000015
10994  34.559  -63.306  26.330 0.1000000015
10211  36.231  -64.450  26.494 0.1000000015
9392  36.828  -65.368  26.278 0.1000000015
13428  32.006  -61.006  26.997 0.1000000015
13438  32.088  -60.953  26.380 0.1000000015
11768  33.512  -62.282  26.320 0.1000000015
10233  36.742  -64.825  25.783 0.1000000015
11777  33.513  -62.594  25.795 0.1000000015
10235  34.792  -64.147  25.223 0.1000000015
13452  31.585  -60.946  24.716 0.1000000015
11012  33.252  -63.180  25.201 0.1000000015
12612  31.849  -61.638  24.733 0.1000000015
5901  31.092  -69.559  35.580 0.1000000015
5921  31.181  -69.409  34.710 0.1000000015
5939  31.009  -69.276  33.759 0.1000000015
6726  31.318  -68.722  33.426 0.1000000015
7560  31.415  -68.318  32.833 0.1000000015
7569  31.410  -67.626  31.940 0.1000000015
7620  32.574  -67.652  28.991 0.1000000015
7603  33.022  -67.378  29.621 0.1000000015
7601  34.541  -67.029  28.964 0.1000000015
9359  35.573  -65.824  28.898 0.1000000015
7636  34.948  -67.042  27.826 0.1000000015
10972  33.087  -63.033  27.855 0.1000000015
9374  34.869  -64.761  27.670 0.1000000015
11730  32.548  -62.258  28.000 0.1000000015
14297  30.754  -59.625  26.527 0.1000000015
14296  31.567  -60.225  26.389 0.1000000015
5886  31.396  -69.177  36.339 0.1000000015
5920  31.507  -69.083  35.158 0.1000000015
5900  31.471  -69.155  35.701 0.1000000015
6725  31.573  -68.347  33.813 0.1000000015
7528  31.597  -67.692  34.445 0.1000000015
5938  31.481  -68.967  34.441 0.1000000015
6741  31.455  -68.400  33.176 0.1000000015
7559  31.774  -67.793  32.791 0.1000000015
7568  32.297  -67.154  31.764 0.1000000015
8482  34.166  -66.806  30.056 0.1000000015
7580  33.544  -67.007  30.100 0.1000000015
9347  34.898  -65.663  29.742 0.1000000015
9329  35.047  -66.016  30.234 0.1000000015
8481  34.695  -66.685  29.573 0.1000000015
10952  32.359  -63.201  28.665 0.1000000015
10175  33.053  -64.019  28.750 0.1000000015
10160  34.426  -65.239  29.366 0.1000000015
7616  35.155  -66.683  28.585 0.1000000015
12561  31.495  -61.350  28.831 0.1000000015
11731  31.834  -62.229  28.647 0.1000000015
9360  34.819  -65.308  28.614 0.1000000015
13420  31.517  -60.613  28.139 0.1000000015
12575  31.943  -61.501  27.956 0.1000000015
6695  31.550  -68.628  35.784 0.1000000015
6711  31.580  -68.452  34.829 0.1000000015
7511  31.427  -67.800  35.361 0.1000000015
7545  31.907  -67.268  33.492 0.1000000015
7558  32.401  -66.858  32.605 0.1000000015
8460  33.048  -66.677  31.321 0.1000000015
9330  34.155  -65.922  30.702 0.1000000015
8458  34.575  -66.357  30.265 0.1000000015
9349  33.473  -65.139  29.878 0.1000000015
9331  33.461  -65.450  30.517 0.1000000015
10162  33.256  -64.597  29.451 0.1000000015
14267  31.112  -59.969  27.930 0.1000000015
15190  30.264  -58.949  26.720 0.1000000015
8389  31.384  -67.303  34.876 0.1000000015
8403  31.504  -66.809  34.278 0.1000000015
7544  32.241  -66.752  33.095 0.1000000015
8442  32.865  -66.592  31.893 0.1000000015
8429  32.904  -66.181  32.181 0.1000000015
8441  33.428  -66.200  31.487 0.1000000015
9312  33.611  -65.952  31.277 0.1000000015
10145  32.860  -64.860  30.205 0.1000000015
10941  32.571  -64.000  29.706 0.1000000015
10953  31.725  -62.757  29.112 0.1000000015
15179  30.232  -58.877  27.598 0.1000000015
8404  30.971  -66.070  34.496 0.1000000015
8419  31.834  -66.472  33.338 0.1000000015
9272  31.238  -65.964  33.674 0.1000000015
9283  31.741  -65.519  32.857 0.1000000015
8418  32.357  -66.285  32.783 0.1000000015
9282  32.512  -65.810  32.435 0.1000000015
8428  33.240  -65.956  31.844 0.1000000015
9313  33.428  -65.690  31.225 0.1000000015
10131  32.888  -65.123  31.109 0.1000000015
14260  30.323  -59.350  29.341 0.1000000015
13417  30.767  -60.174  29.099 0.1000000015
10942  31.685  -63.311  29.631 0.1000000015
15168  30.097  -58.792  28.497 0.1000000015
9273  30.825  -65.290  34.066 0.1000000015
10102  31.165  -64.455  33.481 0.1000000015
9284  31.276  -65.296  33.533 0.1000000015
10898  31.483  -63.978  32.131 0.1000000015
10889  31.298  -63.939  32.812 0.1000000015
9297  32.294  -65.485  32.292 0.1000000015
11678  31.281  -63.194  32.058 0.1000000015
10115  32.509  -65.118  31.571 0.1000000015
10132  32.190  -64.742  31.227 0.1000000015
13406  30.416  -60.256  30.007 0.1000000015
12562  30.857  -61.072  29.549 0.1000000015
11716  31.098  -62.254  29.553 0.1000000015
15169  29.586  -58.190  28.680 0.1000000015
11717  30.592  -61.676  30.027 0.1000000015
11679  30.957  -62.576  32.547 0.1000000015
10116  31.949  -64.978  31.960 0.1000000015
11691  31.072  -62.639  31.522 0.1000000015
10912  31.741  -64.276  31.457 0.1000000015
12545  30.625  -61.112  30.555 0.1000000015
11701  31.277  -63.003  30.565 0.1000000015
10928  31.919  -64.027  30.614 0.1000000015
11702  30.744  -62.078  30.659 0.1000000015
7730  26.671  -67.610  22.914 0.1000000015
6909  27.460  -68.148  22.632 0.1000000015
7750  28.344  -68.001  22.659 0.1000000015
6929  32.665  -68.681  20.024 0.1000000015
7763  28.424  -67.358  21.916 0.1000000015
8630  26.446  -66.976  21.706 0.1000000015
8610  26.510  -67.234  22.347 0.1000000015
6839  27.673  -68.995  24.481 0.1000000015
6863  27.300  -68.383  24.177 0.1000000015
4596  26.295  -71.826  28.293 0.1000000015
3875  26.092  -71.927  28.765 0.1000000015
4609  26.839  -71.651  27.750 0.1000000015
5322  27.086  -70.415  26.437 0.1000000015
6042  26.508  -70.012  26.322 0.1000000015
5341  27.661  -70.267  26.018 0.1000000015
6090  28.613  -70.250  23.912 0.1000000015
6127  28.433  -69.307  23.186 0.1000000015
5321  28.384  -70.599  26.821 0.1000000015
8592  29.362  -67.465  23.116 0.1000000015
8588  33.196  -66.947  23.089 0.1000000015
4548  26.577  -72.233  32.642 0.1000000015
3872  27.704  -72.523  30.274 0.1000000015
3881  27.511  -72.380  29.362 0.1000000015
6064  29.713  -69.855  25.871 0.1000000015
6885  30.895  -68.530  24.419 0.1000000015
3858  27.823  -72.567  32.220 0.1000000015
5292  28.349  -71.007  28.139 0.1000000015
6024  29.880  -69.484  27.557 0.1000000015
6039  30.071  -69.563  26.355 0.1000000015
6819  30.595  -68.989  26.171 0.1000000015
6088  30.657  -69.151  24.747 0.1000000015
9440  36.074  -66.071  22.562 0.1000000015
9462  35.180  -65.723  21.341 0.1000000015
5254  29.463  -70.830  31.719 0.1000000015
5265  28.625  -71.394  29.994 0.1000000015
3211  27.218  -73.193  34.036 0.1000000015
4546  28.400  -72.285  32.843 0.1000000015
6014  29.471  -69.579  28.453 0.1000000015
6788  30.569  -68.510  28.172 0.1000000015
8570  36.128  -66.258  23.896 0.1000000015
9441  35.939  -65.822  22.406 0.1000000015
6777  29.791  -69.136  29.477 0.1000000015
7676  33.238  -67.828  25.310 0.1000000015
9428  35.576  -65.536  23.087 0.1000000015
7583  30.771  -67.994  31.632 0.1000000015
6775  30.970  -67.825  29.070 0.1000000015
8558  34.712  -66.856  25.310 0.1000000015
8534  36.303  -65.831  26.655 0.1000000015
10251  34.747  -64.733  24.457 0.1000000015
9415  35.226  -65.295  23.682 0.1000000015
11026  32.606  -63.749  24.529 0.1000000015
7618  34.076  -67.339  28.374 0.1000000015
9402  37.138  -64.963  25.945 0.1000000015
11013  32.280  -63.086  25.122 0.1000000015
11024  34.491  -64.073  25.076 0.1000000015
11787  32.161  -62.084  24.911 0.1000000015
7581  32.685  -67.045  30.596 0.1000000015
7602  33.974  -67.236  29.411 0.1000000015
10190  33.650  -63.966  27.893 0.1000000015
10970  34.377  -62.986  26.831 0.1000000015
10188  35.666  -64.456  27.182 0.1000000015
10210  37.031  -64.874  26.511 0.1000000015
9372  36.596  -65.359  27.060 0.1000000015
9373  35.741  -65.266  27.707 0.1000000015
8496  35.420  -66.392  28.644 0.1000000015
11767  34.055  -62.755  26.393 0.1000000015
10212  35.150  -63.919  26.478 0.1000000015
13429  31.847  -60.824  27.466 0.1000000015
12600  32.691  -61.509  26.341 0.1000000015
10234  35.413  -64.336  25.654 0.1000000015
11011  34.436  -63.554  25.637 0.1000000015
11776  34.206  -62.989  26.018 0.1000000015
14281  31.467  -60.071  27.282 0.1000000015
12606  32.530  -61.766  25.606 0.1000000015
12611  32.312  -61.959  25.070 0.1000000015
14316  31.260  -60.555  24.301 0.1000000015
8480  35.275  -66.293  29.334 0.1000000015
10191  32.912  -63.649  28.155 0.1000000015
10174  33.741  -64.498  28.786 0.1000000015
9361  34.185  -64.753  28.180 0.1000000015
14282  30.724  -59.534  27.399 0.1000000015
8459  33.734  -66.560  30.701 0.1000000015
13421  31.029  -60.206  28.461 0.1000000015
14268  30.642  -59.541  28.336 0.1000000015
10146  32.449  -64.649  30.706 0.1000000015
9296  32.890  -65.553  31.880 0.1000000015
19312  32.638  -54.630  21.941 0.4000000060
16196  31.476  -57.517  20.895 0.3000000119
18271  32.148  -56.134  20.555 0.3000000119
18245  33.111  -55.013  21.113 0.3000000119
19311  33.737  -54.647  21.906 0.4000000060
19286  34.372  -54.623  22.670 0.4000000060
18270  32.779  -55.805  20.508 0.3000000119
19310  34.541  -54.864  21.924 0.4000000060
11125  33.803  -63.655  15.406 0.1000000015
11102  34.079  -63.306  16.098 0.1000000015
11885  34.334  -62.819  16.762 0.2000000030
12663  35.596  -61.061  18.664 0.3000000119
17186  37.465  -56.718  23.104 0.4000000060
14360  36.045  -59.396  19.209 0.4000000060
11850  34.612  -61.928  18.207 0.2000000030
15268  36.571  -58.382  19.251 0.4000000060
16210  37.299  -56.675  20.651 0.4000000060
17214  37.122  -55.948  21.768 0.4000000060
11142  32.815  -64.053  14.654 0.1000000015
11867  35.506  -62.337  17.594 0.3000000119
16224  37.192  -57.115  19.810 0.4000000060
17225  37.350  -56.448  21.143 0.4000000060
17213  37.621  -56.564  21.625 0.4000000060
10357  34.255  -64.089  14.869 0.1000000015
16141  38.062  -57.250  24.429 0.5000000000
11849  35.528  -61.777  18.265 0.3000000119
13494  36.434  -59.982  18.813 0.3000000119
16209  38.087  -56.950  20.927 0.4000000060
17152  39.026  -56.474  26.324 0.4000000060
15267  37.810  -58.425  19.274 0.4000000060
16223  38.525  -57.728  19.924 0.4000000060
16195  38.042  -56.861  21.880 0.4000000060
16180  38.136  -57.017  22.546 0.4000000060
16166  38.135  -57.206  23.266 0.5000000000
10356  35.194  -64.242  14.764 0.2000000030
11124  34.714  -63.720  15.391 0.2000000030
11101  35.064  -63.380  16.102 0.2000000030
11866  36.601  -62.093  17.653 0.2000000030
11884  35.324  -62.739  16.729 0.2000000030
14359  37.213  -59.545  18.737 0.3000000119
10372  34.588  -64.476  14.192 0.1000000015
13513  36.260  -60.877  18.630 0.3000000119
16194  38.751  -57.253  21.842 0.4000000060
16154  38.225  -57.314  23.843 0.5000000000
16140  38.591  -57.317  25.035 0.5000000000
16179  38.751  -57.533  22.673 0.4000000060
16153  38.753  -57.394  24.142 0.5000000000
16139  39.562  -57.513  25.356 0.5000000000
16128  39.663  -57.246  26.187 0.4000000060
11123  35.702  -63.957  15.401 0.2000000030
11883  36.362  -62.674  16.718 0.2000000030
12662  36.841  -61.530  18.356 0.4000000060
12681  37.237  -61.897  17.772 0.2000000030
13512  36.982  -60.631  18.606 0.3000000119
12661  37.855  -61.301  18.109 0.4000000060
14379  37.587  -60.277  18.505 0.3000000119
16164  39.350  -57.745  23.728 0.5000000000
16138  40.016  -57.695  25.866 0.5000000000
17151  40.153  -56.500  26.853 0.4000000060
14378  38.212  -60.104  18.545 0.4000000060
16222  39.244  -58.284  19.997 0.4000000060
16208  39.285  -57.832  20.863 0.4000000060
15195  39.859  -57.643  24.830 0.5000000000
11100  36.103  -63.408  16.033 0.2000000030
10355  36.084  -64.459  14.721 0.2000000030
11882  37.411  -62.664  16.682 0.2000000030
17140  41.289  -56.399  27.200 0.4000000060
11865  37.675  -62.235  17.317 0.2000000030
14358  38.437  -59.339  18.920 0.3000000119
16207  39.625  -58.278  21.323 0.4000000060
16193  39.326  -58.088  21.959 0.4000000060
11099  37.129  -63.315  15.972 0.2000000030
12680  37.793  -61.787  17.712 0.3000000119
13510  38.937  -60.618  18.300 0.4000000060
17141  40.647  -55.988  27.220 0.4000000060
14357  39.343  -59.354  19.114 0.3000000119
16178  39.331  -57.935  22.895 0.5000000000
15194  40.430  -57.894  25.307 0.5000000000
20198  41.498  -53.899  28.564 0.4000000060
15248  39.858  -58.486  20.776 0.4000000060
15224  39.770  -58.521  22.348 0.4000000060
16127  40.619  -57.480  26.321 0.5000000000
17150  40.849  -56.935  26.798 0.4000000060
21095  43.072  -52.396  30.397 0.4000000060
10370  36.271  -64.571  13.971 0.2000000030
11098  38.171  -63.334  16.044 0.2000000030
11864  38.474  -62.176  17.229 0.2000000030
12679  38.604  -61.714  17.586 0.2000000030
14356  40.060  -59.478  19.328 0.4000000060
15204  40.589  -58.006  24.422 0.5000000000
10408  35.431  -64.843  12.861 0.2000000030
14377  39.083  -59.992  18.693 0.4000000060
15265  39.629  -58.795  19.616 0.3000000119
15215  39.822  -58.249  23.249 0.5000000000
15205  39.944  -57.940  24.239 0.5000000000
10407  35.823  -64.802  12.605 0.2000000030
19173  43.480  -54.015  29.861 0.4000000060
20146  43.544  -53.153  30.352 0.2000000030
19198  41.926  -54.700  28.406 0.4000000060
18154  41.729  -55.597  27.830 0.4000000060
11122  36.770  -64.175  15.330 0.2000000030
12660  38.787  -61.205  17.922 0.4000000060
16119  41.326  -57.136  26.732 0.4000000060
17139  42.356  -56.447  27.855 0.4000000060
10354  36.675  -64.393  14.519 0.2000000030
11881  38.347  -62.650  16.660 0.2000000030
11863  38.988  -62.021  17.216 0.2000000030
11121  37.746  -63.670  15.219 0.2000000030
19197  42.605  -55.065  28.664 0.4000000060
17131  42.775  -56.284  28.411 0.4000000060
17138  42.842  -56.860  28.382 0.4000000060
15235  39.847  -58.549  21.536 0.3000000119
15193  41.124  -58.217  24.965 0.5000000000
15189  40.982  -57.844  25.924 0.5000000000
16118  42.133  -56.936  27.007 0.4000000060
13509  39.766  -60.484  18.488 0.4000000060
15264  40.109  -58.839  19.970 0.4000000060
15247  40.313  -58.655  20.975 0.3000000119
15223  40.339  -58.507  22.596 0.4000000060
13493  40.168  -60.070  18.827 0.4000000060
15203  41.032  -58.018  24.457 0.5000000000
11097  38.934  -63.043  16.055 0.2000000030
18144  42.953  -55.664  28.692 0.4000000060
16126  41.678  -57.603  26.226 0.5000000000
16136  42.570  -57.605  25.854 0.5000000000
15234  40.333  -58.680  21.646 0.4000000060
15214  40.380  -58.180  23.575 0.5000000000
16137  41.760  -57.784  25.384 0.5000000000
15213  40.919  -57.838  23.886 0.5000000000
15222  40.942  -58.185  22.937 0.5000000000
18244  34.210  -55.039  21.222 0.4000000060
17226  36.649  -56.121  20.697 0.4000000060
20182  42.587  -54.302  29.218 0.4000000060
18145  42.394  -55.667  28.323 0.4000000060
14341  32.648  -59.215  20.203 0.3000000119
15251  32.702  -58.431  20.176 0.3000000119
17244  33.068  -57.303  19.759 0.2000000030
17229  33.564  -56.375  20.098 0.2000000030
13499  31.763  -60.393  19.653 0.2000000030
14363  33.219  -59.707  19.824 0.3000000119
14362  33.734  -59.324  19.725 0.3000000119
15270  34.224  -58.437  19.604 0.3000000119
12650  32.746  -60.873  19.181 0.2000000030
12649  33.720  -60.778  19.251 0.2000000030
13497  33.790  -60.149  19.567 0.2000000030
11868  34.524  -62.445  17.533 0.2000000030
9626  35.675  -65.167  11.367 0.1000000015
9653  35.075  -65.676  10.536 0.1000000015
14395  41.986  -58.828  16.285 0.1000000015
14330  30.970  -58.846  21.263 0.1000000015
15236  31.150  -58.293  21.089 0.2000000030
16213  32.202  -57.609  20.309 0.2000000030
14342  31.475  -59.135  20.675 0.2000000030
15252  31.902  -58.372  20.506 0.2000000030
13486  30.790  -60.302  20.314 0.1000000015
13485  31.634  -59.827  20.211 0.2000000030
13500  31.171  -60.656  19.528 0.1000000015
10387  34.954  -64.775  13.251 0.1000000015
9604  35.626  -65.021  12.094 0.1000000015
11899  39.432  -62.416  15.344 0.1000000015
12693  39.936  -61.849  16.092 0.1000000015
12692  40.373  -61.220  16.686 0.1000000015
13519  40.807  -60.622  17.291 0.1000000015
11908  38.932  -62.599  14.239 0.1000000015
12708  40.498  -61.115  15.348 0.1000000015
13526  41.430  -60.152  16.798 0.1000000015
13518  41.294  -60.096  17.858 0.1000000015
13537  41.390  -60.045  15.843 0.1000000015
15296  41.840  -58.766  17.350 0.1000000015
16221  42.451  -57.424  19.010 0.1000000015
15282  42.063  -58.333  18.139 0.1000000015
17239  42.706  -56.443  19.545 0.1000000015
14343  31.042  -59.626  20.612 0.2000000030
12658  40.089  -60.877  18.192 0.1000000015
14329  40.615  -58.736  21.017 0.3000000119
11141  37.302  -64.075  14.489 0.1000000015
11120  38.729  -63.329  15.135 0.1000000015
11880  39.153  -62.328  16.596 0.1000000015
12677  40.235  -61.120  17.717 0.1000000015
13507  41.108  -59.909  18.857 0.2000000030
14338  41.051  -58.944  20.834 0.3000000119
16177  41.494  -57.734  22.294 0.3000000119
16176  42.165  -56.984  22.814 0.3000000119
11155  37.304  -63.724  13.583 0.1000000015
14354  41.246  -59.218  19.703 0.2000000030
16192  41.397  -57.858  21.317 0.3000000119
11925  38.539  -62.956  13.794 0.1000000015
14374  41.766  -58.939  19.108 0.1000000015
16205  42.167  -57.325  20.174 0.2000000030
16191  42.130  -57.007  21.510 0.3000000119
17224  42.717  -56.266  20.683 0.2000000030
17212  43.199  -56.216  21.652 0.4000000060
17257  42.736  -56.519  18.545 0.1000000015
18237  43.094  -55.448  21.320 0.3000000119
15196  30.084  -58.882  25.726 0.1000000015
15216  30.685  -58.843  24.139 0.1000000015
16150  42.413  -57.315  24.968 0.4000000060
16163  41.519  -57.513  23.388 0.4000000060
16162  42.500  -57.084  23.886 0.4000000060
17185  42.884  -56.752  23.231 0.4000000060
17184  43.577  -56.245  23.745 0.4000000060
17199  43.039  -56.562  22.532 0.4000000060
18217  44.029  -55.245  22.927 0.5000000000
17211  43.501  -55.690  21.834 0.3000000119
18236  43.643  -55.243  22.040 0.5000000000
18288  42.881  -55.787  18.958 0.2000000030
19305  43.313  -54.962  21.689 0.4000000060
17270  42.718  -56.440  17.656 0.1000000015
18287  43.168  -55.090  18.710 0.1000000015
18263  43.046  -55.224  19.905 0.2000000030
16264  41.929  -57.550  15.859 0.1000000015
17295  42.584  -56.335  16.838 0.1000000015
18262  43.190  -54.752  19.204 0.2000000030
16265  41.049  -57.630  16.225 0.1000000015
18354  42.314  -55.560  16.750 0.1000000015
16125  42.706  -57.328  26.686 0.4000000060
16135  43.299  -57.254  26.196 0.4000000060
16161  43.023  -56.757  24.629 0.4000000060
16149  43.132  -57.046  25.422 0.4000000060
17161  44.033  -56.199  25.480 0.4000000060
18203  43.827  -55.486  24.050 0.4000000060
19266  43.317  -54.702  23.509 0.5000000000
19281  43.438  -54.743  22.262 0.4000000060
19306  42.602  -54.743  21.134 0.3000000119
19282  42.397  -54.394  22.642 0.4000000060
20344  43.001  -54.141  17.595 0.2000000030
20328  43.156  -53.962  18.118 0.2000000030
19329  43.024  -54.293  20.090 0.2000000030
19394  42.461  -55.127  16.883 0.1000000015
19373  42.844  -54.638  17.327 0.2000000030
14418  36.819  -59.876  15.936 0.1000000015
16124  43.488  -56.951  26.992 0.4000000060
16116  43.959  -57.239  27.841 0.4000000060
18177  44.366  -56.012  25.886 0.4000000060
19253  43.923  -55.368  25.237 0.4000000060
18190  44.067  -55.798  25.206 0.4000000060
18191  43.890  -55.538  24.738 0.4000000060
19254  43.549  -54.962  24.699 0.4000000060
19267  42.496  -53.994  23.736 0.3000000119
20278  41.991  -53.795  23.391 0.4000000060
20297  42.330  -53.794  21.075 0.3000000119
19307  41.810  -54.732  21.690 0.3000000119
20345  42.382  -53.598  17.575 0.2000000030
21278  42.209  -52.628  18.131 0.2000000030
20319  42.614  -53.161  19.319 0.2000000030
20311  42.620  -53.713  20.204 0.2000000030
18328  41.664  -55.188  16.929 0.2000000030
13544  34.162  -60.409  15.445 0.1000000015
13543  35.315  -60.655  15.296 0.1000000015
17129  43.569  -56.477  28.888 0.3000000119
17137  44.278  -56.260  27.343 0.4000000060
16115  44.573  -56.794  27.845 0.3000000119
18164  44.247  -55.900  26.680 0.4000000060
19222  43.797  -54.822  26.721 0.4000000060
19237  44.109  -55.489  26.021 0.4000000060
19238  43.598  -54.754  25.742 0.4000000060
19255  42.757  -54.321  24.548 0.4000000060
19239  43.056  -54.394  25.275 0.4000000060
20259  41.917  -53.583  23.965 0.4000000060
20252  42.078  -53.685  24.580 0.3000000119
21234  40.728  -52.801  21.427 0.3000000119
21225  40.346  -52.989  22.186 0.3000000119
20280  40.789  -53.732  22.523 0.3000000119
20279  41.510  -53.789  22.968 0.3000000119
22200  41.902  -51.873  18.174 0.2000000030
22188  42.232  -51.973  18.729 0.2000000030
21243  41.406  -52.607  20.163 0.3000000119
21233  41.106  -52.789  20.890 0.2000000030
19285  40.574  -54.629  22.194 0.3000000119
19283  41.493  -54.447  22.243 0.3000000119
21293  42.056  -52.849  17.539 0.2000000030
21254  42.055  -52.749  19.624 0.2000000030
20346  41.782  -53.654  17.224 0.2000000030
17113  43.925  -56.165  29.219 0.3000000119
18131  44.822  -55.157  29.206 0.3000000119
17112  44.487  -56.021  29.068 0.3000000119
16101  44.645  -56.540  28.190 0.4000000060
16103  43.634  -56.992  28.553 0.3000000119
19210  44.177  -54.688  27.371 0.3000000119
19209  44.731  -54.774  27.865 0.4000000060
20224  43.360  -53.913  26.691 0.4000000060
20210  43.802  -54.202  27.335 0.4000000060
20225  42.861  -53.337  26.311 0.4000000060
20241  42.435  -53.519  25.515 0.3000000119
20240  43.193  -53.921  25.823 0.4000000060
21210  39.506  -52.288  23.283 0.3000000119
21200  40.056  -52.484  23.994 0.2000000030
20254  40.866  -52.997  24.104 0.2000000030
21185  41.398  -52.326  25.190 0.2000000030
21235  39.995  -52.418  21.584 0.3000000119
21209  39.960  -53.084  23.027 0.3000000119
20261  40.704  -53.343  23.444 0.2000000030
20253  41.447  -53.111  24.500 0.2000000030
22201  41.478  -51.356  17.828 0.2000000030
22180  40.874  -51.201  19.592 0.3000000119
22167  41.056  -51.931  20.030 0.3000000119
21245  40.334  -52.307  21.085 0.3000000119
18117  44.295  -54.436  30.248 0.3000000119
19172  43.515  -54.661  29.696 0.3000000119
18133  43.746  -55.240  29.597 0.3000000119
21169  42.509  -52.372  26.424 0.3000000119
23050  40.804  -50.498  25.044 0.2000000030
23049  41.439  -50.451  25.566 0.2000000030
21184  41.890  -52.401  25.762 0.2000000030
22104  42.154  -51.414  26.266 0.2000000030
23051  40.041  -50.547  24.567 0.2000000030
22113  40.318  -51.514  24.730 0.2000000030
22112  40.971  -51.460  25.272 0.2000000030
19154  43.725  -53.766  30.433 0.2000000030
16266  40.143  -57.759  16.302 0.1000000015
17297  41.299  -56.621  16.324 0.1000000015
23107  41.441  -50.872  18.896 0.3000000119
20347  41.325  -53.193  17.110 0.2000000030
18269  33.832  -55.534  20.507 0.3000000119
17242  34.210  -56.893  19.688 0.3000000119
16211  33.557  -58.005  19.754 0.3000000119
13496  34.678  -60.123  19.414 0.2000000030
16142  29.825  -58.351  25.400 0.1000000015
17230  32.671  -56.803  20.048 0.2000000030
12678  39.533  -61.677  17.297 0.1000000015
14355  40.603  -59.305  19.772 0.3000000119
18099  43.821  -53.975  30.615 0.3000000119
16117  42.988  -57.279  27.833 0.3000000119
13492  40.607  -59.866  19.099 0.3000000119
15233  40.937  -58.463  21.685 0.2000000030
13491  40.928  -59.648  19.378 0.2000000030
13484  32.126  -59.562  20.244 0.2000000030
14340  33.122  -58.896  20.067 0.3000000119
13498  32.724  -60.082  19.822 0.1000000015
14396  41.638  -59.565  16.337 0.1000000015
11139  38.647  -63.208  14.488 0.1000000015
12709  39.932  -61.711  15.194 0.1000000015
14388  41.702  -59.381  17.206 0.1000000015
15283  41.741  -58.986  17.766 0.1000000015
15261  41.841  -58.325  19.572 0.1000000015
13508  40.557  -60.455  18.325 0.2000000030
14353  41.560  -58.863  19.550 0.2000000030
15246  41.442  -58.521  20.519 0.3000000119
15245  41.800  -58.036  20.263 0.3000000119
16206  41.643  -57.710  20.711 0.3000000119
17162  43.675  -56.708  25.806 0.4000000060
17183  43.937  -55.924  24.265 0.4000000060
18304  43.190  -55.087  17.892 0.2000000030
19340  43.290  -54.394  18.766 0.2000000030
17148  44.020  -56.440  26.461 0.4000000060
17172  43.902  -56.011  24.706 0.4000000060
20329  42.673  -53.273  18.471 0.2000000030
20298  41.520  -53.492  21.280 0.3000000119
20312  42.023  -53.277  20.314 0.2000000030
21253  42.316  -52.306  19.153 0.2000000030
18153  44.447  -55.619  27.516 0.4000000060
17136  44.607  -55.945  27.974 0.4000000060
19221  44.131  -55.330  27.079 0.4000000060
21226  39.670  -52.473  22.466 0.3000000119
22189  41.828  -51.266  18.468 0.2000000030
22179  41.815  -51.794  19.379 0.2000000030
19208  44.933  -54.781  28.493 0.4000000060
20242  41.795  -53.065  25.132 0.2000000030
22119  39.213  -51.428  23.483 0.2000000030
22114  39.608  -51.531  24.247 0.2000000030
21199  40.825  -52.357  24.669 0.2000000030
18152  44.871  -55.235  27.999 0.3000000119
18143  44.984  -54.990  28.692 0.2000000030
19196  44.910  -54.364  28.744 0.3000000119
18132  44.358  -55.317  29.549 0.2000000030
18115  45.342  -54.321  29.985 0.2000000030
12666  32.718  -61.505  18.395 0.1000000015
12665  33.703  -61.410  18.672 0.1000000015
12648  34.613  -60.706  19.201 0.1000000015
11869  33.610  -62.425  17.411 0.1000000015
12664  34.637  -61.296  18.749 0.1000000015
11851  33.711  -61.975  18.034 0.1000000015
21094  43.815  -52.530  30.508 0.1000000015
20144  44.508  -52.994  30.807 0.1000000015
21979  45.693  -52.473  30.743 0.1000000015
21078  45.408  -52.810  30.874 0.1000000015
19171  44.539  -54.028  30.690 0.1000000015
20121  45.904  -53.012  30.822 0.1000000015
18116  44.926  -54.623  30.017 0.1000000015
19150  46.123  -53.516  30.293 0.1000000015
19168  46.473  -53.551  29.918 0.1000000015
18130  45.176  -54.129  29.222 0.1000000015
19195  45.261  -54.121  28.765 0.2000000030
19193  46.509  -53.450  29.650 0.1000000015
20181  46.646  -52.722  29.537 0.2000000030
20209  44.318  -54.018  27.869 0.2000000030
21139  46.660  -52.130  29.121 0.2000000030
20196  45.110  -53.615  29.009 0.2000000030
21141  45.068  -53.048  28.839 0.2000000030
20197  44.695  -53.907  28.577 0.2000000030
22059  46.238  -51.763  28.578 0.2000000030
22061  44.847  -52.585  28.650 0.2000000030
21156  43.814  -53.151  27.688 0.2000000030
21168  43.147  -52.734  27.014 0.2000000030
22093  42.701  -51.319  26.656 0.1000000015
21153  47.234  -51.619  28.574 0.2000000030
22078  44.533  -51.981  28.326 0.2000000030
22079  43.730  -51.877  27.646 0.2000000030
22092  43.146  -51.605  27.064 0.1000000015
23023  43.200  -50.752  26.935 0.1000000015
19131  44.476  -53.508  30.880 0.1000000015
21981  44.432  -51.998  30.657 0.1000000015
21079  44.863  -52.693  30.880 0.1000000015
22003  45.060  -51.571  30.630 0.1000000015
21077  46.183  -52.898  30.705 0.1000000015
21089  47.377  -52.828  30.266 0.1000000015
20195  46.022  -53.179  29.324 0.2000000030
22060  45.388  -52.200  28.697 0.2000000030
22181  40.022  -50.890  19.687 0.2000000030
22155  39.322  -51.925  21.920 0.2000000030
22168  39.864  -51.741  20.625 0.2000000030
23094  39.288  -50.932  20.138 0.2000000030
22156  38.700  -51.424  21.582 0.2000000030
23095  38.473  -50.438  20.502 0.2000000030
22136  39.233  -51.918  22.761 0.2000000030
22138  38.236  -51.224  22.173 0.1000000015
22157  38.030  -51.087  21.816 0.2000000030
22137  38.694  -51.344  22.628 0.2000000030
22120  38.832  -51.028  23.254 0.2000000030
23063  37.131  -50.107  22.221 0.1000000015
23062  37.877  -50.622  22.629 0.1000000015
23056  38.328  -50.290  23.462 0.1000000015
24028  36.572  -49.291  22.496 0.1000000015
24041  36.082  -49.107  21.517 0.1000000015
21138  47.368  -52.116  28.832 0.1000000015
23055  38.970  -50.510  23.762 0.1000000015
24016  37.858  -49.624  23.535 0.1000000015
23061  38.517  -50.781  23.152 0.1000000015
24027  37.266  -49.830  22.850 0.1000000015
25010  36.188  -48.302  22.737 0.1000000015
24999  36.866  -48.473  23.280 0.1000000015
25988  35.275  -47.022  22.575 0.1000000015
22091  47.213  -50.789  27.364 0.1000000015
22074  47.919  -50.732  27.452 0.1000000015
22075  47.406  -51.173  27.908 0.1000000015
23054  39.411  -50.869  24.123 0.1000000015
24015  38.681  -49.672  23.996 0.1000000015
24983  39.196  -49.068  24.369 0.1000000015
24017  37.204  -49.205  23.201 0.1000000015
25987  35.895  -47.600  22.800 0.1000000015
25974  36.589  -47.481  23.293 0.1000000015
22089  48.018  -50.565  26.955 0.1000000015
22076  46.691  -51.023  27.724 0.1000000015
24982  39.877  -48.934  24.370 0.1000000015
24000  40.773  -49.545  24.763 0.1000000015
24996  39.624  -48.322  24.267 0.1000000015
24002  39.353  -49.696  24.295 0.1000000015
24001  40.049  -49.608  24.462 0.1000000015
25971  39.366  -47.572  24.104 0.1000000015
27050  39.067  -46.767  23.815 0.1000000015
25972  38.408  -47.694  23.851 0.1000000015
24998  37.685  -48.581  23.687 0.1000000015
24997  38.609  -48.650  24.179 0.1000000015
28112  38.370  -45.457  22.642 0.1000000015
27065  38.584  -46.155  23.209 0.1000000015
27051  38.190  -46.923  23.734 0.1000000015
27052  37.480  -46.633  23.474 0.1000000015
27064  39.774  -46.106  23.163 0.1000000015
28111  39.431  -45.361  22.548 0.1000000015
23999  41.450  -49.527  25.218 0.1000000015
23079  37.600  -50.527  21.477 0.1000000015
25973  37.521  -47.642  23.585 0.1000000015
27053  36.591  -46.521  23.237 0.1000000015
24981  40.730  -48.615  24.460 0.1000000015
17298  33.522  -56.080  16.946 0.1000000015
18336  34.150  -55.605  17.006 0.1000000015
16271  32.823  -57.087  16.851 0.1000000015
15320  30.912  -57.682  16.256 0.1000000015
14425  29.207  -59.289  15.420 0.1000000015
13549  28.682  -59.836  15.455 0.1000000015
16255  34.071  -56.505  17.156 0.1000000015
17278  34.325  -56.032  17.285 0.1000000015
16272  31.870  -57.170  16.469 0.1000000015
15319  31.451  -58.035  16.289 0.1000000015
19379  35.593  -54.636  17.093 0.1000000015
19378  36.285  -54.228  17.367 0.1000000015
17276  36.068  -56.274  17.829 0.1000000015
16254  34.606  -56.774  17.340 0.1000000015
18358  33.179  -55.480  16.312 0.1000000015
19355  36.987  -54.211  17.979 0.1000000015
18333  36.680  -55.537  17.828 0.1000000015
19397  35.039  -54.616  16.487 0.1000000015
20350  36.358  -53.705  17.110 0.1000000015
20363  36.451  -53.490  16.931 0.1000000015
19396  36.236  -53.979  16.647 0.1000000015
19395  36.700  -53.755  16.360 0.1000000015
17277  35.114  -56.103  17.647 0.1000000015
13551  27.455  -59.557  15.027 0.1000000015
3228  27.463  -73.179  33.778 0.1000000015
3230  26.764  -72.950  33.378 0.1000000015
3262  27.120  -73.171  31.299 0.1000000015
3828  27.473  -73.132  33.298 0.1000000015
3847  27.916  -72.750  32.799 0.1000000015
3848  27.454  -72.993  32.726 0.1000000015
3849  26.547  -72.697  32.547 0.1000000015
3859  27.295  -73.000  31.804 0.1000000015
3884  26.129  -71.872  28.525 0.1000000015
3893  26.261  -71.835  28.265 0.1000000015
4561  28.852  -71.465  31.581 0.1000000015
4587  26.175  -71.536  29.296 0.1000000015
4597  25.950  -71.545  28.370 0.1000000015
4612  25.439  -70.721  27.420 0.1000000015
4641  27.517  -70.611  26.438 0.1000000015
5253  29.780  -70.359  31.875 0.1000000015
5301  29.609  -69.905  26.842 0.1000000015
5304  25.457  -70.581  27.626 0.1000000015
5325  24.934  -70.299  26.846 0.1000000015
5338  29.672  -69.907  25.007 0.1000000015
5356  29.838  -69.725  24.777 0.1000000015
5372  29.595  -70.131  24.077 0.1000000015
6004  26.876  -69.982  29.193 0.1000000015
6040  29.703  -69.882  26.200 0.1000000015
6108  29.854  -69.381  24.263 0.1000000015
6111  28.189  -69.397  23.176 0.1000000015
6128  28.153  -69.159  22.981 0.1000000015
6786  32.819  -67.708  28.321 0.1000000015
6837  30.835  -68.974  25.497 0.1000000015
6838  30.407  -69.276  25.827 0.1000000015
6861  30.318  -69.066  24.517 0.1000000015
6862  27.684  -68.946  23.725 0.1000000015
6907  28.325  -68.822  22.963 0.1000000015
7619  33.325  -67.522  28.856 0.1000000015
7635  35.259  -66.664  28.253 0.1000000015
7696  35.226  -66.927  23.591 0.1000000015
7791  34.710  -67.728  19.395 0.1000000015
8457  35.076  -66.231  29.908 0.1000000015
8497  34.984  -66.659  28.921 0.1000000015
8537  34.277  -67.261  26.096 0.1000000015
8586  35.909  -66.233  22.912 0.1000000015
8591  29.881  -67.221  23.332 0.1000000015
8603  36.000  -66.282  22.299 0.1000000015
8621  36.068  -66.317  22.107 0.1000000015
8623  33.912  -67.544  21.941 0.1000000015
9295  33.390  -65.878  31.604 0.1000000015
9328  35.164  -66.018  29.983 0.1000000015
9346  35.232  -66.010  29.738 0.1000000015
9348  34.113  -65.380  29.991 0.1000000015
9371  37.089  -65.093  26.645 0.1000000015
9391  37.178  -65.044  26.184 0.1000000015
9480  35.338  -66.120  21.001 0.1000000015
10101  31.496  -64.581  32.637 0.1000000015
10161  33.914  -64.920  29.432 0.1000000015
10173  34.265  -64.885  28.914 0.1000000015
10186  37.042  -64.999  26.933 0.1000000015
10213  34.732  -63.465  26.724 0.1000000015
10232  37.110  -64.895  26.131 0.1000000015
10358  33.631  -63.928  14.951 0.1000000015
10371  35.536  -64.617  14.059 0.1000000015
10384  36.798  -64.070  13.493 0.2000000030
10385  36.450  -64.352  13.183 0.2000000030
10386  35.796  -64.723  13.337 0.2000000030
10899  31.233  -63.391  32.563 0.1000000015
10927  32.452  -64.379  30.325 0.1000000015
10993  34.816  -63.616  26.119 0.1000000015
11010  34.994  -63.809  25.975 0.1000000015
11014  31.847  -62.878  25.085 0.1000000015
11140  38.197  -63.532  14.285 0.1000000015
11154  38.120  -63.246  13.482 0.1000000015
11174  38.129  -63.025  13.263 0.1000000015
11690  31.489  -63.500  31.409 0.1000000015
11749  34.096  -62.768  26.684 0.1000000015
11778  32.496  -62.447  25.246 0.1000000015
11779  32.104  -62.682  25.104 0.1000000015
11788  31.814  -62.400  24.731 0.1000000015
11848  36.148  -61.638  18.288 0.3000000119
11909  38.594  -63.113  14.204 0.1000000015
11924  38.874  -62.478  13.443 0.1000000015
12599  33.042  -61.925  26.219 0.1000000015
12605  33.157  -62.154  25.995 0.1000000015
12659  39.611  -61.093  18.038 0.1000000015
13416  31.182  -60.668  28.842 0.1000000015
13511  38.056  -60.723  18.321 0.4000000060
13527  40.918  -60.586  16.229 0.1000000015
13538  40.956  -60.427  15.499 0.1000000015
13542  36.491  -60.525  15.329 0.1000000015
13550  27.929  -59.749  15.363 0.1000000015
13582  27.282  -60.207  15.095 0.1000000015
14280  31.860  -60.473  26.988 0.1000000015
14295  31.905  -60.643  26.710 0.1000000015
14328  40.710  -58.691  21.275 0.3000000119
14339  40.720  -59.062  20.500 0.3000000119
14375  41.593  -59.358  18.402 0.1000000015
14376  39.717  -59.887  18.863 0.4000000060
14387  41.878  -58.821  16.893 0.1000000015
14405  31.502  -58.675  16.256 0.1000000015
14419  35.747  -59.870  15.903 0.1000000015
14426  28.287  -59.142  15.338 0.1000000015
14427  27.671  -59.120  15.057 0.1000000015
15188  41.196  -57.966  25.605 0.5000000000
15249  39.652  -58.485  20.260 0.4000000060
15250  33.364  -58.508  19.882 0.3000000119
15262  41.483  -58.776  19.831 0.2000000030
15263  40.359  -58.849  20.396 0.4000000060
15266  38.925  -58.542  19.325 0.4000000060
15298  37.017  -57.966  17.294 0.1000000015
15311  39.714  -58.579  15.899 0.2000000030
15330  40.459  -58.911  15.423 0.1000000015
15331  31.206  -58.569  16.236 0.1000000015
15332  30.570  -58.236  16.147 0.1000000015
16076  35.109  -56.850  31.983 0.1000000015
16088  44.048  -56.639  28.867 0.3000000119
16089  43.785  -56.603  28.889 0.3000000119
16102  44.386  -57.006  28.366 0.3000000119
16104  43.113  -57.040  28.488 0.4000000060
16114  44.719  -56.541  27.965 0.3000000119
16123  44.048  -56.728  27.359 0.4000000060
16129  39.044  -57.037  25.700 0.4000000060
16151  41.594  -57.738  24.438 0.5000000000
16152  39.347  -57.587  24.542 0.5000000000
16165  38.763  -57.541  23.416 0.5000000000
16212  32.952  -57.775  19.906 0.2000000030
16227  33.917  -57.601  19.621 0.3000000119
16228  33.375  -57.572  19.720 0.2000000030
16248  40.469  -56.978  16.531 0.2000000030
16273  31.134  -57.232  16.296 0.1000000015
17086  35.569  -56.308  31.948 0.1000000015
17111  44.664  -55.776  29.034 0.3000000119
17114  43.554  -56.036  29.067 0.3000000119
17127  44.659  -55.890  28.662 0.4000000060
17128  44.480  -56.483  28.614 0.4000000060
17130  43.229  -56.422  28.693 0.3000000119
17149  43.649  -56.850  26.352 0.4000000060
17154  28.863  -56.139  25.907 0.1000000015
17173  43.557  -56.400  24.986 0.4000000060
17174  37.493  -56.900  23.971 0.5000000000
17178  29.594  -56.572  24.396 0.2000000030
17188  36.239  -56.069  24.091 0.5000000000
17198  43.568  -55.831  22.437 0.5000000000
17200  37.558  -56.529  22.317 0.4000000060
17216  30.808  -56.798  21.693 0.3000000119
17231  31.777  -56.667  20.630 0.3000000119
17243  33.431  -57.057  19.675 0.3000000119
17272  40.064  -56.389  17.091 0.3000000119
17273  39.030  -56.421  17.306 0.2000000030
17296  42.109  -56.537  16.313 0.1000000015
18097  44.243  -54.054  30.673 0.1000000015
18098  43.996  -54.044  30.674 0.3000000119
18103  33.622  -55.213  31.972 0.1000000015
18118  43.804  -54.277  30.181 0.3000000119
18119  43.740  -54.020  30.369 0.3000000119
18134  43.333  -55.571  29.100 0.4000000060
18142  45.237  -54.199  29.137 0.1000000015
18155  40.982  -55.453  27.495 0.4000000060
18170  28.821  -56.026  26.116 0.1000000015
18178  37.841  -56.081  25.524 0.5000000000
18184  29.450  -55.495  25.451 0.2000000030
18185  28.896  -55.853  25.894 0.1000000015
18192  36.271  -55.855  24.554 0.5000000000
18195  29.962  -55.528  24.150 0.2000000030
18196  29.675  -55.805  24.475 0.2000000030
18202  43.929  -55.773  24.582 0.4000000060
18204  36.423  -56.045  23.253 0.5000000000
18218  41.582  -55.023  22.121 0.3000000119
18219  41.214  -55.079  22.174 0.3000000119
18220  40.800  -55.043  22.199 0.3000000119
18222  35.777  -55.456  22.750 0.5000000000
18238  41.434  -55.211  21.906 0.3000000119
18239  41.038  -55.286  21.836 0.3000000119
18240  40.839  -54.835  22.189 0.3000000119
18241  36.411  -55.660  22.312 0.5000000000
18264  41.414  -55.245  21.572 0.3000000119
18265  41.083  -55.224  21.316 0.3000000119
18268  34.826  -55.511  20.729 0.5000000000
18305  42.932  -55.730  18.156 0.1000000015
18307  37.978  -54.942  17.999 0.1000000015
18308  37.187  -54.911  17.985 0.1000000015
18309  36.575  -54.816  17.818 0.2000000030
18326  43.114  -54.948  17.501 0.2000000030
18327  42.877  -55.507  17.376 0.2000000030
18331  38.478  -55.667  17.755 0.2000000030
18334  35.861  -55.166  17.657 0.2000000030
18335  34.787  -55.242  17.148 0.1000000015
18353  42.625  -55.654  16.983 0.1000000015
18355  41.704  -55.850  16.489 0.1000000015
18356  34.581  -54.952  16.795 0.1000000015
18357  34.072  -55.107  16.640 0.1000000015
19130  44.988  -53.525  30.965 0.1000000015
19132  44.205  -53.762  31.166 0.1000000015
19149  46.378  -53.471  30.208 0.1000000015
19151  45.004  -53.834  30.777 0.1000000015
19152  44.372  -53.784  30.843 0.1000000015
19153  44.085  -53.883  30.975 0.1000000015
19155  43.456  -53.501  30.217 0.2000000030
19169  45.786  -53.810  30.158 0.1000000015
19170  45.064  -54.078  30.526 0.1000000015
19174  43.365  -53.622  30.041 0.5000000000
19176  34.868  -53.776  30.895 0.1000000015
19182  46.371  -53.465  29.585 0.1000000015
19183  45.965  -53.706  29.768 0.2000000030
19184  43.395  -55.081  29.430 0.3000000119
19185  43.018  -54.783  29.257 0.4000000060
19186  42.475  -54.517  28.907 0.4000000060
19194  45.841  -53.675  29.481 0.1000000015
19199  41.257  -54.256  28.153 0.5000000000
19225  37.904  -54.607  25.969 0.5000000000
19226  32.729  -53.771  26.245 0.5000000000
19248  29.831  -55.233  24.711 0.2000000030
19284  40.900  -54.567  22.246 0.3000000119
19289  31.436  -54.818  22.580 0.4000000060
19308  41.407  -54.608  22.184 0.3000000119
19309  40.765  -54.450  22.214 0.3000000119
19328  43.169  -54.338  19.429 0.2000000030
19330  41.489  -55.064  21.177 0.3000000119
19331  41.183  -54.753  21.252 0.3000000119
19350  43.270  -54.610  18.212 0.2000000030
19351  40.314  -53.714  17.844 0.2000000030
19352  39.648  -54.281  18.037 0.2000000030
19356  36.553  -54.384  17.713 0.2000000030
19372  43.181  -54.551  17.715 0.2000000030
19374  42.207  -54.610  16.989 0.1000000015
19375  41.023  -54.276  17.482 0.2000000030
19393  42.668  -55.196  17.013 0.2000000030
20078  34.851  -53.176  36.027 0.1000000015
20120  46.538  -53.175  30.644 0.1000000015
20122  45.113  -53.188  31.036 0.1000000015
20123  44.545  -53.233  30.875 0.1000000015
20124  44.157  -53.680  30.890 0.1000000015
20140  47.144  -52.895  30.180 0.1000000015
20141  46.511  -53.151  30.452 0.1000000015
20142  45.690  -53.381  30.657 0.1000000015
20143  45.204  -53.387  30.897 0.1000000015
20145  44.062  -53.218  30.590 0.1000000015
20147  43.027  -53.018  29.985 0.2000000030
20150  33.885  -53.697  31.333 0.1000000015
20161  45.479  -53.710  30.527 0.1000000015
20162  45.260  -53.644  30.720 0.1000000015
20163  42.763  -54.097  29.515 0.4000000060
20165  35.206  -53.218  30.812 0.1000000015
20166  34.786  -53.234  30.679 0.1000000015
20168  33.613  -53.074  31.171 0.1000000015
20184  30.304  -53.172  29.371 0.3000000119
20185  29.813  -53.614  29.708 0.2000000030
20194  46.375  -53.591  29.530 0.1000000015
20213  32.029  -52.960  27.026 0.5000000000
20227  38.783  -53.530  26.338 0.6000000238
20231  31.606  -53.549  26.725 0.5000000000
20245  36.762  -53.771  25.523 0.5000000000
20260  41.411  -53.454  23.742 0.3000000119
20281  40.709  -54.177  22.203 0.3000000119
20299  40.724  -53.828  21.934 0.3000000119
20300  40.571  -54.389  22.187 0.3000000119
20310  42.984  -53.812  19.607 0.2000000030
20318  43.177  -53.729  18.956 0.2000000030
20320  42.306  -53.250  19.815 0.2000000030
20333  37.629  -53.392  18.140 0.2000000030
20349  36.858  -53.383  17.356 0.2000000030
20358  42.048  -53.066  17.284 0.2000000030
20359  41.911  -53.137  17.088 0.2000000030
20360  41.677  -53.174  17.019 0.2000000030
20362  36.882  -53.393  16.518 0.1000000015
21019  35.579  -52.157  37.027 0.1000000015
21033  35.177  -52.518  36.570 0.1000000015
21055  34.631  -52.220  34.251 0.1000000015
21067  34.827  -52.347  33.386 0.1000000015
21076  46.701  -53.455  30.790 0.1000000015
21080  44.582  -52.314  30.720 0.1000000015
21090  46.866  -52.847  30.342 0.1000000015
21091  46.496  -52.518  30.500 0.1000000015
21092  44.730  -52.913  30.885 0.1000000015
21093  44.473  -52.666  30.735 0.1000000015
21127  46.965  -52.401  29.566 0.1000000015
21140  45.842  -52.699  28.954 0.2000000030
21154  46.920  -51.560  28.341 0.2000000030
21155  44.439  -53.147  28.466 0.2000000030
21172  37.487  -52.227  25.774 0.5000000000
21176  32.504  -52.411  26.831 0.5000000000
21186  37.828  -52.883  25.717 0.5000000000
21201  39.462  -52.005  23.824 0.3000000119
21244  40.761  -52.335  20.704 0.3000000119
21263  42.460  -52.623  18.766 0.2000000030
21264  40.733  -52.486  17.725 0.3000000119
21265  40.268  -52.486  18.018 0.3000000119
21266  39.370  -52.417  18.215 0.2000000030
21279  41.717  -52.350  17.797 0.2000000030
21294  41.754  -52.817  17.319 0.2000000030
21295  41.609  -52.917  17.057 0.2000000030
21297  37.175  -52.823  16.768 0.1000000015
21930  35.652  -51.847  37.124 0.1000000015
21931  35.474  -51.885  36.988 0.1000000015
21942  35.167  -51.638  36.824 0.1000000015
21950  34.554  -51.148  36.724 0.1000000015
21978  46.088  -52.569  30.666 0.1000000015
21980  45.047  -52.229  30.825 0.1000000015
21999  47.596  -52.764  30.325 0.1000000015
22001  46.034  -51.746  30.590 0.1000000015
22002  45.643  -51.746  30.595 0.1000000015
22004  44.046  -52.109  30.547 0.1000000015
22058  47.464  -51.470  28.488 0.1000000015
22063  39.709  -51.482  27.668 0.5000000000
22065  32.098  -51.528  28.403 0.4000000060
22066  31.613  -51.911  28.382 0.4000000060
22077  45.657  -51.339  28.223 0.2000000030
22090  47.603  -50.654  27.150 0.1000000015
22094  38.139  -51.353  26.499 0.5000000000
22100  32.818  -51.877  26.751 0.5000000000
22106  36.373  -51.859  25.597 0.5000000000
22108  34.706  -52.062  25.583 0.5000000000
22166  41.445  -52.085  19.826 0.3000000119
22169  38.863  -51.174  20.760 0.2000000030
22178  42.229  -51.942  19.101 0.2000000030
22192  39.342  -51.670  17.944 0.2000000030
22214  38.252  -50.994  16.972 0.2000000030
22879  34.928  -50.231  37.226 0.1000000015
22906  33.974  -49.703  33.912 0.2000000030
22912  44.534  -51.701  30.616 0.1000000015
22930  45.258  -51.043  30.440 0.1000000015
22952  40.351  -49.681  29.481 0.3000000119
22968  40.429  -50.343  28.923 0.5000000000
22969  40.453  -49.875  29.295 0.3000000119
23004  38.589  -50.545  27.258 0.5000000000
23005  38.021  -50.148  26.869 0.5000000000
23024  38.278  -50.993  26.794 0.5000000000
23040  36.549  -51.321  25.684 0.5000000000
23052  39.528  -50.254  24.289 0.1000000015
23078  38.290  -50.977  21.217 0.2000000030
23122  41.441  -50.312  18.154 0.4000000060
23123  40.826  -49.884  18.326 0.3000000119
23852  34.050  -49.383  33.854 0.2000000030
23860  42.490  -49.073  30.818 0.2000000030
23864  39.426  -48.227  30.706 0.1000000015
23877  43.409  -49.162  30.217 0.1000000015
23879  42.665  -49.614  30.915 0.2000000030
23880  40.390  -49.448  30.236 0.2000000030
23883  38.220  -47.778  30.659 0.2000000030
23896  40.399  -49.550  29.935 0.2000000030
23929  40.202  -50.235  28.653 0.5000000000
23930  39.950  -50.054  28.519 0.5000000000
24029  35.872  -48.757  22.211 0.1000000015
24078  37.976  -49.173  19.057 0.2000000030
24080  36.099  -49.071  19.686 0.1000000015
24082  34.869  -49.164  19.962 0.1000000015
24098  40.425  -49.733  18.046 0.3000000119
24103  35.311  -49.309  18.163 0.1000000015
24120  41.162  -50.078  17.837 0.3000000119
24121  40.730  -50.061  17.793 0.3000000119
24122  39.904  -50.024  17.741 0.3000000119
24127  34.736  -49.775  17.667 0.1000000015
24780  35.671  -48.471  37.709 0.1000000015
24822  39.003  -47.327  31.859 0.1000000015
24824  33.841  -48.079  34.240 0.1000000015
24836  40.573  -48.424  31.514 0.1000000015
24838  39.488  -47.627  31.438 0.1000000015
24839  38.685  -47.390  31.499 0.1000000015
24840  38.139  -47.247  31.512 0.1000000015
24855  41.486  -48.520  31.271 0.2000000030
24875  42.618  -48.066  30.449 0.2000000030
24891  43.157  -48.278  30.151 0.1000000015
24892  42.830  -48.145  30.344 0.2000000030
24912  37.902  -48.040  29.270 0.2000000030
24942  38.645  -48.996  28.275 0.5000000000
25044  35.574  -48.799  20.835 0.1000000015
25045  35.256  -48.678  20.808 0.1000000015
25046  34.487  -48.279  20.485 0.1000000015
25058  36.283  -48.706  19.077 0.1000000015
25059  35.527  -48.862  19.251 0.1000000015
25060  34.685  -48.787  19.561 0.1000000015
25073  36.876  -48.856  18.803 0.1000000015
25769  35.946  -47.957  38.032 0.1000000015
25817  39.196  -47.318  32.043 0.1000000015
25833  40.062  -47.529  31.852 0.1000000015
25835  38.500  -46.905  31.882 0.1000000015
25848  41.977  -48.286  30.799 0.2000000030
25850  41.157  -47.537  31.551 0.1000000015
25869  42.103  -47.883  30.651 0.2000000030
25883  43.729  -48.291  29.571 0.1000000015
25975  36.010  -47.053  23.062 0.1000000015
26004  34.394  -47.195  21.644 0.1000000015
26023  34.312  -47.672  20.984 0.1000000015
26024  33.834  -47.303  20.653 0.1000000015
26832  35.053  -45.809  36.907 0.1000000015
26849  34.833  -46.066  35.082 0.1000000015
26851  33.777  -46.883  34.791 0.1000000015
26871  39.118  -47.279  32.206 0.1000000015
26872  39.025  -47.140  32.230 0.1000000015
26926  40.884  -46.197  30.740 0.1000000015
26938  40.840  -45.781  30.498 0.1000000015
26953  42.779  -46.410  29.047 0.1000000015
26955  41.423  -45.810  29.983 0.1000000015
26972  43.149  -46.444  28.150 0.1000000015
27066  37.819  -45.988  23.003 0.1000000015
27827  37.056  -45.998  39.311 0.1000000015
27927  36.873  -45.695  32.695 0.1000000015
27952  40.639  -46.506  31.316 0.1000000015
28015  42.607  -45.824  28.231 0.1000000015
28029  42.995  -45.978  27.587 0.1000000015
28093  37.216  -46.039  23.220 0.1000000015
28933  34.616  -44.925  36.088 0.1000000015
28950  34.576  -44.960  35.819 0.1000000015
29993  35.786  -42.883  34.079 0.1000000015
30049  38.234  -43.998  30.938 0.1000000015
31080  35.891  -42.354  34.291 0.1000000015
