#!ascii label  , from subject 3825 vox2ras=TkReg
665
13453  -41.489  -85.838  16.259 0.0000000000
19883  -36.891  -79.785  10.444 0.0000000000
20846  -44.541  -78.632  20.521 0.0000000000
14437  -36.347  -84.573  14.424 0.0000000000
22087  -40.552  -78.317  17.084 0.0000000000
17423  -45.551  -81.920  24.928 0.0000000000
22032  -51.493  -77.704  19.486 0.0000000000
24371  -46.013  -75.877  20.178 0.0000000000
18689  -48.629  -81.329  16.871 0.0000000000
22028  -40.967  -77.988  19.329 0.0000000000
18704  -46.355  -80.881  15.456 0.0000000000
18572  -49.632  -80.120  22.764 0.0000000000
21986  -50.456  -77.978  23.935 0.0000000000
26670  -44.589  -73.417  17.568 0.0000000000
24410  -46.766  -74.965  17.073 0.0000000000
11724  -38.802  -87.624  10.510 0.0000000000
17652  -34.494  -81.500  12.503 0.0000000000
14493  -34.126  -84.075  9.801 0.0000000000
17716  -32.757  -81.246  8.607 0.0000000000
16420  -41.767  -82.736  20.075 0.0000000000
13466  -39.104  -85.488  15.831 0.0000000000
17569  -36.677  -81.556  16.869 0.0000000000
19814  -37.346  -79.526  14.415 0.0000000000
19655  -44.562  -80.227  22.482 0.0000000000
19696  -48.558  -79.910  20.457 0.0000000000
20927  -51.533  -78.780  16.600 0.0000000000
21983  -47.229  -77.345  23.726 0.0000000000
23174  -48.112  -76.556  20.312 0.0000000000
23247  -49.206  -76.929  16.804 0.0000000000
23287  -49.245  -77.084  13.888 0.0000000000
12621  -36.663  -86.308  10.449 0.0000000000
23314  -38.505  -76.706  12.396 0.0000000000
17685  -40.296  -81.785  10.625 0.0000000000
17755  -40.458  -81.979  6.861 0.0000000000
18705  -49.966  -80.965  15.464 0.0000000000
18687  -46.908  -81.036  16.453 0.0000000000
12590  -40.056  -87.100  13.759 0.0000000000
18771  -35.378  -80.086  11.680 0.0000000000
17682  -33.840  -81.382  10.712 0.0000000000
19924  -34.568  -80.248  9.372 0.0000000000
18873  -34.282  -80.736  7.211 0.0000000000
18828  -36.154  -80.114  8.401 0.0000000000
18607  -41.636  -80.667  20.586 0.0000000000
18606  -40.918  -80.300  20.276 0.0000000000
22065  -41.454  -77.898  17.925 0.0000000000
19727  -38.453  -79.416  18.601 0.0000000000
19744  -37.664  -78.802  17.622 0.0000000000
18685  -36.033  -80.391  15.790 0.0000000000
20947  -38.795  -78.557  16.408 0.0000000000
17470  -43.874  -81.489  22.867 0.0000000000
18545  -44.963  -81.047  23.747 0.0000000000
20838  -51.403  -78.421  21.219 0.0000000000
19680  -49.403  -79.917  21.541 0.0000000000
19717  -51.594  -78.992  19.470 0.0000000000
18630  -50.710  -79.937  18.701 0.0000000000
22048  -51.470  -77.825  18.347 0.0000000000
23159  -46.129  -76.606  21.986 0.0000000000
23149  -47.735  -76.706  22.292 0.0000000000
24372  -47.023  -76.195  19.964 0.0000000000
24430  -47.659  -75.181  16.158 0.0000000000
23224  -47.676  -75.706  17.338 0.0000000000
24457  -48.223  -75.810  15.759 0.0000000000
22110  -49.082  -77.328  15.293 0.0000000000
13478  -37.371  -85.180  14.808 0.0000000000
12606  -37.406  -86.472  12.655 0.0000000000
13504  -36.576  -85.698  12.790 0.0000000000
13539  -34.142  -85.211  8.541 0.0000000000
24505  -37.496  -75.278  11.723 0.0000000000
19869  -40.895  -79.463  11.649 0.0000000000
16572  -42.194  -82.323  8.851 0.0000000000
20879  -45.794  -79.023  18.892 0.0000000000
20858  -42.494  -78.115  19.748 0.0000000000
19730  -44.995  -79.340  17.936 0.0000000000
20899  -43.679  -79.248  17.512 0.0000000000
19771  -43.795  -79.341  16.662 0.0000000000
18519  -47.608  -80.685  24.389 0.0000000000
19640  -50.543  -79.523  22.937 0.0000000000
22006  -50.840  -77.627  21.475 0.0000000000
25493  -45.452  -74.744  18.940 0.0000000000
24382  -46.347  -75.498  19.086 0.0000000000
25521  -45.987  -74.379  17.293 0.0000000000
25536  -46.584  -74.278  16.403 0.0000000000
25565  -47.393  -74.385  15.400 0.0000000000
15491  -34.772  -83.501  13.210 0.0000000000
14466  -35.261  -84.334  12.078 0.0000000000
16531  -34.207  -82.847  11.301 0.0000000000
16551  -33.054  -82.442  9.883 0.0000000000
16586  -31.842  -82.175  7.803 0.0000000000
16602  -32.863  -81.734  6.579 0.0000000000
17773  -34.526  -81.501  6.095 0.0000000000
17775  -36.576  -81.699  5.469 0.0000000000
15441  -41.133  -84.012  18.000 0.0000000000
13467  -40.342  -85.568  15.739 0.0000000000
15452  -38.880  -83.963  16.876 0.0000000000
15450  -37.301  -83.448  16.444 0.0000000000
19709  -39.817  -79.703  19.457 0.0000000000
17571  -37.927  -81.005  17.867 0.0000000000
16485  -36.210  -82.597  15.645 0.0000000000
16484  -35.581  -82.153  15.217 0.0000000000
18731  -35.379  -80.669  13.672 0.0000000000
18752  -37.010  -79.880  12.397 0.0000000000
15388  -42.214  -83.212  20.192 0.0000000000
17494  -42.813  -81.381  21.484 0.0000000000
19675  -44.220  -79.777  21.861 0.0000000000
18569  -46.904  -80.231  22.904 0.0000000000
19677  -46.270  -79.539  21.593 0.0000000000
19694  -46.453  -79.249  20.568 0.0000000000
19734  -48.605  -80.396  18.647 0.0000000000
18676  -50.542  -80.524  17.051 0.0000000000
19821  -51.064  -79.123  14.944 0.0000000000
23131  -48.619  -76.871  22.926 0.0000000000
22004  -49.279  -77.186  21.357 0.0000000000
23193  -49.697  -76.936  19.745 0.0000000000
23190  -46.948  -76.088  18.795 0.0000000000
23208  -48.633  -76.455  18.498 0.0000000000
23227  -50.235  -77.050  18.565 0.0000000000
22091  -50.640  -77.708  16.781 0.0000000000
20956  -50.211  -78.143  15.146 0.0000000000
11670  -38.739  -87.119  13.021 0.0000000000
11723  -37.945  -87.268  10.764 0.0000000000
13515  -35.515  -84.994  10.299 0.0000000000
13560  -35.155  -85.686  8.307 0.0000000000
19790  -39.868  -79.437  15.539 0.0000000000
18734  -38.655  -80.295  13.714 0.0000000000
18774  -38.594  -80.651  11.609 0.0000000000
17654  -40.639  -81.027  12.230 0.0000000000
17697  -38.960  -81.043  10.399 0.0000000000
17717  -38.887  -80.929  8.328 0.0000000000
17753  -38.557  -81.194  6.746 0.0000000000
18723  -49.987  -80.587  14.832 0.0000000000
17624  -49.355  -81.180  14.678 0.0000000000
12591  -41.013  -87.245  13.793 0.0000000000
12553  -40.930  -86.250  15.111 0.0000000000
19881  -35.524  -80.051  10.957 0.0000000000
18802  -34.659  -80.376  10.413 0.0000000000
19901  -35.233  -80.026  10.069 0.0000000000
19926  -35.737  -79.855  9.167 0.0000000000
19903  -37.062  -79.913  9.743 0.0000000000
20834  -42.711  -79.541  21.148 0.0000000000
19691  -42.057  -79.789  20.839 0.0000000000
20844  -42.376  -78.863  20.707 0.0000000000
22064  -40.846  -77.897  17.729 0.0000000000
20895  -39.253  -78.103  18.117 0.0000000000
19745  -38.264  -78.216  17.259 0.0000000000
19766  -38.200  -78.414  16.674 0.0000000000
20922  -40.044  -78.405  16.642 0.0000000000
15336  -44.836  -83.353  24.039 0.0000000000
16373  -44.485  -82.852  23.778 0.0000000000
16372  -44.078  -82.262  23.305 0.0000000000
17449  -45.412  -81.383  24.400 0.0000000000
22015  -51.643  -77.872  20.666 0.0000000000
20849  -51.312  -78.957  20.667 0.0000000000
20863  -52.058  -78.242  19.629 0.0000000000
19736  -51.735  -78.744  18.733 0.0000000000
20880  -51.970  -78.151  18.798 0.0000000000
24370  -45.020  -75.447  20.394 0.0000000000
24352  -44.711  -75.834  21.232 0.0000000000
24353  -45.753  -76.190  21.259 0.0000000000
24342  -45.582  -76.367  21.970 0.0000000000
24354  -46.789  -76.321  20.867 0.0000000000
24456  -47.826  -75.128  15.268 0.0000000000
24471  -48.244  -75.575  14.760 0.0000000000
14438  -36.976  -84.791  14.881 0.0000000000
12586  -36.871  -85.834  13.421 0.0000000000
13490  -36.037  -85.112  13.213 0.0000000000
19884  -40.923  -79.558  10.880 0.0000000000
18809  -42.166  -81.460  9.961 0.0000000000
18808  -42.001  -81.163  9.407 0.0000000000
19752  -47.276  -80.084  17.909 0.0000000000
20878  -45.255  -78.935  18.723 0.0000000000
18672  -46.793  -80.394  17.294 0.0000000000
17590  -47.042  -81.399  15.472 0.0000000000
18703  -45.862  -80.720  16.228 0.0000000000
19773  -45.330  -80.201  16.670 0.0000000000
19748  -44.014  -79.577  17.083 0.0000000000
19796  -45.406  -80.050  15.792 0.0000000000
22002  -51.197  -78.120  22.055 0.0000000000
22001  -50.786  -77.908  22.585 0.0000000000
25492  -44.702  -74.437  19.263 0.0000000000
25505  -44.916  -74.166  18.347 0.0000000000
25506  -45.744  -74.698  18.242 0.0000000000
25520  -45.205  -74.176  17.699 0.0000000000
25564  -46.885  -74.080  15.744 0.0000000000
11732  -38.023  -87.356  9.799 0.0000000000
16516  -34.484  -82.266  13.273 0.0000000000
15503  -34.738  -83.576  12.054 0.0000000000
16525  -34.452  -82.543  12.286 0.0000000000
18800  -33.370  -80.909  9.440 0.0000000000
17681  -33.366  -81.735  10.277 0.0000000000
17696  -32.631  -81.810  9.403 0.0000000000
17715  -32.193  -81.875  8.564 0.0000000000
16601  -32.198  -82.012  6.970 0.0000000000
18875  -35.903  -80.563  6.921 0.0000000000
17749  -34.417  -81.028  6.638 0.0000000000
17750  -35.238  -81.005  6.415 0.0000000000
17774  -35.436  -81.643  5.835 0.0000000000
17751  -36.217  -81.152  6.319 0.0000000000
15422  -41.380  -83.458  18.824 0.0000000000
15451  -38.014  -83.736  16.713 0.0000000000
15438  -38.401  -83.221  17.385 0.0000000000
20856  -40.637  -78.741  19.956 0.0000000000
20855  -39.798  -79.015  19.495 0.0000000000
18648  -38.263  -80.471  18.335 0.0000000000
17570  -37.246  -81.255  17.427 0.0000000000
16463  -37.088  -82.171  17.090 0.0000000000
16475  -36.565  -82.166  16.422 0.0000000000
19787  -36.428  -79.649  15.018 0.0000000000
18716  -35.494  -80.621  14.577 0.0000000000
18717  -36.009  -80.134  14.319 0.0000000000
18751  -35.910  -80.151  12.625 0.0000000000
18732  -36.518  -79.959  13.431 0.0000000000
18566  -44.060  -80.842  22.633 0.0000000000
17495  -43.315  -81.776  22.072 0.0000000000
18588  -43.570  -80.769  22.043 0.0000000000
18587  -42.928  -80.560  21.476 0.0000000000
18548  -47.816  -80.383  23.564 0.0000000000
18547  -46.726  -80.517  23.761 0.0000000000
18570  -48.003  -80.201  22.493 0.0000000000
19697  -49.642  -79.951  20.485 0.0000000000
19679  -48.298  -79.894  21.295 0.0000000000
19695  -47.513  -79.651  20.457 0.0000000000
19713  -47.763  -79.789  19.479 0.0000000000
19714  -48.812  -80.127  19.441 0.0000000000
19754  -51.304  -79.516  17.495 0.0000000000
18653  -50.423  -80.137  18.019 0.0000000000
19775  -51.217  -79.635  16.347 0.0000000000
18691  -50.355  -80.755  16.201 0.0000000000
20958  -51.395  -78.759  15.757 0.0000000000
21984  -48.378  -77.324  23.714 0.0000000000
23161  -47.777  -76.633  21.292 0.0000000000
23150  -48.781  -77.011  21.956 0.0000000000
23162  -48.758  -76.952  21.028 0.0000000000
23163  -49.419  -77.130  20.853 0.0000000000
23175  -49.148  -76.885  20.325 0.0000000000
24395  -46.667  -75.165  18.014 0.0000000000
23206  -46.836  -75.692  18.501 0.0000000000
23225  -48.379  -76.285  17.285 0.0000000000
23226  -49.637  -76.860  17.851 0.0000000000
23209  -49.614  -76.755  18.927 0.0000000000
22067  -50.585  -77.382  17.823 0.0000000000
22090  -49.946  -77.352  17.181 0.0000000000
22127  -48.793  -77.250  14.976 0.0000000000
22111  -49.703  -77.407  15.945 0.0000000000
22128  -49.364  -77.563  14.703 0.0000000000
20981  -50.043  -78.077  14.285 0.0000000000
14422  -39.713  -85.189  15.970 0.0000000000
12570  -39.723  -86.540  14.374 0.0000000000
12569  -38.769  -86.415  14.385 0.0000000000
12616  -36.516  -86.270  11.099 0.0000000000
12617  -37.349  -86.819  11.453 0.0000000000
12622  -37.395  -86.728  10.176 0.0000000000
12626  -37.355  -86.697  9.183 0.0000000000
12625  -36.782  -86.307  9.627 0.0000000000
14472  -34.523  -84.230  11.025 0.0000000000
14473  -34.850  -84.453  11.122 0.0000000000
14481  -34.762  -84.520  10.291 0.0000000000
13558  -33.774  -85.770  7.995 0.0000000000
19791  -40.757  -78.994  15.451 0.0000000000
18735  -39.554  -80.654  13.661 0.0000000000
18754  -38.638  -80.556  12.640 0.0000000000
18755  -39.401  -81.008  12.997 0.0000000000
17671  -41.370  -81.385  11.262 0.0000000000
18757  -41.056  -80.448  12.151 0.0000000000
17670  -40.626  -81.641  11.560 0.0000000000
17683  -38.975  -80.929  10.971 0.0000000000
17698  -39.419  -81.360  9.860 0.0000000000
18805  -38.563  -80.759  9.651 0.0000000000
18806  -39.070  -81.034  9.319 0.0000000000
16587  -40.960  -82.395  8.031 0.0000000000
17735  -39.599  -81.483  7.575 0.0000000000
17754  -39.888  -81.898  6.503 0.0000000000
17592  -48.859  -81.450  16.499 0.0000000000
18688  -48.185  -81.121  16.732 0.0000000000
17608  -48.580  -81.468  15.303 0.0000000000
17607  -47.664  -81.521  14.891 0.0000000000
26671  -45.130  -73.867  17.061 0.0000000000
27822  -45.341  -72.689  16.293 0.0000000000
11693  -39.588  -87.534  12.196 0.0000000000
18770  -34.531  -80.733  11.727 0.0000000000
17667  -34.097  -81.683  11.413 0.0000000000
18788  -34.278  -80.823  10.765 0.0000000000
18801  -34.316  -80.427  9.857 0.0000000000
18826  -34.254  -80.358  8.800 0.0000000000
18851  -33.840  -80.652  7.783 0.0000000000
18827  -35.209  -80.114  8.503 0.0000000000
18853  -35.580  -80.366  7.718 0.0000000000
18854  -36.540  -80.378  7.634 0.0000000000
17516  -41.571  -81.732  20.222 0.0000000000
17535  -40.928  -81.443  19.720 0.0000000000
17534  -40.213  -81.502  19.273 0.0000000000
17533  -39.738  -81.150  19.264 0.0000000000
22045  -41.614  -77.749  18.489 0.0000000000
22027  -40.006  -78.133  19.240 0.0000000000
20874  -39.104  -78.595  18.708 0.0000000000
19726  -37.876  -78.976  18.277 0.0000000000
19743  -37.019  -79.492  17.009 0.0000000000
18668  -36.616  -80.472  16.821 0.0000000000
19764  -36.668  -79.554  16.110 0.0000000000
19788  -37.407  -79.209  15.331 0.0000000000
17471  -44.330  -81.364  23.381 0.0000000000
18567  -44.656  -80.722  23.195 0.0000000000
19660  -50.207  -79.476  22.083 0.0000000000
18592  -49.354  -80.136  22.280 0.0000000000
19681  -50.357  -79.501  21.314 0.0000000000
19698  -50.664  -79.524  20.401 0.0000000000
19715  -49.947  -80.175  19.602 0.0000000000
18629  -50.135  -80.232  18.792 0.0000000000
19716  -50.888  -79.747  19.400 0.0000000000
19755  -51.713  -79.164  18.148 0.0000000000
20902  -51.847  -78.672  17.795 0.0000000000
23129  -46.554  -76.845  23.130 0.0000000000
23148  -46.786  -76.688  22.485 0.0000000000
23130  -47.578  -76.814  23.104 0.0000000000
23160  -46.796  -76.651  21.701 0.0000000000
24355  -47.414  -76.439  20.637 0.0000000000
24429  -47.126  -74.847  16.524 0.0000000000
24396  -47.184  -75.428  17.492 0.0000000000
24412  -47.861  -75.667  16.832 0.0000000000
24431  -48.165  -75.869  16.478 0.0000000000
23246  -48.653  -76.406  16.327 0.0000000000
23271  -49.126  -76.824  16.132 0.0000000000
23270  -48.714  -76.735  15.477 0.0000000000
23286  -48.739  -76.702  14.409 0.0000000000
13479  -38.459  -85.656  14.967 0.0000000000
12568  -37.817  -86.077  14.273 0.0000000000
12587  -37.353  -86.207  13.500 0.0000000000
13505  -36.953  -86.150  12.662 0.0000000000
13511  -36.456  -85.797  11.722 0.0000000000
14506  -33.629  -84.633  9.077 0.0000000000
24530  -37.700  -75.676  11.367 0.0000000000
22154  -38.590  -77.108  11.573 0.0000000000
22155  -39.456  -77.680  11.926 0.0000000000
21024  -40.009  -78.278  11.538 0.0000000000
19870  -41.236  -79.955  11.329 0.0000000000
16533  -41.554  -81.767  10.718 0.0000000000
17699  -40.391  -81.855  9.417 0.0000000000
16571  -41.486  -82.500  8.806 0.0000000000
16588  -41.786  -82.621  7.855 0.0000000000
20861  -45.842  -78.838  19.378 0.0000000000
20845  -43.375  -78.575  20.596 0.0000000000
20860  -44.859  -78.490  19.412 0.0000000000
20859  -43.652  -78.372  19.520 0.0000000000
20877  -44.034  -78.780  18.330 0.0000000000
18686  -46.015  -80.622  16.961 0.0000000000
19729  -44.268  -79.383  17.586 0.0000000000
20876  -42.596  -78.015  18.532 0.0000000000
20898  -42.970  -78.786  17.645 0.0000000000
20897  -41.836  -78.349  17.708 0.0000000000
19746  -42.385  -79.206  17.059 0.0000000000
18517  -45.904  -81.242  24.638 0.0000000000
18550  -49.750  -80.286  23.335 0.0000000000
18522  -50.244  -80.230  23.958 0.0000000000
19639  -50.037  -79.946  23.012 0.0000000000
20828  -50.845  -78.709  22.069 0.0000000000
22007  -51.321  -77.977  21.678 0.0000000000
22014  -50.667  -77.483  20.390 0.0000000000
25483  -44.875  -74.980  19.784 0.0000000000
24381  -45.405  -75.160  19.607 0.0000000000
25537  -47.153  -74.541  16.054 0.0000000000
14436  -35.656  -84.259  14.025 0.0000000000
14451  -35.419  -84.368  13.370 0.0000000000
14465  -34.911  -84.036  12.762 0.0000000000
15521  -33.907  -83.382  10.483 0.0000000000
15530  -33.434  -83.263  9.845 0.0000000000
15545  -31.953  -83.556  8.776 0.0000000000
17748  -33.555  -81.147  6.872 0.0000000000
16622  -33.552  -81.927  5.984 0.0000000000
16641  -33.615  -82.442  4.942 0.0000000000
16623  -34.549  -82.006  5.406 0.0000000000
16624  -35.526  -82.091  5.056 0.0000000000
14389  -41.563  -84.929  17.693 0.0000000000
13452  -40.834  -85.320  16.448 0.0000000000
13436  -40.730  -85.089  16.835 0.0000000000
14405  -40.277  -84.891  16.490 0.0000000000
14404  -39.345  -84.794  16.329 0.0000000000
14387  -39.775  -84.274  17.109 0.0000000000
13451  -38.647  -84.942  16.011 0.0000000000
14403  -38.363  -84.472  16.161 0.0000000000
14402  -37.621  -84.104  16.051 0.0000000000
14419  -36.542  -84.078  15.247 0.0000000000
20843  -41.397  -79.094  20.535 0.0000000000
19710  -40.379  -79.765  19.896 0.0000000000
19728  -39.299  -79.572  19.115 0.0000000000
18649  -39.008  -80.262  18.886 0.0000000000
15437  -37.588  -82.994  17.116 0.0000000000
15449  -36.719  -83.056  16.100 0.0000000000
15477  -36.005  -83.811  14.937 0.0000000000
15461  -35.706  -83.067  15.072 0.0000000000
16499  -35.112  -82.530  14.560 0.0000000000
16498  -34.680  -81.950  14.033 0.0000000000
18701  -35.531  -80.830  15.235 0.0000000000
17620  -35.173  -81.409  14.549 0.0000000000
17636  -34.833  -81.326  13.447 0.0000000000
18750  -34.996  -80.711  12.738 0.0000000000
18772  -36.359  -79.813  11.730 0.0000000000
14373  -41.967  -84.390  18.350 0.0000000000
15423  -42.333  -84.001  19.066 0.0000000000
15387  -41.872  -83.133  20.034 0.0000000000
16406  -43.093  -82.524  21.312 0.0000000000
16421  -42.459  -82.478  20.629 0.0000000000
17517  -42.238  -81.465  20.856 0.0000000000
19674  -43.249  -79.979  21.483 0.0000000000
20836  -44.018  -78.952  21.215 0.0000000000
18546  -45.566  -80.871  23.982 0.0000000000
18568  -45.826  -80.306  23.162 0.0000000000
18590  -48.123  -80.110  21.792 0.0000000000
19658  -46.933  -79.903  22.185 0.0000000000
19657  -46.047  -79.818  22.423 0.0000000000
19676  -45.294  -79.492  21.830 0.0000000000
19693  -45.474  -79.167  20.978 0.0000000000
20847  -45.613  -78.682  20.151 0.0000000000
20862  -46.222  -78.940  19.550 0.0000000000
19732  -47.120  -79.551  18.517 0.0000000000
18650  -48.307  -80.480  18.231 0.0000000000
18628  -49.276  -80.371  18.793 0.0000000000
18675  -49.822  -80.998  17.490 0.0000000000
17573  -49.428  -81.447  17.019 0.0000000000
18706  -50.455  -80.235  15.463 0.0000000000
23132  -49.258  -77.184  22.582 0.0000000000
22000  -49.889  -77.474  22.182 0.0000000000
22005  -49.962  -77.339  21.129 0.0000000000
22013  -50.171  -77.340  20.550 0.0000000000
22031  -50.714  -77.387  19.589 0.0000000000
24383  -46.906  -76.176  19.257 0.0000000000
23191  -47.665  -76.398  19.205 0.0000000000
23207  -47.490  -75.924  18.143 0.0000000000
23192  -48.844  -76.649  19.517 0.0000000000
23210  -50.264  -77.080  19.282 0.0000000000
22047  -50.853  -77.356  18.859 0.0000000000
22068  -51.331  -78.035  17.297 0.0000000000
22092  -51.201  -78.115  16.506 0.0000000000
22112  -50.768  -77.953  15.930 0.0000000000
22113  -51.255  -78.368  16.015 0.0000000000
20983  -51.186  -78.828  15.183 0.0000000000
20982  -50.652  -78.723  14.409 0.0000000000
13481  -40.239  -86.136  14.894 0.0000000000
11671  -39.454  -87.348  13.052 0.0000000000
11692  -38.861  -87.338  12.430 0.0000000000
12588  -38.183  -86.653  13.434 0.0000000000
11712  -38.468  -87.335  11.535 0.0000000000
13503  -35.874  -85.087  12.419 0.0000000000
13510  -35.694  -85.050  11.386 0.0000000000
13516  -36.135  -85.693  10.767 0.0000000000
14507  -34.534  -84.801  9.068 0.0000000000
13525  -35.547  -85.306  9.385 0.0000000000
13542  -35.895  -85.701  9.115 0.0000000000
17641  -48.419  -81.530  12.984 0.0000000000
20955  -45.957  -79.562  15.268 0.0000000000
19795  -44.563  -79.174  16.265 0.0000000000
19769  -42.099  -79.195  16.381 0.0000000000
20923  -40.841  -78.766  16.659 0.0000000000
20948  -39.459  -78.783  16.221 0.0000000000
19789  -38.616  -79.105  15.744 0.0000000000
19815  -38.404  -79.772  14.488 0.0000000000
19816  -39.402  -80.015  14.916 0.0000000000
19833  -38.000  -79.730  13.872 0.0000000000
18733  -37.753  -79.971  13.121 0.0000000000
18753  -37.925  -80.214  12.206 0.0000000000
18773  -37.465  -80.079  11.284 0.0000000000
21012  -39.954  -78.197  12.395 0.0000000000
19853  -40.708  -79.649  12.447 0.0000000000
17639  -40.351  -80.857  12.949 0.0000000000
18775  -39.344  -81.007  12.087 0.0000000000
18791  -38.391  -80.620  10.679 0.0000000000
18790  -37.698  -80.197  10.170 0.0000000000
18804  -37.577  -80.341  9.253 0.0000000000
18829  -37.171  -80.214  8.376 0.0000000000
18855  -37.533  -80.489  7.581 0.0000000000
18856  -38.281  -80.722  7.378 0.0000000000
17752  -37.313  -81.168  6.324 0.0000000000
17776  -37.808  -81.620  5.746 0.0000000000
11711  -37.905  -87.197  11.241 0.0000000000
12571  -40.593  -86.646  14.401 0.0000000000
12589  -39.100  -87.090  13.801 0.0000000000
12605  -36.976  -86.139  13.016 0.0000000000
12607  -38.150  -86.964  12.317 0.0000000000
12618  -37.968  -87.107  11.769 0.0000000000
12636  -36.302  -86.196  8.746 0.0000000000
13437  -41.206  -85.341  17.013 0.0000000000
13450  -38.388  -84.766  15.902 0.0000000000
13464  -37.593  -84.887  15.233 0.0000000000
13465  -38.135  -84.919  15.539 0.0000000000
13468  -41.154  -85.983  15.616 0.0000000000
13477  -36.814  -85.201  14.265 0.0000000000
13480  -39.480  -85.883  14.967 0.0000000000
13491  -36.528  -85.290  13.700 0.0000000000
13492  -37.104  -85.660  14.020 0.0000000000
13512  -36.948  -86.182  12.239 0.0000000000
13526  -36.184  -85.698  9.737 0.0000000000
13540  -34.926  -85.244  8.528 0.0000000000
13541  -35.524  -85.670  8.667 0.0000000000
13559  -34.671  -85.709  8.120 0.0000000000
14388  -40.700  -84.637  17.289 0.0000000000
14420  -37.265  -84.548  15.321 0.0000000000
14421  -37.864  -84.497  15.755 0.0000000000
14423  -39.976  -84.986  16.026 0.0000000000
14450  -34.951  -84.019  13.147 0.0000000000
14452  -36.103  -84.814  13.672 0.0000000000
14480  -34.405  -84.136  10.665 0.0000000000
14494  -34.971  -84.768  9.608 0.0000000000
14508  -35.166  -85.054  8.980 0.0000000000
15404  -41.826  -83.293  19.665 0.0000000000
15462  -36.350  -83.416  15.485 0.0000000000
15463  -36.950  -83.802  15.804 0.0000000000
15475  -34.673  -82.826  13.941 0.0000000000
15476  -35.332  -83.703  14.191 0.0000000000
15492  -35.142  -83.878  13.607 0.0000000000
15504  -34.777  -84.130  11.605 0.0000000000
15511  -34.435  -83.932  11.240 0.0000000000
15512  -34.670  -84.210  11.339 0.0000000000
15520  -33.635  -83.089  10.223 0.0000000000
15531  -33.843  -83.557  10.028 0.0000000000
16356  -44.996  -82.654  24.440 0.0000000000
16405  -42.607  -81.966  21.104 0.0000000000
16422  -42.915  -82.814  20.800 0.0000000000
16462  -36.753  -81.986  16.835 0.0000000000
16465  -38.731  -82.763  17.726 0.0000000000
16476  -37.046  -82.783  16.655 0.0000000000
16532  -41.181  -81.923  10.845 0.0000000000
16541  -41.104  -82.179  10.092 0.0000000000
16554  -42.110  -82.092  9.780 0.0000000000
16569  -31.868  -82.635  8.565 0.0000000000
16585  -31.453  -82.833  7.818 0.0000000000
16604  -40.906  -82.305  6.752 0.0000000000
17422  -45.067  -82.060  24.463 0.0000000000
17447  -44.207  -81.687  23.405 0.0000000000
17448  -44.754  -81.668  23.977 0.0000000000
17572  -49.043  -81.510  17.001 0.0000000000
17574  -50.063  -81.256  17.007 0.0000000000
17591  -47.826  -81.455  15.896 0.0000000000
17593  -49.807  -81.341  16.457 0.0000000000
17594  -50.247  -81.063  16.698 0.0000000000
17604  -35.575  -81.430  15.429 0.0000000000
17606  -46.943  -81.266  14.738 0.0000000000
17609  -49.434  -81.351  15.722 0.0000000000
17619  -34.932  -81.489  13.993 0.0000000000
17637  -35.073  -81.221  13.920 0.0000000000
17638  -40.118  -81.124  13.087 0.0000000000
17653  -40.038  -81.301  12.300 0.0000000000
17655  -41.191  -80.908  11.820 0.0000000000
17668  -39.267  -81.095  11.401 0.0000000000
17669  -39.848  -81.472  11.509 0.0000000000
17684  -39.430  -81.384  10.814 0.0000000000
17687  -42.149  -81.767  10.042 0.0000000000
17700  -42.255  -81.515  9.278 0.0000000000
17701  -42.303  -81.765  9.380 0.0000000000
17734  -38.885  -80.980  7.846 0.0000000000
17736  -40.417  -81.924  7.346 0.0000000000
17772  -33.985  -81.343  6.342 0.0000000000
18518  -46.627  -80.930  24.523 0.0000000000
18549  -48.864  -80.438  23.415 0.0000000000
18551  -50.312  -79.965  23.464 0.0000000000
18571  -49.094  -80.330  22.686 0.0000000000
18589  -44.227  -80.475  22.410 0.0000000000
18591  -48.737  -80.252  21.975 0.0000000000
18608  -42.361  -80.642  21.115 0.0000000000
18626  -40.564  -80.749  19.770 0.0000000000
18627  -41.135  -80.965  20.103 0.0000000000
18647  -37.829  -79.522  18.201 0.0000000000
18651  -48.725  -80.738  18.169 0.0000000000
18652  -49.518  -80.707  18.152 0.0000000000
18670  -37.836  -80.525  17.999 0.0000000000
18671  -46.207  -80.279  17.382 0.0000000000
18673  -47.930  -80.532  17.506 0.0000000000
18674  -48.869  -81.305  17.368 0.0000000000
18684  -35.662  -81.032  15.797 0.0000000000
18690  -49.963  -81.228  15.945 0.0000000000
18702  -35.821  -80.276  15.008 0.0000000000
18718  -38.733  -80.154  14.162 0.0000000000
18719  -39.102  -80.309  14.247 0.0000000000
18730  -35.060  -80.909  13.294 0.0000000000
18756  -40.510  -80.404  12.783 0.0000000000
18776  -41.366  -80.592  11.415 0.0000000000
18787  -33.784  -81.009  10.234 0.0000000000
18789  -34.899  -80.319  10.942 0.0000000000
18803  -36.668  -80.001  9.115 0.0000000000
18807  -41.228  -80.493  9.309 0.0000000000
18825  -33.414  -80.775  8.482 0.0000000000
18830  -38.360  -80.699  8.457 0.0000000000
18831  -38.863  -80.884  9.032 0.0000000000
18852  -34.678  -80.411  7.821 0.0000000000
18874  -35.014  -80.690  7.110 0.0000000000
18877  -37.833  -80.738  6.914 0.0000000000
18878  -38.257  -80.806  6.961 0.0000000000
19656  -45.064  -79.907  22.594 0.0000000000
19659  -49.862  -79.833  22.455 0.0000000000
19673  -42.649  -80.078  21.241 0.0000000000
19678  -47.381  -79.792  21.486 0.0000000000
19689  -40.815  -79.798  20.326 0.0000000000
19690  -41.250  -79.818  20.542 0.0000000000
19692  -44.715  -79.187  21.298 0.0000000000
19699  -51.339  -79.192  20.079 0.0000000000
19711  -46.081  -79.050  19.029 0.0000000000
19712  -46.630  -79.154  19.449 0.0000000000
19731  -46.018  -79.316  18.444 0.0000000000
19733  -47.958  -80.188  18.551 0.0000000000
19735  -51.299  -79.516  18.574 0.0000000000
19747  -43.252  -79.344  17.061 0.0000000000
19749  -44.805  -79.691  17.185 0.0000000000
19750  -45.682  -79.917  17.449 0.0000000000
19751  -46.525  -79.881  17.788 0.0000000000
19753  -51.393  -79.417  16.977 0.0000000000
19765  -37.442  -78.918  16.423 0.0000000000
19767  -40.393  -78.971  16.086 0.0000000000
19770  -42.930  -79.238  16.555 0.0000000000
19772  -44.691  -79.601  16.632 0.0000000000
19774  -51.395  -79.398  16.740 0.0000000000
19776  -51.508  -79.070  15.959 0.0000000000
19798  -50.896  -79.573  15.232 0.0000000000
19799  -51.343  -79.155  15.533 0.0000000000
19813  -36.678  -79.768  14.184 0.0000000000
19832  -37.248  -79.723  13.774 0.0000000000
19834  -38.366  -79.886  14.008 0.0000000000
19854  -41.222  -79.990  11.861 0.0000000000
19866  -35.591  -80.006  11.276 0.0000000000
19867  -35.895  -79.854  11.219 0.0000000000
19868  -36.552  -79.776  11.060 0.0000000000
19882  -36.060  -79.738  10.600 0.0000000000
19900  -34.771  -80.192  9.626 0.0000000000
19902  -36.290  -79.718  9.837 0.0000000000
19925  -34.935  -80.036  9.244 0.0000000000
20829  -51.270  -78.264  21.783 0.0000000000
20835  -43.308  -79.212  21.237 0.0000000000
20837  -50.962  -79.010  21.149 0.0000000000
20842  -40.840  -79.403  20.351 0.0000000000
20848  -46.189  -78.871  19.826 0.0000000000
20850  -51.732  -78.559  20.324 0.0000000000
20857  -41.562  -78.366  20.031 0.0000000000
20872  -37.874  -78.767  18.097 0.0000000000
20873  -38.228  -78.720  18.314 0.0000000000
20875  -42.032  -77.943  18.190 0.0000000000
20893  -37.997  -78.576  18.015 0.0000000000
20894  -38.534  -78.294  17.846 0.0000000000
20896  -41.102  -78.557  17.224 0.0000000000
20900  -51.562  -79.418  17.143 0.0000000000
20901  -51.612  -79.165  17.114 0.0000000000
20921  -39.048  -77.997  16.926 0.0000000000
20924  -41.557  -79.029  16.884 0.0000000000
20925  -51.558  -79.282  16.985 0.0000000000
20926  -51.525  -79.216  16.754 0.0000000000
20957  -51.003  -78.423  15.381 0.0000000000
21013  -40.467  -78.818  12.072 0.0000000000
21025  -40.493  -78.915  11.225 0.0000000000
21035  -39.994  -78.486  10.784 0.0000000000
21999  -49.439  -77.308  21.768 0.0000000000
22029  -41.735  -77.894  19.353 0.0000000000
22030  -42.126  -77.775  18.965 0.0000000000
22043  -39.698  -77.985  18.532 0.0000000000
22044  -40.440  -77.680  18.589 0.0000000000
22046  -42.106  -77.814  18.657 0.0000000000
22062  -39.216  -78.009  17.625 0.0000000000
22063  -39.812  -77.763  17.884 0.0000000000
22066  -50.073  -77.215  17.648 0.0000000000
22085  -39.500  -77.892  17.394 0.0000000000
22086  -39.970  -77.837  17.189 0.0000000000
22143  -38.930  -77.285  12.537 0.0000000000
23147  -45.929  -76.652  22.490 0.0000000000
23151  -49.325  -77.291  22.150 0.0000000000
23176  -49.850  -77.175  20.406 0.0000000000
23177  -50.225  -77.325  20.307 0.0000000000
23194  -50.238  -77.245  19.946 0.0000000000
24411  -47.352  -75.335  16.884 0.0000000000
24492  -38.182  -75.952  12.640 0.0000000000
24506  -37.843  -75.803  11.842 0.0000000000
25604  -37.473  -74.673  12.198 0.0000000000
