#!ascii label  , from subject 4070 vox2ras=TkReg
1402
82049  -43.698  6.288  27.458 0.0000000000
82180  -54.285  6.633  15.103 0.0000000000
85521  -47.904  10.896  33.056 0.0000000000
77070  -51.398  1.601  22.076 0.0000000000
79170  -51.668  3.236  29.480 0.0000000000
87767  -52.217  12.215  22.232 0.0000000000
88763  -46.624  13.752  20.982 0.0000000000
94058  -41.032  21.015  19.411 0.0000000000
75832  -44.876  0.219  36.529 0.0000000000
79276  -46.581  3.706  23.610 0.0000000000
83029  -50.712  7.204  20.933 0.0000000000
84706  -47.822  9.381  24.405 0.0000000000
87625  -40.401  12.105  30.925 0.0000000000
86639  -46.990  11.568  26.823 0.0000000000
87700  -41.046  12.899  25.506 0.0000000000
90554  -41.865  15.686  22.167 0.0000000000
93319  -42.196  19.645  24.574 0.0000000000
84777  -53.215  9.809  16.054 0.0000000000
82890  -42.869  7.978  34.033 0.0000000000
83790  -47.503  9.243  31.308 0.0000000000
76004  -56.167  1.299  23.427 0.0000000000
78139  -51.364  1.905  25.947 0.0000000000
77001  -46.699  1.762  27.191 0.0000000000
75907  -45.403  0.383  31.611 0.0000000000
84757  -54.861  9.335  19.193 0.0000000000
89748  -54.602  14.342  18.238 0.0000000000
86625  -52.697  12.328  28.715 0.0000000000
89680  -52.007  14.279  22.997 0.0000000000
91402  -49.658  16.696  15.713 0.0000000000
90629  -43.810  16.407  16.100 0.0000000000
91359  -40.232  17.035  19.276 0.0000000000
81154  -44.835  5.327  25.287 0.0000000000
83004  -46.646  6.995  23.691 0.0000000000
82963  -45.832  8.023  25.903 0.0000000000
89614  -39.183  14.650  29.420 0.0000000000
87650  -40.428  12.303  28.221 0.0000000000
90528  -39.484  15.454  27.398 0.0000000000
91331  -39.793  16.544  25.151 0.0000000000
83940  -53.772  8.352  15.619 0.0000000000
83716  -42.315  8.666  36.622 0.0000000000
83752  -45.000  8.012  35.068 0.0000000000
79199  -51.001  1.951  28.095 0.0000000000
78112  -49.056  2.901  26.629 0.0000000000
78064  -48.440  2.672  28.678 0.0000000000
75877  -45.144  0.287  33.583 0.0000000000
76958  -40.007  1.842  30.957 0.0000000000
81083  -39.626  5.303  31.521 0.0000000000
80166  -37.841  4.202  32.020 0.0000000000
79326  -52.326  3.211  20.233 0.0000000000
84736  -50.642  9.560  20.824 0.0000000000
83903  -52.596  8.132  20.758 0.0000000000
85623  -53.926  10.419  20.764 0.0000000000
87788  -55.343  11.791  19.289 0.0000000000
86692  -54.450  12.212  21.047 0.0000000000
85523  -49.874  10.331  32.861 0.0000000000
85544  -50.416  10.229  30.074 0.0000000000
87627  -51.260  12.323  31.613 0.0000000000
87742  -46.635  12.717  23.950 0.0000000000
88706  -49.796  13.173  24.968 0.0000000000
89694  -49.270  13.890  21.727 0.0000000000
89730  -51.188  14.927  19.441 0.0000000000
89743  -48.273  14.974  18.996 0.0000000000
90632  -46.867  15.736  15.912 0.0000000000
89740  -45.457  14.877  18.879 0.0000000000
93351  -40.876  19.545  20.975 0.0000000000
91353  -41.037  16.950  20.046 0.0000000000
93363  -40.557  19.042  18.162 0.0000000000
92070  -39.070  18.285  18.168 0.0000000000
94056  -40.048  20.463  18.394 0.0000000000
79295  -49.102  3.432  22.717 0.0000000000
80283  -51.001  4.519  21.348 0.0000000000
81194  -48.820  5.339  21.986 0.0000000000
83891  -48.333  8.311  21.878 0.0000000000
85589  -49.229  10.949  23.576 0.0000000000
85528  -43.535  10.658  31.608 0.0000000000
86597  -46.665  11.584  29.587 0.0000000000
86594  -43.639  11.366  29.503 0.0000000000
86652  -43.707  11.698  25.963 0.0000000000
87739  -44.463  13.257  24.003 0.0000000000
89678  -44.055  14.494  21.770 0.0000000000
89652  -42.360  14.467  23.533 0.0000000000
92042  -40.669  17.713  22.876 0.0000000000
94011  -41.657  20.423  22.274 0.0000000000
86737  -52.259  11.583  17.125 0.0000000000
82922  -43.587  7.348  30.721 0.0000000000
83804  -44.959  8.358  29.258 0.0000000000
82913  -45.410  8.379  32.058 0.0000000000
83755  -47.892  8.513  34.495 0.0000000000
85490  -48.934  10.289  35.472 0.0000000000
117261  -48.846  10.915  37.276 0.0000000000
85487  -45.889  10.599  35.077 0.0000000000
74957  -53.195  -0.441  22.693 0.0000000000
77042  -53.746  1.104  24.795 0.0000000000
75998  -50.729  0.665  24.123 0.0000000000
78158  -48.874  2.296  24.688 0.0000000000
78134  -46.583  2.523  24.795 0.0000000000
79139  -51.468  3.337  31.712 0.0000000000
76905  -48.387  0.794  35.314 0.0000000000
76929  -48.312  1.258  33.233 0.0000000000
76953  -48.638  1.881  30.916 0.0000000000
75937  -46.327  0.892  29.762 0.0000000000
81112  -42.082  5.080  27.905 0.0000000000
81239  -54.591  5.514  16.645 0.0000000000
81205  -52.428  5.520  20.473 0.0000000000
82144  -54.271  7.054  18.924 0.0000000000
83927  -54.368  8.306  17.324 0.0000000000
84772  -54.684  9.824  17.118 0.0000000000
87841  -54.361  12.351  16.534 0.0000000000
89771  -53.375  14.266  16.658 0.0000000000
84667  -47.532  9.379  27.754 0.0000000000
85562  -49.972  10.528  26.512 0.0000000000
86664  -51.600  12.189  25.450 0.0000000000
87667  -50.029  12.457  27.946 0.0000000000
89643  -52.230  13.740  25.896 0.0000000000
88726  -54.251  13.735  23.553 0.0000000000
89698  -53.778  14.744  21.323 0.0000000000
91377  -52.531  16.280  17.519 0.0000000000
90665  -51.504  16.169  14.763 0.0000000000
90582  -43.388  15.355  19.413 0.0000000000
91375  -41.385  16.788  17.504 0.0000000000
89738  -40.562  15.238  18.372 0.0000000000
90566  -40.130  15.971  19.887 0.0000000000
92051  -38.379  17.940  21.189 0.0000000000
81125  -44.279  5.601  26.313 0.0000000000
82076  -45.142  6.432  25.714 0.0000000000
82961  -44.696  7.651  26.964 0.0000000000
90522  -39.242  15.413  28.415 0.0000000000
92014  -39.871  17.062  27.103 0.0000000000
82179  -53.836  7.119  15.431 0.0000000000
79182  -51.253  2.635  28.708 0.0000000000
79180  -49.776  3.342  28.558 0.0000000000
78066  -49.704  3.021  29.267 0.0000000000
76949  -39.614  1.410  31.770 0.0000000000
79146  -38.953  3.396  31.244 0.0000000000
76028  -52.000  0.423  21.462 0.0000000000
78207  -51.914  2.377  20.709 0.0000000000
86689  -51.364  11.696  21.858 0.0000000000
85622  -52.786  10.101  20.883 0.0000000000
86690  -52.617  11.852  21.431 0.0000000000
86691  -53.831  11.826  21.252 0.0000000000
87768  -53.160  12.681  22.001 0.0000000000
86552  -49.643  10.729  33.295 0.0000000000
86572  -50.651  11.636  32.187 0.0000000000
86571  -49.597  11.856  31.925 0.0000000000
88737  -47.222  13.235  22.588 0.0000000000
88738  -48.207  13.327  22.821 0.0000000000
88752  -47.926  13.609  21.888 0.0000000000
89728  -48.905  14.478  19.849 0.0000000000
89709  -47.223  14.051  20.468 0.0000000000
89742  -47.303  14.767  18.873 0.0000000000
89708  -46.297  14.248  20.425 0.0000000000
94044  -40.808  20.404  20.058 0.0000000000
93357  -40.753  19.330  19.520 0.0000000000
94057  -40.581  20.447  18.848 0.0000000000
94068  -40.187  19.567  17.752 0.0000000000
94737  -40.737  21.867  18.675 0.0000000000
79278  -47.992  3.413  23.199 0.0000000000
80268  -48.921  4.401  22.448 0.0000000000
80266  -47.653  4.472  22.739 0.0000000000
82990  -47.010  7.813  23.906 0.0000000000
83005  -47.330  7.388  23.052 0.0000000000
83874  -48.039  9.006  23.373 0.0000000000
85596  -48.628  9.870  22.922 0.0000000000
84707  -48.417  9.823  24.053 0.0000000000
86565  -41.819  10.987  31.301 0.0000000000
86580  -43.872  11.068  30.274 0.0000000000
86578  -41.778  11.470  30.343 0.0000000000
87683  -41.369  12.380  26.620 0.0000000000
86617  -42.375  11.593  27.621 0.0000000000
86651  -42.802  12.008  26.137 0.0000000000
87703  -44.440  12.278  25.304 0.0000000000
87719  -42.983  12.981  24.720 0.0000000000
88701  -42.564  13.826  24.080 0.0000000000
88700  -41.342  13.865  24.677 0.0000000000
92654  -40.663  18.930  24.812 0.0000000000
91332  -40.295  16.535  24.191 0.0000000000
93333  -41.506  19.558  23.737 0.0000000000
93344  -41.210  19.857  22.541 0.0000000000
93994  -42.739  20.301  23.216 0.0000000000
85657  -52.809  10.519  16.532 0.0000000000
82911  -43.726  7.536  31.912 0.0000000000
82923  -44.831  7.684  31.069 0.0000000000
82901  -43.860  8.128  33.230 0.0000000000
83720  -46.722  8.598  36.618 0.0000000000
83754  -46.980  8.337  34.712 0.0000000000
83739  -47.877  8.398  35.431 0.0000000000
83741  -49.236  8.657  34.907 0.0000000000
84611  -49.155  9.263  36.540 0.0000000000
117263  -50.029  11.902  38.312 0.0000000000
86537  -46.971  11.492  36.421 0.0000000000
87607  -45.570  12.300  35.906 0.0000000000
86544  -43.718  11.277  34.448 0.0000000000
87615  -43.536  12.616  34.722 0.0000000000
74958  -54.110  -0.495  22.614 0.0000000000
74945  -54.703  -0.150  23.317 0.0000000000
78141  -53.488  2.169  25.733 0.0000000000
77025  -52.910  1.270  25.231 0.0000000000
75985  -52.567  0.373  24.588 0.0000000000
75968  -50.976  0.920  25.208 0.0000000000
77039  -49.557  1.821  24.391 0.0000000000
77022  -50.079  1.734  25.201 0.0000000000
78092  -47.470  2.181  26.875 0.0000000000
78111  -47.985  2.453  26.248 0.0000000000
77010  -45.968  1.740  26.383 0.0000000000
75834  -46.745  0.612  36.323 0.0000000000
75879  -47.284  0.810  33.374 0.0000000000
75895  -47.023  0.997  32.369 0.0000000000
76942  -48.547  1.546  32.053 0.0000000000
76952  -47.616  1.423  31.218 0.0000000000
76963  -47.768  1.593  30.105 0.0000000000
75925  -46.254  0.754  30.522 0.0000000000
82029  -42.082  5.996  29.592 0.0000000000
81096  -41.020  4.908  29.562 0.0000000000
80323  -54.743  4.594  17.046 0.0000000000
81196  -50.660  5.454  21.381 0.0000000000
80284  -51.836  4.467  20.989 0.0000000000
82129  -52.047  6.432  20.936 0.0000000000
83905  -54.190  8.584  19.820 0.0000000000
83039  -53.737  7.729  19.787 0.0000000000
83049  -54.403  7.983  19.074 0.0000000000
82153  -54.498  7.478  18.701 0.0000000000
83920  -54.608  8.656  18.557 0.0000000000
84771  -54.472  9.074  17.178 0.0000000000
84758  -54.889  9.431  18.737 0.0000000000
87802  -55.019  12.707  18.530 0.0000000000
87819  -55.462  11.665  17.773 0.0000000000
88810  -54.546  13.140  17.151 0.0000000000
88809  -54.017  13.252  16.454 0.0000000000
89758  -53.783  14.763  16.895 0.0000000000
83806  -46.525  9.011  30.249 0.0000000000
83815  -46.408  9.214  28.349 0.0000000000
84657  -47.526  9.526  28.764 0.0000000000
85551  -51.770  11.415  29.764 0.0000000000
85554  -49.748  10.411  27.673 0.0000000000
85564  -51.598  11.265  27.926 0.0000000000
85574  -50.571  11.132  26.209 0.0000000000
87689  -52.340  12.357  26.446 0.0000000000
86610  -46.410  11.537  28.701 0.0000000000
86612  -48.320  12.244  28.757 0.0000000000
86623  -48.103  11.828  27.875 0.0000000000
88725  -50.501  13.746  24.260 0.0000000000
88708  -51.467  13.952  25.585 0.0000000000
89654  -52.053  14.158  25.229 0.0000000000
88709  -53.045  13.759  24.719 0.0000000000
89656  -53.784  14.290  23.848 0.0000000000
89670  -54.334  14.424  22.974 0.0000000000
89681  -52.972  14.672  22.606 0.0000000000
90600  -50.634  15.539  18.097 0.0000000000
90601  -51.521  15.998  18.079 0.0000000000
91389  -51.530  16.564  16.926 0.0000000000
92093  -52.246  17.190  15.185 0.0000000000
91418  -50.156  17.282  14.859 0.0000000000
90663  -49.382  15.876  14.193 0.0000000000
91417  -48.977  16.703  14.747 0.0000000000
90645  -45.003  16.060  15.303 0.0000000000
90660  -46.107  16.299  13.918 0.0000000000
89688  -42.990  14.932  21.328 0.0000000000
89705  -43.837  14.888  20.442 0.0000000000
90569  -42.484  15.515  20.281 0.0000000000
91360  -41.047  17.488  19.255 0.0000000000
90580  -41.491  17.090  18.980 0.0000000000
91367  -40.309  17.217  18.736 0.0000000000
91382  -40.619  16.703  17.394 0.0000000000
90579  -40.316  16.161  18.837 0.0000000000
90578  -40.216  15.558  19.463 0.0000000000
92683  -38.606  18.736  18.658 0.0000000000
92057  -38.514  18.022  20.203 0.0000000000
92677  -38.404  18.712  19.759 0.0000000000
92667  -37.751  18.509  21.685 0.0000000000
80256  -45.585  4.606  23.970 0.0000000000
81170  -46.634  5.474  23.318 0.0000000000
81156  -45.759  6.030  24.494 0.0000000000
82078  -46.021  6.898  24.853 0.0000000000
83849  -46.351  8.654  25.578 0.0000000000
86591  -40.843  11.909  29.751 0.0000000000
88653  -39.558  13.503  28.779 0.0000000000
87663  -39.651  12.844  27.254 0.0000000000
87698  -39.413  13.172  25.875 0.0000000000
89642  -40.315  14.397  24.935 0.0000000000
91326  -39.468  16.459  26.202 0.0000000000
92026  -40.549  17.959  26.256 0.0000000000
84783  -53.617  9.372  15.576 0.0000000000
82879  -42.562  8.013  34.659 0.0000000000
83762  -43.570  8.213  34.541 0.0000000000
83735  -43.697  8.396  35.793 0.0000000000
78114  -50.943  2.189  26.601 0.0000000000
78113  -50.167  2.780  26.436 0.0000000000
79217  -49.939  3.172  27.240 0.0000000000
78094  -48.842  3.048  27.611 0.0000000000
76990  -47.174  1.818  28.248 0.0000000000
75847  -45.084  -0.146  35.629 0.0000000000
75892  -44.296  0.350  32.631 0.0000000000
78053  -41.149  2.551  29.911 0.0000000000
80180  -40.135  4.458  30.563 0.0000000000
80179  -39.764  3.987  30.767 0.0000000000
81082  -39.072  4.889  31.726 0.0000000000
83901  -50.628  8.184  20.790 0.0000000000
83037  -51.705  7.708  20.818 0.0000000000
84745  -52.244  9.128  20.626 0.0000000000
84746  -53.272  9.236  20.726 0.0000000000
84747  -54.123  9.345  20.245 0.0000000000
85636  -55.250  10.175  19.128 0.0000000000
86701  -54.736  11.441  20.328 0.0000000000
87778  -54.559  12.637  20.576 0.0000000000
88773  -54.456  13.338  19.830 0.0000000000
84636  -49.161  9.691  31.842 0.0000000000
84642  -48.934  9.681  30.843 0.0000000000
84643  -49.878  10.093  31.181 0.0000000000
85540  -51.385  11.159  31.274 0.0000000000
87637  -52.570  12.307  30.150 0.0000000000
87706  -47.370  12.025  25.687 0.0000000000
87707  -48.383  12.358  25.825 0.0000000000
88705  -48.875  12.879  24.447 0.0000000000
88724  -49.542  13.318  23.903 0.0000000000
89695  -50.562  14.216  22.191 0.0000000000
89696  -52.022  14.400  21.717 0.0000000000
89711  -49.675  14.251  20.861 0.0000000000
89744  -49.284  15.074  18.978 0.0000000000
90617  -49.089  15.678  17.044 0.0000000000
91401  -48.552  16.479  15.449 0.0000000000
90615  -47.341  15.448  17.100 0.0000000000
90614  -46.250  15.457  17.050 0.0000000000
90613  -45.085  15.767  17.181 0.0000000000
91346  -41.288  16.646  21.403 0.0000000000
90560  -41.694  16.038  20.833 0.0000000000
92048  -41.031  17.113  20.594 0.0000000000
92052  -40.909  17.415  19.921 0.0000000000
92059  -40.465  17.372  18.537 0.0000000000
92058  -39.694  17.287  19.036 0.0000000000
92689  -40.199  18.098  16.640 0.0000000000
93366  -39.289  19.174  17.221 0.0000000000
94735  -39.317  20.797  18.962 0.0000000000
78189  -50.413  2.710  22.351 0.0000000000
78205  -50.952  2.924  21.770 0.0000000000
79296  -49.920  3.534  22.324 0.0000000000
80282  -50.139  4.516  21.842 0.0000000000
82126  -49.304  6.328  21.566 0.0000000000
81192  -47.713  5.951  22.209 0.0000000000
83017  -48.233  7.092  21.929 0.0000000000
83028  -49.825  7.171  21.312 0.0000000000
84734  -48.926  9.063  21.512 0.0000000000
85607  -49.648  10.399  21.702 0.0000000000
86678  -50.535  11.704  22.745 0.0000000000
85519  -45.699  10.656  32.640 0.0000000000
86569  -47.196  11.380  31.561 0.0000000000
86567  -45.363  11.186  31.086 0.0000000000
86596  -45.645  11.430  29.559 0.0000000000
86620  -45.184  11.532  27.772 0.0000000000
86606  -42.490  11.486  28.515 0.0000000000
86619  -44.216  11.392  27.726 0.0000000000
86637  -44.943  11.577  26.878 0.0000000000
87704  -45.417  12.157  25.315 0.0000000000
87741  -45.821  12.822  23.899 0.0000000000
88736  -46.218  13.409  22.460 0.0000000000
88750  -45.870  13.839  21.520 0.0000000000
88734  -44.190  14.171  22.444 0.0000000000
87754  -43.186  14.153  22.984 0.0000000000
89675  -42.274  15.026  22.541 0.0000000000
89650  -40.715  14.735  24.293 0.0000000000
91337  -40.842  16.599  23.214 0.0000000000
91338  -41.350  16.347  22.465 0.0000000000
92668  -40.773  18.670  21.951 0.0000000000
94028  -41.373  20.559  21.378 0.0000000000
94721  -42.293  21.586  20.012 0.0000000000
82946  -43.074  7.026  28.947 0.0000000000
82956  -44.449  7.556  27.735 0.0000000000
82935  -44.265  7.844  29.963 0.0000000000
83795  -45.058  8.408  30.246 0.0000000000
83789  -46.905  8.754  31.694 0.0000000000
83764  -45.216  8.276  34.225 0.0000000000
83777  -46.169  8.509  33.037 0.0000000000
83779  -47.948  9.173  32.458 0.0000000000
83769  -49.157  9.179  33.774 0.0000000000
85512  -49.588  10.174  33.737 0.0000000000
85510  -48.214  10.546  33.856 0.0000000000
85468  -49.000  10.332  37.240 0.0000000000
85484  -48.623  10.510  36.335 0.0000000000
85489  -48.103  10.567  35.469 0.0000000000
85508  -46.032  10.477  33.577 0.0000000000
85506  -43.991  10.569  33.460 0.0000000000
86557  -42.254  10.903  32.790 0.0000000000
87617  -40.856  11.950  32.915 0.0000000000
74985  -52.739  -0.265  21.273 0.0000000000
76015  -51.957  -0.023  22.163 0.0000000000
78159  -54.797  2.309  24.872 0.0000000000
77058  -55.168  1.037  24.044 0.0000000000
76001  -53.733  0.111  24.052 0.0000000000
74942  -52.347  -0.051  23.789 0.0000000000
76013  -50.746  0.790  23.308 0.0000000000
77056  -49.783  1.998  23.327 0.0000000000
78176  -48.902  2.552  23.609 0.0000000000
78175  -48.137  3.040  23.721 0.0000000000
78136  -48.550  2.551  25.457 0.0000000000
78135  -47.597  2.573  25.185 0.0000000000
78155  -46.506  3.044  23.879 0.0000000000
79237  -45.092  3.532  24.973 0.0000000000
76907  -50.425  1.292  35.029 0.0000000000
75863  -46.908  0.705  34.388 0.0000000000
76918  -48.576  0.959  34.343 0.0000000000
76920  -50.355  1.909  33.938 0.0000000000
78027  -50.131  2.447  32.308 0.0000000000
78039  -50.020  2.528  31.402 0.0000000000
78047  -49.882  2.558  30.605 0.0000000000
76964  -48.534  2.121  29.873 0.0000000000
76977  -47.829  2.152  29.124 0.0000000000
76989  -46.280  1.169  28.087 0.0000000000
81113  -42.966  5.556  27.751 0.0000000000
82030  -42.452  6.277  29.263 0.0000000000
82008  -42.185  6.619  30.510 0.0000000000
82910  -42.444  6.991  31.368 0.0000000000
82889  -41.792  7.342  33.613 0.0000000000
80334  -55.855  4.545  16.178 0.0000000000
81240  -55.342  5.490  15.903 0.0000000000
82170  -54.296  6.309  16.056 0.0000000000
79314  -51.893  3.406  20.842 0.0000000000
80296  -52.415  4.280  20.346 0.0000000000
82135  -52.640  6.641  20.428 0.0000000000
82136  -53.180  6.799  19.908 0.0000000000
81224  -53.913  5.699  18.565 0.0000000000
82152  -54.516  6.795  18.172 0.0000000000
82160  -54.341  6.527  17.161 0.0000000000
83062  -54.165  7.409  16.852 0.0000000000
83935  -54.326  8.339  16.530 0.0000000000
84778  -54.625  9.462  16.377 0.0000000000
85666  -54.471  9.941  15.836 0.0000000000
86739  -55.378  10.920  17.682 0.0000000000
86748  -55.115  11.012  16.915 0.0000000000
86747  -54.400  11.561  16.348 0.0000000000
87831  -53.605  12.629  16.357 0.0000000000
88793  -52.708  13.114  16.582 0.0000000000
88807  -52.363  14.080  16.604 0.0000000000
83825  -45.540  8.535  27.631 0.0000000000
83838  -46.855  9.113  27.331 0.0000000000
84679  -47.302  9.378  26.590 0.0000000000
85548  -49.165  10.376  28.705 0.0000000000
84668  -48.477  10.009  27.297 0.0000000000
84681  -49.172  10.435  25.914 0.0000000000
85572  -49.302  10.588  25.014 0.0000000000
86662  -50.420  11.745  24.169 0.0000000000
87744  -51.847  12.395  23.731 0.0000000000
86585  -49.307  12.396  30.902 0.0000000000
87643  -50.328  12.737  29.825 0.0000000000
88658  -52.645  13.544  29.190 0.0000000000
87687  -49.820  12.645  26.897 0.0000000000
88678  -51.387  13.417  27.194 0.0000000000
88668  -52.551  13.161  27.616 0.0000000000
87710  -52.590  12.961  26.026 0.0000000000
87728  -52.719  13.328  24.862 0.0000000000
87756  -52.627  12.662  22.966 0.0000000000
87758  -54.224  13.539  22.732 0.0000000000
89732  -54.076  14.816  19.391 0.0000000000
89713  -52.160  14.983  20.474 0.0000000000
90586  -52.792  15.468  19.221 0.0000000000
90604  -54.327  15.051  18.169 0.0000000000
91391  -52.727  16.131  16.313 0.0000000000
90636  -52.029  15.207  15.963 0.0000000000
90661  -47.107  15.717  13.930 0.0000000000
89706  -44.666  14.606  20.398 0.0000000000
90583  -44.256  15.151  19.329 0.0000000000
90612  -43.646  16.229  17.019 0.0000000000
90568  -41.628  16.635  19.688 0.0000000000
90592  -41.960  16.587  17.855 0.0000000000
91385  -42.551  16.648  16.453 0.0000000000
91396  -41.313  16.699  16.225 0.0000000000
90609  -40.648  15.753  16.877 0.0000000000
88778  -40.915  14.534  18.368 0.0000000000
91366  -39.225  17.480  19.239 0.0000000000
91351  -39.265  16.556  21.065 0.0000000000
94739  -42.850  21.860  18.959 0.0000000000
95469  -42.391  22.835  17.300 0.0000000000
95467  -40.952  22.764  18.290 0.0000000000
95448  -39.920  22.329  19.200 0.0000000000
94705  -39.308  22.008  20.492 0.0000000000
82059  -44.043  6.227  26.787 0.0000000000
82060  -44.705  6.666  26.327 0.0000000000
82050  -44.208  6.921  27.163 0.0000000000
79183  -52.324  3.367  28.626 0.0000000000
79169  -50.601  2.874  29.390 0.0000000000
76027  -51.609  0.994  21.840 0.0000000000
77083  -51.675  1.515  21.316 0.0000000000
85609  -52.095  10.866  21.193 0.0000000000
85522  -48.704  11.107  33.331 0.0000000000
86560  -49.528  11.227  32.876 0.0000000000
86559  -48.678  11.345  32.536 0.0000000000
88751  -46.884  13.464  21.728 0.0000000000
88764  -47.418  13.678  21.159 0.0000000000
89726  -46.810  14.455  19.661 0.0000000000
94738  -41.611  21.841  18.776 0.0000000000
79277  -47.359  3.654  23.323 0.0000000000
79293  -47.875  3.846  22.765 0.0000000000
80258  -46.988  4.573  23.198 0.0000000000
83862  -46.930  8.655  24.662 0.0000000000
83873  -47.644  8.540  23.585 0.0000000000
84714  -48.073  9.230  23.751 0.0000000000
86564  -40.975  11.703  31.165 0.0000000000
86577  -40.950  11.797  30.291 0.0000000000
87684  -42.054  12.323  26.395 0.0000000000
87701  -42.257  12.562  25.751 0.0000000000
87702  -43.405  12.412  25.397 0.0000000000
87718  -41.893  13.120  24.844 0.0000000000
87717  -41.296  13.235  24.909 0.0000000000
93318  -41.313  19.371  24.643 0.0000000000
92661  -40.343  18.611  24.305 0.0000000000
93335  -42.877  20.173  23.644 0.0000000000
84782  -52.949  9.220  15.897 0.0000000000
84776  -52.470  9.521  16.289 0.0000000000
82900  -42.678  7.462  32.744 0.0000000000
83702  -47.695  8.861  37.425 0.0000000000
83721  -47.810  8.471  36.413 0.0000000000
83722  -48.741  8.535  36.050 0.0000000000
83703  -48.540  8.856  36.979 0.0000000000
87606  -44.400  11.962  35.194 0.0000000000
76003  -55.548  0.507  23.491 0.0000000000
77024  -51.795  1.274  25.583 0.0000000000
77023  -50.833  1.291  25.403 0.0000000000
78138  -50.476  2.107  25.839 0.0000000000
77000  -45.594  1.390  27.169 0.0000000000
75833  -45.741  0.394  36.373 0.0000000000
75894  -46.284  0.605  32.483 0.0000000000
75909  -47.059  1.191  31.702 0.0000000000
75908  -46.333  0.740  31.495 0.0000000000
76951  -46.792  1.155  31.075 0.0000000000
79167  -41.546  3.529  29.188 0.0000000000
80185  -40.717  4.388  29.805 0.0000000000
80315  -54.212  4.611  17.901 0.0000000000
82127  -50.236  6.322  21.257 0.0000000000
82128  -51.164  6.359  21.064 0.0000000000
84748  -54.587  9.315  19.611 0.0000000000
83913  -54.547  8.662  19.349 0.0000000000
83914  -54.772  8.655  19.001 0.0000000000
88781  -54.730  13.396  18.855 0.0000000000
88794  -54.717  13.362  17.981 0.0000000000
89759  -54.388  14.116  17.412 0.0000000000
83807  -46.980  9.046  30.376 0.0000000000
84649  -47.224  9.326  29.838 0.0000000000
84641  -47.934  9.587  30.637 0.0000000000
86613  -52.342  11.819  29.194 0.0000000000
85556  -51.607  11.382  28.799 0.0000000000
86624  -52.216  11.763  28.288 0.0000000000
86642  -52.096  11.698  27.174 0.0000000000
86643  -52.410  12.315  27.949 0.0000000000
86622  -47.178  11.456  27.859 0.0000000000
86640  -47.793  11.676  27.150 0.0000000000
89679  -51.064  14.309  23.623 0.0000000000
89666  -51.356  14.155  24.645 0.0000000000
89667  -52.129  14.285  24.143 0.0000000000
89655  -53.046  14.186  24.528 0.0000000000
89668  -53.023  14.416  23.605 0.0000000000
89669  -53.772  14.569  23.216 0.0000000000
90618  -49.996  16.071  17.382 0.0000000000
90619  -50.803  16.268  17.490 0.0000000000
91388  -50.400  16.581  16.656 0.0000000000
91403  -50.797  17.039  15.829 0.0000000000
90644  -44.164  16.348  15.477 0.0000000000
90658  -44.475  16.288  14.806 0.0000000000
91415  -43.707  16.585  14.904 0.0000000000
91414  -42.922  17.190  15.105 0.0000000000
90561  -42.348  15.323  21.506 0.0000000000
90567  -40.271  16.651  19.152 0.0000000000
93356  -38.427  19.461  19.480 0.0000000000
81169  -45.829  5.581  23.965 0.0000000000
81155  -45.350  5.648  24.912 0.0000000000
82975  -45.586  7.377  25.722 0.0000000000
82077  -45.571  6.657  25.322 0.0000000000
82976  -46.030  7.593  25.268 0.0000000000
83861  -46.405  8.115  24.987 0.0000000000
88651  -39.471  13.399  29.681 0.0000000000
89612  -39.400  14.111  29.390 0.0000000000
89624  -39.440  14.410  27.559 0.0000000000
88657  -39.446  13.563  27.922 0.0000000000
87681  -39.296  12.834  26.512 0.0000000000
89633  -39.658  14.619  26.625 0.0000000000
88687  -39.739  13.828  25.950 0.0000000000
90534  -39.601  15.524  26.425 0.0000000000
92631  -41.045  18.128  26.710 0.0000000000
92647  -40.804  18.597  25.917 0.0000000000
83077  -53.341  7.175  15.287 0.0000000000
83734  -42.751  8.454  35.814 0.0000000000
83750  -43.119  8.107  35.022 0.0000000000
83717  -43.220  8.687  36.581 0.0000000000
79220  -52.462  2.659  27.150 0.0000000000
79219  -51.498  2.258  27.275 0.0000000000
79218  -50.670  2.602  27.278 0.0000000000
78079  -49.307  3.249  28.835 0.0000000000
79196  -49.184  3.369  27.887 0.0000000000
78077  -48.490  2.741  28.033 0.0000000000
76991  -48.002  2.242  28.167 0.0000000000
75920  -41.506  0.691  30.867 0.0000000000
76959  -40.761  1.560  30.587 0.0000000000
78052  -40.188  2.727  30.548 0.0000000000
79156  -40.018  3.645  30.556 0.0000000000
79147  -39.574  3.445  30.822 0.0000000000
80173  -38.650  4.230  31.638 0.0000000000
81074  -38.428  5.081  32.132 0.0000000000
84743  -50.443  8.981  20.745 0.0000000000
83902  -51.690  8.222  20.742 0.0000000000
84744  -51.203  9.111  20.640 0.0000000000
85624  -54.701  10.251  19.790 0.0000000000
84637  -49.745  9.972  32.320 0.0000000000
85533  -51.509  11.475  31.896 0.0000000000
85534  -52.033  11.742  31.854 0.0000000000
86587  -52.406  11.919  30.777 0.0000000000
87628  -52.020  12.198  31.337 0.0000000000
87723  -47.176  12.539  24.612 0.0000000000
87724  -48.121  12.638  25.004 0.0000000000
88704  -48.056  12.833  24.236 0.0000000000
88753  -48.799  13.625  22.269 0.0000000000
88739  -49.165  13.435  23.035 0.0000000000
88754  -49.589  13.773  22.487 0.0000000000
88740  -50.058  13.866  23.263 0.0000000000
90599  -49.648  15.484  18.082 0.0000000000
90598  -48.691  15.426  18.128 0.0000000000
90616  -48.200  15.514  17.329 0.0000000000
90597  -47.754  15.272  18.102 0.0000000000
89741  -46.326  14.670  18.791 0.0000000000
90596  -46.795  15.088  17.987 0.0000000000
90595  -45.741  15.218  18.071 0.0000000000
92047  -40.902  17.533  21.354 0.0000000000
92674  -40.867  18.431  20.428 0.0000000000
92678  -40.886  18.241  18.939 0.0000000000
91352  -41.068  17.157  19.631 0.0000000000
92684  -40.530  18.155  17.590 0.0000000000
94067  -39.780  19.694  17.698 0.0000000000
94055  -39.431  20.065  18.248 0.0000000000
78188  -49.645  2.690  22.792 0.0000000000
81181  -48.569  4.791  22.343 0.0000000000
80281  -49.472  4.804  22.103 0.0000000000
81195  -49.779  5.461  21.671 0.0000000000
82104  -46.406  6.198  23.634 0.0000000000
81179  -47.451  5.497  22.633 0.0000000000
82105  -46.979  6.356  23.075 0.0000000000
83883  -47.770  8.062  22.586 0.0000000000
83016  -47.857  7.326  22.280 0.0000000000
83026  -48.204  7.558  21.910 0.0000000000
83027  -48.834  7.292  21.654 0.0000000000
83892  -49.531  8.196  21.185 0.0000000000
85597  -49.030  10.380  22.575 0.0000000000
86677  -49.602  11.270  22.733 0.0000000000
86688  -50.115  11.248  21.906 0.0000000000
85518  -44.730  10.654  32.547 0.0000000000
85530  -45.460  10.823  31.770 0.0000000000
85529  -44.542  10.807  31.523 0.0000000000
86595  -44.640  11.350  29.521 0.0000000000
86609  -45.413  11.466  28.666 0.0000000000
86608  -44.425  11.460  28.637 0.0000000000
87640  -40.624  12.134  29.183 0.0000000000
86592  -41.534  11.712  29.346 0.0000000000
86605  -41.721  11.682  28.366 0.0000000000
86635  -43.008  11.493  26.781 0.0000000000
86618  -43.257  11.390  27.671 0.0000000000
86636  -43.990  11.278  26.787 0.0000000000
86653  -44.702  11.714  26.014 0.0000000000
86654  -45.648  11.690  26.053 0.0000000000
87720  -44.178  12.995  24.546 0.0000000000
87721  -45.169  12.667  24.609 0.0000000000
87740  -44.963  13.127  23.973 0.0000000000
88720  -45.545  13.269  23.245 0.0000000000
88735  -45.203  13.706  22.472 0.0000000000
88719  -44.452  13.476  23.413 0.0000000000
88718  -43.411  13.834  23.243 0.0000000000
89665  -42.495  14.587  22.949 0.0000000000
89664  -41.953  15.046  23.159 0.0000000000
89649  -39.959  14.938  24.866 0.0000000000
90541  -40.119  15.672  24.549 0.0000000000
92034  -40.361  17.263  23.785 0.0000000000
91345  -41.082  16.979  22.286 0.0000000000
94029  -42.007  21.196  21.036 0.0000000000
85650  -52.405  10.976  16.877 0.0000000000
82934  -43.370  7.351  29.701 0.0000000000
82947  -44.022  7.529  28.729 0.0000000000
82912  -44.803  8.167  32.300 0.0000000000
82924  -45.396  8.240  31.636 0.0000000000
83796  -45.974  8.432  30.906 0.0000000000
83788  -46.031  8.563  32.045 0.0000000000
83763  -44.264  8.326  34.316 0.0000000000
83765  -46.124  8.241  33.975 0.0000000000
83766  -47.050  8.359  33.735 0.0000000000
83778  -47.046  8.533  32.712 0.0000000000
83767  -47.930  8.686  33.529 0.0000000000
83768  -48.758  9.114  33.440 0.0000000000
83756  -48.676  8.650  34.289 0.0000000000
85492  -49.482  9.332  35.081 0.0000000000
85502  -49.395  9.630  34.605 0.0000000000
85501  -49.203  10.192  34.646 0.0000000000
85500  -48.562  10.479  34.686 0.0000000000
117264  -49.788  11.518  38.148 0.0000000000
85469  -49.739  10.944  38.544 0.0000000000
117255  -49.559  11.109  37.917 0.0000000000
86513  -48.773  10.587  36.897 0.0000000000
85488  -46.939  10.632  35.655 0.0000000000
85498  -46.434  10.426  34.549 0.0000000000
85497  -45.284  10.502  34.489 0.0000000000
85507  -44.982  10.519  33.496 0.0000000000
85496  -44.389  10.537  34.210 0.0000000000
87614  -42.706  12.272  34.265 0.0000000000
86550  -42.807  11.020  33.424 0.0000000000
86542  -42.059  11.700  33.764 0.0000000000
86548  -41.284  11.448  32.713 0.0000000000
87618  -41.371  12.438  33.636 0.0000000000
74972  -54.315  -0.827  21.713 0.0000000000
74971  -53.357  -0.624  21.846 0.0000000000
74970  -52.506  -0.356  22.000 0.0000000000
74956  -52.285  -0.179  22.841 0.0000000000
77026  -54.061  1.792  25.199 0.0000000000
77027  -54.572  2.121  25.012 0.0000000000
77043  -54.754  1.593  24.547 0.0000000000
75987  -54.069  0.741  24.387 0.0000000000
75984  -51.540  0.299  24.492 0.0000000000
74941  -51.756  0.099  23.936 0.0000000000
74955  -51.781  0.053  23.324 0.0000000000
77057  -50.212  1.295  23.736 0.0000000000
78157  -48.244  2.698  24.467 0.0000000000
78137  -49.532  2.372  25.514 0.0000000000
78110  -46.835  2.231  26.032 0.0000000000
78133  -45.668  2.828  24.352 0.0000000000
79148  -51.229  3.383  31.023 0.0000000000
76893  -47.878  0.821  36.402 0.0000000000
76894  -49.006  1.117  36.234 0.0000000000
76906  -49.357  1.011  35.205 0.0000000000
75862  -45.959  0.464  34.472 0.0000000000
75848  -45.885  0.302  35.449 0.0000000000
75880  -48.012  0.909  33.836 0.0000000000
76919  -49.450  1.319  34.100 0.0000000000
76930  -49.460  1.917  32.967 0.0000000000
76931  -50.340  2.372  33.133 0.0000000000
76943  -49.362  2.094  31.791 0.0000000000
76954  -49.413  2.278  31.018 0.0000000000
78046  -49.220  2.320  30.317 0.0000000000
76976  -46.858  1.394  29.246 0.0000000000
76975  -45.870  0.786  28.932 0.0000000000
80199  -41.962  4.310  27.867 0.0000000000
79194  -43.086  3.615  27.275 0.0000000000
80200  -42.576  4.458  27.538 0.0000000000
81105  -42.854  6.071  28.330 0.0000000000
81104  -42.319  5.717  28.637 0.0000000000
82018  -41.756  6.123  30.073 0.0000000000
80175  -39.903  4.852  31.125 0.0000000000
81084  -40.180  5.371  30.950 0.0000000000
82005  -40.071  5.934  31.447 0.0000000000
82888  -40.615  7.197  33.422 0.0000000000
82899  -41.372  6.879  32.337 0.0000000000
82877  -41.030  7.627  34.359 0.0000000000
82878  -42.002  7.804  34.506 0.0000000000
79366  -55.811  3.680  16.498 0.0000000000
80324  -55.538  4.347  16.771 0.0000000000
80333  -55.271  4.925  16.534 0.0000000000
79313  -51.299  3.572  21.332 0.0000000000
83895  -52.185  7.598  20.817 0.0000000000
83031  -52.383  7.270  20.740 0.0000000000
83038  -53.082  7.492  20.421 0.0000000000
82143  -53.717  6.902  19.366 0.0000000000
81215  -53.782  6.359  19.052 0.0000000000
83055  -54.490  7.559  17.646 0.0000000000
83070  -53.900  7.399  16.185 0.0000000000
84779  -54.784  10.030  16.678 0.0000000000
86714  -55.342  11.166  19.370 0.0000000000
86728  -55.506  10.991  18.480 0.0000000000
87832  -55.034  12.108  16.942 0.0000000000
87833  -55.327  11.433  17.298 0.0000000000
86755  -53.966  12.104  16.235 0.0000000000
87840  -54.136  12.578  16.177 0.0000000000
88808  -53.008  13.546  16.484 0.0000000000
89770  -52.544  14.579  16.472 0.0000000000
83813  -44.960  8.163  28.240 0.0000000000
83814  -45.712  9.091  28.602 0.0000000000
84666  -46.922  9.215  28.224 0.0000000000
83826  -46.383  8.953  27.803 0.0000000000
84651  -49.562  9.751  30.219 0.0000000000
84650  -48.551  9.764  29.600 0.0000000000
85543  -49.592  10.080  29.498 0.0000000000
84669  -49.163  10.312  26.698 0.0000000000
84696  -49.204  10.502  25.413 0.0000000000
85573  -49.798  10.785  25.598 0.0000000000
86656  -51.103  11.681  25.794 0.0000000000
85582  -50.447  11.339  25.418 0.0000000000
86663  -50.990  11.964  24.719 0.0000000000
87743  -51.308  12.238  24.113 0.0000000000
87726  -51.527  12.325  24.323 0.0000000000
86583  -46.944  11.558  30.502 0.0000000000
86584  -48.097  11.754  30.645 0.0000000000
87652  -49.292  12.570  28.756 0.0000000000
87642  -49.629  12.572  29.446 0.0000000000
87653  -50.234  12.595  28.862 0.0000000000
87655  -51.847  13.406  29.210 0.0000000000
87669  -51.580  13.151  28.532 0.0000000000
87725  -48.915  12.744  25.207 0.0000000000
87708  -49.305  12.736  25.930 0.0000000000
88690  -50.199  13.333  25.990 0.0000000000
88692  -51.761  13.817  26.134 0.0000000000
88691  -51.058  13.691  26.143 0.0000000000
88679  -52.242  13.637  26.862 0.0000000000
88680  -52.604  13.326  26.461 0.0000000000
89635  -52.413  13.547  25.838 0.0000000000
88710  -53.986  14.012  24.304 0.0000000000
87729  -53.429  13.720  24.509 0.0000000000
87746  -53.611  13.541  24.094 0.0000000000
87745  -52.874  12.901  23.949 0.0000000000
87757  -53.689  13.349  23.037 0.0000000000
88741  -54.272  13.625  23.084 0.0000000000
89683  -54.323  14.335  22.096 0.0000000000
89699  -54.370  14.270  21.134 0.0000000000
89715  -53.939  14.725  20.391 0.0000000000
89712  -50.959  14.440  20.718 0.0000000000
89731  -51.892  15.195  19.688 0.0000000000
91376  -52.041  16.421  17.815 0.0000000000
90602  -52.429  15.967  18.378 0.0000000000
90603  -53.515  15.477  18.273 0.0000000000
91378  -52.944  16.012  17.111 0.0000000000
90620  -53.338  15.478  17.061 0.0000000000
91438  -51.606  16.836  14.636 0.0000000000
91421  -52.398  16.677  15.126 0.0000000000
90635  -51.695  15.021  15.868 0.0000000000
89799  -50.226  14.750  14.630 0.0000000000
91400  -47.668  16.204  15.361 0.0000000000
91416  -47.945  16.316  14.609 0.0000000000
90647  -46.990  15.838  14.710 0.0000000000
91447  -45.328  16.130  13.229 0.0000000000
90675  -45.837  15.847  13.277 0.0000000000
88749  -44.902  14.194  21.780 0.0000000000
89691  -45.210  14.363  21.047 0.0000000000
89690  -44.403  14.526  21.232 0.0000000000
89723  -44.216  14.945  19.831 0.0000000000
90594  -44.438  15.421  18.455 0.0000000000
90593  -42.929  15.997  18.117 0.0000000000
91369  -41.426  16.956  18.104 0.0000000000
90581  -42.048  16.514  18.849 0.0000000000
90611  -42.402  16.425  17.251 0.0000000000
91384  -41.702  16.630  16.783 0.0000000000
91397  -41.908  17.191  15.993 0.0000000000
91383  -41.090  16.747  17.082 0.0000000000
90591  -40.306  16.195  17.798 0.0000000000
89752  -40.521  15.554  17.406 0.0000000000
89739  -40.875  14.867  17.810 0.0000000000
89722  -40.351  15.084  19.237 0.0000000000
89721  -39.932  14.925  19.733 0.0000000000
90559  -39.296  15.549  20.899 0.0000000000
92065  -39.491  17.778  18.356 0.0000000000
91357  -38.785  17.284  20.591 0.0000000000
91350  -38.634  17.052  21.512 0.0000000000
95483  -42.111  23.383  17.126 0.0000000000
95468  -41.577  22.807  17.786 0.0000000000
96155  -41.239  23.348  18.016 0.0000000000
95433  -40.173  23.168  19.151 0.0000000000
94720  -39.664  22.103  19.624 0.0000000000
81141  -44.890  5.785  25.675 0.0000000000
81142  -45.254  6.125  25.411 0.0000000000
82061  -45.234  6.969  25.849 0.0000000000
82962  -45.288  7.684  26.323 0.0000000000
89615  -39.307  14.435  28.703 0.0000000000
91309  -39.637  16.304  28.216 0.0000000000
91318  -39.527  16.301  27.186 0.0000000000
92015  -40.680  17.652  27.104 0.0000000000
92016  -41.464  17.842  27.236 0.0000000000
83069  -53.683  7.469  15.732 0.0000000000
83698  -42.104  8.841  37.376 0.0000000000
83699  -42.743  8.787  37.107 0.0000000000
79200  -51.913  2.691  27.938 0.0000000000
78081  -51.017  2.230  28.550 0.0000000000
78095  -50.756  2.355  28.252 0.0000000000
79181  -50.488  2.907  28.705 0.0000000000
79168  -50.159  3.147  28.999 0.0000000000
78065  -48.937  3.003  29.059 0.0000000000
78045  -39.461  2.521  31.085 0.0000000000
76040  -52.713  0.334  20.551 0.0000000000
77084  -52.035  1.287  20.521 0.0000000000
85608  -50.738  10.485  21.050 0.0000000000
85621  -51.707  9.973  20.673 0.0000000000
85610  -53.259  10.952  21.373 0.0000000000
85611  -53.823  11.087  21.129 0.0000000000
87769  -54.314  13.016  21.862 0.0000000000
86553  -49.821  10.522  33.178 0.0000000000
86561  -49.997  10.870  32.715 0.0000000000
88722  -47.500  12.915  23.551 0.0000000000
89693  -48.586  13.786  21.703 0.0000000000
89710  -48.346  14.035  20.936 0.0000000000
89727  -47.811  14.432  19.788 0.0000000000
89725  -45.873  14.518  19.587 0.0000000000
79279  -48.503  3.198  23.182 0.0000000000
79294  -48.440  3.737  22.746 0.0000000000
80267  -48.275  4.364  22.520 0.0000000000
81180  -48.139  5.013  22.345 0.0000000000
83884  -48.056  8.826  22.832 0.0000000000
84724  -48.557  9.413  22.372 0.0000000000
84715  -48.332  9.483  23.259 0.0000000000
85588  -48.734  10.171  23.464 0.0000000000
85580  -49.017  10.468  24.313 0.0000000000
85527  -42.609  10.663  31.506 0.0000000000
85537  -43.266  10.835  30.926 0.0000000000
85536  -42.777  10.849  30.948 0.0000000000
86579  -42.786  11.129  30.467 0.0000000000
86593  -42.619  11.431  29.465 0.0000000000
87665  -41.087  12.155  27.536 0.0000000000
86616  -41.651  11.847  27.616 0.0000000000
86633  -41.569  12.079  27.148 0.0000000000
86634  -42.143  11.959  26.812 0.0000000000
88702  -43.633  13.371  23.991 0.0000000000
89651  -41.775  14.578  23.980 0.0000000000
92033  -40.009  17.470  24.770 0.0000000000
92653  -40.228  18.342  24.906 0.0000000000
92041  -40.162  18.084  23.971 0.0000000000
92662  -40.617  18.970  23.581 0.0000000000
93345  -41.860  20.276  22.665 0.0000000000
94012  -42.467  20.700  22.326 0.0000000000
85656  -52.162  10.047  16.591 0.0000000000
86745  -52.799  11.325  16.750 0.0000000000
83737  -45.795  8.235  35.847 0.0000000000
83753  -46.020  8.012  34.921 0.0000000000
83738  -46.882  8.372  35.659 0.0000000000
83740  -48.680  8.421  35.133 0.0000000000
84615  -49.489  9.024  35.542 0.0000000000
84614  -49.359  9.414  35.919 0.0000000000
117262  -48.729  11.708  37.464 0.0000000000
117251  -48.040  11.254  36.791 0.0000000000
86536  -45.201  11.135  35.348 0.0000000000
86545  -44.587  10.824  34.676 0.0000000000
86535  -44.413  11.451  34.990 0.0000000000
74959  -55.190  -0.511  22.705 0.0000000000
74944  -53.920  -0.173  23.372 0.0000000000
77041  -53.171  0.790  24.800 0.0000000000
75970  -52.049  0.607  25.221 0.0000000000
75983  -50.868  0.761  24.908 0.0000000000
77040  -50.317  1.218  24.648 0.0000000000
78093  -48.258  2.441  27.310 0.0000000000
78109  -45.512  2.371  25.498 0.0000000000
75878  -46.178  0.507  33.480 0.0000000000
76928  -47.592  1.047  32.803 0.0000000000
76941  -47.691  1.243  32.238 0.0000000000
76962  -46.907  1.250  30.340 0.0000000000
79178  -42.198  3.004  28.220 0.0000000000
79192  -41.873  3.852  28.095 0.0000000000
81103  -41.795  4.949  28.545 0.0000000000
81098  -42.164  5.804  29.256 0.0000000000
81097  -41.619  5.343  29.402 0.0000000000
81090  -41.312  5.751  29.948 0.0000000000
82017  -41.142  6.088  30.299 0.0000000000
79350  -55.316  3.703  17.085 0.0000000000
81232  -54.273  5.620  17.552 0.0000000000
81197  -51.577  5.474  21.137 0.0000000000
83904  -53.590  8.395  20.395 0.0000000000
83048  -54.097  7.584  19.278 0.0000000000
82145  -54.430  7.649  18.904 0.0000000000
83056  -54.548  7.830  18.371 0.0000000000
83919  -54.477  8.457  17.968 0.0000000000
84764  -54.416  8.853  17.642 0.0000000000
84765  -54.523  9.448  17.968 0.0000000000
85651  -55.021  10.292  17.484 0.0000000000
87803  -55.430  11.919  18.668 0.0000000000
87818  -55.179  12.532  17.794 0.0000000000
88823  -54.293  12.773  16.389 0.0000000000
89772  -54.087  13.931  16.851 0.0000000000
83805  -45.743  9.070  29.780 0.0000000000
84656  -46.567  9.537  28.913 0.0000000000
85550  -51.041  10.831  29.371 0.0000000000
85549  -50.142  10.485  28.934 0.0000000000
85555  -50.886  10.817  28.289 0.0000000000
85563  -50.946  10.941  27.164 0.0000000000
86641  -51.337  11.431  26.510 0.0000000000
86657  -51.779  12.017  26.213 0.0000000000
86598  -47.732  11.762  29.642 0.0000000000
86611  -47.392  11.751  28.735 0.0000000000
87666  -49.040  12.290  27.842 0.0000000000
88707  -50.855  13.797  25.254 0.0000000000
89653  -51.458  14.071  25.188 0.0000000000
89644  -52.535  13.778  25.230 0.0000000000
88711  -54.150  14.237  23.822 0.0000000000
88727  -54.356  14.143  23.560 0.0000000000
89682  -53.760  14.644  22.316 0.0000000000
89697  -53.027  15.125  21.483 0.0000000000
89746  -50.825  15.196  18.737 0.0000000000
90584  -51.242  15.360  18.634 0.0000000000
91390  -52.310  16.521  16.508 0.0000000000
91404  -51.712  17.132  15.730 0.0000000000
92092  -51.768  17.460  15.067 0.0000000000
92101  -50.754  16.987  14.456 0.0000000000
90664  -50.486  15.688  14.611 0.0000000000
91436  -50.235  16.617  14.583 0.0000000000
91435  -49.235  16.471  14.338 0.0000000000
90646  -45.962  15.866  14.983 0.0000000000
90659  -45.201  16.217  14.407 0.0000000000
91432  -45.229  16.298  13.666 0.0000000000
89677  -43.516  14.568  21.981 0.0000000000
89689  -43.678  14.718  21.251 0.0000000000
89704  -43.247  15.027  20.708 0.0000000000
91368  -41.175  17.293  18.473 0.0000000000
91374  -40.992  17.283  17.715 0.0000000000
91373  -40.528  16.888  18.128 0.0000000000
92064  -38.737  17.992  19.096 0.0000000000
92673  -38.142  18.809  20.880 0.0000000000
80257  -46.242  4.641  23.568 0.0000000000
82091  -46.084  6.523  24.259 0.0000000000
82090  -45.790  6.335  24.792 0.0000000000
82989  -46.403  7.527  24.489 0.0000000000
83850  -46.834  9.138  25.333 0.0000000000
87632  -40.337  12.119  30.172 0.0000000000
87631  -39.754  12.567  29.901 0.0000000000
87639  -39.814  12.689  28.960 0.0000000000
87649  -39.734  12.774  28.066 0.0000000000
87664  -40.416  12.470  27.349 0.0000000000
87682  -40.274  12.601  26.460 0.0000000000
87699  -39.974  13.062  25.766 0.0000000000
88688  -40.490  13.755  25.250 0.0000000000
89641  -39.899  14.649  25.648 0.0000000000
90540  -39.739  15.622  25.460 0.0000000000
92025  -39.873  17.446  26.033 0.0000000000
92646  -40.269  17.980  25.572 0.0000000000
93301  -41.206  19.163  25.469 0.0000000000
82891  -43.597  8.310  34.045 0.0000000000
83751  -44.063  8.118  35.120 0.0000000000
83736  -44.703  8.286  35.866 0.0000000000
84609  -43.649  8.976  37.103 0.0000000000
83718  -44.205  8.727  36.509 0.0000000000
78115  -51.915  2.307  26.508 0.0000000000
79197  -49.684  3.401  27.876 0.0000000000
79216  -49.328  3.216  27.447 0.0000000000
77002  -47.517  2.089  27.570 0.0000000000
74828  -44.510  -0.252  35.219 0.0000000000
74839  -44.652  -0.238  34.874 0.0000000000
75860  -44.432  -0.078  34.308 0.0000000000
75876  -44.046  0.078  33.745 0.0000000000
75893  -45.322  0.425  32.588 0.0000000000
79157  -40.508  3.557  30.119 0.0000000000
80174  -39.453  4.333  31.184 0.0000000000
83030  -51.706  7.250  20.892 0.0000000000
83036  -51.305  7.683  20.780 0.0000000000
85635  -54.851  9.779  19.368 0.0000000000
86702  -55.056  10.844  19.756 0.0000000000
86700  -54.124  11.181  20.927 0.0000000000
86713  -55.224  11.698  19.649 0.0000000000
87787  -54.990  12.370  19.465 0.0000000000
89733  -54.528  14.202  19.194 0.0000000000
84635  -48.339  9.603  31.591 0.0000000000
85539  -50.728  10.612  30.996 0.0000000000
85532  -50.501  10.784  31.952 0.0000000000
85545  -51.254  10.929  30.386 0.0000000000
85546  -51.919  11.498  30.667 0.0000000000
86601  -52.371  11.863  30.019 0.0000000000
86614  -52.785  12.308  29.476 0.0000000000
86655  -46.476  11.647  26.111 0.0000000000
87685  -47.891  11.821  26.408 0.0000000000
88723  -48.569  13.122  23.650 0.0000000000
89729  -50.036  14.657  19.766 0.0000000000
89745  -50.255  15.120  18.843 0.0000000000
91387  -49.601  16.354  16.618 0.0000000000
90634  -48.979  16.339  16.239 0.0000000000
90633  -48.076  16.035  16.370 0.0000000000
90631  -45.618  15.733  16.085 0.0000000000
90630  -44.597  16.171  16.216 0.0000000000
92053  -41.054  17.162  20.201 0.0000000000
92066  -39.964  17.647  17.297 0.0000000000
92071  -39.447  18.147  17.337 0.0000000000
93368  -40.502  18.822  16.970 0.0000000000
93373  -39.616  18.703  16.665 0.0000000000
92687  -39.049  18.676  17.582 0.0000000000
93362  -38.778  19.445  18.302 0.0000000000
94043  -38.759  20.346  19.333 0.0000000000
78190  -51.040  2.305  22.153 0.0000000000
79312  -50.563  3.606  21.734 0.0000000000
80269  -49.531  4.156  22.315 0.0000000000
81193  -48.016  5.678  22.043 0.0000000000
82114  -47.648  6.512  22.358 0.0000000000
82124  -47.876  6.149  22.003 0.0000000000
82125  -48.308  6.407  21.828 0.0000000000
83893  -50.156  7.659  21.005 0.0000000000
83900  -50.060  8.670  20.866 0.0000000000
84735  -49.833  9.409  21.127 0.0000000000
84725  -49.123  9.770  21.804 0.0000000000
86679  -51.343  11.942  22.814 0.0000000000
85520  -46.849  10.837  32.660 0.0000000000
86558  -47.803  11.244  32.297 0.0000000000
85531  -46.264  10.947  31.931 0.0000000000
86568  -46.167  11.266  31.208 0.0000000000
86582  -45.921  11.422  30.402 0.0000000000
86581  -44.847  11.207  30.473 0.0000000000
86621  -46.183  11.521  27.790 0.0000000000
86607  -43.448  11.441  28.592 0.0000000000
86638  -45.911  11.632  26.907 0.0000000000
87705  -46.375  12.079  25.372 0.0000000000
87722  -46.109  12.488  24.604 0.0000000000
88721  -46.499  12.991  23.240 0.0000000000
89676  -42.761  14.735  22.254 0.0000000000
88699  -40.730  14.177  24.790 0.0000000000
90547  -40.786  15.735  23.822 0.0000000000
89663  -41.317  15.145  23.649 0.0000000000
90548  -41.405  15.775  23.115 0.0000000000
94045  -41.493  21.107  20.093 0.0000000000
82041  -43.990  6.940  27.886 0.0000000000
83797  -46.890  8.844  30.832 0.0000000000
83775  -44.620  8.390  33.631 0.0000000000
83776  -45.278  8.447  33.247 0.0000000000
84627  -48.681  9.463  32.304 0.0000000000
84628  -49.169  9.482  32.773 0.0000000000
84629  -49.618  9.704  33.204 0.0000000000
83757  -49.191  8.935  34.178 0.0000000000
84622  -49.325  9.444  33.972 0.0000000000
85511  -49.150  10.779  33.873 0.0000000000
85485  -49.107  9.853  36.158 0.0000000000
86527  -48.151  10.871  36.283 0.0000000000
85483  -47.828  10.815  35.967 0.0000000000
85499  -47.570  10.382  34.672 0.0000000000
85509  -47.159  10.441  33.694 0.0000000000
85517  -43.834  10.642  32.447 0.0000000000
86551  -43.403  10.798  33.675 0.0000000000
85505  -43.364  10.704  33.106 0.0000000000
85516  -42.922  10.582  32.465 0.0000000000
86556  -41.659  10.949  32.374 0.0000000000
86555  -40.983  11.451  32.097 0.0000000000
87621  -39.988  12.267  31.946 0.0000000000
88638  -40.521  13.112  33.101 0.0000000000
74986  -53.517  -0.403  20.900 0.0000000000
76002  -54.605  0.455  23.974 0.0000000000
76000  -53.042  0.085  24.099 0.0000000000
74943  -53.092  -0.160  23.469 0.0000000000
76014  -51.434  0.537  22.550 0.0000000000
77069  -50.604  1.647  22.761 0.0000000000
77068  -50.086  2.234  22.797 0.0000000000
78174  -47.712  3.241  23.585 0.0000000000
78156  -47.385  2.973  24.088 0.0000000000
79255  -46.668  3.365  23.738 0.0000000000
78154  -45.924  3.293  23.779 0.0000000000
79254  -45.485  3.757  24.191 0.0000000000
80227  -44.793  4.347  25.137 0.0000000000
80226  -44.363  4.806  25.574 0.0000000000
81124  -43.654  5.511  26.948 0.0000000000
79158  -51.081  3.064  30.209 0.0000000000
77996  -50.951  1.900  36.114 0.0000000000
78006  -51.319  2.114  34.806 0.0000000000
75849  -46.717  0.579  35.286 0.0000000000
75850  -47.510  0.637  35.268 0.0000000000
75864  -47.799  0.753  34.415 0.0000000000
78018  -51.054  2.535  33.624 0.0000000000
78028  -50.852  2.806  32.715 0.0000000000
78040  -50.785  2.949  31.767 0.0000000000
78048  -50.556  2.874  30.857 0.0000000000
78057  -50.343  2.767  30.102 0.0000000000
78067  -50.098  2.853  29.670 0.0000000000
78055  -49.113  2.588  29.600 0.0000000000
76978  -48.554  2.517  29.270 0.0000000000
75924  -45.384  0.123  30.673 0.0000000000
75936  -45.579  0.546  29.739 0.0000000000
76973  -44.052  0.727  29.018 0.0000000000
76974  -44.832  0.703  28.898 0.0000000000
76988  -45.103  0.948  27.994 0.0000000000
82040  -43.365  6.539  28.269 0.0000000000
82933  -42.765  6.834  29.540 0.0000000000
82019  -42.371  6.443  29.907 0.0000000000
82921  -42.775  6.966  30.300 0.0000000000
81089  -40.748  5.380  30.090 0.0000000000
83749  -42.280  8.184  35.138 0.0000000000
83733  -41.812  8.549  35.875 0.0000000000
83747  -40.404  8.117  35.064 0.0000000000
83732  -40.819  8.491  35.899 0.0000000000
83715  -41.254  8.725  36.911 0.0000000000
81241  -55.832  4.892  15.772 0.0000000000
81250  -55.784  4.965  15.433 0.0000000000
82171  -54.824  5.881  15.744 0.0000000000
78206  -51.499  2.530  21.475 0.0000000000
81214  -53.137  5.637  19.486 0.0000000000
81223  -53.475  4.963  18.963 0.0000000000
82169  -53.825  6.898  15.707 0.0000000000
83934  -54.038  8.033  15.962 0.0000000000
83941  -54.362  8.671  15.933 0.0000000000
84784  -54.343  9.263  15.610 0.0000000000
85665  -54.189  9.820  15.491 0.0000000000
85658  -53.911  10.478  15.830 0.0000000000
85644  -55.118  10.229  18.273 0.0000000000
85660  -54.933  10.323  16.896 0.0000000000
85659  -54.618  10.429  16.389 0.0000000000
86746  -53.519  11.609  16.488 0.0000000000
87817  -53.209  12.340  16.608 0.0000000000
87830  -53.055  12.850  16.502 0.0000000000
87816  -52.598  12.551  16.817 0.0000000000
83835  -44.881  8.004  27.133 0.0000000000
83836  -45.139  8.221  26.985 0.0000000000
83837  -46.066  8.739  26.693 0.0000000000
84678  -46.586  9.105  26.188 0.0000000000
84693  -46.847  9.282  25.826 0.0000000000
84694  -47.472  9.555  25.418 0.0000000000
84658  -48.349  9.925  28.340 0.0000000000
85553  -48.910  10.296  27.980 0.0000000000
84680  -48.336  10.077  26.164 0.0000000000
84695  -48.558  10.181  25.082 0.0000000000
85581  -49.878  11.180  24.582 0.0000000000
86669  -50.018  11.592  23.599 0.0000000000
86670  -50.988  11.988  23.650 0.0000000000
87755  -51.902  12.172  22.914 0.0000000000
86570  -48.443  11.681  31.655 0.0000000000
87633  -49.969  12.351  31.411 0.0000000000
86599  -48.881  12.159  29.724 0.0000000000
86586  -49.932  12.602  30.430 0.0000000000
87634  -50.545  12.509  30.842 0.0000000000
87644  -51.333  12.872  29.953 0.0000000000
88654  -52.861  13.299  29.628 0.0000000000
87656  -53.297  12.798  29.004 0.0000000000
87686  -48.654  12.127  26.824 0.0000000000
87688  -50.572  12.934  27.350 0.0000000000
88677  -50.616  13.245  26.695 0.0000000000
87668  -50.972  12.884  28.124 0.0000000000
88667  -52.161  13.286  28.177 0.0000000000
88659  -52.892  13.274  28.595 0.0000000000
87670  -52.631  12.835  28.265 0.0000000000
87690  -52.706  12.632  27.145 0.0000000000
87709  -52.202  12.581  25.648 0.0000000000
88693  -52.553  13.456  25.483 0.0000000000
87727  -51.980  12.553  24.689 0.0000000000
88742  -54.477  13.846  22.769 0.0000000000
89716  -54.275  14.132  20.140 0.0000000000
90562  -53.159  15.258  20.848 0.0000000000
90585  -51.923  15.466  19.029 0.0000000000
90572  -52.915  15.336  20.216 0.0000000000
90587  -53.498  15.201  19.689 0.0000000000
89747  -54.356  14.886  18.665 0.0000000000
90621  -54.193  15.008  17.590 0.0000000000
90637  -52.721  15.483  16.250 0.0000000000
91406  -52.428  16.319  15.624 0.0000000000
91434  -48.329  16.342  14.113 0.0000000000
89692  -45.815  14.214  20.870 0.0000000000
89707  -45.465  14.451  20.316 0.0000000000
89724  -44.906  14.799  19.535 0.0000000000
91386  -43.210  16.604  16.177 0.0000000000
91412  -41.450  17.314  15.168 0.0000000000
90642  -41.339  16.463  15.577 0.0000000000
91395  -40.811  16.478  16.825 0.0000000000
90627  -40.910  16.094  16.422 0.0000000000
89764  -41.466  15.583  16.347 0.0000000000
89753  -41.275  15.108  16.990 0.0000000000
88770  -40.195  14.450  19.585 0.0000000000
91358  -39.420  16.865  19.984 0.0000000000
91365  -38.852  17.476  19.785 0.0000000000
92046  -38.125  17.786  22.148 0.0000000000
93320  -43.181  19.996  24.458 0.0000000000
94695  -43.296  20.938  21.720 0.0000000000
94707  -42.797  21.436  21.120 0.0000000000
94722  -43.257  21.585  20.050 0.0000000000
95470  -43.278  22.824  17.356 0.0000000000
95451  -42.605  22.354  17.984 0.0000000000
94754  -41.256  22.275  18.305 0.0000000000
94753  -41.151  22.500  18.266 0.0000000000
96139  -40.583  23.300  18.746 0.0000000000
95449  -40.326  22.665  18.824 0.0000000000
94736  -39.846  21.470  18.899 0.0000000000
94719  -39.324  21.288  19.587 0.0000000000
74829  -44.831  -0.243  35.090 0.0000000000
74838  -44.238  -0.180  34.583 0.0000000000
74927  -51.741  0.187  24.204 0.0000000000
74928  -51.976  0.109  24.217 0.0000000000
75861  -44.971  -0.095  34.612 0.0000000000
75969  -51.310  0.792  25.209 0.0000000000
75986  -53.400  0.519  24.458 0.0000000000
75999  -51.260  0.284  23.609 0.0000000000
78056  -49.735  2.648  29.908 0.0000000000
78074  -42.118  2.805  28.482 0.0000000000
78078  -48.945  3.252  28.376 0.0000000000
78080  -50.742  2.472  28.500 0.0000000000
78096  -50.856  2.176  28.368 0.0000000000
78172  -46.184  3.558  23.692 0.0000000000
78173  -46.311  3.349  23.721 0.0000000000
79179  -49.366  3.408  28.182 0.0000000000
79198  -50.451  2.897  28.057 0.0000000000
79256  -46.914  3.347  23.753 0.0000000000
79275  -45.969  3.906  23.731 0.0000000000
80186  -41.288  4.352  29.413 0.0000000000
80198  -41.762  4.263  28.343 0.0000000000
80241  -44.726  4.996  24.975 0.0000000000
81111  -41.785  4.691  28.119 0.0000000000
81168  -45.361  5.147  24.303 0.0000000000
82039  -42.793  6.400  28.750 0.0000000000
82115  -47.986  6.854  22.058 0.0000000000
82181  -54.890  5.929  15.374 0.0000000000
82902  -44.614  8.331  33.076 0.0000000000
82945  -42.742  6.667  29.118 0.0000000000
83040  -54.199  8.131  19.421 0.0000000000
83050  -54.515  8.048  18.821 0.0000000000
83723  -49.148  8.606  35.539 0.0000000000
83780  -48.662  9.309  32.765 0.0000000000
83787  -45.515  8.463  32.501 0.0000000000
83798  -47.293  9.184  30.594 0.0000000000
83824  -44.901  8.066  27.451 0.0000000000
83827  -46.944  9.127  27.774 0.0000000000
83890  -47.966  7.815  22.114 0.0000000000
83894  -51.999  7.767  20.847 0.0000000000
84608  -43.140  8.850  37.139 0.0000000000
84612  -49.227  8.769  35.941 0.0000000000
84619  -49.444  9.117  34.726 0.0000000000
84621  -49.220  9.379  33.452 0.0000000000
84647  -46.012  9.386  29.613 0.0000000000
84648  -46.344  9.346  29.634 0.0000000000
84655  -45.977  9.554  29.316 0.0000000000
85467  -48.919  10.410  36.799 0.0000000000
85482  -47.443  10.814  35.980 0.0000000000
85491  -49.367  9.668  35.375 0.0000000000
85515  -42.237  10.608  32.214 0.0000000000
85526  -41.984  10.621  31.817 0.0000000000
85538  -44.018  10.890  30.940 0.0000000000
85541  -52.024  11.606  31.426 0.0000000000
85620  -51.050  9.806  20.686 0.0000000000
85625  -55.153  10.595  19.505 0.0000000000
86526  -47.651  10.968  36.271 0.0000000000
86528  -48.365  10.876  36.718 0.0000000000
86543  -42.492  11.637  33.875 0.0000000000
86549  -41.795  11.504  33.346 0.0000000000
86566  -42.481  10.880  31.026 0.0000000000
86573  -51.806  12.013  32.064 0.0000000000
86574  -52.283  11.938  31.561 0.0000000000
86588  -52.507  12.118  30.370 0.0000000000
86600  -49.609  12.480  30.064 0.0000000000
86602  -52.596  12.120  29.991 0.0000000000
86650  -42.340  12.234  26.291 0.0000000000
86671  -51.541  12.093  23.281 0.0000000000
86687  -49.490  10.892  22.168 0.0000000000
86738  -52.950  11.898  16.834 0.0000000000
86756  -54.171  12.176  16.358 0.0000000000
87596  -48.474  11.152  37.120 0.0000000000
87626  -50.435  12.263  31.723 0.0000000000
87629  -52.323  12.067  31.121 0.0000000000
87635  -51.660  12.468  30.691 0.0000000000
87636  -52.304  12.277  30.486 0.0000000000
87641  -41.267  11.905  28.805 0.0000000000
87645  -52.294  13.061  29.916 0.0000000000
87646  -52.808  12.732  29.746 0.0000000000
87651  -41.116  11.968  28.287 0.0000000000
87654  -51.180  12.705  29.081 0.0000000000
87680  -39.067  13.199  26.424 0.0000000000
87697  -39.089  13.272  25.984 0.0000000000
87737  -43.132  14.055  23.202 0.0000000000
87738  -43.360  14.037  23.110 0.0000000000
87753  -42.976  14.174  23.114 0.0000000000
87766  -51.716  11.978  22.453 0.0000000000
88655  -53.124  13.302  29.303 0.0000000000
88665  -39.317  13.478  27.189 0.0000000000
88666  -51.592  13.160  28.006 0.0000000000
88675  -39.233  13.517  26.302 0.0000000000
88676  -39.363  13.742  26.598 0.0000000000
88686  -39.391  13.590  26.066 0.0000000000
88689  -40.978  13.357  24.971 0.0000000000
88703  -44.194  13.311  24.009 0.0000000000
88717  -42.833  14.169  23.313 0.0000000000
88732  -42.918  14.308  22.884 0.0000000000
88733  -43.340  14.258  22.713 0.0000000000
88748  -44.403  14.365  21.827 0.0000000000
88762  -46.160  14.012  20.953 0.0000000000
88824  -54.480  12.757  16.685 0.0000000000
89611  -39.250  14.502  29.833 0.0000000000
89634  -52.372  13.537  26.232 0.0000000000
89657  -54.154  14.337  23.542 0.0000000000
89714  -52.829  15.259  20.769 0.0000000000
90513  -39.161  14.860  29.722 0.0000000000
90555  -42.326  15.190  22.135 0.0000000000
90563  -53.410  15.124  21.090 0.0000000000
90570  -43.245  15.190  20.219 0.0000000000
90571  -52.339  15.325  19.743 0.0000000000
90573  -53.491  15.121  20.610 0.0000000000
90610  -41.797  16.584  17.339 0.0000000000
90626  -40.674  16.286  16.759 0.0000000000
90648  -50.705  15.002  14.872 0.0000000000
90649  -51.346  15.212  15.369 0.0000000000
90650  -52.183  15.932  15.284 0.0000000000
90651  -52.385  16.178  15.418 0.0000000000
90666  -52.002  16.560  14.836 0.0000000000
90674  -44.900  15.918  12.975 0.0000000000
90676  -46.426  15.533  13.419 0.0000000000
91398  -42.701  17.074  15.779 0.0000000000
91399  -43.408  16.709  15.580 0.0000000000
91405  -52.295  16.789  15.635 0.0000000000
91413  -42.217  17.420  15.308 0.0000000000
91419  -51.202  17.517  15.254 0.0000000000
91420  -51.570  17.423  15.284 0.0000000000
91422  -52.414  16.443  15.331 0.0000000000
91433  -45.637  16.180  13.382 0.0000000000
91437  -50.976  16.626  14.519 0.0000000000
91439  -52.069  16.968  14.722 0.0000000000
91446  -44.637  16.202  13.438 0.0000000000
91448  -45.616  16.095  13.195 0.0000000000
92072  -39.846  17.760  16.633 0.0000000000
92076  -39.511  18.231  16.803 0.0000000000
92077  -39.617  18.207  16.596 0.0000000000
92081  -51.782  17.350  15.316 0.0000000000
92082  -52.004  17.252  15.359 0.0000000000
92089  -42.428  17.442  15.005 0.0000000000
92090  -50.688  17.206  14.583 0.0000000000
92091  -51.137  17.467  14.740 0.0000000000
92102  -51.168  17.127  14.564 0.0000000000
92103  -51.657  17.215  14.763 0.0000000000
92104  -52.118  17.208  14.902 0.0000000000
92648  -41.534  19.032  26.187 0.0000000000
92688  -39.357  18.422  17.015 0.0000000000
92692  -39.173  18.940  17.085 0.0000000000
92693  -39.510  18.433  16.717 0.0000000000
92694  -39.782  18.282  16.486 0.0000000000
93334  -42.264  20.000  23.375 0.0000000000
93367  -39.870  19.271  16.917 0.0000000000
93372  -39.337  19.026  16.848 0.0000000000
93374  -40.021  18.613  16.454 0.0000000000
94066  -39.564  19.542  17.428 0.0000000000
95450  -42.009  22.365  17.788 0.0000000000
95452  -43.558  22.355  18.212 0.0000000000
95482  -41.776  23.320  17.400 0.0000000000
96154  -40.740  23.076  18.417 0.0000000000
96156  -41.833  23.858  17.769 0.0000000000
96170  -41.594  23.311  17.583 0.0000000000
96171  -41.825  23.596  17.397 0.0000000000
96172  -42.339  24.060  16.895 0.0000000000
117266  -49.567  12.656  37.893 0.0000000000
