#!ascii label  , from subject 4070 vox2ras=TkReg
273
73354  -31.316  -3.159  -12.653 0.0000000000
75439  -29.505  0.107  -15.763 0.0000000000
87082  -28.721  11.726  -14.829 0.0000000000
84237  -30.418  8.260  -14.458 0.0000000000
81567  -32.115  5.318  -13.806 0.0000000000
77510  -33.390  1.678  -11.837 0.0000000000
89114  -27.716  13.254  -14.714 0.0000000000
82510  -31.385  6.326  -14.383 0.0000000000
80691  -29.695  4.795  -15.849 0.0000000000
73405  -30.740  -1.533  -14.625 0.0000000000
76493  -32.036  0.888  -14.374 0.0000000000
75401  -32.831  -0.417  -12.568 0.0000000000
68923  -27.774  -6.678  -11.910 0.0000000000
72291  -29.018  -3.753  -14.551 0.0000000000
92887  -26.735  18.382  -14.125 0.0000000000
92267  -28.572  17.557  -13.827 0.0000000000
90928  -28.957  15.608  -13.679 0.0000000000
90054  -30.637  14.535  -13.144 0.0000000000
88137  -30.744  13.213  -12.914 0.0000000000
86023  -29.431  10.250  -14.855 0.0000000000
87070  -31.014  11.130  -13.245 0.0000000000
85055  -31.744  9.135  -12.551 0.0000000000
83350  -31.905  6.843  -13.031 0.0000000000
81536  -33.511  5.175  -11.684 0.0000000000
78683  -31.521  2.772  -14.841 0.0000000000
79726  -33.319  3.261  -12.877 0.0000000000
81597  -29.399  5.380  -16.200 0.0000000000
80690  -29.171  4.680  -16.379 0.0000000000
73370  -31.216  -2.163  -13.505 0.0000000000
74397  -31.570  -1.246  -13.773 0.0000000000
73355  -31.450  -2.130  -12.568 0.0000000000
65774  -28.225  -9.632  -9.487 0.0000000000
65797  -28.472  -9.000  -9.788 0.0000000000
66843  -28.390  -8.313  -10.414 0.0000000000
73404  -28.338  -2.528  -15.076 0.0000000000
72302  -27.652  -3.657  -15.311 0.0000000000
91646  -28.399  16.643  -14.082 0.0000000000
88166  -28.264  12.529  -14.890 0.0000000000
90083  -29.019  14.064  -14.290 0.0000000000
89117  -29.825  13.523  -13.895 0.0000000000
89104  -30.359  13.734  -13.413 0.0000000000
88152  -29.762  12.506  -14.059 0.0000000000
85096  -29.723  9.237  -14.456 0.0000000000
86001  -30.581  10.454  -13.755 0.0000000000
85073  -30.394  9.386  -14.049 0.0000000000
85986  -31.438  10.510  -12.811 0.0000000000
84221  -30.836  8.617  -13.940 0.0000000000
82491  -32.061  6.224  -14.060 0.0000000000
82492  -32.248  6.032  -13.415 0.0000000000
83341  -32.944  6.367  -11.877 0.0000000000
81568  -32.528  5.141  -13.155 0.0000000000
77562  -29.226  1.081  -15.959 0.0000000000
78681  -29.888  2.250  -15.555 0.0000000000
77564  -30.313  1.520  -15.539 0.0000000000
77534  -32.934  1.682  -12.623 0.0000000000
78665  -32.897  2.348  -13.516 0.0000000000
78649  -33.199  2.436  -12.710 0.0000000000
79727  -33.646  3.489  -12.075 0.0000000000
78628  -34.342  3.179  -11.216 0.0000000000
68924  -28.833  -6.535  -11.504 0.0000000000
68941  -27.668  -6.129  -12.752 0.0000000000
69952  -29.581  -5.768  -11.925 0.0000000000
69988  -29.724  -5.182  -13.080 0.0000000000
83381  -29.937  7.161  -15.082 0.0000000000
83382  -30.810  7.177  -14.291 0.0000000000
82521  -30.024  6.163  -15.631 0.0000000000
81587  -30.586  5.504  -15.422 0.0000000000
80673  -31.029  4.733  -15.194 0.0000000000
75440  -30.313  -0.292  -15.264 0.0000000000
76506  -31.062  0.491  -14.903 0.0000000000
75426  -31.177  -0.297  -14.520 0.0000000000
75418  -32.479  -0.081  -13.351 0.0000000000
76470  -33.095  0.352  -12.314 0.0000000000
68902  -28.705  -7.175  -10.772 0.0000000000
75438  -28.420  -0.497  -15.870 0.0000000000
74411  -29.229  -1.886  -14.889 0.0000000000
73390  -29.507  -2.777  -14.296 0.0000000000
73369  -30.348  -3.114  -13.441 0.0000000000
93579  -26.517  20.413  -14.463 0.0000000000
91659  -26.597  16.909  -14.346 0.0000000000
92265  -26.940  17.894  -14.376 0.0000000000
92889  -28.741  18.495  -13.559 0.0000000000
92268  -29.653  17.637  -13.530 0.0000000000
92257  -30.463  16.889  -13.230 0.0000000000
90071  -28.483  14.765  -13.851 0.0000000000
90929  -29.959  15.427  -13.242 0.0000000000
91630  -31.132  16.202  -12.887 0.0000000000
90914  -31.705  15.403  -12.772 0.0000000000
89091  -31.247  13.897  -12.508 0.0000000000
89092  -31.948  13.498  -12.144 0.0000000000
87097  -28.987  10.969  -15.013 0.0000000000
87069  -30.468  11.595  -13.657 0.0000000000
88154  -30.949  12.223  -13.136 0.0000000000
88139  -32.091  12.538  -11.939 0.0000000000
87058  -31.939  11.475  -12.248 0.0000000000
85036  -32.323  8.985  -11.863 0.0000000000
83349  -31.678  7.480  -13.494 0.0000000000
84210  -32.093  8.009  -12.455 0.0000000000
79776  -29.544  3.969  -15.902 0.0000000000
79762  -30.792  3.767  -15.157 0.0000000000
79753  -31.910  3.642  -14.692 0.0000000000
77566  -31.748  1.656  -14.674 0.0000000000
78671  -32.312  2.693  -14.554 0.0000000000
80666  -32.341  4.409  -13.667 0.0000000000
80645  -33.486  4.099  -12.343 0.0000000000
81537  -34.042  4.898  -11.287 0.0000000000
70000  -28.777  -5.020  -14.233 0.0000000000
71130  -30.019  -4.602  -13.206 0.0000000000
71111  -31.087  -4.159  -12.080 0.0000000000
73332  -31.791  -2.695  -11.652 0.0000000000
64809  -28.785  -10.216  -8.824 0.0000000000
65775  -29.090  -9.360  -9.291 0.0000000000
89116  -29.408  13.395  -14.337 0.0000000000
88167  -29.286  12.473  -14.496 0.0000000000
88168  -29.711  12.929  -14.096 0.0000000000
84236  -29.728  7.945  -14.904 0.0000000000
85074  -30.898  9.339  -13.577 0.0000000000
81582  -31.687  5.445  -14.333 0.0000000000
82472  -32.478  5.815  -12.524 0.0000000000
77563  -29.738  1.279  -15.759 0.0000000000
76504  -30.033  0.872  -15.700 0.0000000000
77509  -33.090  1.486  -12.238 0.0000000000
77535  -33.266  2.136  -12.330 0.0000000000
78650  -33.505  2.725  -12.095 0.0000000000
78627  -33.868  2.628  -11.322 0.0000000000
78612  -33.936  2.481  -10.960 0.0000000000
77493  -33.740  2.015  -10.940 0.0000000000
69951  -28.955  -5.949  -12.325 0.0000000000
83397  -29.626  6.654  -15.626 0.0000000000
82520  -29.477  6.299  -15.876 0.0000000000
81598  -29.902  5.424  -15.756 0.0000000000
81581  -31.207  5.516  -14.897 0.0000000000
80679  -30.347  4.769  -15.508 0.0000000000
74428  -30.426  -1.107  -14.859 0.0000000000
75441  -30.673  -0.446  -14.822 0.0000000000
74429  -30.890  -0.863  -14.706 0.0000000000
74398  -32.097  -0.833  -13.179 0.0000000000
75402  -33.219  -0.129  -11.916 0.0000000000
75376  -33.316  -0.068  -11.283 0.0000000000
75375  -33.004  -0.963  -11.502 0.0000000000
64808  -27.813  -10.348  -9.042 0.0000000000
63870  -27.382  -11.155  -8.589 0.0000000000
67861  -28.528  -7.663  -10.681 0.0000000000
68903  -29.502  -6.993  -10.694 0.0000000000
74426  -28.917  -1.243  -15.417 0.0000000000
72290  -28.732  -3.194  -14.704 0.0000000000
73389  -28.895  -2.560  -14.719 0.0000000000
73368  -29.706  -3.201  -13.762 0.0000000000
72270  -29.498  -3.796  -13.756 0.0000000000
92886  -26.153  18.461  -13.636 0.0000000000
93567  -26.441  19.679  -13.666 0.0000000000
93568  -26.869  19.541  -14.090 0.0000000000
91645  -27.672  16.715  -14.333 0.0000000000
92281  -27.106  17.457  -14.482 0.0000000000
92266  -27.435  17.550  -14.269 0.0000000000
92888  -27.632  18.458  -13.799 0.0000000000
91647  -29.501  16.548  -13.537 0.0000000000
90082  -27.932  13.991  -14.021 0.0000000000
90072  -29.597  14.433  -13.667 0.0000000000
90913  -30.857  15.381  -12.977 0.0000000000
89075  -31.014  14.166  -12.750 0.0000000000
88138  -31.341  12.838  -12.431 0.0000000000
86045  -28.795  10.220  -15.279 0.0000000000
87083  -29.591  11.302  -14.655 0.0000000000
87084  -30.202  11.155  -14.186 0.0000000000
87057  -31.491  11.778  -12.636 0.0000000000
85054  -31.315  9.208  -13.166 0.0000000000
85987  -31.966  10.298  -11.980 0.0000000000
84238  -31.151  7.967  -14.165 0.0000000000
83363  -31.831  7.239  -14.033 0.0000000000
84201  -33.246  7.835  -11.851 0.0000000000
82463  -33.049  5.631  -11.806 0.0000000000
82464  -33.785  5.898  -11.135 0.0000000000
79775  -28.749  3.659  -16.222 0.0000000000
78682  -30.575  2.528  -15.216 0.0000000000
79761  -30.021  3.301  -15.449 0.0000000000
79752  -31.371  4.086  -14.966 0.0000000000
79763  -31.420  3.579  -14.902 0.0000000000
76507  -31.649  0.829  -14.647 0.0000000000
79747  -32.711  3.478  -13.822 0.0000000000
80644  -32.960  4.241  -13.085 0.0000000000
79709  -34.415  3.658  -11.358 0.0000000000
80635  -34.035  4.025  -11.678 0.0000000000
80636  -34.517  4.267  -11.146 0.0000000000
69969  -30.024  -5.246  -12.473 0.0000000000
71110  -30.675  -4.755  -12.164 0.0000000000
72256  -30.669  -3.830  -12.733 0.0000000000
82531  -29.577  5.823  -15.969 0.0000000000
73391  -30.572  -2.125  -14.354 0.0000000000
73392  -31.135  -1.599  -14.313 0.0000000000
73371  -31.630  -1.521  -13.050 0.0000000000
74379  -32.068  -1.401  -12.224 0.0000000000
74350  -31.982  -1.556  -11.103 0.0000000000
66859  -27.814  -8.188  -10.922 0.0000000000
66822  -28.917  -8.669  -9.732 0.0000000000
72303  -28.426  -3.676  -15.035 0.0000000000
71162  -28.729  -4.118  -14.891 0.0000000000
92904  -26.334  18.102  -14.298 0.0000000000
90927  -27.964  15.842  -14.278 0.0000000000
89115  -28.670  13.343  -14.618 0.0000000000
90084  -29.524  13.882  -14.105 0.0000000000
88153  -30.177  12.698  -13.605 0.0000000000
86024  -30.008  10.324  -14.351 0.0000000000
86002  -31.096  10.155  -13.363 0.0000000000
83364  -32.109  6.639  -13.692 0.0000000000
78698  -28.819  2.588  -15.942 0.0000000000
78680  -29.279  1.956  -15.804 0.0000000000
77547  -32.621  1.398  -13.397 0.0000000000
77552  -32.469  1.579  -14.158 0.0000000000
79708  -34.017  3.299  -11.604 0.0000000000
79698  -34.633  3.616  -10.877 0.0000000000
68942  -28.357  -6.193  -12.308 0.0000000000
69967  -28.541  -5.614  -12.988 0.0000000000
69968  -29.361  -5.486  -12.760 0.0000000000
69953  -30.536  -5.470  -11.503 0.0000000000
83380  -29.484  7.697  -15.348 0.0000000000
82509  -30.672  6.308  -14.958 0.0000000000
80674  -31.499  4.657  -14.707 0.0000000000
76505  -30.434  0.677  -15.507 0.0000000000
76492  -31.616  0.341  -14.426 0.0000000000
74414  -31.276  -0.955  -14.374 0.0000000000
75417  -31.850  -0.271  -13.978 0.0000000000
76486  -32.402  0.630  -13.820 0.0000000000
76469  -32.708  0.665  -12.884 0.0000000000
76440  -32.933  1.089  -12.211 0.0000000000
76425  -33.493  0.792  -10.757 0.0000000000
76441  -33.234  0.610  -11.724 0.0000000000
67879  -26.974  -7.421  -11.820 0.0000000000
67880  -28.026  -7.519  -11.158 0.0000000000
74427  -29.800  -1.071  -15.307 0.0000000000
74412  -30.020  -1.709  -14.782 0.0000000000
73353  -30.804  -3.389  -12.967 0.0000000000
92279  -26.132  17.635  -14.143 0.0000000000
92905  -26.579  18.055  -14.373 0.0000000000
92280  -26.742  17.685  -14.416 0.0000000000
93569  -27.820  19.419  -13.655 0.0000000000
92890  -29.852  18.548  -13.433 0.0000000000
92873  -30.607  17.787  -13.215 0.0000000000
92258  -31.368  17.093  -12.969 0.0000000000
91629  -30.369  16.095  -13.092 0.0000000000
90042  -30.898  14.264  -12.934 0.0000000000
90055  -31.268  14.625  -12.758 0.0000000000
87096  -28.200  11.203  -15.199 0.0000000000
87068  -29.840  11.921  -14.025 0.0000000000
85965  -33.185  11.115  -11.761 0.0000000000
84222  -31.280  8.200  -13.604 0.0000000000
84209  -31.728  7.799  -13.148 0.0000000000
79760  -29.361  2.974  -15.727 0.0000000000
79777  -30.078  4.167  -15.564 0.0000000000
80665  -31.866  4.532  -14.173 0.0000000000
77565  -31.017  1.599  -15.235 0.0000000000
78684  -31.879  2.380  -14.698 0.0000000000
78670  -31.998  3.036  -14.834 0.0000000000
79746  -32.173  3.849  -14.117 0.0000000000
81545  -33.143  4.986  -12.402 0.0000000000
81546  -33.636  4.606  -11.859 0.0000000000
71161  -28.338  -4.486  -15.054 0.0000000000
71149  -28.980  -4.605  -14.505 0.0000000000
69987  -29.213  -5.112  -13.631 0.0000000000
71129  -29.427  -4.561  -13.802 0.0000000000
72271  -30.117  -3.839  -13.273 0.0000000000
72257  -31.171  -3.716  -12.329 0.0000000000
71148  -28.614  -4.791  -14.857 0.0000000000
72304  -28.715  -3.744  -14.841 0.0000000000
73406  -30.909  -1.254  -14.646 0.0000000000
74413  -30.485  -1.592  -14.700 0.0000000000
76485  -31.991  0.393  -14.163 0.0000000000
78613  -34.232  2.698  -10.572 0.0000000000
79754  -32.360  3.436  -14.382 0.0000000000
89076  -31.209  14.305  -12.704 0.0000000000
89090  -30.800  13.970  -12.916 0.0000000000
90043  -31.039  14.413  -12.839 0.0000000000
91660  -27.144  17.062  -14.539 0.0000000000
