#!ascii label  , from subject 3863 vox2ras=TkReg
800
18908  -23.961  -57.103  40.632 0.0000000000
31084  -49.316  -46.448  35.415 0.0000000000
41128  -52.293  -37.871  36.617 0.0000000000
46486  -55.928  -31.727  30.234 0.0000000000
27689  -47.584  -49.802  32.325 0.0000000000
44175  -55.668  -34.261  34.682 0.0000000000
107884  -54.081  -28.388  24.996 0.0000000000
54245  -59.453  -26.666  24.654 0.0000000000
30039  -52.287  -47.392  33.037 0.0000000000
34364  -54.319  -43.236  35.535 0.0000000000
35434  -51.656  -42.654  36.627 0.0000000000
19877  -26.924  -57.084  43.540 0.0000000000
18915  -30.364  -57.011  40.488 0.0000000000
22052  -35.190  -54.516  40.479 0.0000000000
25235  -39.055  -51.173  39.704 0.0000000000
24221  -42.653  -53.367  37.066 0.0000000000
23221  -47.212  -53.724  33.794 0.0000000000
25356  -50.084  -51.492  32.901 0.0000000000
37904  -57.848  -39.983  32.973 0.0000000000
54248  -62.295  -25.656  24.530 0.0000000000
30005  -50.788  -47.354  35.365 0.0000000000
32101  -52.160  -45.135  36.167 0.0000000000
33221  -51.003  -44.486  35.310 0.0000000000
20970  -26.716  -55.839  42.100 0.0000000000
18877  -29.388  -57.238  42.209 0.0000000000
26419  -43.680  -51.109  35.566 0.0000000000
22149  -45.109  -54.155  35.495 0.0000000000
25341  -45.050  -52.243  34.351 0.0000000000
30036  -48.767  -47.885  34.230 0.0000000000
26445  -49.019  -50.354  34.194 0.0000000000
27620  -50.212  -49.223  35.091 0.0000000000
27691  -51.578  -49.572  32.719 0.0000000000
38981  -54.939  -40.320  37.832 0.0000000000
36636  -56.169  -40.757  34.421 0.0000000000
40162  -54.504  -38.835  35.010 0.0000000000
47515  -56.606  -31.625  33.120 0.0000000000
43151  -57.901  -35.468  31.894 0.0000000000
44270  -57.512  -34.673  30.353 0.0000000000
45386  -55.624  -33.810  29.066 0.0000000000
52008  -55.490  -28.938  25.040 0.0000000000
107863  -54.428  -29.776  25.791 0.0000000000
26500  -45.497  -50.382  31.898 0.0000000000
45369  -53.484  -33.381  30.309 0.0000000000
53129  -56.940  -26.930  24.347 0.0000000000
50922  -57.672  -28.829  24.883 0.0000000000
54280  -60.642  -25.971  22.284 0.0000000000
31179  -52.730  -46.653  30.701 0.0000000000
32168  -53.343  -45.514  33.420 0.0000000000
34322  -53.552  -43.214  38.016 0.0000000000
18873  -26.127  -57.986  42.654 0.0000000000
18949  -31.701  -57.887  38.975 0.0000000000
19923  -33.226  -56.895  41.463 0.0000000000
19973  -33.343  -56.968  39.039 0.0000000000
22093  -34.752  -54.955  38.431 0.0000000000
24188  -36.959  -52.459  38.690 0.0000000000
24218  -38.790  -51.993  37.895 0.0000000000
24192  -40.330  -51.861  38.838 0.0000000000
22166  -43.083  -55.159  34.941 0.0000000000
25353  -47.266  -51.635  32.736 0.0000000000
24296  -48.822  -53.024  32.634 0.0000000000
25384  -48.732  -52.147  30.619 0.0000000000
26517  -50.198  -49.943  30.438 0.0000000000
28989  -51.778  -48.547  30.654 0.0000000000
41161  -56.053  -37.263  32.789 0.0000000000
47573  -54.026  -30.958  27.088 0.0000000000
47559  -55.779  -31.861  28.835 0.0000000000
18871  -23.802  -58.088  42.955 0.0000000000
31067  -50.246  -46.876  36.130 0.0000000000
31086  -50.657  -46.580  35.744 0.0000000000
32148  -50.296  -45.352  34.988 0.0000000000
26466  -43.238  -51.202  33.961 0.0000000000
25330  -44.393  -51.608  35.079 0.0000000000
25350  -44.419  -51.729  33.726 0.0000000000
31105  -48.627  -47.128  34.924 0.0000000000
28892  -49.171  -48.653  34.649 0.0000000000
30003  -49.040  -47.417  35.659 0.0000000000
28880  -50.247  -48.365  35.110 0.0000000000
40151  -55.229  -39.298  37.030 0.0000000000
40149  -53.644  -38.290  35.684 0.0000000000
46466  -56.468  -31.835  32.036 0.0000000000
46477  -58.057  -31.944  32.553 0.0000000000
45372  -56.582  -33.276  30.618 0.0000000000
44269  -56.543  -34.352  29.587 0.0000000000
45387  -56.001  -32.898  29.714 0.0000000000
107878  -56.429  -29.139  24.191 0.0000000000
107876  -55.178  -29.804  24.694 0.0000000000
107870  -54.056  -30.028  23.621 0.0000000000
54259  -56.746  -26.099  23.391 0.0000000000
54244  -58.497  -26.733  24.721 0.0000000000
53112  -57.718  -27.470  25.331 0.0000000000
52001  -59.031  -28.192  26.564 0.0000000000
107898  -58.745  -28.286  24.604 0.0000000000
107900  -60.284  -28.095  25.663 0.0000000000
53143  -61.998  -26.325  24.198 0.0000000000
31135  -52.668  -47.295  31.964 0.0000000000
31136  -52.993  -46.738  32.007 0.0000000000
31108  -52.888  -46.108  34.015 0.0000000000
34334  -51.811  -43.444  37.032 0.0000000000
33205  -52.903  -43.960  36.541 0.0000000000
35416  -52.254  -42.777  37.284 0.0000000000
36569  -53.339  -41.845  37.523 0.0000000000
37818  -52.351  -40.845  36.715 0.0000000000
18892  -26.529  -57.801  41.756 0.0000000000
18875  -27.946  -57.499  42.476 0.0000000000
19903  -29.297  -56.918  41.074 0.0000000000
22024  -34.241  -54.212  40.597 0.0000000000
21002  -34.090  -55.915  40.964 0.0000000000
18938  -33.838  -57.718  40.712 0.0000000000
21019  -34.438  -55.856  39.956 0.0000000000
21034  -34.396  -55.824  39.011 0.0000000000
22074  -35.486  -54.617  39.945 0.0000000000
24189  -37.648  -52.029  39.122 0.0000000000
24217  -37.610  -51.832  38.018 0.0000000000
25262  -38.572  -51.770  38.474 0.0000000000
26378  -42.170  -51.418  37.658 0.0000000000
26377  -41.500  -51.306  37.985 0.0000000000
24194  -41.851  -52.913  38.070 0.0000000000
23161  -40.729  -53.415  37.638 0.0000000000
22095  -42.134  -54.264  38.020 0.0000000000
22130  -42.350  -54.579  35.904 0.0000000000
22131  -42.940  -54.372  36.356 0.0000000000
23219  -45.963  -53.805  34.626 0.0000000000
22169  -45.382  -54.401  34.832 0.0000000000
22191  -46.319  -54.987  34.019 0.0000000000
22210  -47.229  -54.676  32.699 0.0000000000
26485  -46.433  -50.806  32.257 0.0000000000
26486  -47.446  -50.723  32.440 0.0000000000
25346  -49.678  -51.466  33.463 0.0000000000
25345  -49.022  -51.905  33.524 0.0000000000
25355  -49.682  -52.192  33.067 0.0000000000
24312  -49.011  -52.788  31.651 0.0000000000
25370  -49.655  -52.076  32.067 0.0000000000
26503  -50.356  -50.652  31.547 0.0000000000
28915  -51.658  -48.436  33.179 0.0000000000
28938  -52.041  -48.907  32.221 0.0000000000
28967  -52.203  -48.394  31.767 0.0000000000
30110  -52.107  -48.022  30.462 0.0000000000
20947  -26.317  -56.070  43.536 0.0000000000
19867  -26.301  -56.631  43.785 0.0000000000
18841  -25.545  -57.296  44.063 0.0000000000
33277  -53.341  -44.598  32.544 0.0000000000
34398  -53.617  -43.381  32.903 0.0000000000
36682  -57.033  -41.144  33.247 0.0000000000
43099  -54.398  -35.418  34.599 0.0000000000
41145  -54.412  -36.350  33.849 0.0000000000
43134  -55.925  -35.455  34.220 0.0000000000
43190  -59.475  -35.755  30.645 0.0000000000
42144  -58.987  -36.633  31.408 0.0000000000
47567  -54.949  -30.934  26.325 0.0000000000
47574  -54.430  -30.646  26.697 0.0000000000
47566  -54.766  -31.586  27.355 0.0000000000
46504  -55.097  -32.586  27.534 0.0000000000
45409  -55.159  -33.148  27.620 0.0000000000
54262  -59.881  -25.915  23.683 0.0000000000
53115  -61.019  -26.487  25.548 0.0000000000
54263  -60.605  -25.484  24.018 0.0000000000
55430  -61.652  -24.262  23.962 0.0000000000
31119  -51.835  -46.830  34.474 0.0000000000
31107  -52.303  -46.244  34.846 0.0000000000
31087  -51.703  -46.412  35.436 0.0000000000
33222  -51.519  -44.838  35.873 0.0000000000
34348  -51.513  -43.693  35.904 0.0000000000
20959  -27.074  -56.022  42.768 0.0000000000
19879  -28.298  -56.943  42.745 0.0000000000
20998  -29.456  -56.502  40.583 0.0000000000
25282  -43.275  -52.266  36.270 0.0000000000
23188  -43.682  -53.731  36.511 0.0000000000
25284  -44.763  -52.342  35.859 0.0000000000
24283  -45.681  -52.929  34.995 0.0000000000
24284  -46.487  -53.300  34.474 0.0000000000
28937  -48.633  -49.037  33.108 0.0000000000
27690  -48.402  -49.826  32.917 0.0000000000
28913  -48.750  -48.811  33.899 0.0000000000
26446  -49.605  -50.270  34.379 0.0000000000
26470  -50.188  -50.532  33.747 0.0000000000
26489  -50.857  -50.119  33.089 0.0000000000
27642  -51.028  -49.298  34.595 0.0000000000
28894  -50.909  -48.243  33.847 0.0000000000
22001  -25.870  -55.934  42.016 0.0000000000
36592  -54.635  -41.792  36.796 0.0000000000
36634  -55.098  -41.976  34.837 0.0000000000
36595  -56.822  -40.925  36.826 0.0000000000
39020  -56.379  -39.750  35.328 0.0000000000
39034  -56.871  -39.591  34.204 0.0000000000
46418  -56.624  -33.015  34.382 0.0000000000
44193  -56.856  -34.024  34.132 0.0000000000
46453  -58.025  -32.649  33.864 0.0000000000
44251  -57.868  -34.237  31.857 0.0000000000
107865  -54.162  -29.292  25.441 0.0000000000
107869  -54.131  -30.596  24.706 0.0000000000
32146  -48.972  -45.989  34.293 0.0000000000
31118  -48.608  -46.932  33.765 0.0000000000
42086  -52.524  -36.712  36.141 0.0000000000
45313  -54.606  -33.700  33.916 0.0000000000
46450  -54.990  -32.924  33.183 0.0000000000
46474  -55.239  -32.965  31.569 0.0000000000
46485  -54.825  -32.321  30.410 0.0000000000
53110  -55.415  -27.684  24.665 0.0000000000
53111  -56.393  -27.612  25.123 0.0000000000
51999  -56.676  -29.127  24.792 0.0000000000
49827  -56.794  -28.973  23.867 0.0000000000
52021  -61.653  -27.120  25.691 0.0000000000
52034  -60.633  -27.209  24.058 0.0000000000
32241  -52.787  -45.828  30.705 0.0000000000
32190  -53.328  -45.729  32.227 0.0000000000
33239  -54.115  -44.229  35.170 0.0000000000
32150  -53.054  -45.329  34.837 0.0000000000
33223  -54.058  -44.185  35.965 0.0000000000
34349  -54.227  -43.134  36.636 0.0000000000
36570  -53.822  -41.506  37.792 0.0000000000
37773  -53.557  -40.068  38.210 0.0000000000
34361  -50.741  -43.931  34.517 0.0000000000
35446  -51.349  -43.056  34.530 0.0000000000
37865  -52.164  -40.199  34.841 0.0000000000
18891  -25.382  -57.810  41.619 0.0000000000
18910  -25.898  -57.549  40.724 0.0000000000
17929  -31.963  -58.613  37.254 0.0000000000
22047  -29.928  -55.121  40.440 0.0000000000
20999  -30.327  -56.110  40.254 0.0000000000
19922  -32.027  -57.591  41.435 0.0000000000
18950  -32.745  -57.491  39.061 0.0000000000
23157  -34.714  -54.129  37.953 0.0000000000
23158  -35.233  -53.102  37.656 0.0000000000
26364  -39.568  -50.795  39.622 0.0000000000
26365  -40.216  -50.804  39.484 0.0000000000
25248  -39.623  -51.466  39.494 0.0000000000
23160  -39.813  -52.762  38.098 0.0000000000
23184  -39.861  -53.269  36.738 0.0000000000
22148  -44.608  -54.444  35.883 0.0000000000
26484  -45.341  -51.088  32.500 0.0000000000
25343  -47.033  -52.465  33.367 0.0000000000
24290  -47.547  -53.154  33.680 0.0000000000
26468  -48.591  -50.859  33.598 0.0000000000
24291  -48.438  -52.840  33.303 0.0000000000
23240  -48.025  -53.477  33.398 0.0000000000
23290  -48.458  -53.609  32.140 0.0000000000
23311  -48.154  -53.417  31.211 0.0000000000
27739  -49.642  -49.442  29.539 0.0000000000
26504  -51.135  -50.234  32.163 0.0000000000
27722  -51.083  -49.363  30.604 0.0000000000
27759  -50.015  -48.970  28.884 0.0000000000
30124  -51.060  -47.862  29.544 0.0000000000
18856  -24.828  -58.022  43.781 0.0000000000
40161  -53.759  -38.112  34.350 0.0000000000
40193  -55.740  -38.284  33.392 0.0000000000
40208  -57.455  -38.897  32.770 0.0000000000
42130  -56.926  -35.824  32.832 0.0000000000
41179  -57.251  -37.757  32.288 0.0000000000
40219  -57.737  -38.552  31.789 0.0000000000
46492  -53.723  -32.592  29.540 0.0000000000
47549  -55.229  -31.584  29.602 0.0000000000
107864  -54.038  -29.634  25.677 0.0000000000
47585  -53.573  -30.839  25.781 0.0000000000
47565  -54.410  -31.977  27.782 0.0000000000
47557  -54.942  -31.643  28.665 0.0000000000
47550  -55.689  -31.654  29.269 0.0000000000
45410  -55.389  -33.666  28.073 0.0000000000
31065  -49.741  -46.756  36.030 0.0000000000
31085  -50.051  -46.368  35.662 0.0000000000
32119  -49.863  -45.593  34.964 0.0000000000
26465  -42.427  -50.818  33.458 0.0000000000
26467  -43.859  -51.557  33.733 0.0000000000
26483  -44.087  -51.144  32.970 0.0000000000
30004  -49.861  -47.531  35.621 0.0000000000
41118  -52.871  -38.035  37.081 0.0000000000
40136  -53.563  -38.458  37.225 0.0000000000
41129  -53.040  -37.507  36.316 0.0000000000
46476  -56.993  -31.863  31.390 0.0000000000
46487  -56.293  -31.971  29.814 0.0000000000
107877  -55.768  -29.211  23.697 0.0000000000
107880  -54.723  -29.610  23.721 0.0000000000
53099  -58.514  -27.811  26.385 0.0000000000
53100  -59.280  -27.580  26.618 0.0000000000
53101  -59.729  -27.809  26.168 0.0000000000
53114  -60.010  -26.915  25.915 0.0000000000
30040  -52.698  -47.107  32.557 0.0000000000
31121  -52.992  -46.542  33.034 0.0000000000
31120  -52.237  -46.660  33.813 0.0000000000
34320  -52.352  -43.212  37.287 0.0000000000
36590  -52.353  -41.926  36.860 0.0000000000
36614  -51.874  -41.584  36.195 0.0000000000
18859  -27.448  -57.334  43.111 0.0000000000
19920  -29.967  -56.878  40.544 0.0000000000
18914  -29.578  -57.068  40.731 0.0000000000
22051  -34.532  -54.747  40.499 0.0000000000
21018  -34.314  -56.207  40.798 0.0000000000
21003  -34.505  -55.378  40.425 0.0000000000
21004  -35.041  -55.238  40.174 0.0000000000
25234  -38.202  -51.582  39.726 0.0000000000
24171  -37.657  -52.212  39.973 0.0000000000
25246  -38.219  -51.703  38.768 0.0000000000
25247  -38.945  -51.661  38.945 0.0000000000
25251  -42.218  -52.160  37.530 0.0000000000
25250  -41.671  -51.971  38.145 0.0000000000
23134  -41.521  -53.488  38.197 0.0000000000
22096  -42.460  -54.104  38.026 0.0000000000
22116  -42.489  -54.078  37.407 0.0000000000
23187  -42.964  -53.972  36.743 0.0000000000
23220  -46.708  -54.072  34.030 0.0000000000
22170  -46.095  -54.393  34.335 0.0000000000
23238  -46.930  -54.567  33.747 0.0000000000
22192  -46.965  -54.758  33.441 0.0000000000
23239  -47.545  -54.120  33.469 0.0000000000
25371  -50.274  -51.410  32.109 0.0000000000
28916  -52.172  -47.914  32.723 0.0000000000
28939  -52.192  -48.196  32.341 0.0000000000
30057  -52.495  -47.596  32.394 0.0000000000
30080  -52.484  -47.792  31.685 0.0000000000
19868  -26.784  -56.306  43.496 0.0000000000
18842  -26.266  -57.270  43.666 0.0000000000
34363  -54.369  -43.560  34.929 0.0000000000
34378  -54.027  -43.202  34.194 0.0000000000
37903  -57.588  -40.561  32.894 0.0000000000
36703  -56.595  -41.133  32.762 0.0000000000
37919  -57.024  -40.650  32.206 0.0000000000
39076  -57.537  -39.628  31.887 0.0000000000
44174  -54.860  -34.561  34.794 0.0000000000
42116  -54.956  -35.404  34.726 0.0000000000
43101  -55.757  -34.741  34.832 0.0000000000
30023  -51.452  -47.231  34.798 0.0000000000
31106  -51.819  -46.798  35.046 0.0000000000
30006  -51.505  -46.983  35.235 0.0000000000
32120  -50.714  -45.540  35.398 0.0000000000
32121  -51.618  -45.731  35.730 0.0000000000
20974  -28.986  -56.005  41.002 0.0000000000
27619  -43.006  -51.447  35.292 0.0000000000
27606  -43.126  -51.561  35.716 0.0000000000
26403  -42.905  -51.673  36.105 0.0000000000
26404  -43.524  -51.667  35.888 0.0000000000
25283  -44.279  -52.144  35.943 0.0000000000
26405  -44.103  -51.762  35.733 0.0000000000
25331  -44.832  -52.319  35.228 0.0000000000
24288  -46.086  -52.811  34.380 0.0000000000
30056  -48.405  -47.888  32.979 0.0000000000
28893  -49.733  -48.813  35.061 0.0000000000
27640  -49.767  -49.540  34.734 0.0000000000
26447  -50.062  -50.131  34.492 0.0000000000
27641  -50.466  -49.703  34.443 0.0000000000
28881  -50.870  -48.571  34.713 0.0000000000
30022  -50.873  -47.695  34.310 0.0000000000
30037  -50.948  -47.769  33.779 0.0000000000
20958  -26.389  -55.795  42.899 0.0000000000
37797  -54.707  -40.986  37.339 0.0000000000
36593  -55.037  -41.011  36.588 0.0000000000
37798  -55.561  -40.709  37.203 0.0000000000
40163  -55.637  -39.141  35.801 0.0000000000
39019  -55.925  -39.765  35.882 0.0000000000
40164  -56.117  -39.428  35.457 0.0000000000
40179  -56.400  -39.202  34.880 0.0000000000
46437  -56.956  -32.395  33.956 0.0000000000
46419  -57.431  -32.451  34.769 0.0000000000
47499  -57.720  -31.886  34.220 0.0000000000
44250  -57.193  -33.851  31.336 0.0000000000
44252  -58.417  -33.203  32.344 0.0000000000
44271  -58.838  -35.364  30.483 0.0000000000
44288  -57.587  -34.896  29.041 0.0000000000
107862  -54.445  -31.486  25.543 0.0000000000
45323  -54.833  -34.286  32.903 0.0000000000
44268  -53.453  -34.067  30.754 0.0000000000
45350  -54.492  -33.502  31.119 0.0000000000
45370  -54.143  -33.111  30.581 0.0000000000
53128  -56.063  -26.782  24.222 0.0000000000
53127  -55.231  -26.804  23.948 0.0000000000
52000  -58.137  -28.384  25.642 0.0000000000
52009  -56.926  -28.301  25.202 0.0000000000
49828  -57.178  -29.052  24.534 0.0000000000
49839  -57.442  -28.847  24.286 0.0000000000
52019  -59.591  -28.076  24.781 0.0000000000
53116  -61.687  -26.525  25.340 0.0000000000
52011  -61.364  -26.791  25.877 0.0000000000
53142  -61.427  -26.499  23.621 0.0000000000
31203  -52.306  -46.143  30.010 0.0000000000
31180  -52.995  -46.361  30.847 0.0000000000
33257  -53.571  -44.385  33.858 0.0000000000
32122  -52.504  -45.560  35.762 0.0000000000
32149  -52.499  -45.768  35.305 0.0000000000
34336  -53.267  -43.300  37.087 0.0000000000
32103  -53.223  -44.340  36.291 0.0000000000
33206  -53.590  -43.777  36.456 0.0000000000
33207  -53.931  -43.388  36.700 0.0000000000
34337  -54.079  -43.372  37.614 0.0000000000
35418  -54.411  -42.615  37.279 0.0000000000
35402  -54.229  -42.637  38.127 0.0000000000
37819  -52.706  -40.204  37.303 0.0000000000
37795  -53.267  -40.607  37.892 0.0000000000
18893  -27.559  -57.654  41.821 0.0000000000
18876  -28.712  -57.370  42.395 0.0000000000
18948  -30.686  -57.392  38.633 0.0000000000
18962  -31.644  -57.886  37.492 0.0000000000
19949  -31.725  -58.054  41.311 0.0000000000
17870  -33.113  -58.118  41.903 0.0000000000
19951  -33.591  -56.934  40.105 0.0000000000
19950  -33.167  -57.498  39.737 0.0000000000
19972  -33.146  -57.225  39.512 0.0000000000
18964  -33.102  -57.800  37.553 0.0000000000
18951  -33.727  -57.532  38.254 0.0000000000
18965  -33.916  -57.625  37.588 0.0000000000
22094  -35.131  -55.154  39.268 0.0000000000
21054  -33.957  -55.936  38.090 0.0000000000
22114  -34.171  -54.997  37.357 0.0000000000
23128  -35.002  -54.382  38.458 0.0000000000
23130  -36.612  -53.182  39.253 0.0000000000
24187  -36.048  -52.896  38.413 0.0000000000
24215  -35.852  -52.619  37.798 0.0000000000
24216  -36.520  -52.365  37.859 0.0000000000
24250  -37.969  -52.254  36.846 0.0000000000
24274  -38.301  -52.687  35.741 0.0000000000
24251  -39.014  -52.607  36.601 0.0000000000
25249  -40.830  -51.625  38.472 0.0000000000
26376  -40.611  -51.010  38.558 0.0000000000
25237  -40.380  -51.252  39.288 0.0000000000
25236  -39.974  -51.189  39.757 0.0000000000
24173  -40.157  -51.389  39.448 0.0000000000
24191  -39.681  -51.932  38.780 0.0000000000
23132  -40.090  -52.352  38.533 0.0000000000
22145  -42.404  -54.734  35.371 0.0000000000
23199  -42.018  -54.651  35.228 0.0000000000
23216  -42.598  -55.186  34.642 0.0000000000
23189  -44.411  -53.729  36.210 0.0000000000
22133  -44.189  -54.141  36.340 0.0000000000
25352  -46.241  -51.819  32.846 0.0000000000
24292  -49.146  -52.572  33.078 0.0000000000
23261  -48.323  -53.635  32.987 0.0000000000
24329  -48.276  -52.826  30.578 0.0000000000
26516  -49.379  -50.618  30.768 0.0000000000
27667  -51.028  -49.503  33.710 0.0000000000
27723  -51.594  -49.024  30.971 0.0000000000
27714  -51.557  -49.462  31.634 0.0000000000
28988  -51.429  -48.906  30.550 0.0000000000
27740  -50.239  -49.221  29.629 0.0000000000
28993  -51.110  -48.642  30.006 0.0000000000
29005  -50.353  -48.413  29.054 0.0000000000
28994  -51.602  -48.109  30.118 0.0000000000
30111  -52.490  -47.504  30.736 0.0000000000
30125  -51.819  -47.447  29.952 0.0000000000
30126  -52.304  -46.888  30.142 0.0000000000
18857  -25.804  -57.825  43.504 0.0000000000
18872  -25.009  -58.014  42.703 0.0000000000
36635  -55.457  -41.170  34.849 0.0000000000
35485  -54.628  -41.988  33.737 0.0000000000
36659  -55.344  -41.721  34.018 0.0000000000
42100  -53.209  -36.548  35.417 0.0000000000
41135  -53.376  -37.353  35.026 0.0000000000
41160  -54.824  -36.811  33.434 0.0000000000
40191  -54.576  -37.341  33.493 0.0000000000
40192  -54.992  -37.671  33.362 0.0000000000
41162  -56.426  -38.131  32.854 0.0000000000
43136  -57.739  -34.780  32.878 0.0000000000
43135  -56.948  -34.928  33.529 0.0000000000
43150  -57.465  -35.467  32.711 0.0000000000
42143  -58.414  -36.688  31.963 0.0000000000
41180  -58.317  -37.517  31.593 0.0000000000
40209  -57.668  -38.636  32.244 0.0000000000
46493  -54.579  -31.816  29.412 0.0000000000
48642  -54.105  -30.258  26.456 0.0000000000
48641  -53.920  -30.576  26.567 0.0000000000
46526  -53.679  -31.588  26.502 0.0000000000
47558  -55.274  -31.915  28.394 0.0000000000
47551  -55.933  -31.796  29.040 0.0000000000
46495  -55.846  -32.261  29.044 0.0000000000
46494  -55.310  -32.855  28.505 0.0000000000
29992  -50.416  -47.001  35.981 0.0000000000
33238  -50.431  -44.899  34.905 0.0000000000
26443  -43.642  -50.980  34.963 0.0000000000
26444  -44.151  -50.953  35.317 0.0000000000
25329  -44.160  -50.987  34.868 0.0000000000
25340  -44.051  -51.598  34.364 0.0000000000
30021  -48.694  -47.937  35.138 0.0000000000
28879  -49.391  -48.147  35.283 0.0000000000
29991  -50.151  -47.110  36.115 0.0000000000
40123  -54.266  -39.351  38.180 0.0000000000
38994  -55.349  -40.001  37.538 0.0000000000
40137  -54.589  -39.092  37.722 0.0000000000
40150  -54.585  -38.749  36.493 0.0000000000
47529  -56.310  -31.745  32.670 0.0000000000
47531  -58.136  -31.428  32.922 0.0000000000
47541  -57.670  -31.659  32.489 0.0000000000
45351  -57.679  -32.815  31.572 0.0000000000
45371  -56.022  -33.631  29.826 0.0000000000
107872  -54.586  -30.036  24.299 0.0000000000
54260  -57.733  -26.366  23.909 0.0000000000
50912  -58.611  -28.511  25.145 0.0000000000
51990  -59.347  -28.498  25.945 0.0000000000
53131  -62.133  -26.720  25.000 0.0000000000
54264  -62.437  -25.748  24.246 0.0000000000
54282  -62.270  -25.615  23.385 0.0000000000
31151  -52.767  -47.113  31.393 0.0000000000
31152  -53.056  -46.568  31.208 0.0000000000
33204  -52.144  -44.215  36.428 0.0000000000
32102  -52.766  -44.704  36.197 0.0000000000
34335  -52.494  -43.522  36.982 0.0000000000
34321  -52.926  -43.141  37.354 0.0000000000
35400  -53.113  -42.721  37.506 0.0000000000
35401  -53.727  -42.642  38.241 0.0000000000
35417  -52.784  -42.144  37.266 0.0000000000
36591  -52.778  -41.267  37.319 0.0000000000
18874  -27.118  -57.794  42.626 0.0000000000
19907  -33.903  -57.490  41.529 0.0000000000
19952  -33.826  -56.431  39.299 0.0000000000
21020  -35.076  -55.367  39.806 0.0000000000
25261  -38.305  -51.750  38.265 0.0000000000
26389  -42.321  -50.767  37.295 0.0000000000
26388  -41.206  -51.073  37.472 0.0000000000
24193  -41.124  -52.497  38.419 0.0000000000
23133  -40.600  -52.794  38.396 0.0000000000
23162  -41.582  -53.989  37.358 0.0000000000
23202  -45.401  -53.672  35.283 0.0000000000
22227  -47.363  -54.446  31.986 0.0000000000
25354  -47.976  -51.224  32.990 0.0000000000
26469  -49.362  -51.000  33.997 0.0000000000
24297  -49.315  -52.549  32.467 0.0000000000
24313  -49.316  -52.455  32.090 0.0000000000
25369  -49.318  -52.140  31.299 0.0000000000
26501  -49.534  -51.826  31.434 0.0000000000
26502  -49.769  -51.382  31.488 0.0000000000
28966  -51.932  -48.764  31.412 0.0000000000
28990  -52.335  -48.261  31.085 0.0000000000
20957  -25.614  -55.696  43.118 0.0000000000
20946  -25.541  -56.165  43.922 0.0000000000
36660  -56.162  -41.174  33.930 0.0000000000
36681  -56.055  -41.243  33.251 0.0000000000
42101  -54.070  -35.964  35.024 0.0000000000
42114  -53.655  -36.518  34.767 0.0000000000
42115  -54.402  -35.959  34.457 0.0000000000
42128  -55.050  -35.832  33.921 0.0000000000
42129  -56.018  -36.043  33.255 0.0000000000
43171  -59.069  -35.497  31.299 0.0000000000
54246  -60.489  -26.375  24.610 0.0000000000
54247  -61.485  -25.608  24.575 0.0000000000
55429  -61.075  -24.673  23.900 0.0000000000
55414  -61.649  -24.753  24.204 0.0000000000
55415  -62.276  -24.485  24.164 0.0000000000
31088  -52.232  -45.949  35.411 0.0000000000
19878  -27.514  -56.530  43.038 0.0000000000
18860  -28.030  -57.157  42.808 0.0000000000
19891  -29.498  -56.711  41.922 0.0000000000
25224  -38.307  -51.473  40.618 0.0000000000
27592  -42.743  -50.721  36.896 0.0000000000
26390  -42.705  -51.397  36.770 0.0000000000
25281  -42.935  -52.657  36.628 0.0000000000
23164  -42.897  -53.633  36.806 0.0000000000
24255  -44.060  -52.934  36.272 0.0000000000
24256  -44.568  -52.636  35.932 0.0000000000
24278  -44.917  -52.854  35.564 0.0000000000
24285  -46.941  -53.435  33.986 0.0000000000
28936  -47.791  -48.823  32.477 0.0000000000
27665  -48.762  -49.770  33.741 0.0000000000
27639  -49.165  -49.566  34.290 0.0000000000
26488  -50.508  -50.768  32.615 0.0000000000
26471  -50.603  -49.986  33.574 0.0000000000
27622  -50.976  -49.105  34.987 0.0000000000
28882  -51.158  -49.045  34.743 0.0000000000
28895  -51.268  -48.909  34.215 0.0000000000
28914  -51.109  -47.933  33.534 0.0000000000
30038  -51.431  -47.375  33.766 0.0000000000
20948  -26.840  -56.147  43.256 0.0000000000
35435  -54.580  -42.439  36.272 0.0000000000
35448  -54.755  -42.351  35.402 0.0000000000
35436  -54.933  -41.971  35.844 0.0000000000
36616  -55.046  -41.210  35.850 0.0000000000
37845  -55.500  -40.527  35.717 0.0000000000
38995  -56.156  -40.375  37.017 0.0000000000
39007  -56.090  -40.270  36.413 0.0000000000
37866  -55.991  -40.576  35.047 0.0000000000
37867  -56.562  -40.215  34.581 0.0000000000
39048  -57.523  -39.444  33.310 0.0000000000
45297  -55.619  -33.641  34.507 0.0000000000
44176  -56.225  -34.111  34.501 0.0000000000
45298  -56.554  -33.262  34.418 0.0000000000
44194  -57.488  -33.703  33.984 0.0000000000
44234  -58.101  -34.184  32.703 0.0000000000
46468  -58.660  -31.781  33.039 0.0000000000
44235  -58.454  -33.366  32.634 0.0000000000
32118  -49.182  -45.317  34.981 0.0000000000
33220  -49.363  -45.062  34.876 0.0000000000
33236  -49.185  -45.038  34.312 0.0000000000
42085  -51.713  -36.815  36.254 0.0000000000
43081  -52.836  -36.144  35.447 0.0000000000
44173  -53.985  -35.216  34.316 0.0000000000
45296  -54.615  -34.081  34.462 0.0000000000
45314  -55.046  -33.269  34.309 0.0000000000
46435  -55.126  -32.842  33.820 0.0000000000
46451  -55.806  -32.214  33.265 0.0000000000
46464  -55.122  -33.266  32.408 0.0000000000
46465  -55.696  -32.396  32.357 0.0000000000
46475  -55.986  -32.270  31.296 0.0000000000
53109  -54.910  -27.618  24.184 0.0000000000
50929  -58.098  -28.420  24.241 0.0000000000
52010  -60.549  -27.070  24.876 0.0000000000
52020  -61.100  -27.519  25.115 0.0000000000
53130  -61.534  -26.913  24.484 0.0000000000
32215  -53.256  -46.093  31.377 0.0000000000
32189  -52.862  -44.948  32.015 0.0000000000
32123  -53.449  -44.716  35.911 0.0000000000
33240  -54.252  -43.914  35.744 0.0000000000
36571  -54.368  -41.734  37.405 0.0000000000
36548  -54.269  -41.239  37.631 0.0000000000
37796  -53.656  -40.902  37.863 0.0000000000
37774  -53.884  -40.569  38.065 0.0000000000
41117  -52.699  -38.233  37.018 0.0000000000
32147  -50.118  -45.191  34.772 0.0000000000
34362  -51.238  -43.425  35.134 0.0000000000
35447  -51.699  -42.433  35.267 0.0000000000
36633  -51.945  -41.194  35.291 0.0000000000
37844  -52.029  -40.442  35.904 0.0000000000
18909  -24.723  -57.283  40.410 0.0000000000
18930  -25.464  -57.301  39.793 0.0000000000
20987  -29.321  -55.933  40.537 0.0000000000
19921  -31.024  -56.964  40.525 0.0000000000
18936  -32.001  -58.020  40.615 0.0000000000
18917  -33.609  -57.987  40.692 0.0000000000
18963  -32.259  -57.837  37.775 0.0000000000
19974  -33.916  -56.812  38.416 0.0000000000
23102  -35.793  -54.129  39.776 0.0000000000
23129  -35.508  -54.027  38.933 0.0000000000
24249  -36.934  -52.334  37.021 0.0000000000
26363  -38.556  -50.890  39.707 0.0000000000
24190  -39.209  -51.905  38.475 0.0000000000
23159  -39.379  -52.335  37.925 0.0000000000
23183  -39.418  -52.533  37.442 0.0000000000
24252  -39.456  -53.019  36.149 0.0000000000
22132  -43.762  -54.330  36.354 0.0000000000
22147  -43.748  -54.790  35.766 0.0000000000
22168  -44.327  -54.904  34.910 0.0000000000
23218  -43.793  -55.155  34.779 0.0000000000
25351  -45.192  -51.818  33.286 0.0000000000
25342  -46.076  -52.477  33.678 0.0000000000
24289  -46.808  -52.921  34.073 0.0000000000
26487  -48.092  -50.520  32.798 0.0000000000
25344  -48.006  -52.029  33.513 0.0000000000
23260  -47.871  -54.154  32.537 0.0000000000
23289  -47.751  -53.971  31.689 0.0000000000
27713  -50.905  -49.956  31.281 0.0000000000
30131  -50.378  -47.510  28.842 0.0000000000
18890  -24.039  -57.492  41.507 0.0000000000
35465  -54.544  -42.508  34.582 0.0000000000
41144  -53.809  -36.971  33.912 0.0000000000
40177  -54.661  -38.473  33.851 0.0000000000
40178  -55.599  -38.902  34.374 0.0000000000
40194  -56.688  -38.896  33.451 0.0000000000
39061  -57.916  -39.153  32.873 0.0000000000
43118  -56.271  -34.827  34.530 0.0000000000
42141  -56.692  -36.483  32.684 0.0000000000
42142  -57.477  -36.397  32.401 0.0000000000
41178  -56.933  -36.972  32.521 0.0000000000
39062  -57.808  -39.381  32.527 0.0000000000
45385  -53.127  -33.215  29.833 0.0000000000
107875  -53.661  -29.551  25.197 0.0000000000
50928  -53.225  -30.018  24.922 0.0000000000
46512  -53.756  -32.239  27.090 0.0000000000
47556  -54.252  -31.934  28.736 0.0000000000
44320  -56.341  -34.525  27.869 0.0000000000
17869  -32.627  -58.283  41.937 0.0000000000
17871  -33.208  -57.957  42.054 0.0000000000
17879  -32.392  -58.348  41.606 0.0000000000
17880  -33.011  -58.157  41.590 0.0000000000
17881  -33.464  -57.988  41.738 0.0000000000
17882  -33.850  -57.875  41.531 0.0000000000
17883  -34.991  -57.558  41.672 0.0000000000
17891  -33.026  -58.086  41.001 0.0000000000
17892  -33.625  -58.007  41.238 0.0000000000
17893  -34.005  -57.973  41.355 0.0000000000
17894  -34.837  -57.935  41.535 0.0000000000
17928  -31.768  -58.480  37.162 0.0000000000
18878  -32.492  -58.206  42.070 0.0000000000
18879  -32.756  -58.030  42.147 0.0000000000
18880  -32.976  -57.667  42.255 0.0000000000
18897  -32.146  -58.210  41.953 0.0000000000
18898  -32.337  -58.031  42.140 0.0000000000
18899  -33.302  -57.731  42.005 0.0000000000
18900  -33.621  -57.732  41.675 0.0000000000
18901  -34.138  -57.818  41.486 0.0000000000
18916  -31.933  -58.284  41.501 0.0000000000
18918  -34.015  -58.008  40.944 0.0000000000
18919  -34.137  -57.982  41.164 0.0000000000
18920  -34.509  -58.013  41.290 0.0000000000
18937  -32.826  -57.867  40.062 0.0000000000
18980  -33.595  -57.587  37.210 0.0000000000
19892  -33.081  -57.801  42.114 0.0000000000
19893  -33.113  -57.603  42.103 0.0000000000
19904  -31.908  -57.995  42.011 0.0000000000
19905  -32.640  -57.673  42.036 0.0000000000
19906  -33.415  -57.499  41.808 0.0000000000
19908  -34.167  -57.949  41.260 0.0000000000
19924  -34.163  -56.967  41.300 0.0000000000
19925  -34.151  -57.722  41.142 0.0000000000
19926  -34.362  -58.017  41.089 0.0000000000
21035  -34.781  -55.550  39.541 0.0000000000
21991  -25.803  -55.697  42.610 0.0000000000
22025  -34.524  -54.157  40.693 0.0000000000
22075  -36.050  -54.116  39.965 0.0000000000
22146  -42.888  -54.823  35.376 0.0000000000
22167  -43.546  -55.065  35.084 0.0000000000
23135  -42.292  -53.774  38.242 0.0000000000
23163  -42.573  -53.825  37.573 0.0000000000
23200  -42.449  -54.881  35.152 0.0000000000
23201  -44.853  -53.707  35.734 0.0000000000
23217  -43.389  -55.288  34.628 0.0000000000
23237  -43.875  -55.216  34.444 0.0000000000
24172  -39.985  -51.541  39.422 0.0000000000
24219  -39.389  -52.165  38.235 0.0000000000
24220  -42.403  -53.101  37.536 0.0000000000
24253  -42.731  -52.932  36.926 0.0000000000
24254  -43.210  -53.082  36.677 0.0000000000
24277  -44.580  -53.154  35.930 0.0000000000
25263  -42.571  -52.337  36.762 0.0000000000
25264  -42.743  -51.859  36.374 0.0000000000
25308  -44.424  -51.900  35.588 0.0000000000
25309  -44.866  -52.108  35.783 0.0000000000
25339  -43.734  -51.224  34.594 0.0000000000
26391  -42.932  -51.674  36.137 0.0000000000
26420  -44.115  -51.384  35.599 0.0000000000
26538  -49.821  -49.602  29.832 0.0000000000
27605  -42.618  -51.352  36.076 0.0000000000
27621  -50.701  -49.141  35.015 0.0000000000
27664  -42.364  -50.989  34.085 0.0000000000
27666  -50.516  -49.893  33.840 0.0000000000
29990  -49.603  -47.064  36.159 0.0000000000
30058  -52.688  -47.194  32.251 0.0000000000
31066  -50.021  -46.821  36.261 0.0000000000
32242  -53.130  -46.231  31.007 0.0000000000
33219  -49.314  -44.957  34.650 0.0000000000
33224  -54.101  -43.645  36.177 0.0000000000
34323  -54.017  -43.175  38.470 0.0000000000
34347  -51.029  -43.873  35.282 0.0000000000
34379  -54.306  -43.170  34.829 0.0000000000
35399  -52.634  -42.985  37.370 0.0000000000
35449  -55.076  -41.785  35.346 0.0000000000
35464  -54.295  -42.447  33.902 0.0000000000
36547  -53.957  -40.984  37.781 0.0000000000
36572  -54.932  -41.051  36.903 0.0000000000
36573  -55.894  -41.058  37.003 0.0000000000
36574  -56.640  -41.097  37.031 0.0000000000
36594  -56.116  -41.000  36.837 0.0000000000
36615  -54.858  -41.729  36.290 0.0000000000
36661  -56.726  -40.738  33.929 0.0000000000
37775  -54.508  -40.712  37.813 0.0000000000
37776  -55.010  -40.544  37.516 0.0000000000
37799  -56.498  -40.767  37.151 0.0000000000
37800  -56.992  -40.709  37.077 0.0000000000
37820  -55.386  -40.672  36.392 0.0000000000
37821  -56.058  -40.310  36.658 0.0000000000
37822  -56.945  -40.447  36.949 0.0000000000
37846  -56.125  -40.130  35.659 0.0000000000
37887  -57.351  -40.221  33.561 0.0000000000
37888  -57.730  -39.806  33.203 0.0000000000
37920  -57.682  -40.094  32.468 0.0000000000
38979  -53.910  -39.684  38.300 0.0000000000
38980  -54.640  -39.913  38.125 0.0000000000
38993  -54.919  -39.607  37.793 0.0000000000
38996  -56.946  -40.452  37.035 0.0000000000
39006  -55.707  -39.855  36.618 0.0000000000
39008  -56.945  -40.436  36.809 0.0000000000
39049  -57.906  -39.550  33.009 0.0000000000
40138  -55.023  -39.483  37.553 0.0000000000
40176  -54.270  -37.676  33.687 0.0000000000
41159  -54.304  -37.198  33.589 0.0000000000
42102  -54.618  -35.553  34.540 0.0000000000
43100  -55.107  -35.046  34.980 0.0000000000
43116  -55.045  -35.534  34.528 0.0000000000
43117  -55.516  -35.240  34.765 0.0000000000
43133  -55.387  -35.495  34.441 0.0000000000
43191  -59.456  -36.112  30.239 0.0000000000
44213  -57.383  -34.181  33.840 0.0000000000
44214  -57.993  -34.021  33.602 0.0000000000
44215  -58.439  -33.473  33.141 0.0000000000
45299  -57.251  -32.552  34.637 0.0000000000
45315  -56.657  -33.556  34.352 0.0000000000
45316  -57.249  -33.025  34.335 0.0000000000
45324  -57.754  -33.101  33.900 0.0000000000
45325  -58.250  -33.020  33.559 0.0000000000
45336  -54.749  -33.760  31.954 0.0000000000
45337  -58.618  -32.706  33.119 0.0000000000
45349  -53.827  -33.640  30.842 0.0000000000
45352  -58.322  -32.794  32.278 0.0000000000
45353  -58.560  -32.624  32.680 0.0000000000
45368  -53.127  -33.664  29.999 0.0000000000
46420  -57.969  -32.290  35.080 0.0000000000
46421  -58.400  -32.028  35.020 0.0000000000
46436  -56.061  -32.990  33.823 0.0000000000
46438  -57.952  -32.455  34.299 0.0000000000
46439  -58.369  -32.126  34.710 0.0000000000
46452  -56.566  -32.085  33.552 0.0000000000
46454  -58.278  -32.188  33.796 0.0000000000
46467  -58.374  -31.609  32.870 0.0000000000
46478  -58.499  -32.248  32.689 0.0000000000
46484  -53.992  -32.756  30.257 0.0000000000
47483  -57.909  -31.747  35.060 0.0000000000
47484  -58.314  -31.791  34.991 0.0000000000
47485  -58.466  -31.893  34.842 0.0000000000
47500  -58.194  -31.846  34.234 0.0000000000
47501  -58.309  -31.920  34.418 0.0000000000
47516  -57.355  -31.552  33.428 0.0000000000
47517  -58.190  -31.634  33.572 0.0000000000
47518  -58.390  -31.718  33.599 0.0000000000
47530  -57.123  -31.523  32.556 0.0000000000
47532  -58.523  -31.473  33.296 0.0000000000
47542  -57.973  -31.600  32.706 0.0000000000
53113  -58.935  -27.311  25.693 0.0000000000
54249  -62.726  -24.957  24.316 0.0000000000
