#!ascii label  , from subject 3863 vox2ras=TkReg
1041
31621  6.125  -46.590  46.498 0.0000000000
31838  4.737  -47.134  32.143 0.0000000000
24860  1.871  -52.496  42.500 0.0000000000
34919  2.238  -44.409  42.596 0.0000000000
113331  2.254  -36.611  43.059 0.0000000000
27216  2.742  -50.948  45.623 0.0000000000
29455  -0.139  -48.555  47.178 0.0000000000
30484  8.863  -47.421  48.487 0.0000000000
25995  5.559  -51.020  45.746 0.0000000000
23588  3.538  -54.201  43.813 0.0000000000
37038  2.162  -41.424  48.596 0.0000000000
38276  4.318  -41.069  42.360 0.0000000000
41695  3.696  -37.169  47.739 0.0000000000
24926  2.672  -52.991  38.689 0.0000000000
29604  2.765  -48.186  36.957 0.0000000000
29515  1.900  -48.459  41.953 0.0000000000
34808  0.007  -43.810  48.188 0.0000000000
32763  6.064  -44.914  38.070 0.0000000000
37249  3.545  -41.167  36.491 0.0000000000
41874  1.946  -38.144  37.146 0.0000000000
45079  3.146  -34.917  43.391 0.0000000000
29463  3.861  -48.629  46.192 0.0000000000
30520  3.753  -47.389  45.761 0.0000000000
30508  6.984  -47.771  46.774 0.0000000000
27163  6.750  -49.298  47.889 0.0000000000
29461  5.593  -48.743  46.636 0.0000000000
112959  3.954  -51.124  46.359 0.0000000000
39414  3.281  -39.384  47.776 0.0000000000
24900  2.356  -52.652  40.686 0.0000000000
27285  2.050  -50.532  40.316 0.0000000000
113032  1.499  -50.064  42.208 0.0000000000
30501  1.788  -46.955  49.458 0.0000000000
32656  0.418  -46.270  47.348 0.0000000000
23590  2.260  -53.495  43.934 0.0000000000
21289  2.614  -55.050  42.025 0.0000000000
23634  1.859  -54.101  41.675 0.0000000000
21329  1.986  -55.336  39.500 0.0000000000
31694  2.837  -46.717  40.681 0.0000000000
30653  4.519  -47.283  38.093 0.0000000000
32740  4.220  -44.938  40.405 0.0000000000
40688  3.652  -38.362  42.514 0.0000000000
37189  4.872  -41.011  39.853 0.0000000000
39529  3.290  -39.221  39.732 0.0000000000
38356  1.214  -39.998  37.267 0.0000000000
40726  1.373  -37.675  39.674 0.0000000000
26019  1.610  -51.805  44.930 0.0000000000
28364  1.414  -49.218  44.987 0.0000000000
28355  1.730  -49.172  45.808 0.0000000000
31613  2.015  -46.904  47.462 0.0000000000
29439  10.851  -48.227  48.255 0.0000000000
29477  10.831  -47.954  45.341 0.0000000000
28337  9.318  -48.826  47.140 0.0000000000
27228  7.650  -50.579  44.872 0.0000000000
24817  3.900  -52.931  45.262 0.0000000000
23548  2.447  -53.513  45.774 0.0000000000
37085  2.042  -42.197  45.901 0.0000000000
35995  3.360  -42.878  42.557 0.0000000000
38237  2.820  -40.589  45.883 0.0000000000
40641  3.416  -38.414  46.148 0.0000000000
41713  2.664  -36.826  46.054 0.0000000000
32676  7.978  -46.099  45.386 0.0000000000
31619  14.022  -45.529  46.635 0.0000000000
32625  14.306  -45.364  49.300 0.0000000000
32610  10.291  -45.940  49.920 0.0000000000
32640  8.975  -46.686  47.531 0.0000000000
22529  3.491  -54.551  37.228 0.0000000000
24949  4.489  -52.730  36.776 0.0000000000
27339  3.054  -51.578  38.099 0.0000000000
29539  2.534  -48.930  40.374 0.0000000000
31676  1.905  -46.071  42.141 0.0000000000
30533  0.223  -47.514  45.503 0.0000000000
32694  0.522  -46.023  44.915 0.0000000000
33770  1.249  -44.391  45.502 0.0000000000
35901  1.172  -42.764  47.996 0.0000000000
28501  5.558  -49.666  36.650 0.0000000000
30713  6.408  -48.055  35.685 0.0000000000
32821  5.757  -45.325  35.322 0.0000000000
36027  5.579  -42.892  40.115 0.0000000000
36076  5.632  -42.775  37.404 0.0000000000
33919  4.457  -44.362  34.737 0.0000000000
35021  2.678  -42.338  34.362 0.0000000000
38416  2.176  -40.437  34.396 0.0000000000
43887  2.717  -35.214  48.652 0.0000000000
43908  1.595  -35.193  46.650 0.0000000000
46205  1.968  -33.561  46.512 0.0000000000
45081  1.899  -35.096  43.277 0.0000000000
44034  2.032  -36.117  39.941 0.0000000000
30530  5.463  -47.124  45.909 0.0000000000
30531  4.795  -46.920  45.514 0.0000000000
31631  5.568  -46.441  45.847 0.0000000000
31611  6.788  -46.964  47.065 0.0000000000
30500  6.610  -48.256  46.897 0.0000000000
30518  5.723  -47.754  46.289 0.0000000000
29462  4.978  -48.852  46.004 0.0000000000
30758  4.486  -47.805  31.927 0.0000000000
31826  3.947  -46.042  32.966 0.0000000000
26063  2.162  -51.808  41.688 0.0000000000
26088  1.546  -51.086  41.171 0.0000000000
26064  1.538  -51.245  42.326 0.0000000000
30527  12.667  -46.741  45.488 0.0000000000
24841  1.777  -53.004  43.476 0.0000000000
23612  2.009  -53.876  42.820 0.0000000000
24880  1.996  -53.127  41.894 0.0000000000
23633  2.319  -53.254  41.210 0.0000000000
32731  2.365  -45.380  41.622 0.0000000000
32741  3.587  -45.424  40.663 0.0000000000
33837  2.753  -44.698  41.974 0.0000000000
41815  3.208  -37.702  42.228 0.0000000000
39521  3.603  -38.970  40.485 0.0000000000
40699  2.753  -38.041  41.152 0.0000000000
40724  2.978  -38.802  39.570 0.0000000000
113346  2.264  -37.052  41.835 0.0000000000
27217  2.021  -50.405  45.348 0.0000000000
27204  2.053  -49.731  45.893 0.0000000000
30521  2.311  -47.422  46.701 0.0000000000
32654  2.896  -45.113  48.325 0.0000000000
29433  9.657  -48.062  48.508 0.0000000000
28336  10.072  -48.531  47.624 0.0000000000
28323  8.813  -48.928  47.934 0.0000000000
112953  6.324  -50.364  47.224 0.0000000000
25980  7.272  -50.635  46.823 0.0000000000
25994  6.841  -50.951  45.633 0.0000000000
25996  4.662  -51.577  45.476 0.0000000000
25998  3.485  -51.084  45.854 0.0000000000
112955  3.208  -52.580  46.359 0.0000000000
26000  2.291  -51.948  45.761 0.0000000000
24799  1.957  -52.847  45.461 0.0000000000
37064  1.994  -41.338  46.901 0.0000000000
37084  2.504  -41.546  45.840 0.0000000000
38222  2.575  -40.703  46.542 0.0000000000
40583  3.167  -38.147  48.353 0.0000000000
39435  3.278  -39.174  46.736 0.0000000000
40609  3.283  -38.242  47.216 0.0000000000
41741  3.227  -37.582  45.602 0.0000000000
42752  3.302  -36.452  47.408 0.0000000000
31572  11.532  -46.503  49.857 0.0000000000
23684  2.942  -53.776  37.787 0.0000000000
24937  3.264  -53.005  37.681 0.0000000000
26165  2.527  -52.039  38.649 0.0000000000
29540  1.757  -48.887  41.140 0.0000000000
28452  2.564  -49.829  39.812 0.0000000000
30598  2.185  -48.078  41.187 0.0000000000
30574  2.463  -47.164  41.412 0.0000000000
30555  2.213  -46.816  42.213 0.0000000000
29480  1.184  -48.288  45.237 0.0000000000
29481  1.035  -48.207  44.377 0.0000000000
29475  -0.535  -48.133  45.932 0.0000000000
32657  -0.096  -45.516  47.797 0.0000000000
32667  0.372  -45.766  46.620 0.0000000000
32668  -0.158  -44.834  46.901 0.0000000000
33771  1.036  -45.050  45.098 0.0000000000
34831  0.204  -43.604  46.894 0.0000000000
35913  0.819  -43.202  47.372 0.0000000000
35887  0.497  -42.804  48.791 0.0000000000
29479  9.443  -48.382  44.597 0.0000000000
30545  9.817  -47.778  43.491 0.0000000000
23587  4.458  -53.998  43.478 0.0000000000
23632  4.650  -53.941  42.035 0.0000000000
22451  4.015  -54.450  42.845 0.0000000000
21301  2.235  -55.458  41.540 0.0000000000
21300  2.851  -55.590  41.373 0.0000000000
23665  2.407  -53.742  39.241 0.0000000000
22520  2.681  -54.634  38.150 0.0000000000
27337  4.359  -50.754  37.356 0.0000000000
27362  4.789  -50.961  36.673 0.0000000000
28483  4.604  -49.612  37.491 0.0000000000
31756  5.033  -45.928  37.779 0.0000000000
30699  5.600  -47.795  36.710 0.0000000000
31783  6.081  -46.773  36.407 0.0000000000
31800  6.262  -46.322  35.442 0.0000000000
32804  6.159  -45.759  36.540 0.0000000000
37140  3.749  -42.055  42.971 0.0000000000
36012  3.705  -42.557  41.957 0.0000000000
37156  3.919  -41.727  41.791 0.0000000000
37206  4.679  -40.740  38.511 0.0000000000
37205  5.498  -41.606  38.257 0.0000000000
37247  5.288  -41.793  36.816 0.0000000000
35033  5.470  -43.152  35.496 0.0000000000
36109  4.625  -42.708  34.851 0.0000000000
35036  3.309  -43.485  34.407 0.0000000000
37269  3.333  -41.463  35.659 0.0000000000
39551  1.054  -39.506  36.970 0.0000000000
38398  1.498  -40.121  35.514 0.0000000000
40781  1.303  -39.218  35.740 0.0000000000
44991  2.185  -34.241  49.361 0.0000000000
43900  1.971  -35.177  47.570 0.0000000000
46187  1.578  -33.721  48.229 0.0000000000
46245  3.409  -33.502  45.779 0.0000000000
46270  2.867  -33.985  45.240 0.0000000000
45045  1.709  -34.324  45.373 0.0000000000
45080  2.349  -34.853  43.503 0.0000000000
45101  2.415  -35.404  41.847 0.0000000000
45100  2.885  -35.128  42.368 0.0000000000
28353  3.042  -49.454  46.144 0.0000000000
29464  2.729  -48.416  46.242 0.0000000000
30491  7.951  -47.589  47.345 0.0000000000
29435  7.910  -48.436  47.859 0.0000000000
28325  6.752  -48.807  47.651 0.0000000000
29445  4.775  -48.940  48.286 0.0000000000
28340  5.468  -49.562  47.034 0.0000000000
112960  5.107  -50.478  46.254 0.0000000000
28351  4.949  -49.755  46.406 0.0000000000
28352  3.983  -49.731  46.362 0.0000000000
38164  3.359  -40.019  49.570 0.0000000000
38207  3.108  -40.221  48.046 0.0000000000
39369  3.541  -39.222  50.152 0.0000000000
40545  3.665  -38.434  49.811 0.0000000000
41666  3.807  -37.426  50.047 0.0000000000
24918  2.263  -52.678  39.638 0.0000000000
26142  2.394  -51.581  39.328 0.0000000000
26115  2.157  -51.479  40.323 0.0000000000
27286  1.211  -50.277  40.707 0.0000000000
28421  2.038  -48.887  42.343 0.0000000000
31614  0.993  -46.585  47.599 0.0000000000
30523  -0.254  -47.569  47.419 0.0000000000
30503  0.653  -46.701  49.252 0.0000000000
31594  -0.047  -45.555  49.800 0.0000000000
33687  -0.145  -44.193  49.683 0.0000000000
36989  -0.168  -42.369  50.614 0.0000000000
23589  2.759  -54.203  43.995 0.0000000000
22452  3.201  -54.805  42.387 0.0000000000
22453  2.480  -54.667  42.504 0.0000000000
22468  1.909  -54.927  41.651 0.0000000000
21302  1.762  -55.358  41.370 0.0000000000
21330  1.791  -55.959  40.055 0.0000000000
22496  1.735  -54.907  40.327 0.0000000000
23666  1.786  -53.776  39.939 0.0000000000
30596  3.468  -47.218  39.754 0.0000000000
29576  3.677  -47.982  37.726 0.0000000000
31711  4.088  -46.877  39.342 0.0000000000
31710  4.489  -46.181  39.244 0.0000000000
33866  5.138  -44.898  39.133 0.0000000000
38277  4.134  -40.178  42.207 0.0000000000
38286  4.219  -40.848  41.535 0.0000000000
38287  3.889  -40.003  41.297 0.0000000000
38317  4.091  -39.615  39.825 0.0000000000
38353  4.123  -39.803  37.773 0.0000000000
37228  2.875  -40.799  37.052 0.0000000000
39538  4.011  -38.978  37.879 0.0000000000
40751  2.179  -38.634  37.952 0.0000000000
40738  1.780  -38.073  38.504 0.0000000000
45062  3.823  -34.504  44.358 0.0000000000
45099  3.735  -35.280  42.544 0.0000000000
43969  4.563  -35.570  42.277 0.0000000000
26042  1.719  -51.876  43.601 0.0000000000
27244  1.613  -50.972  43.236 0.0000000000
27230  1.601  -50.606  44.249 0.0000000000
29473  1.253  -48.324  45.781 0.0000000000
29454  0.546  -48.106  46.918 0.0000000000
30522  1.684  -47.750  46.749 0.0000000000
30511  1.309  -47.541  47.026 0.0000000000
32655  2.303  -45.966  47.977 0.0000000000
29446  11.772  -47.727  47.224 0.0000000000
30528  11.716  -47.540  45.667 0.0000000000
29459  10.675  -48.381  46.564 0.0000000000
28339  7.918  -49.684  47.570 0.0000000000
27200  8.318  -50.115  46.154 0.0000000000
27227  8.086  -49.848  44.089 0.0000000000
24837  5.028  -52.530  43.823 0.0000000000
24838  3.742  -53.538  44.246 0.0000000000
25997  4.371  -52.135  45.720 0.0000000000
24798  3.467  -53.522  45.626 0.0000000000
24840  2.944  -54.485  44.786 0.0000000000
23567  2.188  -53.680  44.914 0.0000000000
24820  1.844  -52.842  44.425 0.0000000000
34878  1.890  -43.666  44.158 0.0000000000
34918  2.798  -43.852  42.514 0.0000000000
35978  2.786  -42.854  43.791 0.0000000000
37103  3.133  -41.284  44.492 0.0000000000
38252  3.418  -40.573  44.398 0.0000000000
39436  3.100  -40.063  46.868 0.0000000000
39458  3.436  -39.795  45.674 0.0000000000
39480  3.878  -39.521  44.212 0.0000000000
40664  3.697  -38.494  45.035 0.0000000000
41769  3.297  -37.534  44.603 0.0000000000
41770  2.898  -36.735  44.225 0.0000000000
32663  7.108  -46.062  46.227 0.0000000000
30515  13.229  -46.093  46.996 0.0000000000
32622  17.308  -45.266  49.087 0.0000000000
32605  15.363  -45.043  49.695 0.0000000000
32638  15.243  -45.419  48.876 0.0000000000
31597  14.644  -45.531  48.562 0.0000000000
31610  13.412  -46.195  47.917 0.0000000000
30496  12.221  -46.801  48.080 0.0000000000
30488  10.614  -47.170  48.874 0.0000000000
30483  9.658  -47.268  48.632 0.0000000000
32627  10.011  -46.402  48.467 0.0000000000
31588  8.957  -46.923  48.346 0.0000000000
32641  8.618  -47.091  47.010 0.0000000000
32653  7.569  -46.876  46.252 0.0000000000
27338  3.608  -51.114  37.748 0.0000000000
28466  3.140  -50.300  38.282 0.0000000000
27297  2.462  -50.706  39.502 0.0000000000
28467  2.878  -49.735  38.561 0.0000000000
29578  3.157  -48.699  38.089 0.0000000000
30597  2.829  -47.711  40.450 0.0000000000
31675  2.205  -46.202  41.627 0.0000000000
32732  1.813  -45.601  42.129 0.0000000000
113041  2.235  -49.619  43.202 0.0000000000
113036  1.478  -48.831  43.636 0.0000000000
29498  0.961  -47.847  43.288 0.0000000000
31636  -0.646  -46.995  45.856 0.0000000000
30539  0.404  -47.131  44.736 0.0000000000
31662  1.278  -46.900  43.299 0.0000000000
31648  1.440  -46.156  43.412 0.0000000000
33810  1.200  -45.335  43.690 0.0000000000
33809  1.468  -44.825  43.520 0.0000000000
34854  1.448  -43.670  45.364 0.0000000000
35912  1.313  -42.738  46.915 0.0000000000
37039  1.705  -42.165  48.357 0.0000000000
35872  1.362  -42.608  49.862 0.0000000000
37006  1.790  -41.984  50.026 0.0000000000
37023  2.246  -41.418  49.615 0.0000000000
22478  4.838  -54.422  41.054 0.0000000000
22466  3.327  -55.152  41.741 0.0000000000
30700  4.904  -48.293  37.212 0.0000000000
29600  5.770  -48.802  36.361 0.0000000000
31814  5.828  -46.102  34.087 0.0000000000
34934  3.602  -43.524  41.930 0.0000000000
34952  5.017  -43.366  40.648 0.0000000000
33854  6.023  -43.971  39.110 0.0000000000
36043  4.999  -41.852  39.517 0.0000000000
36042  5.768  -42.412  39.165 0.0000000000
33875  6.268  -44.373  37.601 0.0000000000
33903  5.950  -44.416  35.943 0.0000000000
32822  4.880  -44.956  34.812 0.0000000000
31815  4.490  -45.866  33.714 0.0000000000
32840  3.005  -45.154  34.206 0.0000000000
37251  2.026  -41.026  36.127 0.0000000000
37283  2.274  -41.437  34.033 0.0000000000
42734  3.754  -36.098  49.655 0.0000000000
42736  3.248  -35.222  50.325 0.0000000000
43886  3.565  -35.569  49.012 0.0000000000
42753  2.467  -35.969  47.273 0.0000000000
42787  2.090  -36.206  45.682 0.0000000000
43929  2.100  -35.844  45.206 0.0000000000
46208  -0.276  -33.895  46.950 0.0000000000
43930  1.889  -35.438  44.788 0.0000000000
42837  1.558  -35.853  43.069 0.0000000000
46338  1.890  -36.176  41.582 0.0000000000
41833  0.049  -37.293  39.846 0.0000000000
42923  2.151  -37.187  38.734 0.0000000000
42922  2.768  -36.699  38.452 0.0000000000
31612  5.905  -47.057  47.070 0.0000000000
30757  4.891  -47.709  32.386 0.0000000000
31839  4.220  -46.715  32.035 0.0000000000
24859  2.220  -52.414  41.810 0.0000000000
33838  2.000  -44.941  41.954 0.0000000000
33849  3.102  -45.098  41.357 0.0000000000
41810  2.649  -37.137  42.640 0.0000000000
113328  2.646  -37.487  41.760 0.0000000000
113329  2.585  -37.741  41.173 0.0000000000
113341  2.008  -36.597  42.484 0.0000000000
27203  2.440  -50.085  45.966 0.0000000000
28302  9.180  -48.046  48.592 0.0000000000
28310  9.213  -48.365  48.455 0.0000000000
28303  8.828  -48.204  48.470 0.0000000000
25981  6.347  -50.618  46.755 0.0000000000
26017  6.084  -51.555  44.758 0.0000000000
26018  5.105  -51.587  44.778 0.0000000000
27215  3.201  -51.045  45.698 0.0000000000
25999  3.153  -51.625  45.799 0.0000000000
37052  2.095  -41.614  47.764 0.0000000000
38208  2.580  -40.748  47.623 0.0000000000
41682  3.664  -37.139  48.889 0.0000000000
41712  3.436  -37.254  46.628 0.0000000000
23675  2.673  -53.817  38.435 0.0000000000
24938  2.841  -53.195  38.067 0.0000000000
30575  2.155  -47.573  41.960 0.0000000000
30556  1.611  -47.478  42.706 0.0000000000
29467  -0.353  -48.471  46.544 0.0000000000
29474  0.495  -47.997  45.849 0.0000000000
29456  -0.770  -48.618  46.992 0.0000000000
33709  -0.282  -44.539  48.608 0.0000000000
33731  -0.279  -44.381  47.559 0.0000000000
33750  -0.244  -44.099  46.832 0.0000000000
34832  -0.147  -43.762  47.392 0.0000000000
34807  0.324  -43.377  47.897 0.0000000000
34785  -0.028  -43.147  48.559 0.0000000000
22438  3.869  -54.322  43.358 0.0000000000
21315  2.336  -56.039  40.908 0.0000000000
22509  2.430  -54.649  38.948 0.0000000000
28484  3.733  -49.754  37.952 0.0000000000
29589  3.185  -48.188  37.060 0.0000000000
32783  5.642  -45.586  37.622 0.0000000000
31755  5.442  -46.509  37.478 0.0000000000
32782  6.320  -45.086  37.249 0.0000000000
38267  4.314  -41.251  42.847 0.0000000000
37227  4.162  -40.470  37.317 0.0000000000
37226  5.220  -41.096  37.385 0.0000000000
37248  4.608  -41.403  36.519 0.0000000000
36098  4.707  -42.176  35.687 0.0000000000
37268  4.089  -41.443  35.801 0.0000000000
36099  3.990  -41.955  35.134 0.0000000000
40766  1.513  -38.730  36.743 0.0000000000
40753  1.080  -39.042  36.640 0.0000000000
40767  1.035  -38.862  36.131 0.0000000000
46171  2.611  -33.299  49.765 0.0000000000
46172  1.882  -33.394  49.017 0.0000000000
44992  1.683  -34.071  48.687 0.0000000000
46269  3.553  -33.937  45.078 0.0000000000
45063  2.666  -34.377  44.457 0.0000000000
46293  2.515  -34.979  42.948 0.0000000000
31590  7.846  -47.374  47.418 0.0000000000
30498  7.918  -47.826  47.388 0.0000000000
30499  7.493  -48.012  46.992 0.0000000000
29450  5.903  -48.779  47.185 0.0000000000
29451  4.748  -48.935  47.753 0.0000000000
28341  4.878  -49.304  47.851 0.0000000000
40526  3.655  -38.387  50.680 0.0000000000
26089  0.918  -50.769  41.625 0.0000000000
27273  0.984  -50.680  41.027 0.0000000000
27274  0.686  -50.100  41.368 0.0000000000
28439  1.199  -49.468  41.257 0.0000000000
29516  1.769  -49.386  41.878 0.0000000000
31602  1.958  -47.044  48.688 0.0000000000
31603  0.821  -46.573  48.513 0.0000000000
30502  1.317  -47.015  49.243 0.0000000000
31593  0.384  -46.220  49.801 0.0000000000
32617  -0.043  -44.889  50.125 0.0000000000
32616  0.483  -44.814  50.432 0.0000000000
33665  0.701  -44.076  50.594 0.0000000000
23611  2.517  -54.342  43.074 0.0000000000
22454  2.149  -54.498  42.051 0.0000000000
22480  1.595  -54.883  41.184 0.0000000000
24901  2.191  -53.233  40.660 0.0000000000
24919  2.015  -53.224  40.316 0.0000000000
30625  3.967  -47.389  38.777 0.0000000000
31693  3.706  -46.334  40.174 0.0000000000
31692  4.248  -45.695  40.109 0.0000000000
32752  4.614  -45.264  39.572 0.0000000000
39493  3.959  -39.351  42.965 0.0000000000
39500  3.863  -39.227  41.890 0.0000000000
38333  4.200  -39.689  38.669 0.0000000000
38334  4.265  -39.373  38.154 0.0000000000
39537  3.501  -39.208  38.742 0.0000000000
40725  2.164  -38.396  39.795 0.0000000000
40750  2.949  -38.579  38.464 0.0000000000
40737  2.198  -38.273  38.901 0.0000000000
46268  4.476  -33.708  44.942 0.0000000000
45061  4.858  -34.456  44.339 0.0000000000
45078  4.317  -35.139  43.515 0.0000000000
29465  1.452  -48.167  46.375 0.0000000000
30510  1.931  -47.413  47.183 0.0000000000
29447  11.528  -47.906  47.563 0.0000000000
29458  11.349  -48.167  46.827 0.0000000000
29448  10.767  -48.426  47.489 0.0000000000
29449  10.145  -48.523  47.049 0.0000000000
28349  9.187  -48.969  46.050 0.0000000000
28312  7.261  -48.876  47.791 0.0000000000
28324  8.033  -49.319  47.821 0.0000000000
27174  7.513  -49.732  47.691 0.0000000000
27214  7.753  -50.539  45.926 0.0000000000
27201  7.923  -50.375  46.630 0.0000000000
27213  8.252  -50.126  45.283 0.0000000000
26016  6.877  -50.948  44.270 0.0000000000
24816  4.311  -51.896  44.997 0.0000000000
112958  4.511  -51.465  45.986 0.0000000000
112936  3.716  -52.589  46.254 0.0000000000
112950  2.915  -53.170  46.504 0.0000000000
112952  3.314  -53.244  46.346 0.0000000000
22414  2.837  -53.822  45.771 0.0000000000
23565  3.148  -53.882  45.594 0.0000000000
23566  2.812  -54.181  45.356 0.0000000000
35954  1.761  -42.923  44.967 0.0000000000
34877  2.408  -43.184  43.974 0.0000000000
35930  2.254  -42.410  45.398 0.0000000000
37083  3.061  -41.634  45.054 0.0000000000
38236  2.989  -40.861  45.197 0.0000000000
38186  3.349  -39.913  48.620 0.0000000000
39415  3.082  -40.138  47.539 0.0000000000
41791  3.249  -37.357  43.780 0.0000000000
41742  2.697  -36.866  45.164 0.0000000000
32677  6.874  -46.150  45.217 0.0000000000
31608  14.859  -45.045  47.538 0.0000000000
32606  14.140  -45.194  49.584 0.0000000000
33656  14.870  -44.669  49.807 0.0000000000
32623  15.945  -45.140  49.160 0.0000000000
32624  14.815  -45.447  49.152 0.0000000000
32639  14.956  -45.594  48.878 0.0000000000
31583  14.494  -45.492  48.924 0.0000000000
30495  12.775  -46.477  48.346 0.0000000000
30505  12.989  -46.480  47.616 0.0000000000
31573  10.530  -46.606  50.066 0.0000000000
30481  10.908  -47.000  49.644 0.0000000000
30482  10.199  -47.033  48.986 0.0000000000
31574  10.092  -46.730  49.405 0.0000000000
33684  9.872  -46.218  48.114 0.0000000000
32612  9.617  -46.835  48.440 0.0000000000
32628  9.216  -46.660  48.030 0.0000000000
32629  8.596  -46.998  47.619 0.0000000000
32662  8.570  -46.575  45.957 0.0000000000
32652  8.678  -46.871  46.469 0.0000000000
31620  6.823  -46.477  46.621 0.0000000000
22528  3.976  -54.766  36.821 0.0000000000
23683  3.533  -53.697  37.241 0.0000000000
26185  3.450  -52.116  37.696 0.0000000000
27310  3.239  -50.743  38.092 0.0000000000
29561  2.936  -48.926  38.972 0.0000000000
30626  3.466  -48.137  39.189 0.0000000000
31660  2.037  -46.325  42.193 0.0000000000
27243  2.124  -50.273  43.358 0.0000000000
27229  1.633  -49.412  43.922 0.0000000000
29497  1.713  -48.487  43.036 0.0000000000
31615  0.042  -46.781  47.993 0.0000000000
31625  -0.852  -47.400  46.319 0.0000000000
31624  0.052  -46.964  46.761 0.0000000000
31634  0.146  -46.012  45.074 0.0000000000
31635  0.085  -46.366  45.646 0.0000000000
31641  0.240  -46.289  44.826 0.0000000000
31649  1.027  -46.544  44.146 0.0000000000
32695  0.915  -45.856  44.657 0.0000000000
33795  0.978  -45.137  44.124 0.0000000000
33794  1.410  -44.479  44.636 0.0000000000
37053  1.628  -42.099  47.389 0.0000000000
35873  0.760  -42.742  49.840 0.0000000000
30529  11.234  -47.821  45.514 0.0000000000
30538  11.185  -47.572  44.976 0.0000000000
22465  4.206  -54.510  41.764 0.0000000000
22464  4.672  -54.252  41.432 0.0000000000
21288  2.819  -55.276  41.848 0.0000000000
21359  3.218  -54.958  37.495 0.0000000000
21376  3.282  -55.377  37.196 0.0000000000
27361  5.444  -50.674  36.598 0.0000000000
26199  5.253  -51.556  36.441 0.0000000000
26198  5.952  -51.265  36.398 0.0000000000
27360  6.279  -50.389  36.247 0.0000000000
30678  4.699  -47.834  37.438 0.0000000000
30698  6.153  -48.343  36.214 0.0000000000
29617  6.397  -48.822  35.817 0.0000000000
29636  6.604  -48.710  34.828 0.0000000000
30724  6.337  -46.829  34.729 0.0000000000
31813  6.308  -46.935  33.978 0.0000000000
31824  5.833  -46.905  33.397 0.0000000000
35996  2.746  -42.986  43.037 0.0000000000
34917  3.289  -43.443  42.347 0.0000000000
36011  4.315  -42.631  41.324 0.0000000000
34933  4.283  -43.574  41.315 0.0000000000
34969  5.254  -43.685  39.951 0.0000000000
34951  5.456  -43.312  40.137 0.0000000000
38300  4.251  -40.554  40.694 0.0000000000
37172  4.394  -41.497  40.899 0.0000000000
37225  5.597  -41.990  37.404 0.0000000000
36061  5.817  -42.477  38.065 0.0000000000
34986  5.871  -42.900  38.119 0.0000000000
34985  6.021  -43.250  38.283 0.0000000000
34999  5.801  -43.119  37.771 0.0000000000
33886  6.279  -44.382  36.800 0.0000000000
33887  6.008  -43.931  36.415 0.0000000000
35034  4.969  -43.634  35.287 0.0000000000
33904  5.103  -44.498  35.414 0.0000000000
32838  4.982  -45.489  34.434 0.0000000000
32839  4.062  -45.185  34.305 0.0000000000
31816  3.465  -45.716  33.752 0.0000000000
33920  3.579  -44.351  34.385 0.0000000000
36112  2.959  -42.738  34.420 0.0000000000
33923  2.344  -43.372  33.491 0.0000000000
38355  2.042  -40.261  37.229 0.0000000000
37229  2.111  -41.058  36.859 0.0000000000
38376  1.786  -40.686  36.701 0.0000000000
38417  2.142  -40.654  34.668 0.0000000000
37272  2.236  -41.086  34.777 0.0000000000
38456  2.500  -41.485  33.395 0.0000000000
43866  2.845  -34.862  50.752 0.0000000000
43876  3.105  -34.867  49.920 0.0000000000
43875  3.386  -35.373  49.484 0.0000000000
42744  2.897  -35.875  47.929 0.0000000000
43899  2.493  -35.557  47.854 0.0000000000
42754  1.930  -35.715  46.853 0.0000000000
42767  1.752  -35.809  46.250 0.0000000000
43917  1.870  -35.726  45.515 0.0000000000
46204  2.412  -33.440  46.654 0.0000000000
47431  2.088  -33.381  46.991 0.0000000000
47432  1.271  -33.988  46.683 0.0000000000
47453  0.229  -32.763  46.285 0.0000000000
45064  2.022  -34.901  44.142 0.0000000000
43948  1.836  -35.493  43.683 0.0000000000
43949  1.695  -35.404  43.228 0.0000000000
113340  1.553  -36.082  42.466 0.0000000000
46296  1.645  -35.485  42.713 0.0000000000
113343  2.023  -36.343  40.506 0.0000000000
113336  1.688  -36.817  40.534 0.0000000000
44035  1.189  -36.541  39.920 0.0000000000
42907  1.514  -36.870  39.549 0.0000000000
42878  3.510  -35.504  41.344 0.0000000000
30519  4.822  -47.850  45.755 0.0000000000
31632  5.084  -46.242  45.685 0.0000000000
30509  6.124  -47.806  47.034 0.0000000000
31840  3.437  -45.845  32.412 0.0000000000
26087  2.334  -51.753  41.049 0.0000000000
26090  1.046  -50.328  42.135 0.0000000000
24879  2.393  -52.451  41.369 0.0000000000
32742  2.807  -45.804  40.900 0.0000000000
33848  3.746  -44.708  41.095 0.0000000000
39511  3.898  -39.191  41.084 0.0000000000
40698  3.377  -38.381  41.443 0.0000000000
40712  3.047  -38.378  40.753 0.0000000000
39522  2.984  -38.655  40.289 0.0000000000
39530  2.646  -38.728  40.027 0.0000000000
40713  2.402  -38.064  40.698 0.0000000000
113334  2.305  -36.925  41.296 0.0000000000
28354  2.151  -49.249  46.196 0.0000000000
31622  3.277  -46.391  46.227 0.0000000000
31623  2.578  -46.443  46.915 0.0000000000
32666  2.441  -46.147  47.336 0.0000000000
32665  3.054  -45.473  47.071 0.0000000000
29432  10.170  -47.788  48.519 0.0000000000
28321  10.375  -48.480  48.026 0.0000000000
28322  9.740  -48.507  48.128 0.0000000000
25955  6.805  -49.896  47.783 0.0000000000
25966  7.232  -50.218  47.566 0.0000000000
25967  6.713  -50.419  47.387 0.0000000000
25982  2.780  -52.216  46.049 0.0000000000
24778  2.505  -52.885  46.206 0.0000000000
37065  1.795  -42.078  46.460 0.0000000000
42765  2.885  -36.509  46.723 0.0000000000
31587  11.660  -46.573  49.344 0.0000000000
32609  11.152  -45.824  50.167 0.0000000000
32651  9.036  -46.552  47.110 0.0000000000
22519  3.088  -54.476  37.589 0.0000000000
26186  2.964  -52.487  38.119 0.0000000000
28438  1.481  -49.509  40.811 0.0000000000
28437  2.072  -49.869  40.562 0.0000000000
31661  1.774  -46.359  42.649 0.0000000000
32682  0.650  -45.768  45.442 0.0000000000
33749  0.740  -44.602  46.256 0.0000000000
33748  1.240  -44.082  45.960 0.0000000000
34830  1.146  -43.570  46.446 0.0000000000
35902  0.730  -43.087  48.024 0.0000000000
29478  10.143  -48.003  45.079 0.0000000000
29485  10.588  -47.687  44.748 0.0000000000
29486  10.009  -47.872  44.265 0.0000000000
23586  5.132  -53.583  43.021 0.0000000000
23610  4.682  -54.090  42.627 0.0000000000
22495  2.077  -54.492  39.625 0.0000000000
26200  4.641  -51.891  36.956 0.0000000000
27336  4.983  -50.189  37.005 0.0000000000
28482  5.047  -49.440  37.115 0.0000000000
31726  4.577  -46.212  38.018 0.0000000000
30677  5.148  -47.309  37.651 0.0000000000
30714  6.267  -47.262  35.624 0.0000000000
32820  6.337  -45.101  36.090 0.0000000000
37157  3.703  -42.158  42.320 0.0000000000
37188  5.097  -41.540  39.064 0.0000000000
36088  5.493  -42.645  36.694 0.0000000000
35018  5.684  -43.486  35.987 0.0000000000
36097  5.401  -42.706  35.834 0.0000000000
36108  5.231  -42.811  35.265 0.0000000000
35035  4.142  -43.535  34.589 0.0000000000
36110  3.734  -42.707  34.644 0.0000000000
36100  3.230  -41.987  34.924 0.0000000000
36101  2.762  -42.110  34.683 0.0000000000
38377  1.265  -40.333  36.503 0.0000000000
39565  0.817  -39.511  36.186 0.0000000000
39584  0.957  -39.434  35.605 0.0000000000
39607  1.668  -39.961  35.280 0.0000000000
44980  2.909  -34.128  50.221 0.0000000000
43888  1.969  -34.865  48.232 0.0000000000
45001  1.931  -34.584  48.621 0.0000000000
45002  1.515  -34.448  48.029 0.0000000000
45014  1.339  -34.413  47.059 0.0000000000
46224  2.869  -33.391  46.328 0.0000000000
46246  2.303  -33.808  45.600 0.0000000000
46247  1.130  -33.141  45.230 0.0000000000
45044  2.349  -34.044  45.085 0.0000000000
46294  2.080  -34.892  42.898 0.0000000000
46318  2.067  -35.195  42.425 0.0000000000
46317  2.367  -35.091  42.519 0.0000000000
113335  2.703  -35.482  41.353 0.0000000000
45141  2.924  -35.453  40.980 0.0000000000
30532  4.269  -46.910  45.375 0.0000000000
30490  8.203  -47.503  48.023 0.0000000000
29434  8.423  -48.001  48.260 0.0000000000
29441  7.999  -48.033  47.804 0.0000000000
29442  7.454  -48.438  47.448 0.0000000000
29437  5.920  -48.802  48.041 0.0000000000
27164  6.008  -49.145  48.091 0.0000000000
112943  5.712  -49.402  47.775 0.0000000000
112941  6.012  -50.048  47.185 0.0000000000
112937  5.726  -50.391  46.621 0.0000000000
27202  3.283  -50.475  45.969 0.0000000000
38187  2.692  -40.579  48.890 0.0000000000
39391  3.676  -39.075  49.017 0.0000000000
40563  3.661  -38.052  49.196 0.0000000000
26116  1.713  -50.849  40.669 0.0000000000
27287  0.866  -49.727  40.884 0.0000000000
29541  1.728  -49.090  41.491 0.0000000000
30512  0.196  -47.767  47.588 0.0000000000
30513  -0.581  -48.154  47.291 0.0000000000
31604  0.048  -46.570  48.967 0.0000000000
30494  0.978  -46.773  49.702 0.0000000000
31616  -0.148  -46.102  48.583 0.0000000000
32645  -0.318  -45.456  48.714 0.0000000000
34786  -0.308  -43.418  49.083 0.0000000000
34765  -0.366  -43.379  50.087 0.0000000000
22439  3.350  -54.458  43.244 0.0000000000
22440  2.842  -54.581  43.055 0.0000000000
22467  2.308  -54.931  41.914 0.0000000000
21316  1.760  -55.820  40.879 0.0000000000
23653  1.866  -53.828  40.788 0.0000000000
31728  3.110  -47.418  37.765 0.0000000000
29577  3.394  -47.708  36.998 0.0000000000
30654  3.498  -47.648  37.698 0.0000000000
30624  4.413  -46.847  38.667 0.0000000000
32765  4.818  -45.563  38.655 0.0000000000
32764  5.343  -45.215  38.348 0.0000000000
38316  4.469  -40.157  40.084 0.0000000000
38301  4.010  -39.751  40.554 0.0000000000
38332  4.403  -40.283  39.397 0.0000000000
37207  4.331  -40.127  38.038 0.0000000000
38354  3.480  -39.864  37.627 0.0000000000
39549  2.897  -39.149  37.773 0.0000000000
40735  3.307  -39.079  39.148 0.0000000000
39550  1.773  -39.398  37.377 0.0000000000
40752  1.728  -38.703  37.307 0.0000000000
41858  1.760  -37.794  38.057 0.0000000000
46244  4.046  -33.381  45.468 0.0000000000
43946  5.005  -35.565  42.992 0.0000000000
29466  0.450  -48.362  46.532 0.0000000000
29453  0.949  -47.836  46.631 0.0000000000
30517  12.127  -47.418  46.421 0.0000000000
29469  11.684  -47.905  46.388 0.0000000000
29470  11.199  -48.104  46.001 0.0000000000
29471  10.454  -48.293  45.760 0.0000000000
29472  9.674  -48.489  45.477 0.0000000000
28372  8.777  -49.058  44.045 0.0000000000
28311  8.240  -48.687  48.097 0.0000000000
28338  8.377  -49.486  47.324 0.0000000000
27189  7.808  -50.104  47.267 0.0000000000
27188  8.234  -49.978  46.798 0.0000000000
28350  8.664  -49.503  46.529 0.0000000000
28363  8.636  -49.527  45.684 0.0000000000
28373  8.389  -49.367  44.861 0.0000000000
112957  3.587  -53.338  46.057 0.0000000000
24818  3.308  -53.938  45.136 0.0000000000
24839  3.188  -54.283  44.548 0.0000000000
34901  2.033  -44.155  43.068 0.0000000000
34900  2.445  -43.461  43.413 0.0000000000
35929  2.904  -42.209  45.145 0.0000000000
35952  3.053  -42.099  44.303 0.0000000000
35977  3.207  -42.394  43.384 0.0000000000
37124  3.497  -41.481  43.703 0.0000000000
38268  4.101  -40.621  43.262 0.0000000000
39459  2.977  -40.290  46.244 0.0000000000
40678  3.623  -38.294  43.728 0.0000000000
41792  2.815  -36.867  43.370 0.0000000000
32664  6.254  -46.162  45.887 0.0000000000
30516  12.675  -46.695  46.657 0.0000000000
32604  16.530  -44.913  49.741 0.0000000000
31609  13.735  -45.873  47.610 0.0000000000
31584  13.942  -45.360  49.045 0.0000000000
30504  13.275  -46.155  47.402 0.0000000000
30506  12.055  -47.327  47.297 0.0000000000
30480  11.228  -46.780  49.547 0.0000000000
29431  10.961  -47.586  48.575 0.0000000000
29427  10.035  -47.440  48.623 0.0000000000
33660  11.043  -45.434  49.873 0.0000000000
32626  10.528  -46.039  48.955 0.0000000000
32611  10.249  -46.724  48.948 0.0000000000
31575  9.488  -47.096  48.571 0.0000000000
31576  8.688  -47.169  48.330 0.0000000000
31589  8.359  -47.246  47.791 0.0000000000
31601  7.849  -47.730  46.984 0.0000000000
32642  7.905  -47.417  46.495 0.0000000000
24936  3.981  -52.782  37.254 0.0000000000
26184  4.001  -51.734  37.411 0.0000000000
28485  3.323  -48.880  37.911 0.0000000000
27311  2.784  -50.962  38.610 0.0000000000
30680  2.811  -48.262  37.710 0.0000000000
33822  1.810  -44.852  42.555 0.0000000000
27259  1.830  -50.578  42.624 0.0000000000
113042  2.214  -49.970  42.636 0.0000000000
113033  1.980  -49.100  43.320 0.0000000000
113043  2.151  -49.353  42.629 0.0000000000
30524  -0.777  -47.697  46.969 0.0000000000
30535  -1.041  -47.691  45.950 0.0000000000
30540  -0.105  -47.167  45.298 0.0000000000
31642  -0.209  -46.893  45.272 0.0000000000
30547  1.050  -47.379  43.887 0.0000000000
30557  1.080  -47.426  43.220 0.0000000000
32708  1.126  -45.785  43.871 0.0000000000
32707  1.389  -45.574  43.457 0.0000000000
32719  1.682  -45.587  42.964 0.0000000000
35931  1.574  -42.731  45.870 0.0000000000
37041  -0.163  -41.953  49.156 0.0000000000
35886  1.227  -42.661  49.020 0.0000000000
37024  1.689  -42.023  49.277 0.0000000000
38165  2.825  -40.811  50.118 0.0000000000
30537  11.875  -47.057  44.636 0.0000000000
30543  12.006  -46.737  43.492 0.0000000000
30544  10.749  -47.189  43.914 0.0000000000
21299  3.615  -55.327  41.176 0.0000000000
24948  5.162  -52.675  36.313 0.0000000000
29588  4.376  -48.598  37.621 0.0000000000
29587  4.851  -48.989  37.375 0.0000000000
29601  5.190  -48.780  36.942 0.0000000000
28500  6.155  -49.454  36.128 0.0000000000
27383  7.072  -50.479  35.184 0.0000000000
30723  6.441  -47.690  34.560 0.0000000000
31825  5.028  -46.638  32.826 0.0000000000
34935  3.141  -44.137  42.019 0.0000000000
33836  3.402  -44.418  41.689 0.0000000000
33835  3.925  -44.122  41.461 0.0000000000
33847  4.351  -44.188  40.869 0.0000000000
33856  4.771  -44.311  39.955 0.0000000000
33855  5.469  -44.182  39.466 0.0000000000
33865  5.696  -44.561  38.747 0.0000000000
36028  4.894  -42.246  40.194 0.0000000000
34967  6.179  -43.316  38.930 0.0000000000
33864  6.130  -44.038  38.371 0.0000000000
35019  5.266  -44.051  35.801 0.0000000000
31827  3.197  -45.742  33.173 0.0000000000
37250  2.672  -41.247  36.340 0.0000000000
37270  2.706  -41.426  35.451 0.0000000000
37271  2.428  -41.259  35.172 0.0000000000
37252  1.932  -40.662  35.635 0.0000000000
36102  2.514  -41.911  34.506 0.0000000000
35055  2.461  -42.767  33.461 0.0000000000
42723  3.983  -36.421  50.755 0.0000000000
42735  3.403  -35.447  50.113 0.0000000000
42743  3.723  -36.059  48.360 0.0000000000
42766  2.172  -36.263  46.502 0.0000000000
42810  2.330  -36.122  44.710 0.0000000000
42835  2.220  -36.305  43.716 0.0000000000
46206  1.358  -34.061  47.440 0.0000000000
45029  1.298  -34.470  46.305 0.0000000000
45046  0.494  -33.585  45.416 0.0000000000
45030  0.439  -34.119  45.975 0.0000000000
43918  1.625  -35.295  45.822 0.0000000000
42811  1.913  -35.865  44.068 0.0000000000
113338  1.843  -36.260  43.172 0.0000000000
113339  2.152  -36.855  41.787 0.0000000000
40714  1.654  -37.429  40.422 0.0000000000
40700  1.062  -37.423  40.203 0.0000000000
40715  0.556  -37.728  40.268 0.0000000000
41844  1.723  -37.578  39.239 0.0000000000
45123  3.222  -35.210  42.088 0.0000000000
43995  3.330  -35.338  41.390 0.0000000000
42906  2.403  -36.612  39.321 0.0000000000
22404  3.226  -53.458  46.228 0.0000000000
22405  3.068  -53.573  46.155 0.0000000000
22413  3.185  -53.584  46.043 0.0000000000
22424  3.084  -53.760  45.806 0.0000000000
22425  2.938  -53.948  45.630 0.0000000000
23530  2.735  -53.363  46.249 0.0000000000
23546  3.306  -53.615  45.854 0.0000000000
23547  2.834  -53.645  45.970 0.0000000000
23652  2.312  -53.250  40.862 0.0000000000
23692  3.752  -54.134  36.932 0.0000000000
24733  6.317  -49.967  47.483 0.0000000000
24797  4.433  -51.851  45.472 0.0000000000
24819  3.070  -54.450  45.013 0.0000000000
25946  6.257  -49.452  47.792 0.0000000000
25954  7.171  -49.898  47.789 0.0000000000
25983  2.645  -52.459  46.153 0.0000000000
27162  7.469  -49.256  47.850 0.0000000000
27165  5.396  -49.236  48.270 0.0000000000
27175  7.132  -49.624  47.837 0.0000000000
28309  9.670  -48.292  48.406 0.0000000000
28313  6.317  -48.924  48.009 0.0000000000
28314  5.525  -48.965  48.338 0.0000000000
28315  5.190  -49.140  48.547 0.0000000000
28326  6.379  -48.833  47.763 0.0000000000
28327  5.044  -48.943  48.503 0.0000000000
28328  4.864  -49.182  48.414 0.0000000000
28342  4.813  -49.347  48.166 0.0000000000
28527  6.835  -49.702  35.400 0.0000000000
29428  9.648  -47.706  48.560 0.0000000000
29429  9.073  -47.780  48.596 0.0000000000
29436  6.168  -48.797  47.862 0.0000000000
29440  10.298  -48.309  48.238 0.0000000000
29443  6.476  -48.706  47.445 0.0000000000
29444  5.370  -48.802  48.066 0.0000000000
29452  4.667  -49.147  48.148 0.0000000000
29457  11.846  -47.881  46.961 0.0000000000
29468  -0.954  -48.393  46.437 0.0000000000
29476  -1.015  -47.996  45.993 0.0000000000
29590  2.942  -48.356  37.410 0.0000000000
29602  4.846  -48.625  37.329 0.0000000000
29603  2.597  -47.986  36.915 0.0000000000
30485  12.657  -46.340  48.581 0.0000000000
30489  10.256  -47.254  48.768 0.0000000000
30514  -1.055  -48.211  46.946 0.0000000000
30525  -1.064  -47.854  46.408 0.0000000000
30534  -0.650  -47.476  45.748 0.0000000000
30652  5.018  -46.798  38.042 0.0000000000
30655  3.357  -48.228  38.029 0.0000000000
30679  3.162  -47.447  36.977 0.0000000000
30701  2.760  -47.727  36.954 0.0000000000
30702  2.503  -48.159  37.261 0.0000000000
31586  12.085  -46.426  49.293 0.0000000000
31599  13.160  -46.249  48.170 0.0000000000
31600  8.369  -47.405  47.381 0.0000000000
31605  -0.188  -45.910  49.242 0.0000000000
31626  -1.039  -47.561  46.161 0.0000000000
31637  -0.980  -47.396  45.977 0.0000000000
31640  0.182  -46.034  44.823 0.0000000000
31725  4.669  -46.514  37.909 0.0000000000
31727  2.866  -47.649  37.430 0.0000000000
31757  2.907  -47.196  37.436 0.0000000000
31758  2.651  -47.793  37.615 0.0000000000
31784  2.554  -47.716  37.225 0.0000000000
31785  2.283  -48.017  37.225 0.0000000000
31817  2.855  -45.569  33.727 0.0000000000
32632  -0.234  -45.105  49.387 0.0000000000
32681  0.354  -45.991  45.080 0.0000000000
32784  4.977  -45.690  38.013 0.0000000000
32803  6.373  -45.048  36.615 0.0000000000
33666  -0.102  -44.001  50.776 0.0000000000
33683  10.125  -45.683  48.495 0.0000000000
33821  2.318  -44.607  42.318 0.0000000000
33902  6.309  -44.737  36.347 0.0000000000
34741  -0.256  -43.247  50.672 0.0000000000
34968  5.777  -43.389  39.619 0.0000000000
34998  6.049  -43.704  37.722 0.0000000000
35007  6.211  -43.965  37.284 0.0000000000
35008  5.908  -43.495  37.006 0.0000000000
35020  2.781  -42.619  34.296 0.0000000000
35037  2.820  -43.239  34.182 0.0000000000
35038  2.677  -42.770  34.047 0.0000000000
35831  -0.018  -42.763  51.337 0.0000000000
35832  -0.195  -42.811  50.884 0.0000000000
35853  0.410  -42.516  50.939 0.0000000000
35854  -0.369  -42.760  50.355 0.0000000000
35874  -0.439  -42.685  49.661 0.0000000000
35888  -0.230  -42.507  49.006 0.0000000000
35953  2.524  -42.808  44.570 0.0000000000
36041  6.115  -42.900  38.719 0.0000000000
36060  5.988  -42.752  38.448 0.0000000000
36089  5.044  -42.184  36.343 0.0000000000
36111  3.172  -42.691  34.533 0.0000000000
36113  2.457  -41.961  34.048 0.0000000000
36123  2.486  -42.049  33.626 0.0000000000
36988  -0.078  -42.325  51.038 0.0000000000
37007  0.098  -41.889  50.497 0.0000000000
37008  -0.207  -42.190  50.100 0.0000000000
37025  0.330  -42.123  49.595 0.0000000000
37026  -0.263  -42.140  49.504 0.0000000000
37040  0.126  -42.016  49.112 0.0000000000
37123  4.076  -41.468  43.126 0.0000000000
37139  3.989  -41.628  42.535 0.0000000000
38144  0.101  -41.624  49.993 0.0000000000
38145  -0.108  -41.823  50.186 0.0000000000
38166  0.155  -41.610  49.432 0.0000000000
38167  -0.148  -41.795  49.801 0.0000000000
38188  0.061  -41.731  49.143 0.0000000000
38189  -0.164  -41.744  49.362 0.0000000000
38433  2.217  -41.118  33.794 0.0000000000
38455  2.514  -41.266  33.307 0.0000000000
39536  3.617  -39.237  39.314 0.0000000000
39547  3.811  -38.838  39.055 0.0000000000
39548  3.756  -38.592  38.399 0.0000000000
40701  0.398  -37.515  40.419 0.0000000000
40716  -0.064  -37.615  40.311 0.0000000000
40727  0.078  -37.812  39.877 0.0000000000
40728  -0.171  -37.520  40.028 0.0000000000
40736  3.023  -38.628  39.066 0.0000000000
40749  3.450  -38.585  38.857 0.0000000000
41809  3.333  -37.518  43.004 0.0000000000
41824  0.288  -37.223  40.263 0.0000000000
41832  0.803  -37.359  39.796 0.0000000000
41834  -0.064  -37.328  40.109 0.0000000000
42788  1.765  -35.800  45.849 0.0000000000
42836  1.724  -35.973  43.551 0.0000000000
42879  3.385  -35.487  41.128 0.0000000000
42892  3.667  -35.678  41.350 0.0000000000
42893  3.483  -35.816  41.076 0.0000000000
42908  0.661  -36.978  39.907 0.0000000000
42909  0.340  -36.996  39.995 0.0000000000
43877  3.075  -35.178  50.555 0.0000000000
44036  0.742  -36.779  39.976 0.0000000000
45015  0.257  -34.409  46.787 0.0000000000
45016  -0.212  -34.138  46.301 0.0000000000
45031  -0.075  -33.826  45.564 0.0000000000
45047  0.006  -33.626  45.010 0.0000000000
45082  1.615  -35.365  43.022 0.0000000000
45102  1.944  -35.340  42.098 0.0000000000
45103  1.455  -35.745  42.895 0.0000000000
45124  2.919  -35.253  41.412 0.0000000000
45142  3.012  -35.703  40.847 0.0000000000
46207  0.535  -34.084  47.127 0.0000000000
46225  1.775  -33.600  46.038 0.0000000000
46226  1.180  -33.074  45.684 0.0000000000
46227  -0.178  -33.584  46.128 0.0000000000
46248  0.243  -33.288  44.747 0.0000000000
46249  -0.125  -33.304  45.179 0.0000000000
46271  0.908  -32.585  44.833 0.0000000000
46272  0.483  -32.739  44.756 0.0000000000
46273  -0.044  -32.876  44.711 0.0000000000
46295  1.822  -35.183  42.794 0.0000000000
46319  1.802  -35.491  42.330 0.0000000000
46320  1.586  -35.834  42.371 0.0000000000
46339  1.618  -36.131  42.085 0.0000000000
47433  0.266  -33.387  46.946 0.0000000000
47434  -0.181  -33.215  46.645 0.0000000000
47451  1.626  -33.705  46.393 0.0000000000
47452  0.922  -33.076  46.082 0.0000000000
47454  -0.017  -32.806  45.985 0.0000000000
47473  1.248  -32.424  45.555 0.0000000000
47474  -0.090  -32.663  45.308 0.0000000000
47493  1.092  -32.326  45.061 0.0000000000
47494  0.686  -32.295  44.913 0.0000000000
47495  0.109  -32.356  45.041 0.0000000000
48678  1.122  -31.965  46.076 0.0000000000
48679  0.451  -32.143  46.205 0.0000000000
48680  0.120  -32.305  46.195 0.0000000000
48699  1.121  -31.852  45.405 0.0000000000
48700  0.544  -31.868  45.766 0.0000000000
48701  -0.012  -32.165  45.895 0.0000000000
48718  1.011  -32.042  44.998 0.0000000000
48719  0.574  -31.989  45.230 0.0000000000
48720  0.220  -32.018  45.485 0.0000000000
112938  5.481  -49.309  47.533 0.0000000000
112939  3.654  -52.840  46.360 0.0000000000
112940  3.471  -52.767  46.410 0.0000000000
112942  5.424  -49.384  47.846 0.0000000000
112944  5.835  -49.313  48.031 0.0000000000
112945  3.515  -52.996  46.413 0.0000000000
112946  3.517  -52.756  46.419 0.0000000000
112947  6.230  -50.148  47.307 0.0000000000
112948  5.384  -49.363  48.070 0.0000000000
112949  2.974  -53.428  46.336 0.0000000000
112951  3.380  -53.457  46.134 0.0000000000
112954  5.146  -49.379  48.049 0.0000000000
112956  6.192  -50.443  47.037 0.0000000000
113030  2.072  -49.997  42.389 0.0000000000
113031  2.160  -49.714  42.494 0.0000000000
113034  1.337  -49.908  42.035 0.0000000000
113035  0.763  -50.026  41.866 0.0000000000
113037  0.992  -49.980  42.029 0.0000000000
113038  1.051  -49.847  41.719 0.0000000000
113039  1.826  -50.139  42.355 0.0000000000
113040  1.946  -49.819  42.274 0.0000000000
113330  2.478  -37.417  41.321 0.0000000000
113332  2.576  -36.011  41.095 0.0000000000
113333  2.695  -35.940  40.863 0.0000000000
113337  2.305  -36.109  40.472 0.0000000000
113342  1.906  -36.492  41.933 0.0000000000
113344  1.001  -37.164  40.155 0.0000000000
113345  1.656  -36.282  40.148 0.0000000000
113347  1.078  -36.759  40.079 0.0000000000
