#!ascii label  , from subject 3863 vox2ras=TkReg
248
28076  44.091  -49.953  -15.928 0.0000000000
30383  47.078  -48.115  -22.491 0.0000000000
24429  47.953  -53.673  -15.966 0.0000000000
28133  45.423  -50.407  -19.297 0.0000000000
25718  53.069  -52.688  -19.694 0.0000000000
24443  50.727  -54.346  -17.271 0.0000000000
20992  51.710  -56.653  -18.407 0.0000000000
29275  46.649  -49.564  -20.426 0.0000000000
31430  43.232  -47.323  -20.567 0.0000000000
25681  43.938  -52.791  -15.746 0.0000000000
25690  46.994  -52.448  -17.662 0.0000000000
25720  49.172  -51.686  -19.281 0.0000000000
28171  50.746  -49.917  -21.557 0.0000000000
27008  52.574  -51.102  -22.625 0.0000000000
30275  44.789  -48.361  -14.601 0.0000000000
28068  46.148  -49.815  -14.623 0.0000000000
25662  46.888  -52.317  -14.583 0.0000000000
31397  42.129  -47.539  -18.537 0.0000000000
20956  50.716  -56.176  -16.618 0.0000000000
29295  47.262  -48.920  -21.463 0.0000000000
30368  45.442  -48.034  -21.465 0.0000000000
24420  45.624  -53.574  -15.361 0.0000000000
24446  47.332  -53.171  -17.093 0.0000000000
24460  51.830  -53.682  -18.400 0.0000000000
25706  50.487  -52.603  -18.593 0.0000000000
26956  51.656  -51.888  -19.342 0.0000000000
26992  50.859  -50.905  -20.174 0.0000000000
28128  52.715  -51.002  -20.180 0.0000000000
28207  52.687  -49.827  -24.847 0.0000000000
28067  47.133  -49.679  -14.679 0.0000000000
26912  46.442  -51.101  -14.635 0.0000000000
26910  48.388  -50.746  -14.502 0.0000000000
28116  44.246  -50.516  -18.123 0.0000000000
29246  44.082  -49.905  -18.669 0.0000000000
33502  42.603  -45.596  -20.774 0.0000000000
33494  42.343  -45.576  -19.964 0.0000000000
23217  49.437  -54.831  -15.421 0.0000000000
24428  49.188  -54.007  -16.303 0.0000000000
23215  50.705  -55.068  -15.999 0.0000000000
22105  53.066  -55.536  -17.257 0.0000000000
23270  52.671  -54.498  -19.527 0.0000000000
29256  46.260  -50.008  -19.996 0.0000000000
30333  44.102  -48.622  -19.892 0.0000000000
30351  44.385  -48.447  -20.592 0.0000000000
31444  43.944  -47.613  -21.156 0.0000000000
30391  47.160  -48.435  -23.108 0.0000000000
28075  44.686  -50.277  -15.588 0.0000000000
26941  45.691  -51.694  -17.860 0.0000000000
26960  46.265  -51.449  -18.587 0.0000000000
24445  48.622  -53.533  -17.275 0.0000000000
25708  48.248  -52.411  -18.677 0.0000000000
26977  47.814  -51.439  -19.535 0.0000000000
28130  48.214  -50.732  -19.935 0.0000000000
29273  49.011  -49.641  -21.230 0.0000000000
29294  48.406  -48.915  -21.959 0.0000000000
26989  53.158  -51.460  -21.444 0.0000000000
28169  52.650  -50.253  -22.223 0.0000000000
29292  51.060  -49.564  -22.489 0.0000000000
30389  48.765  -48.749  -23.162 0.0000000000
31341  44.766  -47.846  -14.647 0.0000000000
29197  45.004  -49.145  -14.763 0.0000000000
28069  45.305  -50.070  -14.904 0.0000000000
26913  45.479  -51.238  -14.800 0.0000000000
24409  45.131  -53.164  -14.843 0.0000000000
24408  46.527  -53.489  -14.750 0.0000000000
24407  47.551  -53.341  -14.633 0.0000000000
23218  48.349  -54.444  -15.195 0.0000000000
30335  42.772  -48.149  -19.357 0.0000000000
30286  44.116  -48.772  -15.228 0.0000000000
30287  43.559  -48.467  -15.478 0.0000000000
29206  43.621  -49.396  -15.781 0.0000000000
30366  47.570  -48.364  -22.102 0.0000000000
30367  46.567  -48.043  -21.752 0.0000000000
24419  46.893  -53.667  -15.331 0.0000000000
24430  46.294  -53.196  -16.283 0.0000000000
25704  52.403  -53.204  -18.963 0.0000000000
25705  51.723  -52.581  -18.841 0.0000000000
25719  52.475  -52.479  -19.301 0.0000000000
26973  52.521  -51.561  -19.667 0.0000000000
27035  51.300  -50.838  -24.181 0.0000000000
26911  47.442  -50.951  -14.581 0.0000000000
28115  45.237  -50.938  -18.760 0.0000000000
29258  44.546  -49.670  -19.351 0.0000000000
34569  42.476  -44.797  -20.484 0.0000000000
23216  50.143  -54.947  -15.707 0.0000000000
22073  50.468  -55.124  -15.948 0.0000000000
20976  51.295  -56.660  -17.234 0.0000000000
20954  53.047  -56.124  -16.608 0.0000000000
20991  52.805  -56.384  -18.215 0.0000000000
22118  52.794  -55.570  -18.568 0.0000000000
22119  52.663  -56.074  -18.753 0.0000000000
29276  45.495  -49.172  -20.205 0.0000000000
30350  45.111  -48.564  -20.766 0.0000000000
30369  44.583  -48.073  -21.198 0.0000000000
32483  43.574  -46.562  -21.549 0.0000000000
25671  44.298  -52.287  -15.575 0.0000000000
26931  44.632  -51.574  -16.225 0.0000000000
25710  46.709  -51.953  -18.007 0.0000000000
24444  49.938  -54.205  -17.086 0.0000000000
24462  49.698  -53.150  -17.923 0.0000000000
26958  50.179  -52.028  -19.009 0.0000000000
25707  49.379  -52.256  -18.808 0.0000000000
25721  48.531  -51.912  -19.234 0.0000000000
25722  47.790  -52.002  -19.069 0.0000000000
28131  47.312  -50.768  -19.879 0.0000000000
26976  48.799  -51.301  -19.585 0.0000000000
28150  49.855  -50.281  -20.802 0.0000000000
29272  49.545  -49.707  -21.288 0.0000000000
29293  49.786  -49.380  -21.909 0.0000000000
25762  48.941  -52.667  -22.022 0.0000000000
27009  51.519  -51.576  -22.691 0.0000000000
25760  50.791  -51.947  -21.840 0.0000000000
25759  51.894  -51.783  -21.596 0.0000000000
28147  53.247  -50.873  -21.245 0.0000000000
28181  53.097  -50.105  -23.118 0.0000000000
28182  50.905  -49.534  -24.053 0.0000000000
29309  51.664  -49.485  -23.640 0.0000000000
29310  50.258  -49.410  -23.348 0.0000000000
29311  49.163  -48.894  -22.840 0.0000000000
29326  49.250  -49.224  -23.638 0.0000000000
31331  44.966  -47.387  -14.516 0.0000000000
30276  44.300  -48.209  -15.011 0.0000000000
29196  45.898  -48.562  -14.632 0.0000000000
26920  44.965  -51.369  -15.375 0.0000000000
25663  45.744  -52.403  -14.582 0.0000000000
23207  48.711  -54.325  -14.663 0.0000000000
23208  48.215  -54.352  -14.905 0.0000000000
23209  47.614  -53.945  -14.885 0.0000000000
30334  43.209  -48.144  -19.827 0.0000000000
31414  42.916  -47.559  -20.034 0.0000000000
32461  42.080  -46.363  -19.468 0.0000000000
29296  46.609  -48.815  -21.182 0.0000000000
30349  45.995  -48.674  -20.954 0.0000000000
24431  44.878  -53.367  -16.110 0.0000000000
23261  51.647  -54.160  -17.951 0.0000000000
24461  50.962  -53.778  -17.941 0.0000000000
26957  50.883  -52.059  -19.275 0.0000000000
26975  49.949  -51.362  -19.559 0.0000000000
26974  51.328  -51.386  -19.609 0.0000000000
26991  51.883  -50.862  -20.077 0.0000000000
28149  51.275  -50.450  -20.852 0.0000000000
27020  52.678  -50.557  -24.066 0.0000000000
27034  52.254  -50.519  -24.525 0.0000000000
25661  47.881  -52.148  -14.591 0.0000000000
29247  43.516  -49.446  -18.460 0.0000000000
29248  42.963  -48.594  -18.399 0.0000000000
32472  42.651  -46.573  -20.324 0.0000000000
31431  42.805  -47.239  -20.133 0.0000000000
23228  48.938  -54.277  -15.678 0.0000000000
23227  49.628  -54.571  -15.885 0.0000000000
23226  50.316  -54.765  -16.235 0.0000000000
23245  50.725  -54.640  -16.794 0.0000000000
22086  52.574  -55.445  -16.244 0.0000000000
23224  52.117  -54.952  -16.671 0.0000000000
23242  52.500  -54.836  -17.730 0.0000000000
23260  52.518  -54.851  -18.502 0.0000000000
28132  46.390  -50.490  -19.622 0.0000000000
29257  45.799  -49.875  -19.811 0.0000000000
29277  44.770  -48.830  -20.095 0.0000000000
30352  43.769  -48.120  -20.543 0.0000000000
30370  44.118  -48.140  -20.939 0.0000000000
32471  43.070  -46.678  -20.885 0.0000000000
32484  42.916  -46.209  -21.046 0.0000000000
30382  47.765  -48.404  -22.696 0.0000000000
28089  44.161  -50.672  -16.359 0.0000000000
28114  45.845  -50.811  -19.055 0.0000000000
25689  47.876  -52.738  -17.869 0.0000000000
24463  48.757  -52.839  -18.130 0.0000000000
25709  47.318  -52.058  -18.392 0.0000000000
26959  47.221  -51.660  -19.025 0.0000000000
26978  46.954  -51.251  -19.427 0.0000000000
28153  46.958  -50.322  -20.166 0.0000000000
28152  47.619  -50.155  -20.279 0.0000000000
28129  49.075  -50.781  -20.070 0.0000000000
28151  48.616  -50.147  -20.487 0.0000000000
29274  47.916  -49.571  -20.984 0.0000000000
30365  48.045  -48.523  -22.388 0.0000000000
23291  52.957  -54.418  -20.079 0.0000000000
25761  49.839  -52.384  -21.907 0.0000000000
25735  53.130  -52.578  -20.600 0.0000000000
26972  53.317  -51.667  -20.489 0.0000000000
28148  52.499  -50.609  -20.786 0.0000000000
28170  51.765  -49.988  -21.736 0.0000000000
29308  52.788  -49.637  -23.455 0.0000000000
29291  52.063  -49.607  -22.692 0.0000000000
30390  48.242  -48.674  -23.213 0.0000000000
32382  44.870  -46.950  -14.713 0.0000000000
31342  44.170  -47.552  -15.009 0.0000000000
29205  44.343  -49.341  -15.272 0.0000000000
25664  44.610  -52.448  -14.856 0.0000000000
24410  44.411  -53.046  -14.950 0.0000000000
23219  47.377  -53.967  -15.018 0.0000000000
24418  47.656  -53.935  -15.292 0.0000000000
29259  43.657  -48.937  -19.343 0.0000000000
30323  43.061  -48.624  -19.071 0.0000000000
30324  42.572  -48.146  -18.846 0.0000000000
31415  42.494  -47.448  -19.534 0.0000000000
31416  41.875  -46.934  -18.937 0.0000000000
20955  51.986  -56.237  -16.468 0.0000000000
20974  53.141  -56.251  -17.403 0.0000000000
20975  52.472  -56.649  -17.302 0.0000000000
20990  53.211  -55.992  -17.863 0.0000000000
21005  52.343  -56.301  -18.774 0.0000000000
21006  51.956  -56.294  -19.027 0.0000000000
22074  50.027  -55.248  -15.826 0.0000000000
22085  53.064  -55.729  -16.554 0.0000000000
22106  52.636  -55.032  -16.919 0.0000000000
22133  52.507  -55.070  -19.266 0.0000000000
22134  52.296  -55.683  -19.216 0.0000000000
23225  51.344  -54.990  -16.291 0.0000000000
23243  52.012  -54.641  -17.508 0.0000000000
23244  51.337  -54.625  -17.175 0.0000000000
23262  51.484  -54.321  -17.655 0.0000000000
23271  52.537  -54.654  -19.894 0.0000000000
23290  53.053  -54.174  -20.084 0.0000000000
24411  44.215  -53.146  -15.118 0.0000000000
24421  44.537  -53.313  -15.324 0.0000000000
24422  44.042  -53.115  -15.333 0.0000000000
24427  49.756  -54.406  -16.360 0.0000000000
24432  44.100  -53.185  -15.818 0.0000000000
24433  43.824  -53.028  -15.572 0.0000000000
24441  52.216  -54.500  -17.947 0.0000000000
24442  51.987  -54.255  -18.077 0.0000000000
24459  52.255  -54.203  -18.462 0.0000000000
24466  52.623  -54.342  -20.262 0.0000000000
25665  44.134  -52.940  -15.003 0.0000000000
25672  44.026  -52.794  -15.294 0.0000000000
25680  44.386  -52.646  -16.103 0.0000000000
26990  52.476  -50.964  -20.115 0.0000000000
27033  52.718  -50.336  -24.650 0.0000000000
28127  53.043  -51.059  -20.396 0.0000000000
28134  44.791  -50.482  -18.981 0.0000000000
28168  52.871  -50.667  -22.370 0.0000000000
28180  53.144  -50.314  -23.614 0.0000000000
28183  50.405  -49.444  -24.000 0.0000000000
28190  53.119  -50.147  -24.644 0.0000000000
28191  52.668  -50.131  -24.902 0.0000000000
28192  51.814  -49.919  -24.578 0.0000000000
28205  53.242  -50.002  -24.836 0.0000000000
28206  53.065  -49.924  -25.022 0.0000000000
29307  53.294  -49.865  -23.774 0.0000000000
29322  53.332  -49.969  -24.339 0.0000000000
29323  53.145  -49.678  -24.276 0.0000000000
29324  52.574  -49.598  -24.366 0.0000000000
29340  53.360  -50.060  -24.633 0.0000000000
29341  53.218  -49.859  -24.690 0.0000000000
29342  52.981  -49.724  -24.734 0.0000000000
30381  48.405  -48.612  -22.745 0.0000000000
