#!ascii label  , from subject 3514 vox2ras=TkReg
866
86676  16.843  -8.286  8.478 0.2500000000
86693  17.231  -8.458  7.774 0.2500000000
85782  17.823  -8.962  6.620 0.7500000000
90396  16.508  -4.956  9.376 0.2500000000
89532  16.656  -5.829  9.194 0.1250000000
90395  16.729  -4.984  8.762 0.3750000000
88582  16.677  -6.699  8.944 0.2500000000
87640  16.726  -7.494  8.703 0.2500000000
87654  17.653  -7.574  7.490 0.7500000000
87655  16.942  -7.551  7.967 0.3750000000
85796  18.016  -9.613  6.260 0.8750000000
86692  17.827  -8.424  7.055 0.8750000000
85803  18.734  -9.707  5.597 0.8750000000
89531  17.007  -5.908  8.445 0.3750000000
88596  17.419  -6.580  7.777 0.3750000000
88595  18.030  -6.818  7.247 0.8750000000
86706  19.159  -8.032  6.039 1.0000000000
87666  18.287  -7.565  6.899 0.8750000000
86719  18.610  -9.093  5.802 1.0000000000
86707  18.479  -8.459  6.265 0.8750000000
85814  19.738  -9.774  4.672 1.0000000000
89547  17.415  -5.551  7.740 0.7500000000
89546  17.954  -5.781  7.080 0.8750000000
88610  18.477  -6.610  6.659 0.8750000000
86717  20.135  -7.962  5.051 1.0000000000
87675  19.391  -7.405  5.805 1.0000000000
88609  19.088  -6.491  6.107 1.0000000000
85812  21.389  -9.345  4.041 1.0000000000
86733  20.638  -8.493  4.642 1.0000000000
86734  20.027  -9.149  4.622 1.0000000000
86718  19.440  -8.658  5.332 1.0000000000
90377  16.266  -4.751  9.974 0.1250000000
90413  17.133  -4.809  8.078 0.6250000000
89560  18.662  -5.590  6.370 1.0000000000
86732  21.786  -8.357  4.411 1.0000000000
87690  20.555  -7.329  4.942 1.0000000000
87674  19.926  -7.367  5.320 1.0000000000
88619  19.649  -6.434  5.558 1.0000000000
85811  22.558  -9.374  3.998 1.0000000000
94081  17.957  -1.321  8.780 0.2500000000
91263  16.608  -4.443  9.015 0.2500000000
91262  16.932  -3.928  8.563 0.3750000000
90425  18.370  -4.630  6.778 1.0000000000
91279  17.467  -3.833  7.836 0.6250000000
89570  19.970  -5.462  5.335 1.0000000000
89559  19.322  -5.503  5.811 1.0000000000
87688  22.181  -7.310  4.434 1.0000000000
87689  21.325  -7.371  4.641 1.0000000000
89569  20.630  -5.423  4.910 1.0000000000
86730  23.368  -8.356  4.357 1.0000000000
87687  23.015  -7.314  4.337 1.0000000000
93182  18.459  -1.567  7.509 0.5000000000
93168  18.053  -1.781  8.237 0.3750000000
92224  17.752  -2.349  8.358 0.3750000000
92225  17.376  -2.887  8.633 0.5000000000
92251  18.543  -2.539  6.971 0.5000000000
91293  18.722  -3.545  6.477 0.8750000000
92266  19.762  -2.531  5.518 1.0000000000
90437  19.655  -4.513  5.562 1.0000000000
89585  22.167  -5.352  4.381 1.0000000000
89586  21.365  -5.375  4.586 1.0000000000
88632  23.435  -6.393  4.518 1.0000000000
86729  24.369  -8.504  4.720 0.8750000000
94103  18.822  -0.354  7.171 0.5000000000
93181  19.046  -1.411  6.692 0.6250000000
93202  19.644  -1.367  5.823 0.6250000000
92250  19.177  -2.470  6.208 1.0000000000
91307  20.024  -3.553  5.306 1.0000000000
90448  23.526  -4.376  4.601 1.0000000000
90449  22.550  -4.353  4.356 1.0000000000
90450  21.711  -4.346  4.452 1.0000000000
90451  20.951  -4.429  4.706 1.0000000000
89583  23.820  -5.497  4.681 1.0000000000
89584  23.038  -5.379  4.320 1.0000000000
89582  24.586  -5.473  5.099 0.8750000000
88631  24.321  -6.447  4.878 0.8750000000
93218  21.225  -1.321  4.343 1.0000000000
92280  20.982  -2.157  4.505 1.0000000000
91315  22.840  -3.361  4.421 1.0000000000
92278  22.373  -2.381  4.274 1.0000000000
91317  21.168  -3.260  4.501 1.0000000000
92264  23.681  -2.466  5.230 1.0000000000
89568  25.044  -5.040  5.375 1.0000000000
90447  24.086  -4.930  4.829 1.0000000000
91314  23.493  -3.315  4.824 1.0000000000
90434  24.425  -4.374  5.150 1.0000000000
94102  19.440  -0.266  6.325 0.5000000000
94122  19.815  -0.263  5.521 0.8750000000
93220  20.062  -0.984  5.244 1.0000000000
95020  22.114  0.485  4.601 1.0000000000
94120  24.434  -0.472  6.188 1.0000000000
93200  23.348  -1.513  4.950 1.0000000000
93198  24.916  -1.622  6.319 1.0000000000
93199  23.996  -1.545  5.707 1.0000000000
91304  24.938  -3.501  5.665 1.0000000000
92263  24.468  -2.545  5.781 1.0000000000
90433  25.402  -4.407  5.568 0.8750000000
99432  20.818  4.437  4.946 1.0000000000
98649  19.841  3.788  5.679 0.3750000000
98661  20.614  3.772  4.764 0.8750000000
95863  21.574  1.480  4.553 1.0000000000
95002  23.843  0.430  5.734 1.0000000000
95003  22.922  0.400  5.138 1.0000000000
99420  21.161  5.178  5.246 0.8750000000
99431  21.546  4.637  4.814 1.0000000000
98660  21.225  3.896  4.600 1.0000000000
97735  21.585  3.156  4.515 1.0000000000
98659  22.115  3.977  4.665 1.0000000000
95862  22.220  1.509  4.779 1.0000000000
95845  24.059  1.333  6.015 1.0000000000
94985  24.639  0.616  6.179 1.0000000000
100202  21.562  5.938  5.614 0.7500000000
99429  22.612  4.636  4.841 1.0000000000
98640  23.457  3.766  5.567 1.0000000000
96758  24.051  2.380  6.149 1.0000000000
96759  23.501  2.826  5.915 1.0000000000
96765  23.649  1.814  5.899 1.0000000000
99418  22.743  5.244  4.961 1.0000000000
98646  22.929  4.115  5.103 1.0000000000
97718  23.725  3.352  5.949 1.0000000000
104241  21.351  11.583  7.269 0.1250000000
104277  21.637  12.176  5.047 0.2500000000
104260  21.409  11.766  6.076 0.1250000000
104276  22.558  11.773  4.644 0.3750000000
105051  21.493  12.894  5.801 0.2500000000
105065  22.152  12.935  4.489 0.2500000000
105064  23.201  12.807  4.686 0.3750000000
105815  21.792  13.885  5.451 0.2500000000
105075  22.274  13.600  4.507 0.2500000000
105829  21.746  13.647  5.038 0.2500000000
106667  22.184  14.591  4.926 0.2500000000
105074  22.649  13.412  4.476 0.2500000000
106665  23.587  14.489  4.995 0.2500000000
105826  23.853  13.617  5.142 0.3750000000
106676  22.391  14.220  4.652 0.2500000000
106654  24.353  14.444  5.449 0.3750000000
86677  16.738  -8.118  9.052 0.1250000000
88581  16.886  -6.852  8.364 0.2500000000
88558  16.733  -6.584  9.584 0.1250000000
85831  21.870  -10.129  3.813 1.0000000000
93216  22.685  -1.486  4.437 1.0000000000
85742  16.872  -8.759  9.251 0.1250000000
84892  18.518  -10.498  6.003 0.7500000000
89508  16.567  -5.718  9.817 0.1250000000
84906  19.503  -10.613  4.925 1.0000000000
87616  16.984  -7.270  9.806 0.1250000000
84905  20.174  -10.656  4.415 1.0000000000
85832  21.171  -10.170  3.823 1.0000000000
84904  22.621  -10.211  3.830 1.0000000000
91248  16.459  -3.876  9.364 0.3750000000
93160  17.356  -2.363  9.057 0.2500000000
88630  25.416  -6.386  5.251 0.8750000000
87685  24.902  -7.541  5.073 0.8750000000
89567  25.741  -5.283  5.488 0.8750000000
98642  19.654  3.916  6.181 0.1250000000
97719  19.715  3.271  5.931 0.1250000000
95023  20.064  0.420  5.252 0.6250000000
92262  25.457  -2.628  6.150 1.0000000000
98648  20.208  3.992  5.231 0.5000000000
97726  19.979  3.236  5.434 0.3750000000
96780  20.623  2.420  4.810 0.8750000000
94100  25.915  0.139  6.543 1.0000000000
94984  25.453  0.795  6.404 1.0000000000
99419  21.884  5.373  5.043 1.0000000000
95834  24.877  1.537  6.275 1.0000000000
100201  22.256  6.180  5.347 0.8750000000
100200  23.058  6.338  5.194 1.0000000000
98639  23.840  4.358  5.729 1.0000000000
97717  24.508  3.435  6.284 1.0000000000
104226  21.348  11.599  8.406 0.1250000000
103438  21.336  10.526  6.475 0.1250000000
102621  22.466  9.622  4.889 0.6250000000
103451  21.950  10.808  5.265 0.6250000000
104275  23.636  11.577  4.864 0.5000000000
105038  21.546  12.653  6.868 0.2500000000
105063  24.268  12.572  5.371 0.5000000000
105801  21.625  13.632  6.524 0.2500000000
106656  21.887  14.740  5.483 0.2500000000
105813  24.677  13.577  5.701 0.5000000000
107461  21.975  15.406  5.481 0.1250000000
107459  22.732  15.385  4.867 0.2500000000
107448  24.006  15.231  5.275 0.2500000000
106653  25.124  14.439  6.031 0.3750000000
107447  24.746  15.296  5.745 0.2500000000
107460  22.274  15.447  5.136 0.1250000000
85767  16.822  -8.642  8.846 0.1250000000
85783  17.445  -9.493  7.235 0.5000000000
84891  18.973  -10.517  5.447 1.0000000000
85802  19.196  -9.851  5.108 1.0000000000
87665  18.876  -7.433  6.353 1.0000000000
85813  20.503  -9.754  4.194 1.0000000000
90412  17.713  -4.699  7.422 0.8750000000
88618  20.298  -6.396  5.153 1.0000000000
91247  16.930  -3.412  8.967 0.3750000000
92239  17.411  -3.336  8.218 0.5000000000
91278  18.164  -3.662  7.258 0.8750000000
90424  19.039  -4.547  6.153 1.0000000000
86731  22.571  -8.141  4.322 1.0000000000
88635  20.973  -6.371  4.748 1.0000000000
88634  21.768  -6.348  4.492 1.0000000000
88633  22.600  -6.344  4.374 1.0000000000
87686  23.902  -7.416  4.611 1.0000000000
91292  19.385  -3.519  5.850 1.0000000000
92265  20.442  -2.599  4.936 1.0000000000
90436  20.302  -4.508  5.112 1.0000000000
91306  20.576  -3.667  4.892 1.0000000000
93201  20.078  -1.749  5.233 1.0000000000
90435  23.889  -3.853  4.908 1.0000000000
91316  22.036  -3.334  4.252 1.0000000000
89581  25.258  -5.601  5.334 0.8750000000
93217  21.973  -1.405  4.159 1.0000000000
93219  20.529  -1.338  4.772 1.0000000000
92279  21.614  -2.306  4.261 1.0000000000
92277  23.075  -2.417  4.618 1.0000000000
94140  20.197  -0.287  4.908 1.0000000000
94139  20.832  -0.339  4.511 1.0000000000
95021  21.221  0.585  4.489 1.0000000000
94137  22.313  -0.589  4.427 1.0000000000
95019  22.550  -0.096  4.713 1.0000000000
94121  23.589  -0.556  5.372 1.0000000000
94136  22.931  -0.631  4.752 1.0000000000
97736  20.856  3.154  4.544 1.0000000000
97725  20.332  3.193  4.939 0.7500000000
95004  22.472  0.956  4.942 1.0000000000
95864  20.892  1.549  4.665 1.0000000000
96778  21.908  2.331  4.583 1.0000000000
95846  23.376  1.277  5.640 1.0000000000
97734  22.258  3.093  4.747 1.0000000000
96766  23.183  2.303  5.638 1.0000000000
95847  22.737  1.451  5.231 1.0000000000
96767  22.505  2.308  5.017 1.0000000000
98645  23.309  4.795  5.208 1.0000000000
97724  22.738  3.122  5.208 1.0000000000
99417  23.567  5.438  5.368 1.0000000000
103420  20.945  10.400  7.867 0.1250000000
107458  23.360  15.268  4.963 0.2500000000
85766  16.977  -9.352  8.511 0.2500000000
85741  17.105  -9.619  9.556 0.1250000000
85797  17.621  -10.055  6.773 0.6250000000
96760  19.674  2.721  6.238 0.5000000000
95006  19.867  0.790  5.901 0.6250000000
95022  20.530  0.680  4.864 0.8750000000
95005  20.252  1.065  5.376 0.7500000000
96769  19.900  2.582  5.793 0.7500000000
95849  20.129  1.766  5.656 0.8750000000
95848  20.484  1.679  5.135 1.0000000000
96779  21.198  2.360  4.511 1.0000000000
100199  23.986  6.414  5.410 1.0000000000
98638  24.859  4.481  6.385 1.0000000000
102607  21.177  9.181  6.946 0.3750000000
103461  23.180  9.968  4.459 0.7500000000
103450  23.005  10.464  4.504 0.7500000000
107446  25.593  15.358  6.257 0.2500000000
106652  26.020  14.415  6.459 0.3750000000
80262  20.280  -15.057  5.485 0.7500000000
80271  22.719  -15.908  4.285 0.7500000000
81249  19.495  -14.352  5.937 0.7500000000
80286  22.969  -15.316  3.970 0.7500000000
80272  21.909  -15.129  4.613 0.7500000000
81263  21.041  -14.373  4.934 0.7500000000
82223  19.865  -13.384  5.631 0.7500000000
80302  23.319  -15.306  3.446 0.7500000000
81276  21.740  -14.238  4.101 0.7500000000
83997  19.190  -11.933  6.063 0.7500000000
84008  18.901  -10.958  5.842 0.6250000000
82233  21.041  -13.386  4.389 0.7500000000
83124  20.465  -12.424  4.682 0.8750000000
83125  19.831  -12.096  5.153 0.8750000000
80313  23.653  -15.759  3.172 0.7500000000
81293  22.589  -14.475  3.733 0.7500000000
82251  22.054  -13.691  3.613 0.7500000000
83144  21.076  -12.555  4.038 0.8750000000
84022  20.627  -11.582  4.241 0.8750000000
82263  22.917  -14.004  3.297 0.7500000000
83154  22.228  -13.459  3.641 0.7500000000
83143  21.761  -12.820  3.719 0.8750000000
82250  23.146  -13.516  3.434 0.7500000000
84043  21.974  -11.872  3.708 0.8750000000
84925  21.519  -10.915  3.698 0.8750000000
84041  23.603  -11.729  3.791 0.8750000000
84923  22.990  -11.231  3.716 0.8750000000
84903  23.297  -10.525  3.958 0.8750000000
84922  25.888  -10.630  4.127 0.3750000000
84019  25.467  -10.944  4.234 0.6250000000
84902  24.350  -10.376  4.424 0.7500000000
85810  23.784  -9.446  4.384 0.7500000000
84921  26.400  -10.747  3.423 0.5000000000
85808  25.897  -9.756  4.454 0.7500000000
85809  24.848  -9.552  4.689 0.7500000000
85827  27.285  -9.786  2.863 0.1250000000
86744  27.203  -9.430  3.625 0.3750000000
86727  26.811  -8.985  4.393 0.6250000000
86728  25.510  -8.714  4.929 0.6250000000
85847  27.964  -9.377  1.726 0.1250000000
85826  27.675  -9.324  2.418 0.1250000000
86726  27.424  -8.431  4.164 0.1250000000
87699  28.060  -7.679  3.223 0.1250000000
87683  27.246  -7.712  4.616 0.6250000000
88629  26.658  -6.550  5.153 0.6250000000
88616  25.990  -5.924  5.387 0.7500000000
88645  28.455  -6.630  2.911 0.1250000000
89579  28.096  -5.838  4.532 0.1250000000
89580  27.382  -5.784  5.104 0.5000000000
89566  26.575  -5.538  5.395 0.6250000000
90446  27.171  -5.066  5.426 0.7500000000
86742  27.932  -8.551  2.287 0.1250000000
90445  27.935  -4.939  5.127 0.5000000000
90431  27.358  -4.408  5.502 0.6250000000
90432  26.458  -4.570  5.620 0.7500000000
100959  21.682  7.214  6.808 0.5000000000
100968  21.949  6.808  6.011 0.7500000000
91301  28.111  -3.793  5.313 0.6250000000
92261  26.560  -2.679  6.216 0.6250000000
93197  26.051  -1.647  6.529 0.8750000000
92259  28.437  -2.670  5.182 0.5000000000
92260  27.592  -2.696  5.814 0.6250000000
93195  28.032  -1.681  5.646 0.6250000000
93196  27.167  -1.647  6.342 0.7500000000
95833  25.802  1.603  6.612 0.8750000000
96757  25.175  2.500  6.447 0.8750000000
94118  26.667  -0.432  6.551 0.7500000000
94983  26.234  0.807  6.563 0.8750000000
95832  26.905  1.512  6.704 0.8750000000
96756  26.221  2.544  6.751 0.8750000000
93215  28.595  -1.691  4.730 0.3750000000
94117  27.730  -0.658  6.143 0.6250000000
93231  28.793  -1.649  3.579 0.2500000000
101785  21.930  8.073  6.200 0.6250000000
101784  22.538  8.441  5.121 0.7500000000
100967  22.480  7.224  5.457 0.8750000000
98637  25.918  4.563  6.641 0.7500000000
97715  26.613  3.586  6.698 0.8750000000
95000  27.451  0.320  6.367 0.6250000000
95844  27.283  0.919  6.521 0.7500000000
94116  28.309  -0.689  5.285 0.3750000000
95018  28.447  0.297  4.827 0.5000000000
96764  27.874  2.196  6.449 0.7500000000
94135  28.626  -0.667  4.256 0.2500000000
100966  23.367  7.412  5.150 0.8750000000
100192  24.793  6.400  5.929 0.8750000000
100965  24.504  7.522  5.517 0.7500000000
99409  25.265  5.510  6.380 0.8750000000
98636  27.002  4.663  6.688 0.7500000000
95843  27.825  1.328  6.298 0.5000000000
95861  28.634  1.273  4.300 0.2500000000
95842  28.414  1.294  5.370 0.5000000000
94146  28.520  -0.630  3.123 0.2500000000
102622  21.801  9.429  5.745 0.5000000000
101797  22.983  9.071  4.804 0.6250000000
101783  23.612  8.580  4.899 0.7500000000
100964  24.945  8.127  5.684 0.7500000000
101782  24.539  8.628  5.299 0.7500000000
100957  25.548  7.645  6.112 0.7500000000
100956  26.709  7.804  6.450 0.7500000000
101781  25.233  8.703  5.762 0.7500000000
100190  26.476  6.724  6.538 0.7500000000
99407  27.323  5.803  6.700 0.7500000000
100189  27.536  6.946  6.590 0.7500000000
97713  28.415  3.555  6.112 0.5000000000
98644  28.920  4.405  5.665 0.3750000000
98635  28.166  4.787  6.415 0.6250000000
96788  28.672  2.281  3.744 0.2500000000
96777  28.812  2.276  4.841 0.3750000000
97722  28.851  3.344  5.271 0.3750000000
103460  23.499  9.845  4.584 0.6250000000
102620  24.054  9.359  4.837 0.7500000000
102618  25.565  9.593  5.909 0.7500000000
101769  26.062  8.701  6.204 0.7500000000
100188  28.569  7.232  6.345 0.6250000000
99428  29.323  5.182  5.100 0.3750000000
99405  29.089  6.502  6.112 0.3750000000
96789  28.279  2.309  2.875 0.1250000000
98671  29.120  4.446  3.505 0.1250000000
98657  29.192  4.261  4.670 0.2500000000
103449  24.133  10.391  4.907 0.6250000000
103448  25.039  10.475  5.649 0.7500000000
101768  27.016  8.787  6.385 0.7500000000
100187  29.064  7.034  6.106 0.3750000000
100955  27.697  7.987  6.448 0.3750000000
99427  29.514  5.875  4.457 0.2500000000
99415  29.469  6.135  5.402 0.3750000000
99406  28.362  6.107  6.501 0.6250000000
98680  27.969  4.228  1.969 0.1250000000
98679  28.522  4.290  2.621 0.1250000000
97743  28.097  2.969  2.510 0.1250000000
104274  24.595  11.431  5.397 0.6250000000
103437  26.841  10.545  6.400 0.3750000000
103447  25.899  10.514  6.187 0.3750000000
102605  27.351  9.682  6.383 0.3750000000
100974  30.122  8.180  4.571 0.2500000000
100963  29.043  7.771  6.055 0.3750000000
101767  27.875  8.901  6.385 0.3750000000
100227  29.185  6.188  2.588 0.1250000000
100206  29.717  6.801  4.713 0.3750000000
100197  29.362  7.149  5.653 0.3750000000
98686  27.366  4.094  1.479 0.1250000000
99443  29.254  5.395  3.218 0.1250000000
105049  25.780  12.467  6.229 0.3750000000
104273  25.411  11.414  5.994 0.3750000000
104258  27.330  11.460  6.471 0.3750000000
104259  26.327  11.468  6.392 0.3750000000
102602  29.488  9.762  5.839 0.3750000000
103435  28.654  10.469  6.306 0.3750000000
103436  27.774  10.538  6.415 0.3750000000
101778  29.972  8.955  5.313 0.3750000000
100962  29.455  8.070  5.574 0.3750000000
101766  28.529  9.018  6.263 0.3750000000
101030  28.288  7.078  0.950 0.1250000000
100216  29.638  6.498  3.581 0.1250000000
100989  30.084  7.614  4.084 0.2500000000
100246  27.718  6.006  1.130 0.1250000000
105048  26.870  12.434  6.472 0.2500000000
104257  28.299  11.398  6.403 0.2500000000
103445  30.217  10.103  5.223 0.1250000000
102630  30.346  9.450  4.635 0.1250000000
103446  30.004  9.779  5.406 0.2500000000
101837  29.276  8.419  1.453 0.1250000000
101809  30.365  8.554  4.037 0.1250000000
105811  26.442  13.434  6.448 0.3750000000
105047  27.901  12.391  6.461 0.2500000000
104271  30.505  10.972  5.229 0.1250000000
104272  30.323  11.755  5.600 0.1250000000
104284  30.639  11.266  4.285 0.1250000000
105060  30.642  12.064  4.918 0.1250000000
101846  28.724  8.382  0.845 0.1250000000
103490  30.014  10.367  1.980 0.1250000000
105825  30.123  13.662  5.349 0.1250000000
103480  29.892  11.046  2.097 0.1250000000
105073  30.620  12.335  3.952 0.1250000000
103497  28.940  10.704  0.669 0.1250000000
102676  28.564  9.564  0.531 0.1250000000
84044  21.249  -11.746  3.844 0.8750000000
84040  24.638  -11.875  4.012 0.6250000000
100958  25.092  7.017  5.988 0.8750000000
100191  25.556  6.492  6.311 0.7500000000
99408  26.249  5.627  6.625 0.7500000000
96763  28.468  2.374  5.930 0.5000000000
96754  28.013  2.863  6.454 0.7500000000
101836  29.651  8.478  2.180 0.1250000000
104256  29.213  11.252  6.266 0.2500000000
104292  30.469  11.487  3.353 0.1250000000
102675  29.322  9.925  0.941 0.1250000000
87684  26.141  -7.690  5.114 0.6250000000
91312  28.640  -3.994  4.313 0.3750000000
91300  28.584  -3.325  4.782 0.3750000000
92293  28.979  -2.621  2.757 0.2500000000
96755  27.282  2.600  6.667 0.7500000000
101823  30.374  9.047  3.491 0.1250000000
93243  28.588  -1.578  2.367 0.1250000000
79257  21.493  -16.810  5.154 0.7500000000
79258  20.342  -16.338  5.616 0.7500000000
80249  19.444  -15.575  5.973 0.7500000000
79267  22.353  -16.969  4.506 0.7500000000
80261  21.188  -15.608  5.126 0.7500000000
79295  23.581  -17.284  2.629 0.7500000000
80301  23.571  -16.162  2.914 0.6250000000
81317  23.726  -15.493  2.954 0.7500000000
81308  23.519  -14.768  3.093 0.6250000000
82249  23.785  -13.496  3.358 0.6250000000
83140  24.193  -12.731  3.686 0.5000000000
83139  25.217  -12.663  3.537 0.3750000000
84038  26.470  -11.565  2.878 0.1250000000
84940  27.355  -10.653  2.262 0.1250000000
85848  27.648  -9.951  1.982 0.1250000000
85860  28.550  -9.705  1.332 0.1250000000
86756  28.335  -8.598  1.302 0.1250000000
87719  28.498  -7.564  0.655 0.1250000000
88658  28.575  -6.511  1.107 0.1250000000
88653  28.593  -6.379  2.035 0.1250000000
89595  28.747  -5.661  2.668 0.1250000000
90461  28.786  -4.818  3.431 0.1250000000
91324  28.986  -3.751  3.144 0.2500000000
92276  28.759  -2.811  4.092 0.2500000000
101770  21.445  8.102  7.088 0.5000000000
94153  28.131  -0.574  1.970 0.1250000000
95037  27.730  0.403  1.930 0.1250000000
96798  27.833  2.337  2.198 0.1250000000
96805  27.343  2.386  1.524 0.1250000000
97761  27.039  3.270  1.295 0.1250000000
99471  26.816  5.065  0.768 0.1250000000
97762  26.427  3.313  0.731 0.1250000000
101038  26.378  7.379  -0.267 0.1250000000
105795  21.664  13.535  7.598 0.1250000000
106651  27.023  14.377  6.551 0.2500000000
105809  28.510  13.366  6.404 0.1250000000
106649  29.043  14.444  6.259 0.1250000000
104301  30.040  11.691  2.548 0.1250000000
105824  30.427  13.285  4.578 0.1250000000
103491  29.509  10.734  1.446 0.1250000000
101855  27.143  8.884  -0.270 0.1250000000
91303  25.959  -3.596  5.901 0.7500000000
99411  20.379  5.092  6.253 0.3750000000
97716  25.547  3.515  6.586 0.8750000000
84924  22.377  -10.846  3.761 0.8750000000
84007  19.326  -11.421  5.528 0.7500000000
84023  19.969  -11.453  4.779 0.8750000000
84926  20.812  -10.797  3.921 0.8750000000
94119  25.509  -0.665  6.559 0.8750000000
99410  24.362  5.443  5.918 0.8750000000
105050  25.058  12.861  5.843 0.3750000000
105812  25.495  13.529  6.190 0.3750000000
107445  26.575  15.350  6.481 0.1250000000
81264  20.246  -14.101  5.416 0.7500000000
79268  22.029  -16.045  4.871 0.7500000000
80270  22.956  -16.764  3.957 0.7500000000
81250  18.834  -14.039  6.500 0.7500000000
82206  19.216  -13.343  6.189 0.7500000000
81275  22.493  -14.933  4.141 0.7500000000
82222  20.524  -13.359  5.094 0.7500000000
81294  21.916  -13.963  3.702 0.7500000000
83111  19.519  -12.469  5.764 0.7500000000
83998  18.659  -11.490  6.339 0.6250000000
83110  20.071  -12.722  5.272 0.7500000000
82252  21.571  -13.426  3.871 0.8750000000
82264  22.568  -14.026  3.563 0.7500000000
83142  22.515  -13.011  3.578 0.7500000000
82262  23.480  -14.077  2.985 0.7500000000
83141  23.288  -12.754  3.632 0.7500000000
84042  22.749  -11.904  3.671 0.8750000000
84021  24.152  -11.125  4.127 0.7500000000
84039  25.723  -11.561  3.789 0.2500000000
84020  24.939  -11.104  4.336 0.6250000000
84901  25.244  -10.407  4.453 0.7500000000
85807  26.498  -9.731  4.180 0.5000000000
85828  26.799  -9.913  3.650 0.2500000000
84941  26.805  -10.967  2.692 0.1250000000
86743  27.645  -8.847  3.417 0.2500000000
87682  27.850  -7.391  4.125 0.5000000000
88627  28.211  -6.702  3.905 0.1250000000
88628  27.623  -6.680  4.628 0.5000000000
87708  28.289  -7.429  1.899 0.1250000000
89578  28.545  -5.796  3.674 0.1250000000
90444  28.481  -4.991  4.377 0.1250000000
91302  27.024  -3.642  5.797 0.6250000000
95831  27.505  1.896  6.577 0.7500000000
97714  27.615  3.665  6.545 0.7500000000
94999  28.097  0.299  5.785 0.5000000000
95873  28.467  1.299  3.151 0.1250000000
95029  28.522  0.311  3.750 0.2500000000
95036  28.221  0.304  2.741 0.1250000000
102619  24.751  9.524  5.391 0.7500000000
99416  29.109  5.458  6.054 0.3750000000
97733  28.964  3.293  4.191 0.3750000000
102606  26.448  9.636  6.255 0.3750000000
98656  29.357  5.072  4.184 0.3750000000
97742  28.522  3.316  3.142 0.1250000000
97751  28.168  3.611  2.421 0.1250000000
101780  29.098  8.668  6.016 0.3750000000
99453  28.376  5.054  2.088 0.1250000000
99461  27.645  5.079  1.396 0.1250000000
97752  27.687  3.273  1.914 0.1250000000
99452  28.883  5.149  2.694 0.1250000000
105062  25.048  12.152  5.725 0.3750000000
100975  29.822  7.682  4.988 0.2500000000
100239  28.418  6.044  1.761 0.1250000000
100238  28.947  6.534  1.929 0.1250000000
101005  29.475  6.895  2.586 0.1250000000
104254  30.185  10.489  5.538 0.3750000000
102617  29.399  9.246  5.839 0.3750000000
101019  29.307  7.299  1.923 0.1250000000
101029  28.969  7.762  1.214 0.1250000000
101004  29.803  7.412  2.993 0.1250000000
101824  30.104  8.510  3.009 0.1250000000
100247  27.014  6.223  0.572 0.1250000000
105810  27.471  13.396  6.493 0.2500000000
105046  28.894  12.292  6.311 0.2500000000
103459  30.472  10.303  4.504 0.1250000000
102666  29.668  9.509  1.700 0.1250000000
102652  29.973  9.194  2.456 0.1250000000
102667  29.141  9.153  1.059 0.1250000000
105808  29.545  13.295  6.001 0.1250000000
105061  30.207  12.692  5.467 0.1250000000
103469  30.506  10.476  3.631 0.1250000000
101847  27.785  8.431  0.315 0.1250000000
102665  30.178  9.846  2.315 0.1250000000
106664  29.838  14.536  5.640 0.1250000000
79256  21.958  -17.327  4.918 0.7500000000
83096  18.300  -12.465  6.892 0.5000000000
83095  18.941  -12.497  6.382 0.6250000000
82261  24.091  -14.047  2.906 0.6250000000
82248  24.700  -13.581  3.193 0.5000000000
89603  28.711  -5.552  1.619 0.1250000000
95874  28.062  1.672  2.484 0.1250000000
100255  26.614  6.788  0.117 0.1250000000
101031  27.171  7.329  0.264 0.1250000000
79245  18.723  -16.150  6.650 0.7500000000
81239  18.153  -14.222  6.955 0.5000000000
78277  21.752  -17.880  5.196 0.6250000000
78303  23.410  -17.584  4.048 0.3750000000
79266  22.961  -17.316  4.052 0.6250000000
78301  24.689  -18.235  2.854 0.2500000000
78316  23.888  -18.238  2.436 0.3750000000
79306  23.840  -17.602  0.985 0.5000000000
80311  24.116  -15.814  2.180 0.5000000000
80299  24.670  -15.363  2.556 0.3750000000
77371  23.198  -18.252  4.760 0.5000000000
78288  22.834  -17.880  4.469 0.6250000000
77351  20.626  -18.983  6.079 0.6250000000
80240  17.898  -14.560  7.354 0.3750000000
77364  20.552  -18.321  6.062 0.6250000000
78278  20.775  -17.572  5.710 0.6250000000
79244  19.456  -16.558  6.091 0.6250000000
77362  22.376  -18.802  5.497 0.3750000000
77363  21.285  -18.675  5.731 0.6250000000
81240  17.820  -14.082  7.547 0.2500000000
78275  23.898  -18.166  5.094 0.3750000000
77385  25.100  -18.323  2.284 0.2500000000
78286  24.526  -17.734  3.994 0.2500000000
84883  17.889  -10.699  6.632 0.3750000000
78314  25.687  -17.704  1.679 0.2500000000
80310  24.978  -16.232  2.034 0.3750000000
80298  25.562  -15.818  2.533 0.2500000000
81292  25.288  -14.114  2.916 0.2500000000
82247  25.663  -13.457  3.140 0.2500000000
93146  17.086  -2.120  9.465 0.1250000000
83138  26.213  -12.529  3.033 0.2500000000
95835  19.739  1.876  6.294 0.3750000000
94986  19.381  0.897  6.808 0.2500000000
99421  20.527  4.818  5.532 0.2500000000
94082  17.523  -1.826  9.075 0.1250000000
92211  16.379  -2.791  9.869 0.2500000000
84884  17.478  -10.400  7.155 0.2500000000
80312  23.644  -16.124  2.483 0.5000000000
80250  18.765  -14.931  6.542 0.5000000000
78289  22.237  -17.659  4.788 0.6250000000
79282  23.429  -17.249  3.496 0.5000000000
78325  23.554  -18.096  1.840 0.5000000000
82197  18.003  -13.328  7.266 0.3750000000
82207  18.538  -13.323  6.702 0.3750000000
84870  17.592  -11.026  7.309 0.2500000000
78279  19.929  -17.164  6.001 0.6250000000
83088  17.934  -12.473  7.558 0.3750000000
81306  24.680  -14.458  2.806 0.2500000000
78276  22.382  -18.161  4.943 0.5000000000
78302  23.894  -17.832  3.441 0.2500000000
78287  23.694  -17.978  4.533 0.2500000000
77396  24.562  -18.435  1.948 0.3750000000
79300  24.618  -16.638  1.390 0.3750000000
77372  22.831  -18.386  4.944 0.5000000000
77361  23.437  -18.432  5.311 0.3750000000
80239  18.092  -15.204  7.222 0.3750000000
78265  20.070  -17.814  6.187 0.6250000000
77350  22.584  -19.251  6.063 0.3750000000
76434  21.773  -19.193  5.816 0.5000000000
79293  25.799  -16.784  2.383 0.2500000000
81305  25.377  -14.837  2.676 0.2500000000
77353  18.979  -18.570  6.768 0.5000000000
76433  22.124  -19.362  6.012 0.2500000000
76424  21.333  -19.694  6.333 0.3750000000
77352  19.852  -18.585  6.358 0.5000000000
76412  18.525  -19.457  7.092 0.3750000000
78253  18.654  -18.009  6.954 0.5000000000
78267  18.514  -16.885  7.010 0.3750000000
78266  19.117  -17.485  6.559 0.5000000000
76414  17.704  -20.160  8.445 0.1250000000
73430  18.363  -22.141  7.566 0.1250000000
75414  18.361  -20.623  7.445 0.2500000000
75413  19.336  -20.495  6.861 0.3750000000
76410  22.014  -20.129  7.158 0.2500000000
75412  20.348  -20.863  7.141 0.3750000000
75424  19.818  -19.903  6.571 0.5000000000
75401  17.540  -20.792  8.788 0.1250000000
77322  17.971  -18.575  8.868 0.1250000000
78240  18.138  -17.117  8.763 0.1250000000
79231  18.196  -16.323  7.495 0.2500000000
76423  22.505  -19.593  6.607 0.2500000000
76426  19.425  -19.423  6.604 0.5000000000
76425  20.224  -19.477  6.374 0.5000000000
77338  18.421  -18.456  7.173 0.5000000000
75422  20.965  -20.383  6.888 0.3750000000
77339  18.058  -18.704  7.902 0.2500000000
78254  18.305  -17.534  7.487 0.1250000000
75415  17.743  -20.779  8.012 0.1250000000
76396  17.718  -19.992  9.118 0.1250000000
76413  17.969  -19.855  7.864 0.2500000000
76395  17.830  -19.411  8.571 0.1250000000
74427  17.563  -21.670  8.353 0.1250000000
74443  18.078  -21.589  7.726 0.1250000000
78239  18.080  -17.695  8.548 0.1250000000
74442  18.711  -21.538  7.308 0.2500000000
74441  19.595  -21.634  7.336 0.2500000000
76411  21.422  -20.256  6.972 0.2500000000
83970  17.663  -11.755  8.460 0.1250000000
100193  21.371  6.318  6.378 0.1250000000
100203  20.925  5.562  5.919 0.1250000000
100182  21.225  6.598  7.226 0.1250000000
100951  20.929  6.940  8.034 0.1250000000
100946  20.564  7.348  8.796 0.1250000000
100950  21.364  7.529  7.619 0.1250000000
101757  21.130  8.533  7.932 0.1250000000
100194  20.805  5.815  6.722 0.1250000000
100945  21.039  7.850  8.349 0.1250000000
101751  20.658  8.407  8.945 0.1250000000
99412  19.920  4.565  6.574 0.1250000000
80233  17.826  -14.710  7.672 0.1250000000
83075  17.903  -12.707  8.400 0.1250000000
129568  19.478  1.764  6.790 0.1250000000
100184  20.017  5.542  7.881 0.1250000000
100183  20.584  6.105  7.539 0.1250000000
100172  20.089  6.720  9.292 0.1250000000
100940  20.272  7.695  9.655 0.1250000000
101746  20.523  8.661  10.024 0.1250000000
102591  20.749  9.160  8.532 0.1250000000
98641  20.022  4.399  5.867 0.1250000000
84871  17.212  -10.675  7.906 0.1250000000
83987  17.922  -11.652  7.052 0.1250000000
82198  17.795  -13.279  7.961 0.1250000000
83988  17.681  -11.662  7.777 0.1250000000
83089  17.864  -12.387  8.098 0.1250000000
83949  17.802  -11.691  9.085 0.1250000000
100177  20.285  6.435  8.371 0.1250000000
101758  20.884  8.622  8.458 0.1250000000
100165  19.310  6.381  10.772 0.1250000000
102583  20.733  9.321  9.413 0.1250000000
77349  23.259  -19.035  6.323 0.1250000000
77348  24.247  -18.234  6.097 0.1250000000
78274  24.448  -17.828  5.207 0.1250000000
78285  25.363  -17.610  3.517 0.1250000000
78300  25.608  -17.872  2.537 0.1250000000
79292  25.989  -16.068  2.751 0.1250000000
80269  26.709  -15.154  4.023 0.1250000000
80284  26.545  -15.167  3.359 0.1250000000
80297  26.193  -15.453  2.924 0.1250000000
81289  27.011  -14.045  3.571 0.1250000000
81291  25.914  -14.231  2.968 0.1250000000
82245  27.236  -13.441  3.178 0.1250000000
82246  26.472  -13.475  3.077 0.1250000000
75411  21.360  -20.775  7.621 0.1250000000
76422  23.080  -19.477  6.937 0.1250000000
77336  24.201  -18.820  7.120 0.1250000000
78264  24.709  -17.753  5.923 0.1250000000
78263  25.416  -17.238  6.023 0.1250000000
79265  25.850  -16.791  3.990 0.1250000000
79279  26.147  -16.066  3.347 0.1250000000
80260  26.846  -15.303  4.803 0.1250000000
81273  27.178  -14.278  4.106 0.1250000000
83137  27.073  -12.747  2.702 0.1250000000
82244  27.919  -13.161  3.434 0.1250000000
83152  26.867  -12.106  2.539 0.1250000000
78273  25.230  -17.272  4.613 0.1250000000
81304  25.983  -14.973  2.750 0.1250000000
76409  23.103  -20.027  7.624 0.1250000000
74439  21.171  -21.379  8.142 0.1250000000
77337  23.538  -19.361  7.162 0.1250000000
81274  26.798  -14.612  3.623 0.1250000000
81290  26.498  -14.423  3.218 0.1250000000
82232  27.511  -13.640  3.756 0.1250000000
75400  21.543  -21.199  8.174 0.1250000000
75410  22.381  -20.479  7.852 0.1250000000
77347  24.870  -17.797  6.314 0.1250000000
83136  28.031  -12.557  2.724 0.1250000000
75423  20.332  -20.174  6.615 0.5000000000
75474  23.743  -19.738  1.199 0.5000000000
75475  23.290  -19.827  0.848 0.5000000000
75476  23.428  -19.506  0.714 0.5000000000
75481  23.998  -19.954  0.897 0.5000000000
75482  23.739  -19.525  0.493 0.5000000000
75483  23.544  -19.333  0.629 0.5000000000
75486  24.250  -19.955  0.316 0.5000000000
75487  24.051  -19.497  0.202 0.5000000000
76470  24.029  -19.431  1.205 0.5000000000
76471  23.558  -19.351  1.297 0.5000000000
76472  23.856  -19.099  0.888 0.5000000000
76475  24.163  -19.660  0.766 0.5000000000
76476  23.592  -18.967  0.664 0.5000000000
76477  24.377  -19.453  0.377 0.5000000000
77360  24.001  -18.201  5.415 0.3750000000
77384  25.342  -18.258  1.906 0.2500000000
77395  25.240  -18.314  1.339 0.2500000000
77397  24.047  -18.472  1.998 0.3750000000
77403  25.123  -18.269  0.880 0.5000000000
77404  24.525  -18.769  1.024 0.3750000000
77405  23.919  -18.742  1.553 0.3750000000
77406  23.584  -18.680  1.184 0.5000000000
77407  25.049  -18.053  0.808 0.5000000000
77408  23.546  -18.749  0.754 0.5000000000
78315  24.347  -18.436  2.398 0.3750000000
78317  23.584  -17.878  2.307 0.3750000000
78323  25.592  -17.806  0.942 0.2500000000
78324  23.834  -18.396  1.946 0.3750000000
78326  25.069  -17.845  0.800 0.5000000000
78327  24.469  -17.945  0.796 0.5000000000
78328  23.268  -18.114  0.980 0.5000000000
79280  25.798  -17.067  3.115 0.1250000000
79281  23.681  -17.675  2.875 0.3750000000
79294  23.594  -17.798  2.543 0.3750000000
79299  25.635  -16.821  1.254 0.3750000000
79301  23.908  -16.723  1.556 0.5000000000
79302  23.550  -17.146  1.856 0.6250000000
79303  25.312  -17.364  0.774 0.2500000000
79304  24.881  -17.258  0.824 0.5000000000
79305  24.319  -17.204  0.932 0.5000000000
80285  23.325  -16.424  3.517 0.7500000000
80300  24.146  -15.344  2.654 0.3750000000
80309  25.534  -16.433  2.028 0.2500000000
81307  24.024  -14.778  2.822 0.6250000000
81309  23.306  -14.926  3.459 0.7500000000
81316  23.904  -15.236  2.777 0.6250000000
81318  23.716  -15.805  2.848 0.7500000000
83153  22.537  -13.655  3.636 0.7500000000
84920  26.885  -10.401  2.929 0.2500000000
85829  26.353  -10.197  4.037 0.5000000000
85830  22.320  -10.139  3.821 1.0000000000
87641  16.743  -7.390  9.315 0.1250000000
87700  27.701  -8.033  3.949 0.1250000000
88617  25.596  -5.802  5.373 0.7500000000
91305  24.096  -3.367  5.293 1.0000000000
91313  28.349  -4.438  4.832 0.3750000000
92210  16.956  -2.925  9.263 0.2500000000
92238  17.878  -2.722  7.858 0.5000000000
93159  17.665  -2.063  8.691 0.2500000000
94099  26.427  0.262  6.566 0.8750000000
94101  25.190  0.082  6.382 1.0000000000
94138  21.597  -0.422  4.342 1.0000000000
95001  26.847  0.555  6.579 0.8750000000
95881  28.050  1.016  2.411 0.1250000000
96768  20.249  2.503  5.297 0.8750000000
97723  23.240  3.255  5.588 1.0000000000
98647  22.522  3.586  4.905 1.0000000000
98658  22.480  4.379  4.799 1.0000000000
98670  29.308  5.127  3.649 0.3750000000
98687  26.808  4.097  1.026 0.1250000000
99430  22.219  4.737  4.796 1.0000000000
99442  29.417  5.642  3.722 0.1250000000
99462  27.166  4.581  1.153 0.1250000000
99470  27.320  5.583  0.928 0.1250000000
100198  29.057  7.292  6.100 0.3750000000
100217  29.393  5.920  3.266 0.2500000000
100226  29.568  6.724  2.913 0.1250000000
100228  28.703  5.607  2.279 0.1250000000
100954  28.476  8.257  6.287 0.3750000000
100988  30.201  8.109  4.231 0.2500000000
101018  29.696  7.925  2.528 0.1250000000
101020  28.759  6.719  1.605 0.1250000000
101750  20.963  8.366  8.433 0.1250000000
101779  29.611  8.789  5.594 0.3750000000
101794  30.215  8.804  4.856 0.3750000000
101795  29.896  8.399  5.173 0.2500000000
101796  23.290  9.147  4.746 0.6250000000
101810  30.128  8.007  3.523 0.2500000000
102603  28.983  9.596  6.141 0.3750000000
102604  28.194  9.696  6.344 0.3750000000
102615  30.125  9.414  5.191 0.2500000000
102616  29.782  9.441  5.546 0.2500000000
102631  23.502  9.308  4.715 0.7500000000
102632  23.095  9.608  4.567 0.6250000000
102640  30.468  9.564  3.896 0.1250000000
102651  30.353  9.601  3.048 0.1250000000
103432  30.116  10.251  5.489 0.3750000000
103433  29.901  10.153  5.634 0.2500000000
103434  29.405  10.362  6.062 0.3750000000
103479  30.298  10.651  2.682 0.1250000000
104255  30.118  10.966  6.057 0.3750000000
105045  29.766  12.049  6.023 0.1250000000
105066  21.658  13.220  5.018 0.2500000000
105814  21.913  14.164  5.035 0.2500000000
105827  23.143  13.807  4.623 0.2500000000
105828  21.949  13.797  4.792 0.2500000000
105838  22.569  13.923  4.530 0.2500000000
105839  22.249  13.925  4.583 0.2500000000
106655  21.898  14.362  5.179 0.2500000000
106666  22.838  14.542  4.698 0.2500000000
106668  22.053  15.056  5.215 0.1250000000
106677  22.171  14.119  4.714 0.2500000000
129523  23.698  -19.156  0.546 0.5000000000
129524  23.910  -18.771  0.691 0.5000000000
