#!ascii label  , from subject 4027 vox2ras=TkReg
1581
109166  -35.180  16.178  20.953 0.0000000000
105994  -48.906  13.774  5.706 0.0000000000
114393  -43.728  23.406  21.550 0.0000000000
105819  -44.610  13.709  17.941 0.0000000000
105731  -44.938  13.594  23.042 0.0000000000
110238  -41.098  17.571  12.130 0.0000000000
117259  -46.181  25.517  12.085 0.0000000000
117125  -40.150  25.706  19.198 0.0000000000
101350  -37.742  8.930  21.791 0.0000000000
105777  -39.612  13.305  19.693 0.0000000000
105866  -41.365  12.915  13.931 0.0000000000
109239  -38.860  16.715  16.704 0.0000000000
114332  -47.935  22.280  24.492 0.0000000000
115390  -46.878  23.797  17.554 0.0000000000
117132  -48.568  25.301  19.351 0.0000000000
116297  -43.201  24.584  16.098 0.0000000000
117080  -45.525  25.159  22.434 0.0000000000
104811  -43.500  12.953  4.572 0.0000000000
112642  -33.256  20.418  22.319 0.0000000000
112655  -38.361  20.711  20.245 0.0000000000
110148  -50.752  17.267  18.216 0.0000000000
108032  -45.961  15.841  23.306 0.0000000000
106845  -40.006  14.828  25.255 0.0000000000
104519  -39.628  12.406  27.864 0.0000000000
107116  -43.390  14.366  8.505 0.0000000000
110283  -41.685  17.684  7.058 0.0000000000
113538  -41.682  21.405  16.220 0.0000000000
112729  -44.519  20.885  12.052 0.0000000000
113616  -43.529  21.787  6.332 0.0000000000
115469  -40.926  23.450  10.383 0.0000000000
117237  -38.410  25.487  12.358 0.0000000000
106944  -36.774  14.191  19.780 0.0000000000
106982  -38.510  14.472  17.423 0.0000000000
109185  -37.475  16.715  18.732 0.0000000000
114293  -50.545  22.597  26.026 0.0000000000
115337  -50.374  23.748  21.972 0.0000000000
116223  -49.559  24.537  22.760 0.0000000000
117094  -46.807  25.537  21.368 0.0000000000
105991  -46.494  12.899  4.715 0.0000000000
113478  -31.734  21.721  23.087 0.0000000000
114366  -35.636  22.324  22.255 0.0000000000
106851  -46.221  15.126  25.100 0.0000000000
106873  -42.949  14.780  24.918 0.0000000000
106826  -43.715  14.597  27.258 0.0000000000
103420  -38.130  11.304  24.748 0.0000000000
106795  -34.199  14.756  28.844 0.0000000000
109124  -30.860  15.607  25.219 0.0000000000
106792  -31.409  15.330  28.917 0.0000000000
105869  -46.806  13.926  14.259 0.0000000000
105898  -40.787  14.191  12.947 0.0000000000
105914  -42.356  13.529  11.432 0.0000000000
107084  -41.293  14.712  10.366 0.0000000000
108269  -42.213  15.278  7.528 0.0000000000
110264  -41.414  17.180  10.283 0.0000000000
114409  -40.376  22.086  19.953 0.0000000000
113519  -40.218  21.581  17.790 0.0000000000
115373  -42.762  23.078  18.951 0.0000000000
115433  -47.977  24.735  14.524 0.0000000000
114470  -45.611  23.373  14.511 0.0000000000
114503  -45.123  22.996  11.712 0.0000000000
112751  -44.756  21.020  8.572 0.0000000000
115483  -44.441  23.783  9.260 0.0000000000
114522  -42.107  22.812  8.583 0.0000000000
116382  -42.896  24.608  11.204 0.0000000000
117165  -41.656  25.004  17.320 0.0000000000
116327  -40.229  24.406  14.226 0.0000000000
116308  -38.809  24.510  15.231 0.0000000000
117210  -36.409  25.468  14.188 0.0000000000
116276  -37.192  24.710  17.219 0.0000000000
104627  -42.092  12.779  18.958 0.0000000000
104682  -43.883  12.441  15.363 0.0000000000
104661  -40.522  12.709  17.003 0.0000000000
107013  -39.816  14.423  15.234 0.0000000000
109255  -40.541  16.411  14.795 0.0000000000
115311  -45.952  22.905  22.616 0.0000000000
115363  -45.193  23.544  19.708 0.0000000000
115350  -48.309  23.490  20.590 0.0000000000
115393  -48.871  24.315  17.691 0.0000000000
117202  -47.972  25.413  15.559 0.0000000000
116332  -44.653  25.433  14.310 0.0000000000
117169  -46.498  25.620  17.359 0.0000000000
117129  -44.935  25.652  19.759 0.0000000000
117107  -42.859  25.760  20.205 0.0000000000
105988  -41.471  13.994  5.369 0.0000000000
111010  -34.259  18.515  21.804 0.0000000000
111016  -36.378  18.408  20.024 0.0000000000
112646  -35.602  20.569  21.232 0.0000000000
114387  -37.488  22.422  21.341 0.0000000000
115306  -40.632  23.430  22.558 0.0000000000
115268  -40.538  23.207  24.311 0.0000000000
115292  -42.994  23.150  23.588 0.0000000000
108111  -47.095  16.049  18.277 0.0000000000
110113  -47.858  16.985  20.800 0.0000000000
108071  -44.530  15.858  20.307 0.0000000000
108057  -42.188  15.141  21.704 0.0000000000
106902  -39.536  14.647  22.594 0.0000000000
103465  -44.385  11.358  19.856 0.0000000000
100321  -41.421  8.749  20.497 0.0000000000
103444  -40.797  11.451  22.475 0.0000000000
105702  -42.032  13.481  25.418 0.0000000000
106801  -40.149  14.669  29.050 0.0000000000
108039  -34.819  15.583  22.917 0.0000000000
108284  -48.694  15.546  7.778 0.0000000000
105902  -44.750  13.300  12.280 0.0000000000
107103  -45.734  14.213  9.240 0.0000000000
108307  -46.508  14.954  6.155 0.0000000000
107156  -45.031  14.619  5.123 0.0000000000
108318  -42.458  15.124  4.643 0.0000000000
109365  -41.276  16.589  5.518 0.0000000000
111862  -38.613  18.484  18.036 0.0000000000
111872  -40.319  19.356  16.561 0.0000000000
111095  -42.021  18.948  14.885 0.0000000000
115401  -44.137  23.193  16.656 0.0000000000
112715  -43.402  20.540  14.410 0.0000000000
111126  -42.653  18.733  12.002 0.0000000000
111926  -43.537  19.612  9.380 0.0000000000
111942  -42.845  19.334  6.412 0.0000000000
111171  -41.001  18.495  5.365 0.0000000000
117225  -42.067  25.308  12.789 0.0000000000
117266  -39.334  25.284  10.980 0.0000000000
114498  -37.627  22.674  11.161 0.0000000000
114487  -36.107  23.061  12.439 0.0000000000
115427  -35.466  23.658  13.886 0.0000000000
108068  -36.045  15.248  20.263 0.0000000000
108084  -36.529  15.047  19.516 0.0000000000
109183  -36.274  16.145  19.856 0.0000000000
116194  -50.762  23.102  25.154 0.0000000000
116209  -48.628  24.593  23.883 0.0000000000
105982  -47.419  13.218  5.910 0.0000000000
105706  -45.519  14.124  24.306 0.0000000000
106828  -45.406  14.956  26.321 0.0000000000
105693  -44.873  14.185  25.783 0.0000000000
107937  -34.215  15.249  30.067 0.0000000000
106794  -33.078  14.951  29.113 0.0000000000
107000  -46.347  14.578  16.819 0.0000000000
105838  -46.052  13.825  16.394 0.0000000000
108209  -40.518  15.839  12.168 0.0000000000
107069  -41.159  14.454  11.442 0.0000000000
108226  -40.588  15.851  11.318 0.0000000000
109315  -40.858  16.233  10.304 0.0000000000
110252  -41.373  17.389  11.176 0.0000000000
114410  -41.581  22.546  20.281 0.0000000000
114427  -41.323  22.440  19.304 0.0000000000
114429  -43.257  22.838  20.121 0.0000000000
116371  -47.453  25.030  12.829 0.0000000000
115440  -46.329  23.955  13.240 0.0000000000
116369  -46.289  24.824  12.150 0.0000000000
115473  -45.108  23.311  10.876 0.0000000000
115458  -44.308  23.885  11.239 0.0000000000
115457  -43.905  23.920  11.140 0.0000000000
116368  -44.679  25.201  11.831 0.0000000000
117144  -40.890  25.321  18.396 0.0000000000
116279  -40.070  24.560  16.976 0.0000000000
117163  -39.863  24.695  17.628 0.0000000000
116292  -38.496  24.544  16.386 0.0000000000
116264  -38.783  24.744  18.036 0.0000000000
104612  -40.875  12.976  19.548 0.0000000000
104642  -41.377  12.555  17.948 0.0000000000
104640  -39.738  12.930  18.228 0.0000000000
108128  -38.572  15.586  17.000 0.0000000000
106999  -39.474  14.497  16.223 0.0000000000
108145  -39.247  15.593  16.433 0.0000000000
108162  -40.214  15.681  14.797 0.0000000000
109240  -39.733  16.499  16.067 0.0000000000
115296  -46.749  23.253  23.487 0.0000000000
115333  -46.760  23.250  21.819 0.0000000000
114376  -48.641  22.710  22.494 0.0000000000
116246  -50.110  24.480  20.139 0.0000000000
115368  -50.368  23.930  19.094 0.0000000000
117152  -49.208  25.007  18.720 0.0000000000
116283  -48.638  24.978  17.019 0.0000000000
117171  -48.317  25.358  17.531 0.0000000000
117188  -47.278  25.689  16.369 0.0000000000
117149  -46.951  25.509  18.427 0.0000000000
117081  -46.606  24.749  21.918 0.0000000000
117109  -45.984  25.439  20.606 0.0000000000
117108  -44.956  25.382  20.852 0.0000000000
117128  -43.682  25.724  19.597 0.0000000000
117091  -44.268  25.691  21.937 0.0000000000
104797  -42.211  12.887  4.842 0.0000000000
111007  -33.967  19.051  22.166 0.0000000000
111814  -35.196  19.419  21.340 0.0000000000
112645  -34.785  20.382  21.586 0.0000000000
114349  -36.276  23.239  22.703 0.0000000000
114386  -36.688  22.557  21.602 0.0000000000
115325  -37.076  23.187  21.728 0.0000000000
115327  -39.080  23.064  21.652 0.0000000000
115304  -38.497  23.678  22.452 0.0000000000
114324  -40.056  22.723  24.903 0.0000000000
115269  -41.552  23.015  24.272 0.0000000000
114327  -43.044  22.407  24.671 0.0000000000
114328  -44.039  22.692  24.656 0.0000000000
113461  -43.676  22.001  25.339 0.0000000000
109242  -49.155  16.397  16.902 0.0000000000
110146  -49.086  17.396  18.596 0.0000000000
110103  -48.391  17.067  21.497 0.0000000000
109151  -46.786  16.177  21.793 0.0000000000
109157  -45.762  16.199  20.612 0.0000000000
108060  -44.536  15.901  21.229 0.0000000000
108069  -43.144  15.200  20.523 0.0000000000
108045  -43.698  15.424  22.476 0.0000000000
106847  -41.713  14.988  25.402 0.0000000000
106889  -41.496  14.769  23.349 0.0000000000
106887  -39.388  14.664  23.560 0.0000000000
100312  -38.922  8.692  21.410 0.0000000000
103436  -39.843  11.434  23.412 0.0000000000
103410  -40.230  12.226  24.884 0.0000000000
104568  -41.531  12.696  23.831 0.0000000000
104521  -41.193  12.738  27.261 0.0000000000
105646  -42.082  13.829  28.714 0.0000000000
105628  -40.536  13.619  30.123 0.0000000000
109148  -32.974  16.848  23.016 0.0000000000
109131  -33.078  15.508  24.458 0.0000000000
109350  -49.110  15.823  8.422 0.0000000000
104694  -43.154  12.542  14.467 0.0000000000
104695  -44.192  12.548  14.365 0.0000000000
105882  -43.404  12.925  12.924 0.0000000000
105944  -43.384  13.945  9.541 0.0000000000
105932  -44.248  13.657  10.534 0.0000000000
107102  -45.012  14.096  9.103 0.0000000000
105958  -46.439  14.052  7.936 0.0000000000
107131  -45.452  14.268  7.449 0.0000000000
107157  -46.202  14.619  5.550 0.0000000000
107130  -44.347  14.328  7.336 0.0000000000
109339  -41.384  16.653  7.512 0.0000000000
107141  -42.498  15.212  6.338 0.0000000000
108292  -41.569  15.899  5.884 0.0000000000
108317  -41.924  15.177  4.747 0.0000000000
110289  -41.802  17.423  5.845 0.0000000000
112654  -37.734  20.071  20.175 0.0000000000
111849  -37.730  18.849  18.924 0.0000000000
111833  -38.502  19.800  19.110 0.0000000000
113528  -40.558  21.362  16.955 0.0000000000
112689  -40.137  20.521  17.287 0.0000000000
111873  -41.275  19.926  16.160 0.0000000000
111083  -41.589  19.118  15.322 0.0000000000
111882  -41.935  19.743  15.550 0.0000000000
115377  -46.592  23.627  18.624 0.0000000000
116265  -45.167  23.857  18.155 0.0000000000
115402  -45.076  23.575  16.647 0.0000000000
113562  -44.413  21.860  12.696 0.0000000000
114468  -43.972  22.151  14.411 0.0000000000
113561  -43.852  21.470  13.184 0.0000000000
111902  -43.269  19.766  12.966 0.0000000000
111908  -43.465  19.536  11.860 0.0000000000
111137  -43.108  19.209  10.862 0.0000000000
111918  -44.392  20.130  10.267 0.0000000000
113619  -45.851  22.061  7.028 0.0000000000
112758  -44.708  20.925  7.253 0.0000000000
112770  -44.343  20.815  5.785 0.0000000000
111955  -42.150  18.909  5.640 0.0000000000
112768  -42.546  20.366  6.166 0.0000000000
111948  -40.827  19.270  6.190 0.0000000000
112763  -42.166  20.513  6.663 0.0000000000
115480  -41.616  23.054  9.932 0.0000000000
113590  -41.481  21.634  9.500 0.0000000000
116314  -44.420  25.094  15.127 0.0000000000
116350  -43.782  25.253  13.846 0.0000000000
116330  -43.193  24.804  14.528 0.0000000000
116345  -38.688  24.798  12.995 0.0000000000
116363  -39.538  24.954  12.419 0.0000000000
116379  -38.634  24.858  11.223 0.0000000000
115466  -38.157  23.680  10.513 0.0000000000
116378  -37.603  24.482  11.179 0.0000000000
114488  -36.595  22.587  11.987 0.0000000000
116360  -36.848  24.483  11.926 0.0000000000
117196  -35.575  25.792  14.781 0.0000000000
117221  -35.646  25.326  13.428 0.0000000000
118025  -34.764  25.975  13.917 0.0000000000
116306  -34.698  24.546  15.059 0.0000000000
105776  -38.492  13.520  19.902 0.0000000000
105796  -38.382  13.557  18.776 0.0000000000
106963  -37.648  14.376  18.522 0.0000000000
108106  -37.540  15.281  18.152 0.0000000000
109223  -38.074  16.513  17.432 0.0000000000
114357  -49.859  22.461  23.237 0.0000000000
114360  -50.596  23.065  23.686 0.0000000000
116224  -50.212  24.430  22.335 0.0000000000
117096  -48.941  25.236  21.079 0.0000000000
117111  -48.230  25.312  20.323 0.0000000000
117083  -48.696  24.879  22.124 0.0000000000
117072  -47.327  24.953  23.061 0.0000000000
105989  -44.841  13.038  4.737 0.0000000000
113482  -32.877  21.313  22.463 0.0000000000
113483  -33.704  21.284  22.088 0.0000000000
114364  -33.441  22.075  22.582 0.0000000000
108013  -45.626  15.625  24.670 0.0000000000
108030  -43.538  14.960  23.700 0.0000000000
107997  -44.541  15.367  25.907 0.0000000000
107996  -43.466  14.817  26.019 0.0000000000
107978  -42.138  15.477  27.225 0.0000000000
101328  -38.137  10.032  23.225 0.0000000000
103377  -37.501  11.869  27.784 0.0000000000
106819  -33.633  14.293  26.637 0.0000000000
106861  -32.490  14.691  25.121 0.0000000000
106818  -32.648  14.471  26.785 0.0000000000
106816  -30.761  14.863  26.825 0.0000000000
105880  -40.896  13.966  13.540 0.0000000000
105900  -42.729  13.112  12.373 0.0000000000
107056  -41.125  14.077  11.920 0.0000000000
105930  -41.988  13.992  10.723 0.0000000000
107100  -42.379  14.617  9.289 0.0000000000
107115  -42.399  15.020  8.173 0.0000000000
107099  -41.740  15.200  9.224 0.0000000000
109326  -41.286  16.551  8.656 0.0000000000
110278  -41.466  17.446  8.299 0.0000000000
113499  -39.506  21.371  19.586 0.0000000000
113511  -39.745  21.066  19.044 0.0000000000
114426  -40.424  22.077  18.962 0.0000000000
114437  -41.019  22.308  18.159 0.0000000000
114446  -42.030  22.282  17.413 0.0000000000
115419  -47.282  24.050  15.453 0.0000000000
115418  -46.384  23.534  15.592 0.0000000000
115431  -46.436  23.874  14.495 0.0000000000
114491  -45.419  23.154  12.804 0.0000000000
114502  -44.866  22.363  11.787 0.0000000000
112744  -44.677  21.226  9.834 0.0000000000
113593  -45.349  22.256  10.566 0.0000000000
114535  -45.046  22.926  8.548 0.0000000000
115493  -44.965  23.387  7.966 0.0000000000
114533  -43.080  22.563  8.128 0.0000000000
115482  -43.574  23.751  9.257 0.0000000000
116403  -43.127  24.003  9.715 0.0000000000
116395  -42.653  24.107  10.422 0.0000000000
117184  -42.631  24.776  16.818 0.0000000000
115429  -41.747  24.377  15.259 0.0000000000
115400  -41.205  23.811  16.031 0.0000000000
116309  -39.811  24.296  15.177 0.0000000000
116325  -38.070  24.584  14.060 0.0000000000
117223  -37.514  25.320  13.360 0.0000000000
116307  -37.837  24.646  15.420 0.0000000000
117198  -37.104  25.060  15.764 0.0000000000
117181  -36.476  25.155  16.397 0.0000000000
105799  -43.405  13.980  18.538 0.0000000000
104645  -44.200  12.908  17.339 0.0000000000
104644  -43.280  12.841  17.448 0.0000000000
104663  -42.570  12.339  16.704 0.0000000000
104692  -40.984  12.715  15.192 0.0000000000
105816  -39.163  13.473  17.528 0.0000000000
105853  -40.169  13.322  15.477 0.0000000000
105865  -40.790  13.316  14.350 0.0000000000
107029  -40.312  14.488  14.344 0.0000000000
108176  -40.392  15.553  14.143 0.0000000000
109268  -40.929  17.244  13.597 0.0000000000
114394  -44.564  23.205  21.780 0.0000000000
115346  -44.210  23.251  20.420 0.0000000000
115348  -45.953  23.230  20.845 0.0000000000
116245  -46.839  23.986  20.258 0.0000000000
115378  -47.698  23.869  18.541 0.0000000000
115315  -49.655  23.214  21.906 0.0000000000
115367  -49.627  23.562  19.207 0.0000000000
115391  -47.862  24.175  17.503 0.0000000000
116299  -48.410  24.859  16.010 0.0000000000
116336  -48.548  25.161  14.947 0.0000000000
117230  -46.889  25.887  13.276 0.0000000000
117229  -45.612  26.205  13.441 0.0000000000
117200  -45.990  25.479  15.051 0.0000000000
117187  -46.156  25.544  16.232 0.0000000000
117186  -44.844  25.284  16.067 0.0000000000
117130  -46.361  25.437  19.545 0.0000000000
117148  -45.723  25.556  18.478 0.0000000000
117167  -44.021  25.496  17.425 0.0000000000
117146  -43.270  25.494  18.496 0.0000000000
117127  -42.539  25.645  19.414 0.0000000000
117106  -42.013  25.794  20.225 0.0000000000
110100  -34.426  17.399  21.385 0.0000000000
110111  -35.600  17.365  20.381 0.0000000000
111820  -35.380  18.851  20.955 0.0000000000
111815  -36.170  19.941  20.998 0.0000000000
112648  -37.527  20.574  21.024 0.0000000000
113489  -35.974  21.544  21.714 0.0000000000
113490  -36.905  21.628  21.404 0.0000000000
113492  -38.420  21.468  20.592 0.0000000000
114389  -39.727  22.545  20.857 0.0000000000
114390  -40.851  22.609  20.982 0.0000000000
114369  -42.138  23.073  21.989 0.0000000000
115288  -38.786  23.693  23.307 0.0000000000
115289  -40.009  23.512  23.424 0.0000000000
115307  -41.654  23.370  22.651 0.0000000000
115330  -43.284  23.478  22.142 0.0000000000
114351  -44.303  23.246  23.633 0.0000000000
115272  -45.641  23.405  23.955 0.0000000000
114309  -46.788  22.315  25.199 0.0000000000
108147  -47.355  15.402  17.141 0.0000000000
108130  -46.017  15.429  17.844 0.0000000000
110115  -49.748  17.569  20.917 0.0000000000
111028  -49.431  17.470  19.840 0.0000000000
109188  -47.561  16.506  19.700 0.0000000000
108090  -46.029  15.834  19.177 0.0000000000
106967  -44.385  14.667  18.393 0.0000000000
106946  -42.869  14.611  19.622 0.0000000000
105764  -41.845  14.055  20.324 0.0000000000
105762  -40.494  13.661  20.933 0.0000000000
108029  -42.329  14.960  23.026 0.0000000000
106903  -40.493  14.664  22.423 0.0000000000
105761  -39.414  13.135  21.087 0.0000000000
105744  -38.077  13.699  21.463 0.0000000000
100323  -43.456  8.386  20.144 0.0000000000
102398  -39.889  10.328  22.049 0.0000000000
102407  -40.912  10.408  20.914 0.0000000000
101364  -43.144  9.526  20.183 0.0000000000
103463  -42.883  11.602  20.223 0.0000000000
104577  -42.707  12.781  22.617 0.0000000000
105717  -43.993  13.117  23.908 0.0000000000
105660  -43.337  14.127  27.841 0.0000000000
107960  -42.631  15.132  29.114 0.0000000000
106825  -40.386  14.882  27.235 0.0000000000
109155  -34.485  16.199  21.827 0.0000000000
110095  -33.942  16.967  22.003 0.0000000000
110094  -33.496  17.443  22.395 0.0000000000
111005  -32.201  18.595  22.778 0.0000000000
111809  -31.881  19.628  22.626 0.0000000000
108286  -50.149  15.212  7.951 0.0000000000
107134  -49.795  14.741  7.556 0.0000000000
107146  -48.696  14.868  6.038 0.0000000000
104683  -44.856  12.769  15.114 0.0000000000
105885  -45.793  13.598  13.151 0.0000000000
105901  -43.860  12.979  12.179 0.0000000000
105917  -45.409  13.475  11.453 0.0000000000
107087  -46.921  14.186  10.544 0.0000000000
107120  -47.279  14.604  8.559 0.0000000000
108296  -47.463  15.180  6.550 0.0000000000
107159  -48.097  14.292  5.552 0.0000000000
107173  -46.659  14.075  4.667 0.0000000000
107172  -45.757  14.281  4.488 0.0000000000
107171  -44.687  14.267  4.281 0.0000000000
107142  -43.132  14.937  5.919 0.0000000000
107154  -43.165  14.907  4.797 0.0000000000
106003  -43.088  13.852  4.284 0.0000000000
107168  -42.172  14.660  4.368 0.0000000000
107153  -41.500  14.734  5.328 0.0000000000
108303  -40.841  15.683  5.764 0.0000000000
111025  -36.656  17.854  19.600 0.0000000000
111045  -38.111  18.038  18.580 0.0000000000
111058  -39.076  18.150  17.678 0.0000000000
112678  -39.208  20.388  18.135 0.0000000000
111871  -39.767  18.769  16.975 0.0000000000
111069  -40.176  18.201  16.722 0.0000000000
111081  -40.665  18.266  15.968 0.0000000000
110198  -41.374  17.851  14.780 0.0000000000
111105  -41.600  18.209  13.406 0.0000000000
115362  -44.000  23.314  19.784 0.0000000000
115387  -43.821  23.107  17.729 0.0000000000
114453  -43.039  22.490  16.683 0.0000000000
114461  -44.590  23.131  15.402 0.0000000000
114460  -43.905  22.602  15.507 0.0000000000
112707  -43.084  20.923  15.063 0.0000000000
111889  -43.095  20.024  14.398 0.0000000000
111118  -42.347  18.780  12.960 0.0000000000
111117  -41.708  18.250  12.394 0.0000000000
111125  -41.879  18.266  11.481 0.0000000000
111153  -42.492  18.711  8.291 0.0000000000
112750  -44.050  20.307  8.618 0.0000000000
111934  -43.727  19.696  7.860 0.0000000000
111161  -42.537  18.761  6.971 0.0000000000
110296  -42.300  17.959  5.311 0.0000000000
110303  -41.618  18.076  4.734 0.0000000000
112749  -42.346  21.194  8.218 0.0000000000
117242  -43.437  25.345  12.515 0.0000000000
117241  -42.464  25.281  12.401 0.0000000000
116381  -41.813  24.785  11.042 0.0000000000
116365  -41.126  24.731  12.924 0.0000000000
117239  -40.309  25.324  12.035 0.0000000000
116393  -40.301  24.502  10.395 0.0000000000
114510  -39.382  23.027  10.771 0.0000000000
114499  -38.888  22.410  11.279 0.0000000000
112725  -38.324  20.758  13.001 0.0000000000
117235  -36.297  25.138  12.643 0.0000000000
115439  -35.507  23.611  13.199 0.0000000000
117981  -41.080  26.151  20.249 0.0000000000
117979  -39.503  26.233  19.833 0.0000000000
117123  -38.161  25.666  19.196 0.0000000000
117140  -36.796  25.515  18.468 0.0000000000
117159  -35.675  25.695  16.883 0.0000000000
109167  -35.698  15.854  20.382 0.0000000000
109182  -35.729  16.504  20.263 0.0000000000
105993  -48.171  13.820  5.650 0.0000000000
105748  -45.793  13.548  21.553 0.0000000000
105732  -45.682  13.788  22.597 0.0000000000
105719  -45.508  14.035  23.541 0.0000000000
105705  -45.016  13.985  24.801 0.0000000000
105718  -44.844  13.572  23.747 0.0000000000
106758  -33.930  14.630  30.421 0.0000000000
105820  -45.290  13.862  17.248 0.0000000000
109280  -40.557  17.008  12.895 0.0000000000
109293  -40.543  16.744  11.820 0.0000000000
109303  -40.729  16.587  11.004 0.0000000000
110251  -40.824  17.151  11.510 0.0000000000
114411  -42.558  22.898  20.548 0.0000000000
114412  -43.392  23.182  20.796 0.0000000000
116370  -46.920  25.059  12.333 0.0000000000
116386  -46.315  25.133  12.086 0.0000000000
115459  -45.095  23.848  11.420 0.0000000000
116385  -45.732  24.918  11.838 0.0000000000
116384  -44.793  24.893  11.478 0.0000000000
117258  -45.349  25.483  11.882 0.0000000000
117164  -40.501  24.863  17.619 0.0000000000
117143  -39.647  24.912  18.356 0.0000000000
104611  -40.178  13.100  19.439 0.0000000000
104625  -40.341  12.779  18.898 0.0000000000
104624  -39.793  13.044  19.030 0.0000000000
114354  -47.400  22.742  23.827 0.0000000000
114375  -48.090  22.818  22.778 0.0000000000
114355  -48.145  22.570  23.389 0.0000000000
117112  -49.279  25.473  20.118 0.0000000000
117113  -49.939  25.013  19.814 0.0000000000
117133  -49.365  25.179  19.290 0.0000000000
117151  -48.718  25.150  18.509 0.0000000000
117150  -47.974  25.397  18.417 0.0000000000
117093  -45.764  25.241  21.495 0.0000000000
117092  -44.792  25.541  21.727 0.0000000000
117079  -44.466  25.576  22.609 0.0000000000
104789  -44.618  12.683  5.795 0.0000000000
104799  -43.890  12.711  4.857 0.0000000000
104798  -42.983  12.642  4.933 0.0000000000
104810  -43.053  13.205  4.532 0.0000000000
111811  -33.651  19.579  22.217 0.0000000000
111813  -34.328  19.551  21.870 0.0000000000
112643  -34.001  20.394  21.903 0.0000000000
115286  -36.640  23.699  23.334 0.0000000000
115302  -36.630  23.387  22.322 0.0000000000
115303  -37.550  23.777  22.584 0.0000000000
116218  -38.100  24.095  22.800 0.0000000000
113460  -42.774  21.898  25.402 0.0000000000
110165  -51.167  17.763  17.250 0.0000000000
110163  -49.459  17.300  17.873 0.0000000000
110147  -49.860  17.558  18.533 0.0000000000
108047  -45.442  15.949  21.918 0.0000000000
108046  -44.719  15.623  22.319 0.0000000000
108059  -43.756  15.589  21.403 0.0000000000
106846  -40.843  14.921  25.332 0.0000000000
106870  -40.180  14.656  24.432 0.0000000000
106869  -39.278  14.661  24.454 0.0000000000
106844  -39.240  14.832  25.210 0.0000000000
104546  -39.699  12.728  25.875 0.0000000000
105672  -40.013  13.114  26.492 0.0000000000
104536  -40.498  12.834  26.667 0.0000000000
104520  -40.557  12.774  27.672 0.0000000000
105657  -40.898  13.041  28.411 0.0000000000
104504  -40.364  12.857  28.719 0.0000000000
106863  -34.310  14.835  25.101 0.0000000000
108005  -33.662  15.155  24.689 0.0000000000
107106  -48.289  14.912  9.803 0.0000000000
104693  -41.840  12.533  14.483 0.0000000000
104706  -42.613  12.686  13.431 0.0000000000
105956  -43.730  13.917  8.984 0.0000000000
105945  -44.144  13.761  9.505 0.0000000000
107117  -44.543  14.152  8.482 0.0000000000
108280  -41.606  15.905  6.765 0.0000000000
109349  -41.510  16.695  6.413 0.0000000000
112666  -38.127  20.137  19.593 0.0000000000
112667  -38.631  20.442  19.372 0.0000000000
113537  -41.041  21.240  16.401 0.0000000000
112697  -41.432  20.644  16.153 0.0000000000
111874  -41.761  20.197  16.041 0.0000000000
112698  -42.096  20.694  15.902 0.0000000000
115389  -45.788  23.668  17.655 0.0000000000
115403  -46.110  23.598  16.578 0.0000000000
113572  -44.268  21.280  12.496 0.0000000000
112728  -43.786  20.566  12.522 0.0000000000
112736  -44.199  20.334  11.763 0.0000000000
111909  -44.234  19.966  11.169 0.0000000000
114562  -44.796  22.325  6.329 0.0000000000
112772  -45.526  21.118  5.735 0.0000000000
113625  -43.829  21.223  5.849 0.0000000000
112769  -43.353  20.761  6.128 0.0000000000
112764  -42.727  21.187  6.556 0.0000000000
114512  -41.143  22.532  10.041 0.0000000000
116313  -43.620  24.726  15.256 0.0000000000
116312  -42.749  24.559  15.407 0.0000000000
116362  -38.981  25.411  12.399 0.0000000000
117252  -38.078  25.289  11.650 0.0000000000
117251  -37.581  25.052  11.698 0.0000000000
116377  -36.936  24.110  11.272 0.0000000000
117236  -37.315  25.239  12.312 0.0000000000
118026  -35.043  26.036  13.830 0.0000000000
105795  -37.689  13.720  19.187 0.0000000000
106945  -37.142  14.337  19.225 0.0000000000
109184  -36.992  16.217  19.106 0.0000000000
108085  -37.151  15.202  18.789 0.0000000000
109203  -37.398  16.031  18.498 0.0000000000
109222  -37.613  16.005  17.904 0.0000000000
109204  -37.660  16.707  18.209 0.0000000000
113468  -50.044  22.145  24.906 0.0000000000
113454  -51.374  22.437  24.978 0.0000000000
116211  -50.129  24.470  23.536 0.0000000000
116212  -50.553  24.055  23.303 0.0000000000
117084  -49.559  24.788  21.750 0.0000000000
116222  -48.934  24.489  23.093 0.0000000000
117073  -48.189  24.717  22.993 0.0000000000
105981  -46.762  12.597  5.385 0.0000000000
105990  -45.688  13.033  4.684 0.0000000000
113479  -32.460  21.752  22.772 0.0000000000
114363  -32.875  21.920  22.725 0.0000000000
114345  -32.850  22.417  23.417 0.0000000000
106893  -46.836  14.867  23.581 0.0000000000
108014  -46.239  15.454  24.513 0.0000000000
107999  -45.984  15.441  25.268 0.0000000000
106827  -44.893  14.539  26.869 0.0000000000
107980  -44.393  15.162  26.881 0.0000000000
107979  -43.377  15.281  27.521 0.0000000000
107995  -42.439  15.158  26.319 0.0000000000
106781  -35.943  15.159  29.937 0.0000000000
106796  -35.432  14.625  28.905 0.0000000000
106808  -34.600  14.272  27.710 0.0000000000
106807  -33.401  14.427  27.879 0.0000000000
106805  -31.216  15.041  27.982 0.0000000000
105899  -41.437  13.593  12.526 0.0000000000
107083  -40.682  15.253  10.883 0.0000000000
105929  -41.526  14.295  11.030 0.0000000000
107085  -42.503  14.291  10.016 0.0000000000
109316  -41.201  16.488  9.733 0.0000000000
110270  -41.388  17.342  9.420 0.0000000000
113500  -40.063  21.545  19.263 0.0000000000
115360  -42.571  22.919  19.239 0.0000000000
114438  -42.182  22.815  18.656 0.0000000000
114445  -41.317  22.122  17.481 0.0000000000
114447  -42.899  22.774  17.969 0.0000000000
115432  -47.394  24.489  14.683 0.0000000000
116333  -46.963  24.512  14.285 0.0000000000
115447  -45.941  24.093  12.205 0.0000000000
114490  -44.792  22.435  12.376 0.0000000000
113582  -45.222  22.131  11.387 0.0000000000
113583  -45.619  22.536  11.096 0.0000000000
115472  -44.545  23.636  10.497 0.0000000000
114524  -44.804  22.854  9.790 0.0000000000
115492  -44.126  23.312  8.537 0.0000000000
116396  -43.663  24.169  10.690 0.0000000000
116404  -43.685  24.270  9.826 0.0000000000
117183  -42.044  24.670  16.711 0.0000000000
116293  -39.485  24.415  16.228 0.0000000000
116294  -40.606  23.938  16.129 0.0000000000
116326  -39.186  24.412  14.113 0.0000000000
116277  -38.142  24.757  17.463 0.0000000000
116291  -37.514  24.639  16.493 0.0000000000
117182  -37.011  24.872  16.338 0.0000000000
116275  -36.746  24.814  16.979 0.0000000000
105798  -42.738  13.686  18.813 0.0000000000
105817  -43.103  13.360  18.138 0.0000000000
104643  -42.406  12.799  17.857 0.0000000000
104662  -41.555  12.388  16.916 0.0000000000
104680  -41.743  12.377  15.812 0.0000000000
104679  -40.823  12.665  16.085 0.0000000000
105815  -38.597  13.709  18.005 0.0000000000
105852  -39.719  13.870  15.838 0.0000000000
107014  -40.170  13.846  14.796 0.0000000000
107028  -39.928  14.845  14.755 0.0000000000
109267  -40.737  16.613  13.917 0.0000000000
110211  -40.915  16.943  14.531 0.0000000000
114395  -45.292  22.787  21.956 0.0000000000
114415  -45.702  22.747  21.606 0.0000000000
115332  -46.092  22.523  21.795 0.0000000000
115334  -48.066  23.294  21.850 0.0000000000
115349  -47.087  23.647  20.821 0.0000000000
115365  -47.229  23.944  19.760 0.0000000000
115366  -48.601  23.543  19.416 0.0000000000
115316  -50.089  23.255  22.233 0.0000000000
115336  -49.934  23.532  21.252 0.0000000000
115381  -50.282  24.105  18.752 0.0000000000
115380  -49.477  23.981  18.560 0.0000000000
115379  -48.771  23.804  18.428 0.0000000000
115392  -48.676  24.055  17.566 0.0000000000
115405  -47.935  24.428  16.389 0.0000000000
115406  -48.592  24.553  16.778 0.0000000000
117203  -48.479  25.161  15.827 0.0000000000
116316  -48.619  25.152  15.274 0.0000000000
117216  -48.498  25.337  15.053 0.0000000000
117231  -47.429  25.357  13.775 0.0000000000
117215  -47.832  25.445  14.631 0.0000000000
117214  -46.713  25.743  14.155 0.0000000000
117201  -47.043  25.543  15.290 0.0000000000
117168  -45.254  25.627  17.330 0.0000000000
117110  -47.133  25.595  20.497 0.0000000000
117147  -44.457  25.618  18.505 0.0000000000
117968  -43.580  26.003  20.690 0.0000000000
104787  -42.269  12.753  5.841 0.0000000000
105978  -41.118  13.639  5.897 0.0000000000
110101  -35.029  17.734  20.845 0.0000000000
111011  -34.968  18.395  21.177 0.0000000000
111816  -36.839  20.165  21.014 0.0000000000
112647  -36.500  20.741  21.186 0.0000000000
114365  -34.500  22.183  22.090 0.0000000000
114384  -34.770  21.682  21.570 0.0000000000
114385  -35.214  21.887  21.655 0.0000000000
113486  -36.342  22.082  21.819 0.0000000000
113491  -37.871  21.538  21.066 0.0000000000
114388  -38.548  22.332  20.866 0.0000000000
114407  -38.779  21.819  20.393 0.0000000000
115328  -40.187  23.132  21.651 0.0000000000
114368  -41.237  22.976  21.859 0.0000000000
115266  -38.416  23.239  24.208 0.0000000000
115267  -39.465  23.280  24.281 0.0000000000
115270  -42.452  22.836  24.201 0.0000000000
115291  -42.084  23.316  23.498 0.0000000000
115308  -42.656  23.390  22.610 0.0000000000
115309  -43.671  23.313  22.944 0.0000000000
114371  -44.247  23.195  22.985 0.0000000000
115293  -43.619  23.205  23.584 0.0000000000
113462  -44.655  22.055  25.130 0.0000000000
114329  -45.066  23.152  24.433 0.0000000000
113463  -45.546  22.111  24.960 0.0000000000
114330  -45.850  22.813  24.479 0.0000000000
113464  -46.199  22.299  24.930 0.0000000000
109243  -49.773  16.670  16.382 0.0000000000
109224  -48.202  16.299  18.043 0.0000000000
108149  -48.509  16.014  16.749 0.0000000000
108132  -47.605  15.904  17.734 0.0000000000
108131  -46.807  15.535  17.649 0.0000000000
109172  -49.062  16.509  20.451 0.0000000000
110114  -48.786  16.883  20.467 0.0000000000
111835  -49.615  18.140  20.840 0.0000000000
110127  -48.263  16.860  19.987 0.0000000000
110128  -48.828  17.282  19.547 0.0000000000
108072  -45.196  15.977  20.125 0.0000000000
109168  -45.716  15.994  20.026 0.0000000000
108088  -44.716  15.564  19.519 0.0000000000
108108  -44.936  15.313  18.632 0.0000000000
108107  -44.297  15.191  18.952 0.0000000000
106966  -43.725  14.750  18.804 0.0000000000
108086  -43.399  15.194  19.897 0.0000000000
106921  -42.154  14.832  21.138 0.0000000000
106935  -42.359  14.670  20.448 0.0000000000
106934  -41.882  14.396  20.796 0.0000000000
105763  -41.293  13.950  20.645 0.0000000000
106920  -41.576  14.560  21.436 0.0000000000
106891  -43.257  14.783  24.406 0.0000000000
106890  -42.609  14.683  23.977 0.0000000000
106888  -40.369  14.681  23.458 0.0000000000
106918  -39.677  14.253  21.677 0.0000000000
105745  -38.901  13.619  21.585 0.0000000000
106917  -38.745  14.271  22.010 0.0000000000
104599  -44.770  12.236  20.383 0.0000000000
99227  -41.711  7.821  20.540 0.0000000000
99228  -42.658  7.623  20.611 0.0000000000
99229  -43.486  7.639  20.662 0.0000000000
100322  -42.398  8.593  20.329 0.0000000000
102368  -38.341  10.803  24.299 0.0000000000
101341  -38.927  9.990  22.934 0.0000000000
102383  -39.201  10.656  23.311 0.0000000000
103437  -40.663  11.729  23.348 0.0000000000
102392  -40.225  10.806  22.355 0.0000000000
102400  -41.245  10.890  21.302 0.0000000000
102408  -41.641  10.648  20.621 0.0000000000
102409  -42.523  10.709  19.924 0.0000000000
103452  -41.890  11.492  21.444 0.0000000000
105715  -42.108  13.365  24.471 0.0000000000
104576  -41.836  12.901  23.043 0.0000000000
105728  -42.199  13.246  23.749 0.0000000000
105730  -43.408  12.946  23.186 0.0000000000
105703  -43.087  13.531  25.265 0.0000000000
105691  -43.078  13.567  26.288 0.0000000000
106787  -41.331  14.149  29.629 0.0000000000
106788  -42.318  14.338  29.132 0.0000000000
107941  -41.528  14.564  28.977 0.0000000000
107967  -41.671  15.298  27.896 0.0000000000
106812  -40.292  14.791  27.927 0.0000000000
108023  -34.588  15.506  23.814 0.0000000000
108024  -35.499  15.259  23.738 0.0000000000
108053  -35.101  15.497  22.228 0.0000000000
109149  -33.983  16.360  22.976 0.0000000000
107986  -31.204  15.059  25.261 0.0000000000
108003  -31.971  14.957  24.745 0.0000000000
109129  -31.357  16.025  24.625 0.0000000000
111000  -31.187  18.511  23.144 0.0000000000
111004  -31.544  19.060  22.761 0.0000000000
111808  -30.901  19.551  22.634 0.0000000000
112640  -31.380  20.632  22.638 0.0000000000
107121  -50.257  14.806  8.937 0.0000000000
109342  -49.942  15.577  8.841 0.0000000000
108285  -49.566  15.398  7.648 0.0000000000
108298  -48.974  15.188  6.882 0.0000000000
107147  -49.349  14.586  6.664 0.0000000000
104664  -43.572  12.497  16.462 0.0000000000
104665  -44.614  12.812  16.280 0.0000000000
104708  -44.418  12.836  13.652 0.0000000000
104696  -44.999  12.898  14.143 0.0000000000
105915  -43.483  13.443  11.395 0.0000000000
105946  -45.016  13.682  9.767 0.0000000000
105933  -45.175  13.508  10.597 0.0000000000
105947  -45.750  13.735  9.914 0.0000000000
105934  -46.066  13.664  10.574 0.0000000000
107104  -46.605  14.115  9.531 0.0000000000
108295  -46.753  14.988  6.633 0.0000000000
108282  -47.082  14.939  7.192 0.0000000000
108309  -47.853  15.131  5.770 0.0000000000
108308  -47.005  15.023  5.938 0.0000000000
107158  -47.208  14.317  5.453 0.0000000000
107129  -43.316  14.620  7.175 0.0000000000
107128  -42.564  14.991  7.006 0.0000000000
108306  -42.601  15.285  5.319 0.0000000000
108294  -42.583  15.234  5.863 0.0000000000
107170  -43.644  14.258  4.389 0.0000000000
107169  -42.830  14.508  4.374 0.0000000000
106002  -42.425  14.070  4.326 0.0000000000
108304  -41.622  15.513  5.567 0.0000000000
107152  -41.115  14.864  5.886 0.0000000000
110112  -36.256  17.569  19.837 0.0000000000
111850  -38.181  19.109  18.487 0.0000000000
111044  -37.846  18.579  18.791 0.0000000000
111057  -38.591  17.882  18.015 0.0000000000
112669  -39.552  20.876  18.550 0.0000000000
112679  -39.693  20.885  17.980 0.0000000000
111864  -39.813  19.832  17.297 0.0000000000
110181  -40.388  17.368  16.165 0.0000000000
111082  -41.314  18.469  15.279 0.0000000000
111094  -41.781  18.219  14.448 0.0000000000
110212  -41.285  17.459  14.185 0.0000000000
115347  -44.794  23.297  20.513 0.0000000000
115388  -44.802  23.691  17.595 0.0000000000
115430  -45.746  23.336  14.977 0.0000000000
115417  -45.298  23.429  15.644 0.0000000000
114469  -44.872  22.956  14.712 0.0000000000
113552  -43.719  21.290  14.091 0.0000000000
113546  -43.815  21.336  14.996 0.0000000000
113540  -43.241  21.609  15.691 0.0000000000
112714  -42.886  20.370  14.649 0.0000000000
111127  -43.012  19.085  12.643 0.0000000000
111119  -42.901  19.174  13.392 0.0000000000
111145  -43.136  19.151  10.353 0.0000000000
111144  -42.645  18.775  9.646 0.0000000000
111925  -42.860  19.204  8.962 0.0000000000
111927  -44.262  20.475  9.346 0.0000000000
111943  -43.606  20.017  6.619 0.0000000000
111935  -44.188  20.250  7.223 0.0000000000
111162  -43.108  19.447  7.116 0.0000000000
111167  -42.273  18.766  5.898 0.0000000000
111954  -41.932  18.949  5.567 0.0000000000
111181  -41.815  18.336  4.764 0.0000000000
111180  -41.483  18.276  4.822 0.0000000000
109364  -40.627  16.601  5.682 0.0000000000
111166  -40.195  18.480  6.287 0.0000000000
113608  -42.660  22.082  8.372 0.0000000000
113591  -42.110  22.714  8.849 0.0000000000
112748  -42.158  20.610  8.808 0.0000000000
117212  -45.245  25.867  14.024 0.0000000000
117243  -44.617  25.439  12.389 0.0000000000
117228  -44.731  25.612  13.444 0.0000000000
117226  -42.615  25.632  12.985 0.0000000000
117256  -42.152  25.071  11.727 0.0000000000
117240  -41.426  25.099  12.408 0.0000000000
115428  -41.398  24.175  15.088 0.0000000000
116328  -41.180  24.356  14.275 0.0000000000
116347  -40.769  24.491  13.414 0.0000000000
117238  -39.371  25.589  11.969 0.0000000000
117254  -40.032  25.515  11.359 0.0000000000
117268  -40.735  25.104  10.824 0.0000000000
117267  -39.772  25.305  10.796 0.0000000000
115468  -39.811  23.683  10.254 0.0000000000
116392  -39.278  24.634  10.717 0.0000000000
114508  -37.929  23.222  10.652 0.0000000000
113579  -38.469  21.783  11.824 0.0000000000
113569  -38.028  21.566  12.435 0.0000000000
113578  -37.686  22.005  11.856 0.0000000000
113567  -36.527  21.824  12.506 0.0000000000
114478  -36.177  22.104  12.583 0.0000000000
114477  -35.630  22.521  12.919 0.0000000000
117222  -36.415  25.419  13.273 0.0000000000
116342  -35.319  24.964  13.615 0.0000000000
116343  -35.648  24.522  13.098 0.0000000000
114466  -35.318  22.538  13.997 0.0000000000
117124  -39.106  25.534  19.224 0.0000000000
117978  -38.591  26.244  19.724 0.0000000000
117122  -37.270  25.769  19.170 0.0000000000
106931  -36.428  14.415  20.408 0.0000000000
115255  -51.339  22.827  25.339 0.0000000000
115277  -49.821  23.420  24.939 0.0000000000
116210  -49.475  24.580  23.770 0.0000000000
116200  -48.964  24.216  24.727 0.0000000000
116193  -48.398  24.366  25.970 0.0000000000
105992  -47.291  13.467  4.866 0.0000000000
114344  -31.811  22.361  23.976 0.0000000000
106905  -46.187  14.334  23.369 0.0000000000
106892  -46.058  14.560  24.087 0.0000000000
106850  -45.807  14.939  25.709 0.0000000000
106874  -45.529  14.394  25.606 0.0000000000
106849  -45.364  14.465  26.281 0.0000000000
105677  -44.959  13.966  26.730 0.0000000000
107957  -33.804  15.212  29.607 0.0000000000
107956  -33.294  15.392  29.659 0.0000000000
107015  -46.844  14.755  15.983 0.0000000000
105856  -46.838  14.207  15.467 0.0000000000
105855  -45.918  13.473  15.014 0.0000000000
108192  -40.469  15.729  13.152 0.0000000000
107055  -40.690  14.646  12.350 0.0000000000
107068  -40.660  15.035  11.397 0.0000000000
108241  -41.118  15.640  9.837 0.0000000000
108240  -40.692  15.672  10.563 0.0000000000
109304  -41.113  16.770  10.515 0.0000000000
114428  -42.397  22.695  19.688 0.0000000000
115361  -43.050  23.010  19.478 0.0000000000
116334  -47.456  24.850  14.041 0.0000000000
116352  -46.788  24.500  13.832 0.0000000000
116353  -47.238  24.604  13.069 0.0000000000
114516  -45.537  22.917  10.983 0.0000000000
116405  -44.215  24.294  10.085 0.0000000000
116383  -43.843  24.398  11.441 0.0000000000
117145  -42.088  25.375  18.455 0.0000000000
116280  -40.852  24.668  16.855 0.0000000000
116278  -39.207  24.600  17.348 0.0000000000
116263  -38.433  25.020  18.007 0.0000000000
104613  -41.581  13.062  19.481 0.0000000000
104626  -41.165  12.641  18.889 0.0000000000
104641  -40.483  12.710  18.052 0.0000000000
106983  -39.065  14.070  16.834 0.0000000000
106998  -38.974  14.831  16.780 0.0000000000
108146  -39.666  15.398  15.728 0.0000000000
108161  -39.853  15.275  15.032 0.0000000000
109254  -40.070  16.002  15.347 0.0000000000
109241  -40.400  16.712  15.575 0.0000000000
115312  -46.266  22.955  22.495 0.0000000000
115313  -47.447  23.191  22.766 0.0000000000
116236  -50.221  24.229  21.111 0.0000000000
115352  -49.911  24.094  20.059 0.0000000000
116247  -50.529  24.333  19.532 0.0000000000
117135  -50.699  24.497  19.175 0.0000000000
117173  -49.124  24.668  18.331 0.0000000000
116284  -48.763  24.589  17.436 0.0000000000
117172  -48.687  25.025  17.784 0.0000000000
117190  -48.540  25.092  16.778 0.0000000000
117189  -48.082  25.396  16.530 0.0000000000
117170  -47.578  25.679  17.414 0.0000000000
117982  -44.124  25.878  20.112 0.0000000000
117983  -44.336  25.763  20.475 0.0000000000
117969  -44.273  25.731  21.146 0.0000000000
117955  -43.835  25.887  21.662 0.0000000000
104796  -41.861  13.474  4.787 0.0000000000
114348  -36.052  22.872  23.010 0.0000000000
114367  -36.198  22.731  22.145 0.0000000000
115326  -38.025  23.115  21.734 0.0000000000
115305  -39.536  23.514  22.458 0.0000000000
115271  -42.986  22.764  24.119 0.0000000000
114350  -43.488  22.992  24.116 0.0000000000
109226  -49.475  16.899  17.241 0.0000000000
109225  -48.753  16.747  17.650 0.0000000000
110102  -47.893  17.262  21.877 0.0000000000
109159  -47.284  16.596  21.355 0.0000000000
109170  -46.999  16.497  20.434 0.0000000000
109158  -46.466  16.415  20.972 0.0000000000
108061  -45.199  16.097  20.935 0.0000000000
108070  -43.835  15.633  20.484 0.0000000000
108058  -42.811  15.272  21.415 0.0000000000
106872  -42.050  14.764  24.592 0.0000000000
106871  -41.113  14.677  24.443 0.0000000000
106901  -38.587  14.561  22.795 0.0000000000
103408  -38.695  11.973  25.273 0.0000000000
103435  -39.267  11.228  23.808 0.0000000000
103409  -39.546  12.244  25.154 0.0000000000
103423  -40.605  11.959  24.233 0.0000000000
103438  -41.244  12.104  23.179 0.0000000000
104558  -40.761  12.460  25.022 0.0000000000
104548  -41.207  13.041  25.605 0.0000000000
105690  -42.007  13.351  26.400 0.0000000000
105674  -41.892  13.167  27.265 0.0000000000
105658  -41.490  13.195  28.029 0.0000000000
104485  -41.051  13.285  29.259 0.0000000000
106763  -40.548  14.165  30.418 0.0000000000
107990  -35.110  14.980  25.127 0.0000000000
108007  -35.468  15.248  24.644 0.0000000000
109141  -33.997  15.884  23.724 0.0000000000
109140  -33.323  16.034  23.918 0.0000000000
109139  -32.207  16.791  23.714 0.0000000000
109341  -49.658  15.697  8.672 0.0000000000
108271  -48.553  15.704  8.802 0.0000000000
108270  -47.876  15.361  8.604 0.0000000000
104681  -42.796  12.255  15.538 0.0000000000
104707  -43.657  12.719  13.620 0.0000000000
105883  -44.159  13.108  13.008 0.0000000000
105931  -43.145  13.822  10.369 0.0000000000
107119  -46.477  14.173  8.383 0.0000000000
107118  -45.618  14.130  8.388 0.0000000000
105968  -45.992  14.007  7.769 0.0000000000
107145  -46.081  14.745  6.602 0.0000000000
107144  -45.222  14.535  6.348 0.0000000000
107143  -44.164  14.482  6.126 0.0000000000
108268  -41.748  15.722  7.911 0.0000000000
108281  -42.092  15.401  6.931 0.0000000000
108293  -42.112  15.492  6.010 0.0000000000
108305  -42.048  15.494  5.230 0.0000000000
109358  -41.516  16.596  5.657 0.0000000000
111017  -37.084  18.900  19.792 0.0000000000
111832  -37.677  19.363  19.426 0.0000000000
111851  -38.752  19.968  18.457 0.0000000000
112696  -40.697  20.539  16.492 0.0000000000
111880  -40.840  18.840  15.856 0.0000000000
111881  -41.186  19.250  15.756 0.0000000000
115376  -45.608  23.598  18.643 0.0000000000
116266  -45.524  23.765  18.026 0.0000000000
116282  -45.591  23.714  17.800 0.0000000000
114480  -44.565  22.397  13.475 0.0000000000
114479  -43.912  21.867  13.786 0.0000000000
112722  -43.522  20.531  13.530 0.0000000000
111907  -42.985  19.061  11.545 0.0000000000
111916  -43.148  19.235  11.227 0.0000000000
111917  -43.633  19.508  10.754 0.0000000000
113609  -45.215  21.957  7.789 0.0000000000
113618  -45.317  21.406  6.700 0.0000000000
112766  -45.016  20.672  6.222 0.0000000000
111951  -43.605  20.445  6.155 0.0000000000
111950  -42.603  19.587  5.940 0.0000000000
111949  -41.918  19.542  6.159 0.0000000000
111941  -41.484  19.847  6.878 0.0000000000
115481  -42.448  23.476  9.460 0.0000000000
113599  -42.001  21.779  8.801 0.0000000000
114521  -41.626  22.567  9.305 0.0000000000
116351  -44.299  25.324  14.017 0.0000000000
116331  -44.039  24.972  14.470 0.0000000000
116349  -42.821  25.240  13.734 0.0000000000
116348  -41.782  24.913  13.368 0.0000000000
116346  -39.765  24.382  13.202 0.0000000000
117253  -39.078  25.532  11.378 0.0000000000
116380  -39.120  25.108  11.128 0.0000000000
116390  -37.866  24.096  10.571 0.0000000000
114489  -37.209  22.177  11.703 0.0000000000
114497  -36.981  23.075  11.364 0.0000000000
115455  -36.740  23.584  11.549 0.0000000000
115446  -36.381  23.630  12.189 0.0000000000
117209  -35.580  25.722  13.958 0.0000000000
117220  -34.990  25.577  13.795 0.0000000000
116323  -34.967  24.804  14.154 0.0000000000
115426  -34.930  23.596  14.557 0.0000000000
117195  -34.742  25.630  15.034 0.0000000000
106964  -38.239  14.193  18.136 0.0000000000
106981  -37.929  14.729  17.911 0.0000000000
108127  -37.909  15.410  17.514 0.0000000000
114356  -49.130  22.296  23.260 0.0000000000
114334  -49.541  22.396  24.174 0.0000000000
114358  -50.401  22.480  22.944 0.0000000000
115317  -50.581  23.321  22.718 0.0000000000
115278  -50.906  23.011  24.515 0.0000000000
116213  -50.684  23.470  23.295 0.0000000000
116225  -50.648  23.875  22.422 0.0000000000
117085  -49.949  24.571  21.428 0.0000000000
117097  -49.749  24.767  20.778 0.0000000000
117095  -47.822  25.336  21.293 0.0000000000
116221  -47.076  24.929  21.621 0.0000000000
117071  -46.362  24.988  23.302 0.0000000000
114346  -34.131  22.928  23.302 0.0000000000
114347  -35.173  22.964  22.976 0.0000000000
108033  -46.942  15.661  23.679 0.0000000000
108031  -44.787  15.358  23.574 0.0000000000
108012  -44.684  15.485  24.870 0.0000000000
108011  -43.779  15.152  25.017 0.0000000000
107981  -45.062  15.211  26.492 0.0000000000
106848  -42.503  14.860  25.462 0.0000000000
107994  -41.440  15.428  26.188 0.0000000000
107993  -40.554  15.487  25.974 0.0000000000
101340  -38.206  9.368  22.646 0.0000000000
101327  -37.422  9.959  23.810 0.0000000000
102367  -37.705  10.562  24.396 0.0000000000
103407  -37.786  11.584  25.553 0.0000000000
103392  -36.789  11.523  26.946 0.0000000000
104533  -38.118  12.185  27.706 0.0000000000
107987  -33.026  14.710  25.113 0.0000000000
106837  -32.968  14.611  25.627 0.0000000000
106836  -31.977  14.616  25.715 0.0000000000
106835  -31.104  14.679  26.039 0.0000000000
106806  -32.281  14.510  28.005 0.0000000000
106817  -31.690  14.758  26.881 0.0000000000
107985  -30.357  15.185  25.783 0.0000000000
105881  -41.358  13.321  13.523 0.0000000000
104721  -41.917  12.846  12.888 0.0000000000
104720  -41.620  13.129  13.113 0.0000000000
105913  -41.569  13.942  11.494 0.0000000000
107086  -43.029  14.133  9.862 0.0000000000
107101  -43.007  14.243  9.409 0.0000000000
105955  -43.352  14.090  9.109 0.0000000000
107114  -41.829  15.420  8.587 0.0000000000
108253  -41.496  15.826  9.013 0.0000000000
113498  -38.915  21.354  20.130 0.0000000000
112656  -38.862  20.967  19.587 0.0000000000
113512  -40.012  21.397  18.617 0.0000000000
114436  -40.302  21.952  18.391 0.0000000000
113520  -40.827  21.934  17.430 0.0000000000
113529  -41.268  21.910  16.824 0.0000000000
113530  -41.928  21.978  16.589 0.0000000000
115404  -47.129  23.792  16.484 0.0000000000
114481  -45.485  23.333  13.861 0.0000000000
113573  -44.604  21.751  11.945 0.0000000000
112737  -44.575  21.110  11.097 0.0000000000
113602  -45.283  22.031  9.196 0.0000000000
114536  -45.452  22.874  7.614 0.0000000000
115494  -45.499  23.058  7.350 0.0000000000
114548  -44.290  22.406  6.672 0.0000000000
114547  -43.631  22.378  7.386 0.0000000000
115502  -44.325  22.834  7.658 0.0000000000
115501  -43.670  22.891  8.047 0.0000000000
115491  -43.227  23.142  8.713 0.0000000000
115470  -41.866  23.526  10.331 0.0000000000
116296  -42.375  24.463  16.223 0.0000000000
115415  -41.543  24.092  15.681 0.0000000000
116310  -40.696  23.937  15.046 0.0000000000
117224  -38.198  25.400  13.027 0.0000000000
117211  -37.254  25.214  14.673 0.0000000000
117197  -36.414  25.487  15.257 0.0000000000
117180  -35.563  25.686  15.796 0.0000000000
104646  -44.936  13.131  17.213 0.0000000000
105818  -43.812  13.379  18.094 0.0000000000
105797  -39.166  13.296  18.511 0.0000000000
104660  -39.834  12.925  17.426 0.0000000000
105835  -39.666  13.386  16.516 0.0000000000
105836  -40.256  12.986  16.245 0.0000000000
107043  -40.469  14.732  13.398 0.0000000000
108175  -40.094  15.182  14.587 0.0000000000
114413  -44.240  23.229  20.961 0.0000000000
114414  -45.103  23.046  21.277 0.0000000000
115364  -46.244  23.609  19.680 0.0000000000
116254  -46.626  23.962  19.992 0.0000000000
114398  -49.104  22.866  22.101 0.0000000000
115335  -49.174  23.136  21.524 0.0000000000
115351  -49.342  23.541  20.300 0.0000000000
115420  -48.148  24.622  15.196 0.0000000000
116300  -48.591  24.859  16.375 0.0000000000
116315  -48.629  24.928  15.392 0.0000000000
116335  -48.245  25.124  14.562 0.0000000000
116354  -47.553  25.071  13.442 0.0000000000
117246  -47.325  25.419  12.920 0.0000000000
117245  -46.677  25.845  12.562 0.0000000000
117244  -45.689  26.111  12.564 0.0000000000
118033  -46.336  26.333  13.019 0.0000000000
117213  -45.889  26.220  14.132 0.0000000000
117199  -45.220  25.520  14.747 0.0000000000
116298  -43.966  24.871  15.872 0.0000000000
117131  -47.537  25.323  19.441 0.0000000000
117185  -43.595  25.054  16.675 0.0000000000
117166  -42.878  25.157  17.562 0.0000000000
117126  -41.320  25.721  19.534 0.0000000000
110110  -34.872  17.074  20.852 0.0000000000
111015  -35.477  18.363  20.596 0.0000000000
111821  -35.863  19.152  20.647 0.0000000000
111822  -36.937  19.557  20.457 0.0000000000
113484  -34.408  21.214  21.618 0.0000000000
113488  -35.116  21.243  21.406 0.0000000000
113485  -36.085  22.078  22.136 0.0000000000
112649  -38.171  20.993  20.921 0.0000000000
114408  -39.329  21.911  20.284 0.0000000000
114391  -41.834  23.002  21.148 0.0000000000
114392  -42.772  23.297  21.491 0.0000000000
115290  -41.095  23.442  23.487 0.0000000000
115329  -42.819  23.435  22.043 0.0000000000
115331  -44.060  23.395  22.296 0.0000000000
114372  -44.737  23.069  22.627 0.0000000000
114352  -45.309  23.202  23.196 0.0000000000
115295  -45.922  23.413  23.119 0.0000000000
115273  -46.207  23.313  23.920 0.0000000000
114331  -46.734  22.682  24.372 0.0000000000
113448  -46.303  22.219  25.611 0.0000000000
108150  -49.131  16.049  16.315 0.0000000000
107002  -47.513  15.265  16.549 0.0000000000
107001  -46.863  15.032  16.655 0.0000000000
106986  -46.403  14.979  17.330 0.0000000000
106984  -45.026  14.617  17.898 0.0000000000
109207  -48.478  16.792  18.648 0.0000000000
109206  -47.780  16.286  18.686 0.0000000000
109169  -46.239  16.210  20.219 0.0000000000
109187  -46.617  16.126  19.545 0.0000000000
108110  -46.421  15.921  18.538 0.0000000000
108109  -45.682  15.600  18.594 0.0000000000
108129  -45.434  15.194  18.020 0.0000000000
105800  -44.009  14.071  18.417 0.0000000000
106965  -43.134  14.495  18.933 0.0000000000
105780  -42.178  13.731  19.705 0.0000000000
105779  -41.373  13.635  19.898 0.0000000000
105778  -40.633  13.489  20.005 0.0000000000
108044  -42.705  15.267  22.415 0.0000000000
108043  -41.933  15.100  22.237 0.0000000000
106904  -41.311  14.780  22.248 0.0000000000
106919  -40.649  14.260  21.480 0.0000000000
106932  -40.117  13.992  21.212 0.0000000000
104598  -38.736  13.189  21.305 0.0000000000
105760  -38.238  13.170  20.884 0.0000000000
105759  -37.403  13.670  20.734 0.0000000000
105742  -36.677  14.192  20.928 0.0000000000
106930  -36.031  14.836  20.789 0.0000000000
104579  -44.717  12.886  22.426 0.0000000000
99215  -44.172  7.381  21.288 0.0000000000
100314  -44.851  7.488  21.068 0.0000000000
100324  -44.313  7.790  20.380 0.0000000000
101352  -39.131  9.720  21.956 0.0000000000
101353  -39.902  9.961  21.499 0.0000000000
102391  -39.632  10.563  22.707 0.0000000000
101362  -41.125  9.704  20.563 0.0000000000
101363  -42.027  9.630  20.277 0.0000000000
101373  -43.621  9.039  20.109 0.0000000000
100333  -44.250  8.681  19.963 0.0000000000
101365  -43.639  9.981  20.147 0.0000000000
103477  -43.289  11.079  19.744 0.0000000000
103464  -43.597  11.428  19.918 0.0000000000
103445  -41.751  11.963  22.384 0.0000000000
103446  -42.441  12.156  21.979 0.0000000000
103454  -43.602  12.092  20.828 0.0000000000
104589  -43.739  12.646  21.765 0.0000000000
104578  -43.885  12.705  22.887 0.0000000000
104569  -44.347  13.042  23.437 0.0000000000
105704  -44.036  13.735  25.010 0.0000000000
105692  -43.895  13.886  25.840 0.0000000000
105676  -43.982  14.038  27.002 0.0000000000
105659  -42.538  13.628  28.014 0.0000000000
106802  -43.410  14.468  29.127 0.0000000000
107969  -43.305  15.183  28.814 0.0000000000
107968  -42.599  15.462  28.344 0.0000000000
107977  -41.142  15.537  26.891 0.0000000000
107976  -40.324  15.173  26.629 0.0000000000
105627  -39.835  13.707  30.088 0.0000000000
106784  -39.336  14.337  29.821 0.0000000000
106800  -39.351  14.636  29.309 0.0000000000
105655  -38.661  14.133  28.283 0.0000000000
106811  -39.414  14.389  28.084 0.0000000000
106824  -39.898  14.520  27.028 0.0000000000
107975  -39.458  15.032  26.290 0.0000000000
107991  -39.195  15.068  25.751 0.0000000000
109156  -35.095  15.737  21.681 0.0000000000
109165  -34.653  16.691  21.199 0.0000000000
110099  -33.929  17.664  21.884 0.0000000000
111009  -33.711  18.047  22.024 0.0000000000
111810  -32.804  19.530  22.476 0.0000000000
108004  -32.840  15.011  24.813 0.0000000000
109130  -32.465  15.718  24.364 0.0000000000
112641  -32.400  20.445  22.542 0.0000000000
113481  -32.153  21.180  22.636 0.0000000000
112636  -30.357  20.768  23.062 0.0000000000
112637  -31.029  21.304  23.073 0.0000000000
113477  -30.719  21.945  23.722 0.0000000000
107135  -50.307  14.543  8.105 0.0000000000
108272  -49.958  15.509  8.304 0.0000000000
107160  -49.009  14.183  5.644 0.0000000000
104666  -45.357  13.213  16.643 0.0000000000
105837  -45.439  13.064  15.788 0.0000000000
104684  -45.299  13.127  14.748 0.0000000000
104697  -45.503  13.287  14.321 0.0000000000
105868  -46.009  13.535  13.950 0.0000000000
105916  -44.489  13.439  11.427 0.0000000000
107105  -47.667  14.638  9.529 0.0000000000
108283  -47.696  15.101  7.566 0.0000000000
107133  -47.058  14.581  7.804 0.0000000000
108297  -48.275  15.234  6.672 0.0000000000
106007  -46.766  13.704  4.584 0.0000000000
104812  -45.858  13.614  4.380 0.0000000000
106005  -45.434  13.640  4.289 0.0000000000
106004  -44.043  13.481  4.244 0.0000000000
107155  -43.965  14.473  5.056 0.0000000000
104808  -42.153  13.771  4.480 0.0000000000
106001  -41.918  14.079  4.554 0.0000000000
107167  -41.773  14.640  4.777 0.0000000000
105987  -41.196  14.370  5.711 0.0000000000
110123  -36.044  16.964  19.863 0.0000000000
110124  -36.663  17.180  19.408 0.0000000000
110125  -37.451  17.183  19.049 0.0000000000
111026  -37.369  18.201  19.267 0.0000000000
111027  -37.800  17.627  18.964 0.0000000000
110126  -37.901  17.233  18.723 0.0000000000
110145  -38.118  17.353  18.049 0.0000000000
110161  -38.648  17.468  17.386 0.0000000000
110179  -39.004  17.449  16.915 0.0000000000
112668  -39.137  20.648  18.948 0.0000000000
112688  -39.578  20.195  17.656 0.0000000000
111863  -39.247  19.275  17.629 0.0000000000
110162  -39.219  17.773  17.222 0.0000000000
110180  -39.578  17.477  16.714 0.0000000000
110197  -40.897  17.413  15.185 0.0000000000
110225  -41.092  17.718  13.511 0.0000000000
110224  -40.739  18.076  12.950 0.0000000000
114430  -43.813  23.153  20.411 0.0000000000
115374  -43.360  23.254  18.733 0.0000000000
115375  -44.525  23.678  18.638 0.0000000000
114452  -42.319  22.177  16.656 0.0000000000
113539  -42.441  21.650  16.129 0.0000000000
115416  -44.509  23.317  15.915 0.0000000000
112699  -42.695  21.060  15.621 0.0000000000
112706  -42.460  20.482  15.155 0.0000000000
111888  -42.625  19.668  14.573 0.0000000000
111896  -43.244  19.650  13.972 0.0000000000
111107  -42.872  19.213  13.853 0.0000000000
111106  -42.538  18.779  13.997 0.0000000000
111104  -41.244  18.266  12.815 0.0000000000
110239  -41.579  17.830  11.823 0.0000000000
111135  -41.695  18.141  10.322 0.0000000000
111136  -42.559  18.924  10.968 0.0000000000
111152  -41.702  18.210  8.019 0.0000000000
111160  -42.087  18.330  7.442 0.0000000000
112757  -44.308  20.418  7.896 0.0000000000
111933  -43.152  19.259  8.453 0.0000000000
111154  -43.069  19.116  7.736 0.0000000000
110284  -42.206  18.163  6.919 0.0000000000
110290  -42.157  18.127  6.255 0.0000000000
110295  -41.841  17.394  5.089 0.0000000000
111173  -42.127  18.567  5.159 0.0000000000
111182  -42.046  18.230  4.771 0.0000000000
110294  -41.260  17.583  4.992 0.0000000000
113607  -42.888  21.939  7.587 0.0000000000
112756  -42.407  21.271  7.403 0.0000000000
117257  -44.884  25.357  11.760 0.0000000000
116367  -44.152  24.888  12.057 0.0000000000
117227  -43.621  25.659  13.139 0.0000000000
116366  -43.177  24.827  11.984 0.0000000000
116394  -41.374  24.209  10.648 0.0000000000
116329  -42.094  24.636  14.659 0.0000000000
116364  -40.479  24.713  12.656 0.0000000000
117255  -41.065  25.229  11.526 0.0000000000
114500  -39.915  22.364  11.454 0.0000000000
115467  -38.893  23.735  10.522 0.0000000000
113580  -39.487  21.544  11.802 0.0000000000
112734  -38.993  20.984  11.865 0.0000000000
113568  -37.175  21.771  12.260 0.0000000000
113559  -36.945  21.478  13.078 0.0000000000
116359  -36.128  24.445  12.555 0.0000000000
117234  -35.815  24.985  12.809 0.0000000000
115445  -35.851  23.631  12.702 0.0000000000
117070  -45.278  25.213  23.542 0.0000000000
117954  -42.978  26.304  21.677 0.0000000000
117967  -42.472  26.192  20.861 0.0000000000
117105  -41.469  25.951  20.211 0.0000000000
117965  -40.712  26.682  20.661 0.0000000000
117980  -40.415  26.151  20.058 0.0000000000
117142  -38.579  25.181  18.517 0.0000000000
117162  -38.130  25.290  17.995 0.0000000000
117141  -37.748  25.435  18.531 0.0000000000
117161  -37.457  25.177  17.852 0.0000000000
117160  -36.555  25.160  17.441 0.0000000000
99230  -43.885  7.531  20.863 0.0000000000
100284  -37.655  9.625  23.350 0.0000000000
100299  -37.803  9.272  23.156 0.0000000000
100310  -37.483  8.575  21.952 0.0000000000
100311  -38.069  8.474  21.647 0.0000000000
100320  -40.598  8.938  20.752 0.0000000000
100332  -43.844  8.867  20.038 0.0000000000
101312  -37.258  10.232  24.324 0.0000000000
101329  -38.778  10.290  23.311 0.0000000000
101339  -37.656  9.094  22.122 0.0000000000
101351  -38.170  9.210  21.791 0.0000000000
101361  -40.389  9.839  20.954 0.0000000000
101374  -43.990  9.508  20.057 0.0000000000
102354  -37.490  11.071  24.830 0.0000000000
102381  -38.064  10.388  23.884 0.0000000000
102382  -38.694  10.663  23.757 0.0000000000
102399  -40.564  10.618  21.677 0.0000000000
102410  -43.337  10.556  19.901 0.0000000000
102411  -43.942  10.486  20.094 0.0000000000
102420  -42.819  11.218  19.790 0.0000000000
102421  -43.005  10.988  19.657 0.0000000000
103393  -37.739  12.058  26.767 0.0000000000
103421  -38.894  11.500  24.422 0.0000000000
103422  -39.745  11.785  24.302 0.0000000000
103424  -41.185  12.018  23.912 0.0000000000
103443  -40.178  11.282  22.788 0.0000000000
103451  -41.232  11.288  21.850 0.0000000000
103453  -42.796  12.097  21.255 0.0000000000
103455  -44.105  12.093  20.355 0.0000000000
103462  -42.288  11.358  20.659 0.0000000000
103476  -43.107  11.321  19.775 0.0000000000
103478  -44.940  10.933  19.399 0.0000000000
104483  -39.926  13.050  29.570 0.0000000000
104484  -40.700  13.231  29.460 0.0000000000
104505  -40.885  13.053  29.065 0.0000000000
104535  -39.646  12.716  26.691 0.0000000000
104537  -41.201  12.894  26.528 0.0000000000
104547  -40.362  12.819  25.692 0.0000000000
104559  -41.280  12.708  24.604 0.0000000000
104570  -44.585  13.051  23.141 0.0000000000
104586  -38.264  13.339  21.284 0.0000000000
104587  -38.507  13.402  21.412 0.0000000000
104588  -43.089  12.583  22.078 0.0000000000
104597  -38.456  13.191  21.244 0.0000000000
104610  -39.864  13.168  19.377 0.0000000000
104705  -41.716  12.793  13.513 0.0000000000
104800  -46.119  13.312  4.534 0.0000000000
104801  -46.716  13.256  4.608 0.0000000000
104802  -47.022  13.446  4.693 0.0000000000
104809  -42.461  13.521  4.500 0.0000000000
104813  -46.402  13.531  4.499 0.0000000000
104814  -46.722  13.489  4.566 0.0000000000
105605  -40.478  13.952  30.532 0.0000000000
105606  -40.905  13.917  30.449 0.0000000000
105607  -41.106  14.030  30.164 0.0000000000
105629  -41.344  13.825  29.504 0.0000000000
105630  -42.733  14.081  29.128 0.0000000000
105631  -43.256  14.149  29.201 0.0000000000
105644  -40.868  13.026  28.785 0.0000000000
105645  -41.248  13.269  28.853 0.0000000000
105647  -43.233  13.946  28.819 0.0000000000
105656  -39.030  14.636  28.754 0.0000000000
105673  -40.159  13.239  26.142 0.0000000000
105675  -42.879  13.577  27.196 0.0000000000
105688  -39.769  13.093  26.199 0.0000000000
105689  -39.918  13.102  25.842 0.0000000000
105716  -43.077  13.312  24.304 0.0000000000
105729  -42.849  13.150  23.411 0.0000000000
105746  -40.733  13.967  21.211 0.0000000000
105747  -41.011  13.994  21.208 0.0000000000
105758  -36.850  13.971  20.704 0.0000000000
105774  -36.899  13.894  20.263 0.0000000000
105839  -46.526  14.548  16.227 0.0000000000
105854  -45.342  13.135  15.170 0.0000000000
105867  -45.446  13.305  13.752 0.0000000000
105957  -46.209  13.870  8.022 0.0000000000
105969  -46.252  14.106  7.786 0.0000000000
106006  -46.189  13.855  4.362 0.0000000000
106764  -40.790  14.158  30.495 0.0000000000
106765  -41.015  14.127  30.372 0.0000000000
106779  -33.071  15.484  29.645 0.0000000000
106785  -39.946  14.267  30.070 0.0000000000
106786  -40.897  14.346  29.663 0.0000000000
106789  -43.068  14.365  29.297 0.0000000000
106813  -43.688  14.630  28.326 0.0000000000
106862  -32.780  14.691  25.117 0.0000000000
106875  -45.989  14.530  25.009 0.0000000000
106876  -46.455  15.074  24.440 0.0000000000
106933  -40.414  13.990  21.214 0.0000000000
106947  -43.371  14.926  19.336 0.0000000000
106985  -45.820  14.606  17.407 0.0000000000
107132  -46.399  14.480  7.495 0.0000000000
107942  -41.893  14.461  29.084 0.0000000000
107943  -42.455  14.593  29.231 0.0000000000
107944  -42.833  14.549  29.343 0.0000000000
107958  -41.099  14.776  28.545 0.0000000000
107959  -41.962  15.121  28.766 0.0000000000
107961  -43.059  14.781  29.335 0.0000000000
107966  -40.836  15.138  27.508 0.0000000000
107974  -38.937  15.023  26.037 0.0000000000
107988  -33.274  14.736  25.096 0.0000000000
107992  -39.789  15.204  25.828 0.0000000000
107998  -45.442  15.533  25.766 0.0000000000
108028  -41.766  14.933  22.694 0.0000000000
108087  -43.964  15.324  19.615 0.0000000000
108089  -45.458  15.723  19.415 0.0000000000
108133  -48.170  16.133  17.413 0.0000000000
108148  -47.874  15.646  16.977 0.0000000000
108163  -48.024  15.446  16.216 0.0000000000
108273  -50.128  15.309  8.740 0.0000000000
108316  -41.720  15.052  4.984 0.0000000000
109150  -45.952  16.225  21.423 0.0000000000
109152  -47.591  16.492  22.164 0.0000000000
109186  -46.006  15.937  19.698 0.0000000000
109189  -48.229  16.688  19.337 0.0000000000
109205  -47.100  16.128  18.964 0.0000000000
109281  -40.766  17.565  13.270 0.0000000000
109351  -49.308  15.806  8.055 0.0000000000
110104  -49.981  17.990  21.486 0.0000000000
110105  -50.205  17.947  21.320 0.0000000000
110116  -50.222  17.626  20.642 0.0000000000
110129  -49.516  17.529  19.422 0.0000000000
110304  -41.844  17.947  4.749 0.0000000000
110305  -42.181  17.992  4.822 0.0000000000
111012  -49.833  18.214  21.247 0.0000000000
111013  -50.095  18.289  21.286 0.0000000000
111018  -49.388  17.346  20.165 0.0000000000
111019  -49.633  17.819  20.757 0.0000000000
111020  -50.331  18.273  21.036 0.0000000000
111029  -49.784  17.786  20.317 0.0000000000
111030  -50.238  18.067  20.505 0.0000000000
111068  -39.573  18.246  17.223 0.0000000000
111116  -41.248  18.034  12.577 0.0000000000
111172  -41.680  18.629  5.086 0.0000000000
111817  -49.867  18.588  21.073 0.0000000000
111818  -49.926  18.452  21.190 0.0000000000
111823  -49.754  18.394  21.043 0.0000000000
111824  -50.089  18.600  21.049 0.0000000000
111834  -38.857  20.178  18.982 0.0000000000
111836  -49.892  18.299  20.743 0.0000000000
111895  -42.852  19.287  14.098 0.0000000000
111944  -44.355  20.489  6.659 0.0000000000
111953  -41.503  18.954  5.627 0.0000000000
112765  -44.196  20.583  6.261 0.0000000000
112771  -45.330  20.863  5.693 0.0000000000
112776  -44.797  21.111  5.482 0.0000000000
112777  -45.162  21.174  5.526 0.0000000000
112778  -45.328  21.290  5.662 0.0000000000
113431  -50.716  22.294  25.528 0.0000000000
113432  -51.126  22.513  25.202 0.0000000000
113453  -50.594  22.156  25.065 0.0000000000
113469  -50.678  22.464  24.886 0.0000000000
113470  -51.169  22.766  24.684 0.0000000000
113592  -42.112  22.897  8.945 0.0000000000
113594  -45.606  22.530  10.853 0.0000000000
113600  -42.411  21.998  8.360 0.0000000000
113601  -42.218  22.481  8.600 0.0000000000
113610  -45.766  22.429  7.331 0.0000000000
113617  -43.964  22.191  5.956 0.0000000000
113620  -46.101  22.444  6.884 0.0000000000
113626  -44.214  21.614  5.706 0.0000000000
113627  -45.575  20.895  6.151 0.0000000000
113628  -45.536  21.612  6.301 0.0000000000
113629  -45.859  22.120  6.800 0.0000000000
113638  -44.812  21.550  5.657 0.0000000000
113639  -45.192  21.525  5.731 0.0000000000
113640  -45.427  21.442  5.835 0.0000000000
114294  -51.014  22.681  25.374 0.0000000000
114295  -51.333  22.673  25.159 0.0000000000
114313  -51.259  22.649  24.962 0.0000000000
114335  -49.967  22.767  24.086 0.0000000000
114336  -50.579  22.979  24.138 0.0000000000
114337  -51.166  22.850  24.164 0.0000000000
114353  -45.785  23.098  22.705 0.0000000000
114359  -50.595  22.964  23.899 0.0000000000
114370  -42.572  23.328  22.014 0.0000000000
114373  -45.689  22.730  22.447 0.0000000000
114374  -46.018  22.246  22.170 0.0000000000
114377  -49.555  22.729  22.411 0.0000000000
114378  -50.339  22.776  22.784 0.0000000000
114379  -50.683  22.899  23.246 0.0000000000
114380  -50.585  22.866  23.537 0.0000000000
114396  -45.795  22.375  21.975 0.0000000000
114397  -48.826  23.023  22.026 0.0000000000
114439  -42.809  22.972  18.570 0.0000000000
114513  -42.104  22.962  9.016 0.0000000000
114514  -42.283  23.000  8.808 0.0000000000
114515  -45.163  23.002  10.503 0.0000000000
114523  -42.128  22.786  8.820 0.0000000000
114534  -42.638  22.358  8.487 0.0000000000
114549  -44.802  22.633  6.728 0.0000000000
114550  -46.006  22.916  7.271 0.0000000000
114551  -46.212  22.844  6.924 0.0000000000
114561  -44.334  22.184  5.988 0.0000000000
114563  -45.394  22.279  6.388 0.0000000000
114564  -45.960  22.584  6.637 0.0000000000
114572  -44.605  21.976  5.852 0.0000000000
114573  -44.986  21.991  5.968 0.0000000000
114574  -45.351  21.773  5.994 0.0000000000
115254  -50.809  22.978  25.659 0.0000000000
115260  -51.113  22.841  25.148 0.0000000000
115274  -46.516  23.144  23.927 0.0000000000
115294  -45.437  23.395  23.639 0.0000000000
115297  -47.420  22.914  23.366 0.0000000000
115298  -50.634  23.020  23.907 0.0000000000
115310  -44.207  23.281  22.728 0.0000000000
115314  -48.088  23.025  22.493 0.0000000000
115318  -50.696  23.159  23.322 0.0000000000
115324  -36.551  23.050  21.827 0.0000000000
115399  -40.958  23.668  15.984 0.0000000000
115407  -48.715  24.567  16.970 0.0000000000
115414  -41.092  23.755  15.659 0.0000000000
115441  -46.612  24.479  12.626 0.0000000000
115448  -46.448  24.653  12.334 0.0000000000
115456  -37.124  23.586  11.026 0.0000000000
115465  -37.632  23.619  10.683 0.0000000000
115471  -44.075  23.823  10.878 0.0000000000
115503  -44.928  22.969  7.157 0.0000000000
115504  -45.800  23.187  6.950 0.0000000000
115505  -46.098  23.096  6.728 0.0000000000
115511  -45.031  22.850  6.824 0.0000000000
115512  -45.790  22.923  6.653 0.0000000000
115513  -45.991  23.000  6.543 0.0000000000
116195  -50.659  23.073  24.719 0.0000000000
116202  -50.042  23.628  24.410 0.0000000000
116203  -50.449  23.178  23.993 0.0000000000
116207  -37.889  24.230  22.986 0.0000000000
116208  -38.194  24.144  23.098 0.0000000000
116219  -38.406  24.024  22.902 0.0000000000
116220  -46.841  24.959  21.600 0.0000000000
116226  -50.758  23.477  22.926 0.0000000000
116233  -46.913  25.245  21.494 0.0000000000
116234  -47.255  25.239  21.492 0.0000000000
116235  -50.051  24.487  20.643 0.0000000000
116237  -50.540  23.976  21.835 0.0000000000
116244  -46.502  23.687  20.342 0.0000000000
116255  -46.871  24.209  19.994 0.0000000000
116256  -50.037  24.453  18.907 0.0000000000
116257  -50.599  24.304  18.868 0.0000000000
116267  -49.616  24.324  18.644 0.0000000000
116268  -50.305  24.347  18.804 0.0000000000
116281  -45.358  23.792  17.838 0.0000000000
116290  -36.968  24.759  16.709 0.0000000000
116295  -41.549  24.331  16.387 0.0000000000
116301  -48.651  24.709  16.782 0.0000000000
116311  -42.001  24.412  15.610 0.0000000000
116324  -35.431  24.340  13.599 0.0000000000
116344  -38.137  25.150  13.360 0.0000000000
116361  -37.351  24.858  11.774 0.0000000000
116391  -38.372  24.289  10.697 0.0000000000
116397  -44.156  24.049  10.526 0.0000000000
117078  -44.013  25.756  22.174 0.0000000000
117082  -47.572  24.748  21.981 0.0000000000
117098  -49.985  24.558  21.111 0.0000000000
117114  -50.366  24.517  19.485 0.0000000000
117134  -49.986  24.656  19.169 0.0000000000
117153  -49.623  24.650  18.789 0.0000000000
117956  -44.270  25.697  21.601 0.0000000000
118020  -46.120  26.462  13.795 0.0000000000
118021  -46.240  26.290  13.915 0.0000000000
118027  -46.056  26.473  13.513 0.0000000000
118028  -46.382  26.249  13.593 0.0000000000
118032  -45.939  26.415  13.077 0.0000000000
