#!ascii label  , from subject 4027 vox2ras=TkReg
999
58671  31.771  -30.046  30.773 0.0000000000
80365  43.735  -11.673  19.240 0.0000000000
67255  36.971  -22.755  23.723 0.0000000000
45073  18.892  -41.567  36.144 0.0000000000
53916  28.361  -32.984  32.658 0.0000000000
75398  35.325  -15.488  25.053 0.0000000000
49188  24.520  -37.933  34.193 0.0000000000
45083  23.172  -41.465  35.594 0.0000000000
49208  26.599  -38.684  33.072 0.0000000000
76657  47.836  -14.845  19.262 0.0000000000
63369  30.587  -25.606  31.469 0.0000000000
63392  33.276  -26.159  28.542 0.0000000000
59841  34.873  -29.827  32.198 0.0000000000
81504  47.457  -9.692  18.069 0.0000000000
77923  50.925  -13.194  16.608 0.0000000000
82550  40.469  -9.847  22.489 0.0000000000
75469  41.725  -15.246  21.475 0.0000000000
76615  37.879  -14.550  22.573 0.0000000000
70640  39.410  -19.638  23.461 0.0000000000
51435  33.626  -34.895  33.060 0.0000000000
41595  18.147  -44.900  38.578 0.0000000000
41581  13.199  -44.053  39.579 0.0000000000
42663  10.728  -43.758  44.608 0.0000000000
56418  29.292  -31.780  31.461 0.0000000000
51439  30.390  -37.170  32.164 0.0000000000
67231  32.890  -22.552  26.692 0.0000000000
63409  38.741  -25.922  28.426 0.0000000000
83749  51.786  -9.141  15.328 0.0000000000
77877  45.528  -13.887  19.099 0.0000000000
77865  44.395  -14.511  20.427 0.0000000000
62209  29.819  -27.374  30.865 0.0000000000
61066  31.537  -28.098  29.880 0.0000000000
59865  32.537  -29.592  30.976 0.0000000000
83703  43.713  -9.027  20.559 0.0000000000
83714  46.586  -8.666  19.874 0.0000000000
81506  45.286  -10.435  18.538 0.0000000000
79185  46.841  -12.775  17.595 0.0000000000
40315  9.102  -45.615  42.739 0.0000000000
80330  38.561  -11.479  22.630 0.0000000000
81427  37.338  -11.367  24.340 0.0000000000
71813  35.069  -18.545  23.621 0.0000000000
73039  36.403  -17.422  23.328 0.0000000000
68461  38.328  -21.142  23.073 0.0000000000
65994  39.823  -23.958  25.325 0.0000000000
46104  21.398  -41.523  35.505 0.0000000000
43917  22.405  -42.705  37.403 0.0000000000
42780  20.685  -43.663  37.591 0.0000000000
42748  20.042  -44.191  38.926 0.0000000000
43901  18.638  -43.182  37.932 0.0000000000
43905  14.578  -42.846  38.937 0.0000000000
42691  12.143  -43.466  42.025 0.0000000000
53944  29.210  -33.132  31.881 0.0000000000
52698  29.912  -33.891  30.568 0.0000000000
51474  28.240  -35.053  31.357 0.0000000000
49162  26.934  -38.519  35.086 0.0000000000
49184  28.493  -38.158  34.521 0.0000000000
61053  37.004  -27.375  30.532 0.0000000000
64646  35.953  -25.886  28.320 0.0000000000
80299  36.544  -11.597  26.360 0.0000000000
74209  35.140  -16.499  26.539 0.0000000000
70631  34.621  -19.608  24.953 0.0000000000
48132  25.024  -39.054  35.768 0.0000000000
46102  25.209  -40.744  35.916 0.0000000000
47137  24.044  -39.898  34.681 0.0000000000
47157  20.966  -39.822  33.903 0.0000000000
47127  19.812  -39.383  35.352 0.0000000000
51457  26.977  -34.843  31.668 0.0000000000
51422  25.560  -33.816  32.764 0.0000000000
50254  25.391  -37.154  34.142 0.0000000000
64612  31.946  -24.130  32.626 0.0000000000
64636  31.235  -24.146  29.785 0.0000000000
63393  32.117  -25.942  29.282 0.0000000000
59885  35.025  -29.002  29.971 0.0000000000
81526  51.265  -10.765  16.868 0.0000000000
80402  49.053  -11.756  16.796 0.0000000000
76683  49.010  -14.378  17.770 0.0000000000
81471  41.686  -9.905  20.875 0.0000000000
77867  42.321  -13.477  20.604 0.0000000000
79140  40.637  -12.509  21.159 0.0000000000
76632  40.006  -14.511  21.416 0.0000000000
75419  39.818  -16.377  23.349 0.0000000000
76595  36.744  -14.566  23.638 0.0000000000
73037  38.616  -17.434  23.080 0.0000000000
55175  32.710  -32.634  31.743 0.0000000000
56370  34.145  -31.849  33.285 0.0000000000
82534  42.678  -9.089  22.892 0.0000000000
45074  17.381  -41.068  36.594 0.0000000000
43903  16.327  -42.631  38.224 0.0000000000
40382  15.708  -44.644  38.683 0.0000000000
40356  14.766  -45.921  39.858 0.0000000000
40335  12.122  -45.396  41.133 0.0000000000
41515  10.382  -44.564  42.409 0.0000000000
41475  9.554  -44.259  44.483 0.0000000000
41459  7.640  -45.071  45.651 0.0000000000
57552  30.074  -30.514  30.532 0.0000000000
53942  31.363  -33.608  31.075 0.0000000000
51437  31.979  -36.327  32.779 0.0000000000
50271  28.928  -37.464  32.730 0.0000000000
66012  34.910  -23.099  24.497 0.0000000000
64668  33.214  -24.737  27.823 0.0000000000
64702  34.722  -24.641  26.098 0.0000000000
64716  38.023  -25.033  25.404 0.0000000000
58603  35.182  -30.446  34.934 0.0000000000
83763  52.590  -8.413  13.496 0.0000000000
80412  52.558  -10.895  15.888 0.0000000000
80418  53.829  -11.285  14.597 0.0000000000
79160  44.158  -12.662  19.057 0.0000000000
77878  44.657  -13.753  19.300 0.0000000000
77879  43.850  -13.481  19.585 0.0000000000
61056  29.959  -28.402  31.275 0.0000000000
61054  31.294  -28.606  30.743 0.0000000000
58655  33.079  -30.311  31.745 0.0000000000
82601  43.701  -10.055  19.704 0.0000000000
82600  44.456  -9.660  19.492 0.0000000000
81486  44.343  -10.676  19.177 0.0000000000
80363  45.039  -11.990  18.601 0.0000000000
39156  7.739  -46.257  42.976 0.0000000000
81425  38.432  -10.549  24.349 0.0000000000
81411  37.609  -10.357  26.340 0.0000000000
69566  36.023  -20.397  23.106 0.0000000000
69565  37.095  -20.324  22.809 0.0000000000
68450  38.047  -21.821  23.080 0.0000000000
67253  39.163  -22.970  23.766 0.0000000000
67254  38.046  -22.787  23.330 0.0000000000
45072  20.586  -41.673  35.767 0.0000000000
43937  20.966  -42.557  36.349 0.0000000000
43938  19.940  -42.435  36.368 0.0000000000
43900  19.591  -43.515  37.737 0.0000000000
43920  19.043  -42.927  36.820 0.0000000000
53928  28.905  -33.331  32.314 0.0000000000
53945  28.619  -33.630  31.346 0.0000000000
53946  27.758  -33.740  31.563 0.0000000000
47122  26.793  -39.514  36.066 0.0000000000
67159  31.690  -21.779  31.140 0.0000000000
62191  38.087  -26.785  30.853 0.0000000000
71769  34.655  -17.784  25.882 0.0000000000
70625  34.706  -19.289  25.958 0.0000000000
47136  24.518  -39.583  34.984 0.0000000000
48153  23.741  -39.032  33.611 0.0000000000
48155  21.484  -38.178  34.451 0.0000000000
48156  20.663  -37.981  34.896 0.0000000000
46151  19.918  -39.841  34.043 0.0000000000
51424  23.776  -34.909  33.485 0.0000000000
50275  24.401  -35.560  33.647 0.0000000000
50255  24.138  -36.250  34.106 0.0000000000
49187  25.426  -38.596  34.375 0.0000000000
63381  31.582  -25.181  30.330 0.0000000000
62207  30.890  -26.108  29.824 0.0000000000
59864  33.827  -29.911  30.951 0.0000000000
61076  33.183  -27.926  29.646 0.0000000000
59863  34.828  -29.303  31.088 0.0000000000
59862  35.836  -28.786  31.034 0.0000000000
59818  36.625  -29.191  33.077 0.0000000000
82616  46.710  -9.350  18.635 0.0000000000
80388  49.447  -10.832  16.851 0.0000000000
80377  47.790  -10.447  17.203 0.0000000000
76672  47.062  -13.857  18.557 0.0000000000
77892  48.095  -13.794  17.977 0.0000000000
76670  48.471  -14.569  18.389 0.0000000000
82567  40.899  -9.790  21.957 0.0000000000
80340  40.914  -11.494  21.062 0.0000000000
81455  39.887  -10.746  21.830 0.0000000000
79130  38.243  -12.662  22.112 0.0000000000
77834  39.135  -13.579  21.739 0.0000000000
76614  38.802  -14.531  22.050 0.0000000000
75453  39.618  -15.408  21.828 0.0000000000
75454  38.695  -15.325  22.360 0.0000000000
77792  35.498  -13.908  25.401 0.0000000000
77791  35.980  -13.276  25.161 0.0000000000
76580  35.651  -14.542  24.649 0.0000000000
71810  38.324  -18.418  23.138 0.0000000000
73038  37.594  -17.453  23.223 0.0000000000
71793  39.266  -18.490  23.313 0.0000000000
73008  39.743  -17.551  23.469 0.0000000000
53912  33.014  -33.473  32.402 0.0000000000
53897  34.496  -32.938  33.039 0.0000000000
83648  40.820  -8.627  24.097 0.0000000000
82535  41.831  -9.210  23.000 0.0000000000
82565  42.303  -9.504  21.586 0.0000000000
45082  23.999  -41.360  35.706 0.0000000000
45053  23.837  -41.892  36.921 0.0000000000
42766  19.159  -44.521  38.314 0.0000000000
41552  19.344  -44.855  40.170 0.0000000000
41576  18.219  -44.646  39.452 0.0000000000
41577  17.352  -44.920  39.368 0.0000000000
45076  16.084  -40.627  37.457 0.0000000000
45036  16.825  -41.935  37.953 0.0000000000
45037  15.744  -41.693  38.358 0.0000000000
42752  13.692  -43.352  39.692 0.0000000000
42750  14.840  -43.677  38.675 0.0000000000
41580  13.954  -44.213  39.264 0.0000000000
40372  15.509  -45.296  39.229 0.0000000000
40374  13.401  -44.822  39.573 0.0000000000
40358  12.719  -45.165  40.327 0.0000000000
41556  12.198  -44.105  40.244 0.0000000000
42676  11.421  -43.344  43.407 0.0000000000
42692  11.281  -43.679  42.393 0.0000000000
42677  10.623  -43.681  43.772 0.0000000000
41493  10.114  -44.461  43.288 0.0000000000
41474  10.098  -44.022  44.151 0.0000000000
57519  28.602  -30.362  33.392 0.0000000000
57537  29.092  -30.673  32.026 0.0000000000
57568  29.649  -31.377  30.549 0.0000000000
56431  31.188  -32.009  30.655 0.0000000000
55207  30.603  -32.647  30.580 0.0000000000
51472  30.223  -35.305  31.355 0.0000000000
51471  31.078  -35.032  31.530 0.0000000000
51453  31.074  -35.937  31.820 0.0000000000
50289  26.912  -35.674  32.063 0.0000000000
50288  27.617  -36.418  32.207 0.0000000000
50272  27.903  -37.198  32.926 0.0000000000
49160  29.359  -38.412  35.373 0.0000000000
76629  42.280  -14.740  20.912 0.0000000000
76644  43.480  -14.999  20.675 0.0000000000
75449  43.273  -15.535  22.021 0.0000000000
68428  33.568  -21.132  26.303 0.0000000000
67228  33.910  -21.679  25.677 0.0000000000
67242  33.666  -22.487  25.755 0.0000000000
64649  32.217  -25.023  28.659 0.0000000000
64650  31.411  -23.913  28.837 0.0000000000
64648  33.848  -25.350  28.333 0.0000000000
63411  36.730  -25.871  28.352 0.0000000000
64666  35.590  -25.199  27.931 0.0000000000
64679  36.876  -25.459  27.073 0.0000000000
63462  37.058  -25.313  25.993 0.0000000000
63444  38.053  -25.517  26.342 0.0000000000
63443  38.843  -25.505  26.566 0.0000000000
57496  34.582  -31.091  34.048 0.0000000000
83756  52.284  -8.971  14.100 0.0000000000
80400  51.303  -11.500  16.377 0.0000000000
80399  52.221  -11.639  16.028 0.0000000000
79196  51.519  -12.451  16.343 0.0000000000
77932  53.760  -13.161  15.513 0.0000000000
79206  54.611  -12.533  15.379 0.0000000000
51425  23.134  -35.268  34.066 0.0000000000
49189  23.312  -37.535  33.880 0.0000000000
77876  46.335  -13.775  18.740 0.0000000000
77862  47.141  -15.122  20.292 0.0000000000
77863  46.326  -15.037  19.844 0.0000000000
62195  29.839  -26.498  31.351 0.0000000000
62194  30.400  -26.133  30.827 0.0000000000
62208  30.380  -26.985  30.428 0.0000000000
59887  32.851  -28.984  30.391 0.0000000000
83689  46.229  -8.235  21.721 0.0000000000
83715  44.928  -8.630  19.906 0.0000000000
82617  45.727  -9.591  18.746 0.0000000000
81505  46.169  -10.197  18.144 0.0000000000
80378  46.777  -11.143  17.768 0.0000000000
79172  46.132  -12.583  17.965 0.0000000000
79158  45.730  -13.067  18.582 0.0000000000
39171  9.934  -45.829  42.062 0.0000000000
82528  39.662  -9.709  24.098 0.0000000000
81440  39.581  -10.551  22.535 0.0000000000
81429  39.263  -10.171  23.755 0.0000000000
80321  38.140  -11.175  23.593 0.0000000000
79122  37.234  -12.529  23.494 0.0000000000
73010  34.876  -17.112  24.242 0.0000000000
74272  35.814  -16.301  23.498 0.0000000000
71812  36.057  -18.527  23.318 0.0000000000
70656  37.526  -19.255  22.716 0.0000000000
70641  38.775  -19.983  23.158 0.0000000000
68448  39.724  -21.981  24.179 0.0000000000
67251  40.463  -22.684  24.992 0.0000000000
50234  33.741  -36.158  34.725 0.0000000000
45084  22.314  -41.480  35.535 0.0000000000
43935  22.939  -42.334  36.729 0.0000000000
43936  21.997  -42.453  36.583 0.0000000000
43918  21.324  -42.972  37.416 0.0000000000
42764  21.229  -43.984  37.972 0.0000000000
42767  17.979  -43.903  38.295 0.0000000000
43904  15.066  -42.237  38.975 0.0000000000
43865  13.944  -41.957  40.690 0.0000000000
42728  13.327  -43.125  40.234 0.0000000000
42709  12.143  -43.540  41.081 0.0000000000
43850  12.577  -42.828  41.539 0.0000000000
43821  12.392  -42.719  43.666 0.0000000000
43805  11.747  -42.946  44.577 0.0000000000
55188  29.345  -32.662  31.516 0.0000000000
53964  30.226  -33.295  30.632 0.0000000000
53965  29.386  -33.272  30.869 0.0000000000
52681  29.649  -34.585  30.839 0.0000000000
51454  29.785  -36.420  32.027 0.0000000000
49186  26.243  -39.046  34.007 0.0000000000
48170  27.458  -39.228  32.979 0.0000000000
49185  27.396  -38.608  34.377 0.0000000000
75430  42.188  -15.673  22.771 0.0000000000
67204  31.990  -22.115  27.916 0.0000000000
62217  35.143  -26.844  29.135 0.0000000000
63390  35.713  -26.252  28.844 0.0000000000
62205  36.658  -26.438  30.350 0.0000000000
63379  36.985  -25.715  30.019 0.0000000000
82632  52.274  -9.378  16.374 0.0000000000
40265  6.767  -45.814  45.131 0.0000000000
79067  36.654  -12.264  27.962 0.0000000000
76543  35.677  -14.211  26.543 0.0000000000
74233  35.070  -16.289  25.514 0.0000000000
73011  34.677  -17.578  24.574 0.0000000000
70642  34.586  -19.325  24.176 0.0000000000
68464  35.468  -21.263  23.460 0.0000000000
48113  25.496  -39.040  36.094 0.0000000000
47087  26.143  -40.234  36.842 0.0000000000
47109  25.164  -39.375  35.757 0.0000000000
47125  24.199  -40.254  35.205 0.0000000000
46117  23.699  -40.781  35.137 0.0000000000
48154  22.525  -38.575  34.013 0.0000000000
47155  22.574  -40.071  33.412 0.0000000000
46127  22.230  -40.534  34.804 0.0000000000
46128  21.503  -40.404  35.047 0.0000000000
46120  20.767  -40.745  35.475 0.0000000000
45087  19.366  -40.792  35.813 0.0000000000
53930  27.295  -33.409  31.802 0.0000000000
52655  26.675  -33.144  32.538 0.0000000000
51440  26.201  -34.771  32.078 0.0000000000
50273  26.346  -36.759  32.877 0.0000000000
52656  24.889  -34.500  32.898 0.0000000000
51459  24.825  -35.037  32.706 0.0000000000
50253  26.022  -38.091  33.781 0.0000000000
49163  25.987  -38.551  35.003 0.0000000000
49164  25.537  -38.620  34.997 0.0000000000
65900  31.530  -23.061  32.399 0.0000000000
65901  31.389  -22.804  31.609 0.0000000000
65918  31.431  -23.516  31.401 0.0000000000
64635  31.665  -24.841  30.010 0.0000000000
62220  32.090  -27.214  29.294 0.0000000000
62219  33.115  -27.023  29.043 0.0000000000
61074  34.879  -27.479  29.364 0.0000000000
59884  35.945  -28.230  29.962 0.0000000000
59838  37.375  -28.171  31.824 0.0000000000
81527  50.446  -10.682  17.051 0.0000000000
80401  49.934  -11.234  16.660 0.0000000000
79181  49.690  -12.898  17.088 0.0000000000
79183  48.402  -12.273  17.163 0.0000000000
79182  49.089  -12.733  17.290 0.0000000000
81470  42.301  -10.549  20.377 0.0000000000
79162  42.740  -12.374  19.802 0.0000000000
80352  41.968  -12.081  20.623 0.0000000000
79139  41.534  -12.359  20.772 0.0000000000
76631  41.053  -14.377  21.370 0.0000000000
80341  39.833  -11.452  21.534 0.0000000000
77853  39.830  -13.625  21.455 0.0000000000
75470  40.850  -15.149  21.662 0.0000000000
75452  40.636  -15.571  22.111 0.0000000000
75417  41.084  -15.772  23.668 0.0000000000
80308  36.641  -11.445  25.224 0.0000000000
79123  36.692  -13.258  23.765 0.0000000000
76594  37.278  -14.570  23.046 0.0000000000
75436  36.504  -15.556  23.504 0.0000000000
75435  37.473  -15.412  23.037 0.0000000000
75455  38.102  -15.286  22.645 0.0000000000
74268  39.511  -16.749  23.218 0.0000000000
57550  32.181  -31.055  30.815 0.0000000000
57536  32.850  -30.939  31.622 0.0000000000
56387  33.633  -31.811  32.536 0.0000000000
55154  34.133  -32.448  33.673 0.0000000000
82564  43.138  -8.932  21.181 0.0000000000
82583  42.192  -9.475  20.797 0.0000000000
46106  19.047  -40.179  36.494 0.0000000000
46107  17.900  -40.330  36.704 0.0000000000
45055  17.904  -41.856  36.818 0.0000000000
43902  17.502  -42.857  37.916 0.0000000000
42768  16.938  -43.618  38.286 0.0000000000
42769  15.916  -43.320  38.473 0.0000000000
41607  16.855  -44.803  38.259 0.0000000000
40371  16.683  -45.417  39.485 0.0000000000
40355  15.760  -46.001  39.965 0.0000000000
40336  11.177  -45.198  41.445 0.0000000000
42710  11.553  -43.831  41.628 0.0000000000
41534  10.800  -44.357  41.774 0.0000000000
40337  10.150  -45.007  41.700 0.0000000000
40314  9.534  -45.130  42.516 0.0000000000
40289  8.905  -45.293  43.210 0.0000000000
41496  8.276  -44.718  44.254 0.0000000000
41457  9.541  -44.280  45.321 0.0000000000
41458  8.613  -44.483  45.546 0.0000000000
40275  7.500  -45.340  44.592 0.0000000000
59868  29.690  -28.909  31.731 0.0000000000
58656  29.314  -29.566  32.389 0.0000000000
57551  31.170  -30.624  30.539 0.0000000000
56430  31.592  -31.703  30.844 0.0000000000
55186  31.899  -32.930  31.266 0.0000000000
52664  32.720  -34.295  32.398 0.0000000000
53943  30.692  -33.645  30.786 0.0000000000
52679  31.527  -34.422  31.475 0.0000000000
51436  32.970  -35.324  32.678 0.0000000000
51475  27.561  -34.683  31.562 0.0000000000
51455  28.488  -36.009  31.699 0.0000000000
50270  29.833  -37.523  32.441 0.0000000000
48147  28.759  -38.598  33.685 0.0000000000
49205  29.258  -38.177  33.001 0.0000000000
49204  30.294  -37.891  33.258 0.0000000000
77866  43.103  -13.618  20.147 0.0000000000
69540  34.574  -20.411  25.222 0.0000000000
67256  34.507  -22.049  24.417 0.0000000000
66026  35.674  -22.748  23.643 0.0000000000
65935  31.019  -23.123  29.677 0.0000000000
65958  31.440  -23.079  27.793 0.0000000000
65969  32.268  -23.190  27.058 0.0000000000
64667  34.514  -24.938  27.924 0.0000000000
64682  33.872  -24.524  26.986 0.0000000000
64703  33.898  -24.241  26.171 0.0000000000
64719  34.321  -23.959  25.323 0.0000000000
64736  36.353  -24.424  24.314 0.0000000000
66010  37.224  -23.602  23.954 0.0000000000
64715  39.002  -24.597  25.295 0.0000000000
58654  33.765  -30.427  32.326 0.0000000000
59821  34.725  -30.270  32.955 0.0000000000
59799  35.530  -29.962  34.139 0.0000000000
58601  36.429  -30.108  35.144 0.0000000000
59798  36.470  -29.646  34.286 0.0000000000
84875  52.131  -7.546  13.198 0.0000000000
81534  52.871  -10.500  15.961 0.0000000000
81533  52.904  -10.493  15.327 0.0000000000
79195  52.449  -12.436  15.926 0.0000000000
80419  53.059  -11.235  14.757 0.0000000000
82648  53.021  -9.835  14.646 0.0000000000
82647  53.342  -9.967  14.310 0.0000000000
82652  54.314  -9.578  14.110 0.0000000000
79161  43.280  -12.586  19.589 0.0000000000
59867  30.295  -29.068  31.188 0.0000000000
59866  31.207  -29.205  30.890 0.0000000000
81487  43.353  -10.843  19.519 0.0000000000
80364  44.666  -11.732  18.794 0.0000000000
40274  7.612  -45.911  44.131 0.0000000000
68463  36.623  -21.261  23.153 0.0000000000
67263  37.266  -22.054  23.178 0.0000000000
45086  19.831  -41.066  35.525 0.0000000000
53929  28.085  -33.215  31.880 0.0000000000
47107  26.331  -39.573  36.176 0.0000000000
47106  27.092  -39.537  36.642 0.0000000000
67141  31.807  -21.972  31.964 0.0000000000
63368  31.110  -24.924  31.386 0.0000000000
62193  30.638  -25.614  30.773 0.0000000000
59840  35.746  -29.250  32.133 0.0000000000
82615  47.389  -9.278  18.742 0.0000000000
80376  48.304  -10.173  16.917 0.0000000000
76658  47.019  -14.548  19.077 0.0000000000
76671  47.631  -14.226  18.531 0.0000000000
76656  48.911  -15.442  19.556 0.0000000000
39188  11.789  -46.108  41.349 0.0000000000
81454  40.463  -10.426  21.697 0.0000000000
81439  40.199  -10.300  22.253 0.0000000000
77835  38.247  -13.694  22.318 0.0000000000
76564  35.408  -14.685  25.608 0.0000000000
70654  39.046  -19.083  23.273 0.0000000000
71809  38.833  -18.841  23.213 0.0000000000
52652  33.201  -34.244  33.036 0.0000000000
52651  34.029  -34.329  33.391 0.0000000000
52637  34.399  -34.825  33.654 0.0000000000
83665  40.676  -8.926  23.670 0.0000000000
83664  41.293  -8.729  23.615 0.0000000000
82536  40.994  -9.234  23.046 0.0000000000
82549  41.349  -9.578  22.387 0.0000000000
45068  24.185  -41.440  36.535 0.0000000000
45069  23.443  -41.763  36.372 0.0000000000
41594  18.684  -45.038  38.801 0.0000000000
45057  16.115  -41.125  37.696 0.0000000000
40375  12.743  -44.413  39.813 0.0000000000
42662  11.208  -43.328  44.276 0.0000000000
56404  29.169  -31.556  32.645 0.0000000000
56433  29.522  -32.065  30.663 0.0000000000
51438  31.047  -36.901  32.109 0.0000000000
50268  31.501  -37.194  32.826 0.0000000000
49203  31.165  -37.511  33.463 0.0000000000
49207  27.275  -38.112  32.494 0.0000000000
75468  42.490  -15.247  21.126 0.0000000000
74282  43.224  -15.881  21.858 0.0000000000
67214  32.649  -21.599  27.272 0.0000000000
68417  32.812  -21.008  27.031 0.0000000000
67230  33.262  -22.079  26.486 0.0000000000
67243  33.495  -22.657  26.063 0.0000000000
63410  37.399  -25.910  28.103 0.0000000000
63426  37.544  -25.489  27.153 0.0000000000
63425  38.358  -25.673  27.301 0.0000000000
83750  50.748  -8.680  15.506 0.0000000000
83757  51.451  -8.578  14.548 0.0000000000
82649  52.260  -9.286  14.866 0.0000000000
51407  22.561  -34.934  34.816 0.0000000000
77864  45.406  -14.625  20.173 0.0000000000
61067  30.597  -27.875  30.665 0.0000000000
59842  33.925  -29.866  32.391 0.0000000000
83692  43.987  -8.776  20.924 0.0000000000
83691  44.574  -8.505  21.031 0.0000000000
83702  44.406  -8.724  20.351 0.0000000000
81485  44.917  -9.937  18.937 0.0000000000
82599  45.246  -9.114  19.467 0.0000000000
80379  45.444  -11.577  18.295 0.0000000000
79159  45.057  -12.673  18.608 0.0000000000
79173  45.582  -12.485  18.365 0.0000000000
81424  39.462  -9.833  24.691 0.0000000000
81426  37.661  -11.061  24.424 0.0000000000
80314  37.928  -11.087  24.094 0.0000000000
80315  37.508  -11.586  23.977 0.0000000000
80322  37.710  -11.706  23.208 0.0000000000
73040  35.123  -17.453  23.602 0.0000000000
70669  36.968  -19.007  22.640 0.0000000000
69564  38.202  -20.293  22.771 0.0000000000
69551  38.859  -20.606  23.324 0.0000000000
69550  39.686  -20.880  23.781 0.0000000000
68449  38.820  -21.737  23.536 0.0000000000
67252  39.872  -22.989  24.648 0.0000000000
67240  40.269  -23.223  25.267 0.0000000000
65993  40.378  -23.648  25.711 0.0000000000
82527  40.264  -9.205  24.348 0.0000000000
45085  21.807  -41.500  35.512 0.0000000000
45071  21.682  -42.023  35.665 0.0000000000
43866  13.266  -42.360  40.800 0.0000000000
43849  13.141  -42.247  42.033 0.0000000000
43822  11.691  -43.038  43.983 0.0000000000
55167  29.607  -32.619  33.113 0.0000000000
55177  29.474  -32.412  32.465 0.0000000000
52682  28.764  -34.417  30.856 0.0000000000
51473  29.165  -35.358  31.228 0.0000000000
68392  32.114  -21.045  28.685 0.0000000000
68393  31.632  -21.521  28.701 0.0000000000
61063  36.327  -27.338  30.030 0.0000000000
62206  35.944  -26.655  29.651 0.0000000000
62204  37.523  -26.127  30.547 0.0000000000
62203  38.457  -26.375  30.416 0.0000000000
77764  36.649  -13.473  27.653 0.0000000000
74234  34.653  -16.894  25.068 0.0000000000
74210  34.594  -16.841  25.830 0.0000000000
71779  34.499  -18.839  25.354 0.0000000000
71795  34.364  -19.144  24.764 0.0000000000
69553  35.018  -20.651  23.708 0.0000000000
69552  34.684  -20.283  23.987 0.0000000000
48114  25.249  -39.233  35.970 0.0000000000
47154  23.292  -40.017  33.831 0.0000000000
50256  22.632  -36.170  34.427 0.0000000000
49190  22.128  -37.347  34.363 0.0000000000
47139  21.685  -39.183  34.199 0.0000000000
47138  22.276  -39.421  33.773 0.0000000000
47156  21.714  -40.045  33.560 0.0000000000
46147  22.679  -40.515  34.008 0.0000000000
45096  21.996  -40.578  34.571 0.0000000000
45097  21.868  -40.465  34.833 0.0000000000
46149  21.271  -40.449  34.162 0.0000000000
46130  19.778  -40.059  34.494 0.0000000000
46121  19.765  -40.242  35.436 0.0000000000
52654  27.852  -32.624  33.107 0.0000000000
51441  25.275  -35.070  32.669 0.0000000000
50274  25.005  -36.011  33.459 0.0000000000
48151  25.288  -38.681  34.947 0.0000000000
48131  25.511  -38.697  35.557 0.0000000000
48112  25.907  -38.821  36.100 0.0000000000
64624  31.612  -24.271  31.280 0.0000000000
61077  32.346  -27.929  29.633 0.0000000000
59904  34.199  -28.430  29.667 0.0000000000
61075  34.069  -27.684  29.338 0.0000000000
59903  34.944  -28.200  29.542 0.0000000000
59902  35.395  -27.881  29.517 0.0000000000
59839  36.654  -28.703  31.992 0.0000000000
59861  36.784  -28.039  31.070 0.0000000000
84814  46.919  -7.840  20.913 0.0000000000
81517  50.987  -10.287  17.648 0.0000000000
82624  50.208  -9.991  17.746 0.0000000000
80389  48.749  -10.833  16.888 0.0000000000
79198  49.459  -12.226  16.780 0.0000000000
80391  46.912  -12.107  17.486 0.0000000000
80390  47.655  -11.561  17.243 0.0000000000
79184  47.485  -12.493  17.437 0.0000000000
76684  48.657  -13.979  17.767 0.0000000000
77908  48.559  -13.273  17.538 0.0000000000
77907  49.315  -13.692  17.463 0.0000000000
80351  42.179  -11.564  20.467 0.0000000000
81452  42.065  -11.199  20.799 0.0000000000
77851  41.422  -13.437  21.021 0.0000000000
81441  38.972  -10.924  22.813 0.0000000000
80329  39.218  -11.402  22.080 0.0000000000
75471  40.235  -15.262  21.618 0.0000000000
75433  39.490  -16.078  22.781 0.0000000000
75432  40.423  -15.880  22.802 0.0000000000
75418  40.295  -16.044  23.711 0.0000000000
80307  36.929  -10.877  26.021 0.0000000000
77807  36.287  -13.782  24.318 0.0000000000
79112  36.574  -12.529  24.495 0.0000000000
77822  36.676  -13.831  23.685 0.0000000000
74271  36.953  -16.435  23.289 0.0000000000
74270  38.036  -16.535  23.104 0.0000000000
75434  38.507  -15.829  22.933 0.0000000000
74269  38.917  -16.673  22.898 0.0000000000
56402  32.748  -31.684  31.515 0.0000000000
56388  33.098  -32.011  32.117 0.0000000000
53896  34.632  -33.217  33.509 0.0000000000
82546  43.723  -8.954  21.997 0.0000000000
82547  42.914  -9.209  22.128 0.0000000000
82584  41.831  -9.618  21.160 0.0000000000
46088  25.436  -40.881  36.780 0.0000000000
46079  26.236  -41.029  37.497 0.0000000000
41574  19.868  -44.755  39.445 0.0000000000
46108  16.748  -40.218  37.210 0.0000000000
47113  17.305  -39.867  37.081 0.0000000000
43922  17.554  -42.111  37.497 0.0000000000
41598  15.456  -43.949  38.521 0.0000000000
41597  16.403  -44.363  38.403 0.0000000000
40381  16.366  -45.060  38.694 0.0000000000
39199  13.430  -45.904  40.400 0.0000000000
41514  10.730  -44.091  42.368 0.0000000000
41535  10.388  -44.627  41.944 0.0000000000
41494  9.565  -44.645  43.747 0.0000000000
40288  9.562  -44.895  43.202 0.0000000000
41495  8.917  -44.837  44.074 0.0000000000
41439  10.342  -44.414  45.879 0.0000000000
41440  9.390  -44.447  46.178 0.0000000000
41477  7.996  -44.628  44.780 0.0000000000
61057  29.565  -28.076  31.680 0.0000000000
57553  29.421  -30.820  31.133 0.0000000000
58673  29.655  -29.836  31.325 0.0000000000
57567  30.618  -31.293  30.323 0.0000000000
55187  31.313  -32.803  30.770 0.0000000000
56417  31.605  -32.404  30.962 0.0000000000
53925  32.361  -33.598  31.795 0.0000000000
53941  31.897  -33.512  31.395 0.0000000000
52680  30.598  -34.293  31.032 0.0000000000
51452  32.032  -35.273  31.872 0.0000000000
51451  32.487  -34.802  32.247 0.0000000000
51420  32.986  -36.377  33.441 0.0000000000
52666  26.821  -34.013  31.562 0.0000000000
52684  27.387  -34.134  31.453 0.0000000000
51476  27.136  -34.405  31.526 0.0000000000
50287  28.684  -36.750  32.483 0.0000000000
50286  29.311  -36.975  32.537 0.0000000000
48148  27.911  -38.768  33.650 0.0000000000
48169  28.388  -38.829  32.921 0.0000000000
49183  29.640  -38.335  34.040 0.0000000000
79147  42.831  -12.777  19.917 0.0000000000
69533  34.449  -19.753  26.640 0.0000000000
67241  33.735  -22.045  25.064 0.0000000000
68437  34.210  -21.358  24.874 0.0000000000
67265  35.157  -22.305  23.734 0.0000000000
66027  35.433  -22.929  23.822 0.0000000000
65919  31.134  -23.186  30.738 0.0000000000
67142  31.433  -22.371  31.202 0.0000000000
64669  32.015  -24.051  27.899 0.0000000000
64670  31.368  -23.607  28.303 0.0000000000
65957  31.934  -23.559  27.509 0.0000000000
64683  32.863  -23.997  27.364 0.0000000000
64647  35.071  -25.457  28.452 0.0000000000
64681  35.098  -24.964  27.076 0.0000000000
65967  33.720  -24.023  26.673 0.0000000000
64717  36.759  -25.162  25.361 0.0000000000
64735  37.545  -24.445  24.596 0.0000000000
64734  38.473  -24.395  24.709 0.0000000000
64698  39.506  -24.847  26.231 0.0000000000
57535  33.515  -31.051  32.144 0.0000000000
57517  34.261  -31.261  32.767 0.0000000000
58623  35.039  -30.429  34.251 0.0000000000
58637  34.734  -30.559  33.519 0.0000000000
59820  34.991  -30.106  33.392 0.0000000000
59800  35.192  -30.116  34.185 0.0000000000
84864  51.821  -8.070  13.760 0.0000000000
84876  51.542  -7.467  13.408 0.0000000000
83762  53.439  -8.725  13.450 0.0000000000
81525  52.583  -10.648  16.624 0.0000000000
79207  53.552  -12.199  14.924 0.0000000000
79208  52.700  -12.114  14.922 0.0000000000
81541  53.199  -10.456  14.828 0.0000000000
81540  53.524  -10.361  14.456 0.0000000000
61068  30.063  -27.929  31.041 0.0000000000
61055  30.583  -28.468  31.009 0.0000000000
82581  43.970  -9.286  19.994 0.0000000000
80380  44.889  -10.990  18.715 0.0000000000
39155  8.835  -45.876  42.880 0.0000000000
81417  38.584  -9.670  25.662 0.0000000000
81418  37.497  -10.622  25.205 0.0000000000
70658  35.357  -19.504  23.499 0.0000000000
70657  36.524  -19.413  22.916 0.0000000000
68462  37.624  -21.179  22.910 0.0000000000
66008  39.243  -23.906  24.455 0.0000000000
43919  20.249  -43.124  37.252 0.0000000000
43835  13.196  -42.340  42.974 0.0000000000
53927  29.350  -32.982  32.791 0.0000000000
52683  28.040  -34.275  31.340 0.0000000000
48130  26.508  -38.914  35.756 0.0000000000
47121  27.286  -39.469  36.019 0.0000000000
68359  32.036  -21.401  30.409 0.0000000000
61052  37.698  -27.470  31.353 0.0000000000
62192  37.512  -26.894  30.531 0.0000000000
61051  38.290  -26.938  31.417 0.0000000000
72968  34.707  -17.337  26.200 0.0000000000
71768  34.848  -18.177  26.283 0.0000000000
48152  24.844  -39.096  34.755 0.0000000000
47158  20.387  -39.714  34.121 0.0000000000
52657  24.388  -34.416  33.143 0.0000000000
61065  32.714  -28.406  29.918 0.0000000000
59886  33.795  -29.113  30.015 0.0000000000
82598  46.235  -8.996  19.306 0.0000000000
82578  48.055  -8.935  19.343 0.0000000000
81502  49.567  -9.869  17.759 0.0000000000
81519  49.137  -10.166  17.203 0.0000000000
77894  46.795  -13.346  18.048 0.0000000000
77910  47.261  -13.107  17.663 0.0000000000
77893  47.451  -13.568  18.087 0.0000000000
76669  49.475  -14.767  18.271 0.0000000000
82566  41.474  -9.830  21.589 0.0000000000
81453  41.590  -10.742  21.100 0.0000000000
79129  39.037  -12.192  21.793 0.0000000000
76613  39.349  -14.564  21.658 0.0000000000
79085  36.602  -12.539  26.847 0.0000000000
79098  36.279  -12.437  25.740 0.0000000000
77808  35.707  -13.804  24.814 0.0000000000
76579  36.259  -14.502  24.215 0.0000000000
71794  38.851  -17.996  23.285 0.0000000000
73036  39.199  -17.231  23.095 0.0000000000
73009  39.157  -17.729  23.215 0.0000000000
55165  33.397  -32.600  32.406 0.0000000000
53911  33.824  -33.359  32.904 0.0000000000
52650  34.419  -33.831  33.492 0.0000000000
83647  41.518  -8.491  24.419 0.0000000000
83663  42.225  -8.691  23.647 0.0000000000
82548  42.179  -9.604  22.334 0.0000000000
46103  24.695  -41.161  35.835 0.0000000000
46089  24.724  -41.048  36.594 0.0000000000
42749  19.616  -44.675  38.948 0.0000000000
41575  19.096  -45.037  39.246 0.0000000000
41553  18.474  -44.672  40.192 0.0000000000
41555  17.091  -45.287  40.020 0.0000000000
46109  16.255  -40.405  37.393 0.0000000000
45075  16.579  -40.816  37.156 0.0000000000
45056  17.071  -41.478  37.258 0.0000000000
42751  14.351  -43.439  39.095 0.0000000000
41579  14.886  -44.350  38.959 0.0000000000
40373  14.366  -45.096  39.381 0.0000000000
40357  13.779  -45.571  39.914 0.0000000000
42693  10.662  -43.871  42.926 0.0000000000
41442  7.314  -44.532  46.436 0.0000000000
56432  30.222  -32.005  30.425 0.0000000000
51421  32.378  -36.701  33.529 0.0000000000
50252  31.904  -37.062  33.651 0.0000000000
48127  29.405  -39.153  35.768 0.0000000000
76645  42.560  -14.559  20.690 0.0000000000
75481  42.988  -15.244  20.655 0.0000000000
75467  43.245  -15.763  20.985 0.0000000000
68416  33.410  -20.588  26.923 0.0000000000
68427  33.868  -21.029  25.749 0.0000000000
67229  34.032  -21.829  25.983 0.0000000000
65995  33.951  -22.979  25.204 0.0000000000
63389  36.608  -25.859  28.976 0.0000000000
64665  36.507  -25.731  27.840 0.0000000000
64680  36.066  -25.367  27.070 0.0000000000
64701  35.727  -25.202  26.096 0.0000000000
64700  36.638  -25.357  26.328 0.0000000000
64699  38.678  -25.099  25.978 0.0000000000
56369  34.108  -31.797  34.080 0.0000000000
57497  34.316  -31.410  33.599 0.0000000000
56349  34.699  -31.745  34.515 0.0000000000
57478  35.025  -31.019  34.690 0.0000000000
57477  35.556  -30.937  35.227 0.0000000000
80410  54.333  -11.820  14.916 0.0000000000
80409  54.972  -11.801  15.060 0.0000000000
52643  23.835  -33.460  33.547 0.0000000000
52644  23.078  -33.980  34.222 0.0000000000
76642  47.205  -15.030  19.729 0.0000000000
63370  30.308  -26.042  31.452 0.0000000000
83701  45.217  -8.401  20.446 0.0000000000
82579  45.865  -8.903  20.093 0.0000000000
83716  44.571  -8.991  19.775 0.0000000000
39189  10.800  -46.103  41.789 0.0000000000
82537  40.348  -9.439  23.341 0.0000000000
82551  39.967  -9.779  22.917 0.0000000000
82538  39.772  -9.722  23.496 0.0000000000
81430  38.783  -10.759  23.260 0.0000000000
80331  37.729  -12.219  22.688 0.0000000000
79131  37.621  -13.088  22.624 0.0000000000
77836  37.699  -13.771  22.627 0.0000000000
74254  35.124  -16.497  24.421 0.0000000000
75421  35.653  -15.571  24.201 0.0000000000
71811  37.128  -18.431  23.065 0.0000000000
70655  38.606  -19.368  23.088 0.0000000000
68447  40.366  -22.220  24.561 0.0000000000
51419  33.975  -35.566  33.654 0.0000000000
51406  34.164  -35.768  34.529 0.0000000000
45070  22.579  -41.892  36.109 0.0000000000
43899  20.091  -43.620  37.655 0.0000000000
42765  20.234  -44.090  37.929 0.0000000000
43885  14.303  -42.380  40.012 0.0000000000
43886  13.686  -42.820  40.194 0.0000000000
42753  13.109  -43.581  39.944 0.0000000000
41582  12.663  -43.881  39.865 0.0000000000
43867  12.595  -42.950  40.910 0.0000000000
43836  12.643  -42.869  42.529 0.0000000000
42675  12.046  -43.277  42.826 0.0000000000
42652  11.240  -43.615  45.203 0.0000000000
55176  29.989  -31.955  32.812 0.0000000000
55209  29.434  -32.497  30.973 0.0000000000
53966  28.941  -33.816  30.762 0.0000000000
52699  29.295  -34.004  30.611 0.0000000000
49221  27.102  -38.891  32.460 0.0000000000
48149  26.940  -39.127  33.496 0.0000000000
49161  28.022  -38.276  35.302 0.0000000000
48129  27.549  -39.143  35.522 0.0000000000
48128  28.618  -39.217  35.885 0.0000000000
75451  41.551  -15.726  22.082 0.0000000000
75450  42.632  -16.086  21.881 0.0000000000
67203  32.511  -21.683  27.671 0.0000000000
67215  32.527  -22.329  27.132 0.0000000000
63391  34.525  -26.212  28.542 0.0000000000
63380  36.237  -25.998  29.750 0.0000000000
63388  37.681  -25.711  29.236 0.0000000000
82641  51.669  -9.330  15.926 0.0000000000
76691  50.921  -13.793  16.804 0.0000000000
77922  51.758  -13.487  16.629 0.0000000000
39146  7.328  -46.119  44.772 0.0000000000
80293  36.737  -11.668  27.228 0.0000000000
77778  36.021  -13.555  26.331 0.0000000000
77779  35.539  -14.166  26.070 0.0000000000
75374  35.373  -15.491  26.165 0.0000000000
74255  34.781  -16.999  24.558 0.0000000000
73041  34.667  -18.147  23.942 0.0000000000
71780  34.649  -18.086  25.369 0.0000000000
71796  34.491  -18.591  24.513 0.0000000000
70659  34.866  -19.006  23.856 0.0000000000
69567  35.291  -20.497  23.505 0.0000000000
47108  25.688  -39.994  35.742 0.0000000000
47123  25.173  -40.301  35.612 0.0000000000
47124  24.709  -39.806  35.449 0.0000000000
46115  24.926  -40.598  35.513 0.0000000000
46116  24.433  -40.720  35.298 0.0000000000
48174  23.147  -39.624  33.506 0.0000000000
48175  22.867  -39.331  33.634 0.0000000000
46126  23.154  -40.524  34.568 0.0000000000
46118  22.732  -40.905  35.230 0.0000000000
46119  21.763  -40.935  35.462 0.0000000000
46105  21.142  -41.189  35.581 0.0000000000
46129  20.597  -40.306  34.864 0.0000000000
53917  27.600  -32.927  32.303 0.0000000000
51423  25.159  -34.255  32.950 0.0000000000
51442  24.477  -35.220  32.940 0.0000000000
64625  31.433  -24.085  30.714 0.0000000000
62218  34.154  -26.913  28.988 0.0000000000
61064  35.622  -27.403  29.579 0.0000000000
59883  36.593  -27.825  30.314 0.0000000000
59860  37.293  -27.900  31.433 0.0000000000
81518  49.783  -10.484  17.198 0.0000000000
79197  50.368  -12.446  16.536 0.0000000000
77909  47.854  -13.134  17.558 0.0000000000
77906  50.204  -13.544  16.953 0.0000000000
81488  42.779  -10.822  19.792 0.0000000000
80366  42.710  -11.604  19.707 0.0000000000
79148  42.384  -12.510  20.336 0.0000000000
80339  41.738  -11.579  20.774 0.0000000000
79149  41.997  -12.334  20.686 0.0000000000
77850  42.006  -12.916  20.889 0.0000000000
76646  41.975  -13.905  20.729 0.0000000000
76630  41.890  -14.507  20.988 0.0000000000
79141  39.808  -12.815  21.488 0.0000000000
77852  40.445  -13.547  21.323 0.0000000000
75431  41.283  -15.724  22.866 0.0000000000
81419  37.134  -11.145  24.650 0.0000000000
79111  37.073  -12.077  24.087 0.0000000000
77821  37.161  -13.762  23.122 0.0000000000
75420  36.223  -15.089  24.092 0.0000000000
74253  40.029  -16.735  23.685 0.0000000000
56401  33.180  -31.500  32.008 0.0000000000
55164  34.198  -32.418  32.810 0.0000000000
82563  44.115  -8.797  21.453 0.0000000000
82582  43.126  -9.647  20.346 0.0000000000
81469  43.019  -10.360  19.904 0.0000000000
45051  25.494  -41.339  37.431 0.0000000000
43934  23.441  -42.119  36.845 0.0000000000
47111  19.335  -39.442  36.055 0.0000000000
46091  18.330  -39.782  36.909 0.0000000000
45054  18.510  -42.262  36.734 0.0000000000
43921  18.212  -42.536  37.273 0.0000000000
42770  15.079  -43.199  38.616 0.0000000000
41596  17.291  -44.694  38.340 0.0000000000
40380  16.995  -45.097  38.856 0.0000000000
40370  17.047  -45.129  39.279 0.0000000000
40354  16.446  -45.659  40.409 0.0000000000
41533  11.826  -44.485  41.139 0.0000000000
40290  7.951  -45.197  43.759 0.0000000000
41455  10.859  -43.985  45.279 0.0000000000
41456  10.384  -44.113  45.064 0.0000000000
41476  8.790  -44.335  44.688 0.0000000000
40291  7.814  -44.847  44.233 0.0000000000
64611  32.435  -23.664  33.496 0.0000000000
58672  30.692  -29.796  30.806 0.0000000000
57565  31.789  -31.502  30.870 0.0000000000
56416  31.925  -31.957  31.166 0.0000000000
55208  29.860  -32.637  30.595 0.0000000000
53963  30.852  -33.208  30.696 0.0000000000
53926  31.909  -33.912  31.472 0.0000000000
52665  32.253  -34.411  31.813 0.0000000000
50250  33.230  -36.279  34.336 0.0000000000
51456  27.618  -35.441  31.767 0.0000000000
49220  27.732  -38.743  32.270 0.0000000000
49206  28.362  -38.300  32.426 0.0000000000
48168  29.031  -38.500  33.394 0.0000000000
50269  30.760  -37.485  32.646 0.0000000000
75429  43.043  -15.545  22.656 0.0000000000
70624  34.904  -18.761  27.071 0.0000000000
68451  34.663  -21.264  24.093 0.0000000000
67264  36.158  -22.270  23.485 0.0000000000
67160  31.482  -22.308  30.400 0.0000000000
67177  31.307  -22.380  29.544 0.0000000000
65945  31.311  -23.061  28.836 0.0000000000
67190  31.328  -22.266  28.655 0.0000000000
65970  31.874  -22.729  27.481 0.0000000000
67216  32.147  -22.582  27.372 0.0000000000
65984  32.661  -22.771  26.799 0.0000000000
65968  33.338  -23.716  26.890 0.0000000000
65983  33.128  -23.011  26.540 0.0000000000
65996  33.555  -23.218  25.839 0.0000000000
64738  35.018  -24.060  24.743 0.0000000000
64718  35.280  -24.919  24.911 0.0000000000
64737  35.513  -24.046  24.367 0.0000000000
66011  35.965  -23.380  23.672 0.0000000000
66009  38.325  -23.713  24.082 0.0000000000
58670  32.528  -30.344  31.164 0.0000000000
59843  33.323  -29.944  31.913 0.0000000000
57516  34.475  -30.974  33.406 0.0000000000
58638  34.457  -30.589  32.829 0.0000000000
59819  35.720  -29.708  33.224 0.0000000000
57476  36.466  -30.818  35.539 0.0000000000
58602  35.685  -30.322  35.120 0.0000000000
82631  52.989  -9.738  16.711 0.0000000000
82640  52.729  -9.852  15.723 0.0000000000
80398  52.386  -11.890  15.833 0.0000000000
77933  53.014  -12.788  15.379 0.0000000000
80411  52.547  -11.557  15.454 0.0000000000
82639  53.056  -9.991  15.283 0.0000000000
82654  52.896  -9.309  13.691 0.0000000000
81546  53.845  -10.141  14.128 0.0000000000
82653  53.613  -9.666  13.995 0.0000000000
40386  17.103  -45.125  38.273 0.0000000000
40387  16.773  -45.078  38.425 0.0000000000
41438  10.906  -44.193  45.555 0.0000000000
41578  17.074  -45.219  39.650 0.0000000000
41608  16.595  -44.828  38.395 0.0000000000
42653  10.809  -43.865  45.071 0.0000000000
42729  12.702  -43.348  40.400 0.0000000000
42771  14.680  -43.290  38.763 0.0000000000
42781  20.329  -43.655  37.624 0.0000000000
45113  21.756  -40.569  34.476 0.0000000000
45114  21.631  -40.448  34.712 0.0000000000
46148  22.011  -40.617  33.975 0.0000000000
46150  20.340  -40.214  33.970 0.0000000000
47140  20.834  -39.008  34.577 0.0000000000
47141  20.252  -39.524  34.723 0.0000000000
48150  26.465  -39.206  33.319 0.0000000000
48171  26.709  -39.286  32.947 0.0000000000
48188  28.121  -38.878  32.377 0.0000000000
48189  27.688  -39.109  32.486 0.0000000000
48190  27.106  -39.205  32.655 0.0000000000
49222  26.752  -39.096  32.688 0.0000000000
50233  34.407  -36.139  34.928 0.0000000000
51458  25.064  -35.094  32.682 0.0000000000
52667  24.932  -34.889  32.714 0.0000000000
52668  24.663  -34.870  32.736 0.0000000000
52697  30.366  -33.787  30.692 0.0000000000
53910  34.200  -33.508  33.385 0.0000000000
53947  27.262  -33.806  31.547 0.0000000000
57566  31.451  -31.355  30.630 0.0000000000
58621  35.823  -30.024  34.709 0.0000000000
58622  35.282  -30.089  34.664 0.0000000000
61069  29.832  -28.006  31.294 0.0000000000
63445  37.291  -25.419  26.449 0.0000000000
63461  37.451  -25.381  25.878 0.0000000000
64645  36.444  -25.919  28.406 0.0000000000
64664  37.098  -25.644  27.538 0.0000000000
64684  32.280  -23.744  27.439 0.0000000000
64720  33.735  -23.862  25.849 0.0000000000
65981  40.175  -24.224  25.996 0.0000000000
65982  33.551  -23.704  26.334 0.0000000000
65997  33.377  -22.763  26.246 0.0000000000
67202  32.573  -21.426  27.645 0.0000000000
68360  31.774  -22.039  29.978 0.0000000000
68406  32.373  -21.348  28.118 0.0000000000
68407  31.975  -21.490  28.332 0.0000000000
68429  33.191  -21.154  26.586 0.0000000000
68452  34.974  -20.903  23.716 0.0000000000
68465  35.202  -20.919  23.583 0.0000000000
69568  35.208  -20.712  23.590 0.0000000000
70643  34.552  -18.921  24.058 0.0000000000
70668  37.174  -18.860  22.724 0.0000000000
71814  34.639  -18.660  23.923 0.0000000000
71832  36.976  -18.753  22.781 0.0000000000
71833  36.729  -18.816  22.896 0.0000000000
72986  34.582  -17.420  25.516 0.0000000000
74281  43.378  -15.591  21.936 0.0000000000
74288  43.395  -15.718  21.613 0.0000000000
74289  43.115  -16.088  21.406 0.0000000000
75437  35.985  -15.600  23.744 0.0000000000
75482  42.778  -15.262  20.800 0.0000000000
76523  35.383  -15.046  26.844 0.0000000000
76544  35.481  -14.665  26.435 0.0000000000
76690  51.273  -14.153  17.023 0.0000000000
77868  41.935  -13.451  20.837 0.0000000000
77891  49.406  -14.358  17.657 0.0000000000
79138  42.010  -12.545  20.745 0.0000000000
79199  48.987  -12.249  17.038 0.0000000000
79213  53.363  -11.641  14.701 0.0000000000
79214  53.077  -11.825  14.703 0.0000000000
80316  37.001  -11.679  24.431 0.0000000000
80338  42.017  -11.478  20.715 0.0000000000
81468  48.323  -9.012  19.383 0.0000000000
81484  47.997  -9.263  19.049 0.0000000000
81507  44.848  -10.519  18.844 0.0000000000
81545  54.026  -9.976  13.948 0.0000000000
82580  45.340  -8.725  19.959 0.0000000000
