#!ascii label  , from subject 4027 vox2ras=TkReg
1405
39184  15.507  -46.633  41.408 0.0000000000
74231  41.445  -16.662  25.045 0.0000000000
49122  33.407  -38.046  38.390 0.0000000000
53766  39.373  -32.518  42.459 0.0000000000
47086  26.639  -39.718  37.278 0.0000000000
39151  24.686  -46.518  44.810 0.0000000000
75461  52.505  -15.551  21.370 0.0000000000
80280  48.770  -11.904  28.638 0.0000000000
61020  38.707  -27.659  33.237 0.0000000000
84873  54.312  -7.901  13.499 0.0000000000
44975  32.672  -41.704  43.107 0.0000000000
38073  20.437  -46.921  42.647 0.0000000000
77787  51.672  -13.425  25.798 0.0000000000
76590  46.897  -14.407  23.137 0.0000000000
69509  43.558  -21.017  27.884 0.0000000000
71749  45.445  -18.686  27.690 0.0000000000
65965  41.743  -23.884  27.418 0.0000000000
55151  36.487  -32.414  35.036 0.0000000000
50170  36.980  -36.896  40.091 0.0000000000
44979  28.998  -41.509  42.885 0.0000000000
41436  26.746  -44.301  47.026 0.0000000000
43864  25.671  -42.883  40.342 0.0000000000
41572  21.877  -44.731  39.291 0.0000000000
48095  29.515  -39.094  37.688 0.0000000000
79118  57.247  -12.625  23.355 0.0000000000
76481  56.174  -15.128  28.278 0.0000000000
77777  44.561  -14.026  26.475 0.0000000000
65851  42.662  -24.540  34.185 0.0000000000
58558  40.661  -30.646  37.772 0.0000000000
77918  55.320  -12.790  16.673 0.0000000000
82609  58.065  -9.005  18.674 0.0000000000
84851  59.363  -7.320  15.168 0.0000000000
44937  31.191  -42.038  45.561 0.0000000000
40310  18.153  -46.170  41.646 0.0000000000
137885  18.583  -47.318  45.461 0.0000000000
137889  17.096  -47.466  43.709 0.0000000000
77846  47.404  -14.828  21.271 0.0000000000
67176  44.988  -22.423  30.348 0.0000000000
68388  45.208  -21.049  29.524 0.0000000000
37023  9.890  -48.191  42.435 0.0000000000
68436  40.929  -22.121  24.888 0.0000000000
49144  33.873  -37.242  35.857 0.0000000000
50213  35.649  -36.285  36.984 0.0000000000
49108  35.476  -37.740  39.171 0.0000000000
46066  27.578  -40.654  39.484 0.0000000000
44992  27.244  -41.698  41.803 0.0000000000
46068  26.226  -41.185  38.384 0.0000000000
47084  28.258  -39.378  37.295 0.0000000000
46064  29.018  -40.564  39.635 0.0000000000
40272  25.808  -45.491  45.436 0.0000000000
76601  55.503  -14.127  22.441 0.0000000000
76550  57.320  -14.129  25.515 0.0000000000
75408  54.490  -15.433  24.244 0.0000000000
79079  50.562  -12.801  26.976 0.0000000000
77742  52.361  -13.418  28.985 0.0000000000
76578  41.631  -15.617  24.196 0.0000000000
76576  43.409  -15.150  24.328 0.0000000000
76542  42.955  -15.269  25.777 0.0000000000
62203  38.457  -26.375  30.416 0.0000000000
64623  40.330  -25.440  30.722 0.0000000000
62166  40.673  -26.040  33.314 0.0000000000
53821  38.556  -33.279  38.725 0.0000000000
56320  38.389  -31.505  36.765 0.0000000000
56281  39.521  -31.335  40.362 0.0000000000
76667  51.662  -14.408  18.256 0.0000000000
77921  52.899  -13.608  16.086 0.0000000000
76664  54.305  -14.486  19.189 0.0000000000
77858  56.018  -13.084  19.981 0.0000000000
87159  57.645  -5.714  12.673 0.0000000000
86004  57.017  -6.958  14.437 0.0000000000
85985  59.394  -7.280  17.082 0.0000000000
83747  56.530  -8.506  15.838 0.0000000000
47042  33.140  -39.637  40.065 0.0000000000
48040  35.146  -39.059  41.425 0.0000000000
46001  34.526  -40.285  43.449 0.0000000000
39162  22.968  -46.902  42.875 0.0000000000
39118  22.083  -47.175  46.754 0.0000000000
39133  21.041  -46.835  46.209 0.0000000000
75489  49.886  -15.767  19.962 0.0000000000
75427  52.341  -15.306  23.585 0.0000000000
76606  49.845  -14.351  22.442 0.0000000000
77816  48.946  -13.508  23.578 0.0000000000
79096  47.548  -13.249  25.916 0.0000000000
70620  43.170  -19.076  26.141 0.0000000000
72963  43.826  -17.730  26.636 0.0000000000
69517  44.421  -20.142  27.764 0.0000000000
59817  37.397  -28.541  32.823 0.0000000000
58483  40.428  -29.678  43.665 0.0000000000
38092  13.376  -46.783  41.364 0.0000000000
137850  14.673  -47.758  42.832 0.0000000000
37021  12.580  -48.201  42.049 0.0000000000
71778  40.986  -18.032  24.245 0.0000000000
70622  41.937  -20.262  25.617 0.0000000000
67212  42.795  -22.749  27.733 0.0000000000
65934  43.504  -24.084  30.216 0.0000000000
52625  35.352  -34.187  34.545 0.0000000000
52582  36.859  -34.896  37.935 0.0000000000
51341  38.711  -34.802  40.711 0.0000000000
49074  36.342  -37.502  42.878 0.0000000000
51294  37.833  -35.695  43.666 0.0000000000
43768  29.809  -42.476  46.052 0.0000000000
43741  27.978  -43.280  48.894 0.0000000000
43803  28.125  -43.052  44.540 0.0000000000
41491  26.614  -44.249  43.642 0.0000000000
41525  24.945  -44.635  41.919 0.0000000000
43895  24.352  -42.619  38.279 0.0000000000
42746  23.989  -43.875  39.136 0.0000000000
41527  23.507  -45.172  40.901 0.0000000000
39195  21.230  -46.196  40.272 0.0000000000
41530  18.701  -45.159  40.805 0.0000000000
41555  17.091  -45.287  40.020 0.0000000000
49158  31.806  -37.671  35.005 0.0000000000
49159  30.777  -38.733  34.919 0.0000000000
49124  32.074  -38.632  38.218 0.0000000000
46046  31.610  -40.534  40.305 0.0000000000
46016  30.535  -41.085  42.153 0.0000000000
75361  57.781  -15.291  26.535 0.0000000000
76509  53.954  -14.252  27.765 0.0000000000
76627  44.574  -15.361  22.093 0.0000000000
77805  45.235  -14.167  24.743 0.0000000000
79063  45.908  -12.972  27.647 0.0000000000
75348  44.811  -15.800  27.393 0.0000000000
76493  45.208  -14.714  28.104 0.0000000000
63407  40.236  -25.468  27.702 0.0000000000
64631  41.730  -24.954  30.494 0.0000000000
65879  43.888  -24.308  33.295 0.0000000000
59778  37.387  -29.521  34.823 0.0000000000
59757  39.664  -28.874  36.184 0.0000000000
60875  40.272  -29.017  41.739 0.0000000000
59727  42.050  -28.941  38.256 0.0000000000
60974  41.995  -27.554  36.451 0.0000000000
63310  43.580  -25.409  36.261 0.0000000000
65831  45.790  -24.876  36.528 0.0000000000
81537  55.897  -10.289  14.692 0.0000000000
81497  57.020  -10.443  17.904 0.0000000000
81446  58.092  -10.747  21.211 0.0000000000
44910  31.766  -42.072  47.436 0.0000000000
39169  16.313  -46.272  41.970 0.0000000000
39182  17.418  -46.736  42.887 0.0000000000
38075  16.363  -47.245  42.402 0.0000000000
67158  45.270  -22.880  31.148 0.0000000000
67157  45.970  -22.337  31.601 0.0000000000
39157  7.681  -47.059  42.347 0.0000000000
49133  33.754  -37.848  37.050 0.0000000000
49132  34.505  -37.211  36.849 0.0000000000
49109  34.365  -37.941  39.062 0.0000000000
47068  26.889  -39.990  38.268 0.0000000000
46067  26.718  -40.837  39.085 0.0000000000
46078  26.504  -40.576  38.194 0.0000000000
47121  27.286  -39.469  36.019 0.0000000000
47085  27.649  -39.584  37.632 0.0000000000
47067  27.748  -39.856  38.534 0.0000000000
40273  25.418  -45.950  44.996 0.0000000000
39131  24.112  -46.662  46.470 0.0000000000
76603  54.342  -14.998  21.873 0.0000000000
75407  55.293  -14.938  23.842 0.0000000000
75426  53.455  -15.494  23.360 0.0000000000
79060  49.157  -12.383  27.711 0.0000000000
79039  50.637  -12.654  28.728 0.0000000000
75396  41.053  -15.825  24.586 0.0000000000
76563  41.947  -15.683  24.637 0.0000000000
74230  42.339  -16.737  25.340 0.0000000000
61052  37.698  -27.470  31.353 0.0000000000
61039  38.754  -27.153  32.068 0.0000000000
62180  39.799  -26.198  32.189 0.0000000000
60998  40.401  -27.025  33.697 0.0000000000
53797  39.601  -33.493  40.406 0.0000000000
55069  39.369  -32.448  39.764 0.0000000000
56258  39.541  -31.266  41.295 0.0000000000
75486  52.403  -15.357  19.553 0.0000000000
76665  53.620  -14.671  18.836 0.0000000000
76637  53.784  -14.539  20.598 0.0000000000
77844  54.484  -13.965  21.180 0.0000000000
86014  56.633  -6.803  13.410 0.0000000000
84861  56.246  -7.523  13.971 0.0000000000
84854  56.429  -7.612  15.250 0.0000000000
84855  55.892  -8.351  14.830 0.0000000000
46030  33.616  -40.879  41.397 0.0000000000
46029  34.511  -40.454  41.669 0.0000000000
46002  33.613  -41.374  43.828 0.0000000000
39164  21.330  -46.607  42.231 0.0000000000
39154  22.005  -47.598  43.426 0.0000000000
38065  20.922  -47.473  43.289 0.0000000000
137881  17.130  -48.789  47.273 0.0000000000
137880  19.010  -48.261  47.105 0.0000000000
75480  49.114  -15.577  20.329 0.0000000000
75464  49.711  -15.161  21.418 0.0000000000
76640  48.770  -15.285  20.767 0.0000000000
77831  47.248  -14.416  22.439 0.0000000000
77830  48.401  -14.256  22.378 0.0000000000
77817  48.075  -14.208  23.445 0.0000000000
79108  48.224  -13.124  24.941 0.0000000000
79109  47.464  -13.606  24.773 0.0000000000
70614  42.868  -20.138  26.591 0.0000000000
70613  43.385  -19.553  26.741 0.0000000000
69508  44.148  -20.802  28.107 0.0000000000
76655  50.118  -15.192  19.135 0.0000000000
37035  12.943  -47.310  41.687 0.0000000000
38077  12.186  -47.344  41.761 0.0000000000
71792  40.455  -18.649  23.851 0.0000000000
70630  41.898  -19.977  24.818 0.0000000000
70638  41.154  -20.321  24.391 0.0000000000
67227  41.157  -23.136  26.330 0.0000000000
68414  41.886  -22.241  26.968 0.0000000000
65964  42.373  -23.491  27.781 0.0000000000
65954  43.439  -23.321  28.997 0.0000000000
65944  43.222  -24.079  29.526 0.0000000000
52651  34.029  -34.329  33.391 0.0000000000
50202  36.543  -36.412  38.190 0.0000000000
51384  36.586  -35.577  37.431 0.0000000000
51373  36.966  -35.572  38.292 0.0000000000
52566  38.066  -34.800  39.156 0.0000000000
50169  37.720  -36.127  39.993 0.0000000000
48030  35.616  -38.902  43.384 0.0000000000
49079  36.119  -38.393  41.658 0.0000000000
48029  36.046  -38.335  44.163 0.0000000000
50111  37.130  -36.115  45.448 0.0000000000
52498  38.354  -34.832  43.913 0.0000000000
43816  28.957  -42.503  43.970 0.0000000000
43802  28.786  -42.676  44.689 0.0000000000
43817  28.383  -42.517  43.887 0.0000000000
43847  26.363  -42.292  41.484 0.0000000000
43833  26.662  -42.560  42.360 0.0000000000
43834  25.854  -42.832  41.905 0.0000000000
41506  26.292  -44.010  42.882 0.0000000000
42707  25.350  -43.768  41.640 0.0000000000
46089  24.724  -41.048  36.594 0.0000000000
42763  22.179  -43.803  38.264 0.0000000000
42762  23.203  -43.780  38.467 0.0000000000
41571  22.963  -44.454  39.423 0.0000000000
41547  23.983  -44.526  40.615 0.0000000000
41548  23.042  -44.779  40.425 0.0000000000
40351  22.191  -45.539  40.551 0.0000000000
41549  22.062  -44.649  40.263 0.0000000000
41531  17.813  -45.025  40.794 0.0000000000
50252  31.904  -37.062  33.651 0.0000000000
49181  31.558  -37.459  34.173 0.0000000000
48127  29.405  -39.153  35.768 0.0000000000
49147  30.412  -38.877  35.908 0.0000000000
48108  31.533  -39.021  36.950 0.0000000000
48094  30.549  -39.100  37.564 0.0000000000
48062  31.213  -39.229  39.066 0.0000000000
48063  30.721  -39.483  39.065 0.0000000000
46034  28.955  -40.631  41.467 0.0000000000
46033  29.986  -40.615  41.417 0.0000000000
46017  29.479  -40.905  42.249 0.0000000000
44950  30.298  -42.358  44.143 0.0000000000
42616  27.733  -43.952  47.845 0.0000000000
35897  13.498  -48.792  44.742 0.0000000000
137843  14.561  -48.545  44.510 0.0000000000
79091  58.397  -12.515  24.930 0.0000000000
76506  56.834  -14.749  27.223 0.0000000000
76505  57.513  -14.765  26.783 0.0000000000
75343  57.019  -15.367  27.495 0.0000000000
75319  56.496  -15.331  28.821 0.0000000000
75411  51.599  -14.602  24.249 0.0000000000
76571  53.130  -14.911  25.565 0.0000000000
76533  52.916  -13.439  26.382 0.0000000000
77717  53.579  -13.592  29.391 0.0000000000
76575  44.380  -14.408  24.898 0.0000000000
76574  44.827  -14.374  24.643 0.0000000000
77806  44.832  -13.938  25.200 0.0000000000
77775  45.903  -13.672  26.104 0.0000000000
77776  45.150  -13.725  26.338 0.0000000000
72952  44.302  -17.756  27.055 0.0000000000
74182  44.182  -17.240  26.702 0.0000000000
72951  44.969  -17.671  27.428 0.0000000000
64662  39.562  -25.872  28.826 0.0000000000
64595  41.251  -24.914  32.924 0.0000000000
64622  40.824  -24.898  31.260 0.0000000000
65881  42.233  -24.354  32.863 0.0000000000
65896  42.761  -24.473  32.381 0.0000000000
65866  43.115  -24.111  33.908 0.0000000000
56349  34.699  -31.745  34.515 0.0000000000
56347  36.305  -31.576  35.255 0.0000000000
57441  39.232  -31.031  37.630 0.0000000000
57464  38.052  -30.580  36.400 0.0000000000
58585  38.759  -30.242  36.136 0.0000000000
58598  38.735  -29.603  35.574 0.0000000000
58583  40.102  -29.658  36.293 0.0000000000
59664  40.155  -29.136  42.206 0.0000000000
60944  43.128  -27.925  38.683 0.0000000000
59754  42.154  -28.309  36.834 0.0000000000
60960  43.155  -27.759  37.732 0.0000000000
62137  42.812  -26.362  36.410 0.0000000000
63279  44.283  -26.298  37.650 0.0000000000
77920  54.004  -13.731  16.289 0.0000000000
80408  55.644  -11.612  15.333 0.0000000000
81523  56.388  -10.459  16.031 0.0000000000
79179  56.104  -12.372  16.944 0.0000000000
79137  56.555  -12.474  21.536 0.0000000000
79145  57.086  -11.826  20.693 0.0000000000
80328  57.449  -11.988  22.408 0.0000000000
80335  58.721  -11.184  22.377 0.0000000000
87130  58.477  -5.414  14.427 0.0000000000
84838  58.643  -7.714  18.278 0.0000000000
84821  59.666  -7.826  19.345 0.0000000000
82572  59.280  -9.232  20.644 0.0000000000
44948  31.965  -41.981  44.735 0.0000000000
44947  32.998  -41.732  44.835 0.0000000000
44936  32.243  -41.645  45.858 0.0000000000
39166  19.692  -46.516  42.231 0.0000000000
38058  19.227  -47.515  44.199 0.0000000000
38074  18.986  -47.111  43.025 0.0000000000
137887  17.525  -47.604  45.063 0.0000000000
137863  15.778  -48.307  47.793 0.0000000000
77847  46.419  -14.785  21.301 0.0000000000
77848  45.519  -15.253  21.556 0.0000000000
68390  44.150  -22.090  29.061 0.0000000000
68389  44.746  -21.586  29.184 0.0000000000
68374  44.886  -21.907  29.879 0.0000000000
68357  46.755  -21.344  31.682 0.0000000000
38095  10.684  -47.026  41.701 0.0000000000
38080  9.334  -47.382  42.054 0.0000000000
38066  8.673  -48.107  42.219 0.0000000000
69549  40.711  -21.257  24.291 0.0000000000
65980  40.762  -23.938  26.358 0.0000000000
50232  35.151  -36.101  35.060 0.0000000000
50222  34.624  -36.569  35.702 0.0000000000
50203  35.611  -36.717  37.959 0.0000000000
50171  36.364  -37.421  39.431 0.0000000000
46035  27.960  -40.924  41.496 0.0000000000
44991  27.789  -41.331  42.044 0.0000000000
46036  27.506  -41.391  40.886 0.0000000000
45001  26.953  -41.879  40.759 0.0000000000
43880  26.106  -42.509  39.798 0.0000000000
41573  20.811  -44.684  39.141 0.0000000000
42765  20.234  -44.090  37.929 0.0000000000
48128  28.618  -39.217  35.885 0.0000000000
48111  28.710  -38.938  37.025 0.0000000000
47064  29.696  -39.625  38.831 0.0000000000
48080  28.612  -39.758  38.570 0.0000000000
46065  28.304  -40.642  39.589 0.0000000000
40255  26.342  -44.980  46.823 0.0000000000
77813  56.741  -13.236  23.001 0.0000000000
77798  57.555  -12.853  24.532 0.0000000000
76570  56.214  -14.534  24.151 0.0000000000
75384  56.520  -14.724  25.599 0.0000000000
76530  55.342  -14.800  26.997 0.0000000000
79092  51.134  -13.067  26.307 0.0000000000
77773  52.569  -13.091  26.826 0.0000000000
79057  51.562  -13.245  28.220 0.0000000000
79021  51.710  -12.537  29.751 0.0000000000
75429  43.043  -15.545  22.656 0.0000000000
76577  42.378  -15.491  24.248 0.0000000000
76561  43.423  -14.812  25.379 0.0000000000
76541  43.552  -14.977  26.185 0.0000000000
72940  45.591  -17.576  28.050 0.0000000000
63378  37.985  -25.696  30.087 0.0000000000
64644  39.274  -25.934  29.434 0.0000000000
63376  39.777  -25.956  30.510 0.0000000000
63354  40.409  -25.726  32.146 0.0000000000
64578  41.402  -24.995  33.429 0.0000000000
53842  37.947  -33.175  37.233 0.0000000000
55122  36.848  -32.059  36.441 0.0000000000
55103  38.447  -32.324  37.406 0.0000000000
56308  38.851  -31.411  37.940 0.0000000000
57427  40.234  -30.783  38.948 0.0000000000
76681  51.281  -14.120  17.733 0.0000000000
77922  51.758  -13.487  16.629 0.0000000000
76680  52.789  -14.390  17.588 0.0000000000
76679  53.539  -14.446  17.932 0.0000000000
77902  54.491  -13.825  17.550 0.0000000000
79171  56.027  -12.950  18.442 0.0000000000
77859  55.246  -13.529  20.346 0.0000000000
77826  56.106  -13.394  22.040 0.0000000000
86029  56.906  -6.308  12.784 0.0000000000
86013  57.501  -6.246  14.068 0.0000000000
87122  58.333  -5.721  15.141 0.0000000000
85989  59.488  -7.177  16.725 0.0000000000
85991  58.244  -6.529  16.386 0.0000000000
84845  57.376  -7.273  16.241 0.0000000000
82628  57.326  -8.847  16.985 0.0000000000
48060  33.353  -39.112  38.933 0.0000000000
48059  34.307  -38.619  39.491 0.0000000000
47035  34.050  -39.847  40.959 0.0000000000
46012  34.788  -40.193  42.377 0.0000000000
47014  35.037  -39.188  44.331 0.0000000000
39161  23.736  -46.825  43.273 0.0000000000
39141  23.819  -46.927  45.405 0.0000000000
39142  22.529  -47.085  45.130 0.0000000000
39126  21.456  -47.044  46.749 0.0000000000
39134  19.116  -46.881  46.234 0.0000000000
39127  19.707  -47.384  46.784 0.0000000000
75477  51.640  -15.720  20.606 0.0000000000
75444  52.417  -15.540  22.495 0.0000000000
75462  51.435  -15.729  21.664 0.0000000000
75445  51.218  -15.292  22.795 0.0000000000
76588  50.789  -14.105  23.420 0.0000000000
77845  48.114  -14.653  21.693 0.0000000000
77829  49.424  -14.022  22.813 0.0000000000
77800  50.770  -13.579  24.614 0.0000000000
79106  50.026  -13.176  25.254 0.0000000000
79094  49.371  -12.957  26.037 0.0000000000
80296  48.035  -11.952  27.301 0.0000000000
71776  42.456  -18.549  25.225 0.0000000000
72983  42.728  -17.622  25.530 0.0000000000
71764  43.487  -18.521  26.367 0.0000000000
71757  43.929  -18.594  26.967 0.0000000000
70605  44.981  -19.566  27.653 0.0000000000
69495  45.163  -20.740  29.150 0.0000000000
69506  45.392  -20.112  29.010 0.0000000000
70594  45.947  -19.505  29.362 0.0000000000
61040  37.987  -27.851  32.488 0.0000000000
56232  40.200  -31.224  42.691 0.0000000000
77906  50.204  -13.544  16.953 0.0000000000
76668  50.612  -14.603  18.155 0.0000000000
75488  50.771  -15.749  19.690 0.0000000000
87146  53.091  -6.328  12.446 0.0000000000
86018  52.534  -6.828  12.700 0.0000000000
38091  14.301  -46.715  41.218 0.0000000000
137861  15.434  -47.522  41.868 0.0000000000
37034  14.147  -47.692  41.550 0.0000000000
37020  13.762  -48.514  42.060 0.0000000000
35908  12.966  -48.921  43.956 0.0000000000
37022  11.070  -48.178  42.509 0.0000000000
75397  40.664  -16.224  24.222 0.0000000000
73007  40.567  -17.358  24.017 0.0000000000
72985  41.196  -17.483  24.644 0.0000000000
70629  42.317  -19.233  24.947 0.0000000000
70621  42.595  -19.673  25.816 0.0000000000
69529  42.612  -20.728  26.455 0.0000000000
69539  41.272  -21.433  24.920 0.0000000000
68413  42.518  -21.774  26.972 0.0000000000
68403  43.236  -21.794  27.743 0.0000000000
67200  43.768  -22.579  29.053 0.0000000000
65932  44.619  -23.297  30.791 0.0000000000
65914  44.635  -23.554  31.679 0.0000000000
53883  36.138  -33.175  34.269 0.0000000000
51404  35.712  -35.252  35.198 0.0000000000
52611  36.644  -34.943  35.391 0.0000000000
52622  37.745  -34.000  35.680 0.0000000000
53822  38.052  -33.775  38.560 0.0000000000
52549  39.246  -34.650  40.060 0.0000000000
52535  39.043  -34.259  41.063 0.0000000000
48053  35.070  -38.531  40.368 0.0000000000
49096  35.934  -37.628  40.409 0.0000000000
50151  36.259  -37.032  41.671 0.0000000000
49067  36.468  -37.481  44.522 0.0000000000
51296  36.544  -36.607  42.620 0.0000000000
51324  37.519  -36.142  41.629 0.0000000000
51308  37.988  -35.434  42.369 0.0000000000
52520  38.217  -34.370  42.808 0.0000000000
53767  38.620  -33.300  42.840 0.0000000000
44898  29.851  -42.604  47.613 0.0000000000
43755  29.269  -42.557  47.408 0.0000000000
42629  28.289  -43.304  46.373 0.0000000000
42647  27.782  -43.685  45.742 0.0000000000
43818  27.884  -42.816  43.344 0.0000000000
42673  27.640  -43.558  44.053 0.0000000000
42661  27.077  -43.989  45.393 0.0000000000
41472  26.473  -44.803  44.999 0.0000000000
41492  25.677  -45.003  44.234 0.0000000000
40303  24.793  -45.690  42.906 0.0000000000
45051  25.494  -41.339  37.431 0.0000000000
45034  25.519  -41.504  38.115 0.0000000000
45017  25.213  -42.413  39.069 0.0000000000
43916  23.508  -42.499  37.382 0.0000000000
43882  24.674  -42.974  39.030 0.0000000000
42745  24.702  -43.750  39.998 0.0000000000
42727  24.509  -43.980  41.109 0.0000000000
41526  24.310  -45.215  41.392 0.0000000000
40304  24.063  -46.194  42.382 0.0000000000
40305  23.161  -46.773  41.832 0.0000000000
40306  22.249  -46.618  41.623 0.0000000000
40308  20.324  -46.131  41.468 0.0000000000
41551  20.118  -45.197  39.955 0.0000000000
41528  20.091  -45.609  40.742 0.0000000000
41510  19.736  -45.766  41.222 0.0000000000
41512  18.025  -45.516  41.288 0.0000000000
41513  17.254  -45.309  41.242 0.0000000000
40332  16.278  -45.569  41.013 0.0000000000
40334  15.137  -46.184  40.392 0.0000000000
39186  13.784  -46.416  40.752 0.0000000000
49180  33.099  -36.750  34.662 0.0000000000
49157  32.925  -37.405  34.917 0.0000000000
49134  32.760  -38.398  37.218 0.0000000000
49182  30.801  -37.764  34.218 0.0000000000
49146  31.622  -38.494  36.303 0.0000000000
49123  32.590  -38.532  38.103 0.0000000000
47049  32.622  -39.770  39.221 0.0000000000
47043  32.253  -40.354  39.862 0.0000000000
46031  32.316  -41.004  41.108 0.0000000000
46047  30.464  -40.610  40.467 0.0000000000
46032  31.091  -40.737  41.310 0.0000000000
44977  31.054  -41.806  42.818 0.0000000000
44949  30.971  -42.201  44.476 0.0000000000
44938  30.605  -42.294  45.585 0.0000000000
137883  15.172  -47.899  43.874 0.0000000000
35891  15.212  -48.077  45.779 0.0000000000
77771  58.033  -13.151  25.459 0.0000000000
75409  53.257  -15.306  24.688 0.0000000000
76552  54.328  -15.011  26.267 0.0000000000
76508  54.934  -14.521  27.852 0.0000000000
76485  53.246  -13.738  27.997 0.0000000000
77739  55.098  -13.790  29.232 0.0000000000
76458  56.287  -14.532  29.335 0.0000000000
77849  44.751  -15.225  21.223 0.0000000000
77833  45.693  -14.701  22.810 0.0000000000
76593  43.622  -15.221  23.281 0.0000000000
76610  44.906  -14.673  23.223 0.0000000000
77804  46.154  -14.122  24.327 0.0000000000
79110  46.691  -13.952  24.814 0.0000000000
79083  46.545  -12.928  26.718 0.0000000000
79062  46.869  -12.206  28.053 0.0000000000
74206  43.046  -16.734  25.843 0.0000000000
75371  44.195  -15.713  26.655 0.0000000000
76540  44.274  -14.611  26.546 0.0000000000
74160  45.101  -16.662  27.747 0.0000000000
76494  44.891  -15.230  27.780 0.0000000000
76518  45.053  -14.425  27.548 0.0000000000
77747  45.929  -13.755  28.380 0.0000000000
79043  46.240  -12.853  28.547 0.0000000000
64697  40.197  -24.597  26.532 0.0000000000
64676  41.156  -24.761  27.618 0.0000000000
64643  40.000  -25.919  29.335 0.0000000000
64642  40.817  -25.495  29.317 0.0000000000
64659  42.141  -24.539  28.801 0.0000000000
64630  42.827  -24.764  30.565 0.0000000000
65895  43.737  -24.263  32.229 0.0000000000
65893  45.474  -23.629  33.223 0.0000000000
57476  36.466  -30.818  35.539 0.0000000000
59797  37.780  -29.251  33.914 0.0000000000
59796  38.477  -28.730  34.492 0.0000000000
60987  39.914  -28.342  34.862 0.0000000000
57394  40.021  -30.472  41.827 0.0000000000
58509  39.654  -29.691  40.866 0.0000000000
58524  40.209  -30.016  39.842 0.0000000000
58522  41.376  -29.437  40.046 0.0000000000
58557  40.857  -29.844  38.000 0.0000000000
59738  41.233  -29.371  37.113 0.0000000000
59774  40.903  -28.399  35.731 0.0000000000
60986  40.724  -27.782  34.763 0.0000000000
62139  41.632  -27.026  34.973 0.0000000000
63312  42.535  -25.659  35.101 0.0000000000
64556  43.227  -24.880  35.483 0.0000000000
63295  45.175  -25.376  37.320 0.0000000000
64535  44.907  -25.039  36.482 0.0000000000
65833  43.517  -24.077  35.864 0.0000000000
65848  45.145  -23.886  35.682 0.0000000000
83762  53.439  -8.725  13.450 0.0000000000
83755  54.796  -8.908  14.359 0.0000000000
82637  56.446  -9.591  15.379 0.0000000000
82629  56.847  -9.392  16.409 0.0000000000
82610  57.441  -9.599  18.106 0.0000000000
80373  56.962  -11.416  18.628 0.0000000000
80372  57.369  -10.874  19.429 0.0000000000
81477  58.084  -10.187  19.832 0.0000000000
82556  59.062  -9.871  21.141 0.0000000000
44911  30.549  -42.467  47.391 0.0000000000
43754  30.924  -42.815  47.555 0.0000000000
38076  16.243  -46.825  41.995 0.0000000000
67136  45.845  -22.858  32.723 0.0000000000
67135  46.406  -22.195  32.967 0.0000000000
49110  33.782  -38.298  39.062 0.0000000000
47069  26.336  -40.137  37.713 0.0000000000
39140  24.579  -46.305  45.689 0.0000000000
75443  53.641  -15.397  22.094 0.0000000000
75442  54.359  -15.146  22.323 0.0000000000
80279  49.687  -12.053  28.806 0.0000000000
75395  41.966  -15.948  25.108 0.0000000000
61019  39.653  -27.002  32.933 0.0000000000
53785  39.489  -33.117  41.690 0.0000000000
55055  39.734  -32.263  40.794 0.0000000000
55037  40.202  -32.046  41.565 0.0000000000
75476  52.671  -15.334  20.276 0.0000000000
75475  53.314  -15.006  20.485 0.0000000000
75460  53.312  -15.121  21.021 0.0000000000
76621  53.950  -14.753  21.370 0.0000000000
84872  55.361  -7.431  13.543 0.0000000000
84862  55.433  -8.175  14.245 0.0000000000
46014  32.955  -41.511  42.459 0.0000000000
46003  32.987  -41.608  43.292 0.0000000000
38072  21.097  -47.197  42.663 0.0000000000
37007  20.727  -47.386  43.008 0.0000000000
76657  47.836  -14.845  19.262 0.0000000000
76641  47.889  -15.076  20.298 0.0000000000
76609  46.809  -14.456  22.821 0.0000000000
77818  47.222  -14.294  23.368 0.0000000000
79121  47.634  -13.957  24.025 0.0000000000
77803  46.909  -13.861  24.046 0.0000000000
69518  43.768  -20.266  27.528 0.0000000000
71793  39.266  -18.490  23.313 0.0000000000
70639  40.371  -20.014  24.143 0.0000000000
71791  41.135  -19.512  24.322 0.0000000000
65979  41.336  -23.632  26.730 0.0000000000
67226  41.718  -22.887  26.658 0.0000000000
65955  42.788  -23.745  28.567 0.0000000000
65956  42.075  -24.065  28.219 0.0000000000
50190  37.049  -37.152  38.844 0.0000000000
50201  37.317  -36.372  38.536 0.0000000000
50189  37.688  -36.494  39.177 0.0000000000
44963  28.620  -42.106  43.391 0.0000000000
43848  25.671  -42.811  41.164 0.0000000000
42726  25.101  -43.320  40.790 0.0000000000
41591  22.437  -44.464  38.616 0.0000000000
48110  29.723  -38.948  36.545 0.0000000000
49148  29.800  -39.213  35.713 0.0000000000
48078  30.356  -39.387  38.535 0.0000000000
46018  28.485  -40.950  42.254 0.0000000000
44962  29.608  -42.304  43.577 0.0000000000
42617  27.264  -44.058  47.274 0.0000000000
34828  12.851  -49.014  44.425 0.0000000000
79117  57.981  -12.225  23.631 0.0000000000
80313  58.579  -11.831  24.762 0.0000000000
79103  58.275  -12.196  24.416 0.0000000000
76573  51.620  -14.279  24.907 0.0000000000
76555  52.182  -13.994  25.666 0.0000000000
76560  44.022  -14.312  25.904 0.0000000000
77790  44.654  -13.944  25.727 0.0000000000
63409  38.741  -25.922  28.426 0.0000000000
64594  41.754  -24.560  33.200 0.0000000000
64609  41.726  -24.683  32.592 0.0000000000
65867  42.428  -24.355  33.493 0.0000000000
55152  36.244  -32.218  34.639 0.0000000000
56348  35.414  -31.730  34.941 0.0000000000
56367  36.095  -31.845  34.778 0.0000000000
57440  39.884  -30.924  37.728 0.0000000000
57450  39.417  -30.803  37.079 0.0000000000
58569  39.926  -30.381  36.842 0.0000000000
58584  39.318  -29.581  36.209 0.0000000000
60921  43.450  -27.113  40.041 0.0000000000
60959  43.583  -27.441  38.268 0.0000000000
62121  43.654  -27.103  37.733 0.0000000000
62120  44.039  -26.739  38.289 0.0000000000
77919  54.857  -13.134  16.513 0.0000000000
77931  54.467  -13.219  15.825 0.0000000000
79194  54.868  -12.874  15.924 0.0000000000
79205  55.227  -12.179  15.382 0.0000000000
79193  55.472  -12.468  16.083 0.0000000000
79192  56.093  -12.113  16.306 0.0000000000
79128  56.867  -12.484  22.487 0.0000000000
80337  57.076  -11.988  21.925 0.0000000000
79127  57.554  -12.327  22.918 0.0000000000
80327  58.245  -11.898  22.789 0.0000000000
86002  59.383  -6.193  14.674 0.0000000000
83723  58.557  -8.271  18.682 0.0000000000
84829  59.063  -7.844  18.696 0.0000000000
83722  58.911  -8.350  19.222 0.0000000000
83709  59.408  -8.348  19.880 0.0000000000
82608  58.524  -8.668  19.054 0.0000000000
39167  18.366  -46.595  42.389 0.0000000000
77864  45.406  -14.625  20.173 0.0000000000
67188  44.696  -22.310  29.757 0.0000000000
39190  9.964  -46.626  41.821 0.0000000000
38081  8.348  -47.633  42.012 0.0000000000
38067  8.165  -47.736  42.894 0.0000000000
49179  33.385  -36.477  34.696 0.0000000000
50223  34.035  -36.600  35.252 0.0000000000
49143  34.488  -36.929  36.258 0.0000000000
49121  34.738  -37.500  38.048 0.0000000000
50204  35.093  -36.877  37.295 0.0000000000
49120  35.411  -37.139  38.555 0.0000000000
50191  36.030  -37.038  38.738 0.0000000000
46050  28.003  -41.204  40.246 0.0000000000
46051  27.329  -41.374  39.983 0.0000000000
45015  26.768  -42.008  39.729 0.0000000000
45016  25.781  -41.811  39.119 0.0000000000
47105  27.941  -39.413  36.632 0.0000000000
47120  27.851  -39.344  35.986 0.0000000000
48096  28.610  -39.417  37.868 0.0000000000
47055  27.920  -40.080  39.113 0.0000000000
46049  28.635  -40.842  40.491 0.0000000000
40262  26.106  -45.322  46.113 0.0000000000
40256  25.506  -45.386  47.040 0.0000000000
76600  56.204  -13.866  22.820 0.0000000000
76584  56.510  -13.806  23.596 0.0000000000
76585  55.774  -14.466  23.236 0.0000000000
75385  55.794  -15.309  25.005 0.0000000000
75363  56.150  -15.020  25.848 0.0000000000
75364  55.584  -15.257  26.114 0.0000000000
79093  50.300  -12.922  26.133 0.0000000000
79078  51.498  -13.056  27.144 0.0000000000
79038  51.231  -12.980  29.107 0.0000000000
75416  41.869  -15.574  23.586 0.0000000000
76562  42.645  -15.395  25.034 0.0000000000
63377  39.018  -26.225  29.847 0.0000000000
62202  39.205  -26.383  30.553 0.0000000000
62167  40.193  -26.394  32.826 0.0000000000
62179  40.441  -26.000  32.589 0.0000000000
63341  41.052  -25.317  33.265 0.0000000000
63326  41.254  -25.447  33.826 0.0000000000
55104  38.193  -32.913  38.139 0.0000000000
53841  38.361  -32.612  36.821 0.0000000000
55083  38.827  -32.564  38.617 0.0000000000
56296  39.955  -31.513  39.092 0.0000000000
56295  40.116  -31.183  38.744 0.0000000000
57428  39.923  -30.850  39.359 0.0000000000
77888  52.136  -14.055  17.834 0.0000000000
76678  54.154  -14.304  18.451 0.0000000000
77887  54.810  -13.987  18.761 0.0000000000
77874  54.657  -14.169  19.742 0.0000000000
76619  55.111  -14.156  21.892 0.0000000000
77843  55.097  -13.695  21.340 0.0000000000
77827  55.466  -13.838  21.918 0.0000000000
86003  57.610  -6.281  14.841 0.0000000000
87131  57.916  -5.671  14.605 0.0000000000
87123  57.933  -5.884  15.064 0.0000000000
85997  58.703  -5.936  15.955 0.0000000000
85998  57.822  -6.321  15.599 0.0000000000
84846  56.635  -7.793  16.093 0.0000000000
83737  58.000  -8.155  16.980 0.0000000000
83738  56.987  -8.245  16.522 0.0000000000
48054  34.066  -39.108  40.174 0.0000000000
46013  34.218  -41.036  42.452 0.0000000000
47019  35.083  -39.475  42.966 0.0000000000
39153  22.714  -47.068  43.945 0.0000000000
39119  20.535  -47.493  46.691 0.0000000000
39144  19.471  -47.142  45.222 0.0000000000
75478  50.730  -15.801  20.646 0.0000000000
76623  49.597  -14.866  21.893 0.0000000000
75446  50.520  -15.061  22.452 0.0000000000
76622  50.164  -14.796  22.260 0.0000000000
76604  51.096  -14.493  23.285 0.0000000000
76605  50.522  -14.414  22.811 0.0000000000
76625  48.127  -14.975  21.203 0.0000000000
77815  50.075  -14.005  23.571 0.0000000000
77801  49.641  -13.515  24.399 0.0000000000
77802  49.089  -13.173  24.256 0.0000000000
79107  49.077  -13.043  24.976 0.0000000000
79095  48.419  -12.971  25.999 0.0000000000
79081  48.670  -12.453  26.927 0.0000000000
71765  43.003  -18.510  25.821 0.0000000000
70612  44.192  -19.471  27.317 0.0000000000
71756  44.691  -18.645  27.265 0.0000000000
70579  45.981  -19.870  29.980 0.0000000000
70604  45.492  -19.523  28.407 0.0000000000
70593  46.448  -19.234  29.582 0.0000000000
59838  37.375  -28.171  31.824 0.0000000000
61021  38.075  -28.274  33.450 0.0000000000
77890  49.918  -14.299  17.507 0.0000000000
77891  49.406  -14.358  17.657 0.0000000000
74299  51.469  -15.805  20.231 0.0000000000
86017  53.632  -7.081  12.776 0.0000000000
37008  13.195  -48.853  42.918 0.0000000000
38079  10.414  -47.566  42.118 0.0000000000
75418  40.295  -16.044  23.711 0.0000000000
73008  39.743  -17.551  23.469 0.0000000000
71777  41.682  -18.635  24.501 0.0000000000
69530  42.017  -20.695  26.092 0.0000000000
68435  41.378  -21.968  25.508 0.0000000000
68426  41.812  -21.760  26.301 0.0000000000
67201  43.339  -22.663  28.413 0.0000000000
65933  44.005  -23.686  30.473 0.0000000000
65943  43.883  -23.378  29.620 0.0000000000
53884  35.284  -33.260  33.858 0.0000000000
51405  34.632  -35.193  34.574 0.0000000000
50221  35.466  -36.164  35.935 0.0000000000
51395  36.728  -35.163  36.794 0.0000000000
52610  37.239  -34.844  36.100 0.0000000000
52623  37.138  -34.174  35.177 0.0000000000
52609  37.531  -34.027  36.671 0.0000000000
52595  37.471  -34.267  37.690 0.0000000000
52550  38.782  -35.174  39.565 0.0000000000
52565  38.750  -34.539  39.448 0.0000000000
48048  34.670  -38.982  40.906 0.0000000000
48047  35.249  -38.534  41.269 0.0000000000
49078  36.467  -37.969  41.973 0.0000000000
49097  35.463  -38.012  41.153 0.0000000000
49087  36.055  -37.607  41.497 0.0000000000
49086  36.348  -37.280  41.160 0.0000000000
50124  37.568  -36.070  44.247 0.0000000000
50125  37.033  -36.580  43.982 0.0000000000
51295  36.899  -36.063  43.005 0.0000000000
51309  36.963  -36.381  42.214 0.0000000000
53742  38.045  -34.249  43.543 0.0000000000
44926  29.856  -42.368  46.521 0.0000000000
43769  29.275  -42.497  46.473 0.0000000000
43786  28.500  -43.062  45.714 0.0000000000
42646  28.143  -43.467  46.129 0.0000000000
43787  27.950  -43.264  45.222 0.0000000000
44980  27.975  -41.810  42.619 0.0000000000
44981  27.247  -42.056  42.412 0.0000000000
42689  26.677  -43.441  42.916 0.0000000000
42674  27.196  -43.464  43.438 0.0000000000
41490  27.294  -43.972  43.829 0.0000000000
41471  27.003  -43.892  44.514 0.0000000000
41507  25.618  -44.749  42.780 0.0000000000
40286  25.154  -46.034  43.810 0.0000000000
41508  24.723  -45.254  42.292 0.0000000000
45052  24.657  -41.836  37.397 0.0000000000
45035  24.980  -42.110  38.567 0.0000000000
43883  23.862  -43.061  38.770 0.0000000000
40327  23.687  -45.982  41.743 0.0000000000
40328  23.159  -45.880  41.343 0.0000000000
40329  22.254  -46.226  40.978 0.0000000000
40330  21.344  -46.419  40.724 0.0000000000
40307  21.374  -46.195  41.663 0.0000000000
41552  19.344  -44.855  40.170 0.0000000000
41529  19.540  -45.274  40.808 0.0000000000
41511  18.933  -45.634  41.303 0.0000000000
41554  17.607  -44.760  40.176 0.0000000000
41532  16.875  -44.990  40.823 0.0000000000
40312  16.535  -45.708  41.372 0.0000000000
40354  16.446  -45.659  40.409 0.0000000000
39197  14.680  -46.165  40.395 0.0000000000
39185  14.759  -46.343  40.775 0.0000000000
39198  14.201  -46.033  40.388 0.0000000000
50236  31.944  -37.111  34.445 0.0000000000
50235  32.204  -37.096  34.746 0.0000000000
49145  32.760  -37.796  36.096 0.0000000000
49135  31.927  -38.708  37.537 0.0000000000
48076  32.369  -38.721  38.626 0.0000000000
48061  32.067  -38.976  39.143 0.0000000000
46061  31.579  -40.373  39.586 0.0000000000
47050  31.839  -39.923  39.076 0.0000000000
46045  31.830  -40.485  39.894 0.0000000000
47037  32.215  -40.476  40.494 0.0000000000
47053  29.311  -39.940  39.086 0.0000000000
46063  29.889  -40.586  39.599 0.0000000000
46015  31.657  -41.383  42.083 0.0000000000
44960  31.541  -41.948  43.725 0.0000000000
44961  30.580  -42.079  43.570 0.0000000000
43784  30.071  -42.392  45.386 0.0000000000
43783  30.603  -42.308  45.036 0.0000000000
44925  30.451  -42.303  46.323 0.0000000000
43740  28.596  -43.083  48.688 0.0000000000
39125  22.850  -46.946  47.009 0.0000000000
137860  15.119  -47.643  43.313 0.0000000000
137835  14.242  -48.438  47.136 0.0000000000
137842  14.830  -47.994  47.037 0.0000000000
137834  14.596  -48.297  47.425 0.0000000000
76568  57.763  -13.438  24.992 0.0000000000
77785  58.023  -12.850  24.904 0.0000000000
76549  57.839  -13.354  25.607 0.0000000000
75342  57.432  -15.164  26.920 0.0000000000
76553  53.686  -14.809  26.165 0.0000000000
75387  53.620  -15.191  25.503 0.0000000000
76531  54.345  -14.626  26.920 0.0000000000
77759  52.382  -13.426  27.994 0.0000000000
77758  53.076  -13.340  27.626 0.0000000000
77741  53.200  -13.502  28.619 0.0000000000
77716  54.614  -13.733  29.625 0.0000000000
77715  55.439  -13.737  29.865 0.0000000000
77738  55.728  -13.851  29.401 0.0000000000
76439  56.147  -14.373  30.292 0.0000000000
75297  56.247  -15.240  29.478 0.0000000000
76628  43.753  -15.500  21.524 0.0000000000
76643  44.243  -15.336  21.067 0.0000000000
76626  45.083  -15.074  22.509 0.0000000000
76591  44.898  -14.612  24.243 0.0000000000
77820  45.571  -14.459  23.795 0.0000000000
77788  45.975  -13.834  25.171 0.0000000000
79084  45.579  -13.209  26.793 0.0000000000
79082  47.618  -12.188  26.995 0.0000000000
72964  43.357  -17.632  26.066 0.0000000000
74205  43.888  -16.736  26.387 0.0000000000
74181  44.482  -16.736  26.977 0.0000000000
74204  44.215  -16.381  26.643 0.0000000000
75327  45.743  -15.600  28.781 0.0000000000
75328  45.194  -15.733  28.065 0.0000000000
77761  45.121  -13.890  27.285 0.0000000000
63423  39.971  -25.405  27.410 0.0000000000
64678  39.884  -25.040  26.956 0.0000000000
64677  40.479  -24.849  27.242 0.0000000000
64634  39.666  -26.008  29.829 0.0000000000
64633  40.282  -25.813  30.041 0.0000000000
64621  41.971  -24.980  31.758 0.0000000000
64632  40.954  -25.435  30.273 0.0000000000
64641  41.625  -25.060  29.471 0.0000000000
64640  42.436  -24.619  29.532 0.0000000000
65894  44.842  -23.758  32.655 0.0000000000
65878  44.893  -24.245  33.576 0.0000000000
56331  37.779  -31.773  36.621 0.0000000000
56333  36.655  -31.550  36.275 0.0000000000
57453  37.267  -31.062  36.893 0.0000000000
58619  37.496  -30.345  35.575 0.0000000000
56366  37.141  -30.251  36.023 0.0000000000
59779  36.849  -29.840  34.797 0.0000000000
59798  36.470  -29.646  34.286 0.0000000000
59776  39.262  -28.947  35.088 0.0000000000
59795  38.970  -28.488  34.403 0.0000000000
59775  40.152  -28.615  35.514 0.0000000000
57373  40.290  -30.586  42.851 0.0000000000
57393  40.394  -30.861  42.185 0.0000000000
58496  40.108  -29.675  42.538 0.0000000000
60854  40.366  -28.910  42.028 0.0000000000
58508  39.863  -29.691  41.603 0.0000000000
59677  39.967  -29.076  41.332 0.0000000000
58525  39.762  -29.713  40.592 0.0000000000
59691  40.533  -29.408  40.607 0.0000000000
59709  42.120  -28.731  39.289 0.0000000000
60923  42.142  -28.480  39.960 0.0000000000
58541  41.466  -29.357  39.632 0.0000000000
58542  41.051  -29.814  39.043 0.0000000000
59728  41.408  -29.389  38.122 0.0000000000
59755  41.412  -28.456  36.514 0.0000000000
60985  41.538  -27.699  35.665 0.0000000000
63297  43.303  -25.947  36.549 0.0000000000
63311  43.128  -25.761  35.831 0.0000000000
64555  43.481  -25.134  35.871 0.0000000000
63257  45.285  -25.301  38.912 0.0000000000
64504  45.562  -24.559  38.773 0.0000000000
64534  45.598  -24.903  37.245 0.0000000000
65832  44.364  -23.992  36.222 0.0000000000
65849  44.147  -24.079  35.327 0.0000000000
84874  53.110  -7.746  13.121 0.0000000000
82646  55.044  -9.698  14.312 0.0000000000
82645  55.751  -9.821  14.555 0.0000000000
83754  55.558  -8.989  14.685 0.0000000000
82644  56.211  -9.978  14.763 0.0000000000
81514  56.686  -10.454  16.960 0.0000000000
82621  57.049  -9.559  17.395 0.0000000000
77872  55.943  -13.033  19.523 0.0000000000
79170  56.305  -12.378  18.012 0.0000000000
79156  56.263  -12.598  19.229 0.0000000000
80346  57.513  -11.339  20.851 0.0000000000
80358  57.386  -10.985  20.152 0.0000000000
81461  57.887  -10.634  20.594 0.0000000000
81460  58.583  -10.095  20.804 0.0000000000
81445  58.846  -10.555  21.644 0.0000000000
81434  59.115  -10.812  22.419 0.0000000000
85990  58.970  -6.761  16.704 0.0000000000
39168  17.246  -46.310  42.321 0.0000000000
67175  45.476  -22.058  30.854 0.0000000000
48058  35.004  -38.326  39.546 0.0000000000
47056  27.351  -40.212  38.909 0.0000000000
47106  27.092  -39.537  36.642 0.0000000000
48097  28.164  -39.722  38.262 0.0000000000
40263  24.923  -45.812  46.220 0.0000000000
40264  24.576  -46.183  46.668 0.0000000000
39124  23.814  -46.817  47.249 0.0000000000
76602  54.759  -14.618  22.311 0.0000000000
76586  55.099  -14.584  22.882 0.0000000000
75425  54.569  -15.197  23.033 0.0000000000
79080  49.685  -12.619  26.883 0.0000000000
79059  49.958  -12.536  27.678 0.0000000000
79040  50.106  -12.407  28.392 0.0000000000
80278  50.135  -12.253  28.796 0.0000000000
75373  42.654  -15.936  25.595 0.0000000000
61051  38.290  -26.938  31.417 0.0000000000
62190  38.833  -26.677  31.154 0.0000000000
62181  39.331  -26.674  31.741 0.0000000000
61018  40.209  -26.593  33.208 0.0000000000
53809  38.755  -33.580  39.416 0.0000000000
76653  52.103  -15.092  18.968 0.0000000000
76666  52.660  -14.680  18.354 0.0000000000
76652  53.012  -15.028  19.380 0.0000000000
76638  53.372  -14.912  20.095 0.0000000000
76651  53.919  -14.514  19.781 0.0000000000
77875  54.249  -14.235  20.126 0.0000000000
76636  54.162  -14.217  21.093 0.0000000000
76620  54.579  -14.365  21.557 0.0000000000
84871  56.018  -7.299  13.387 0.0000000000
85999  57.214  -6.818  15.173 0.0000000000
47036  32.879  -40.238  40.715 0.0000000000
39163  22.004  -47.272  42.419 0.0000000000
39143  20.895  -47.102  44.745 0.0000000000
137882  17.474  -47.450  46.080 0.0000000000
75490  49.359  -15.673  20.156 0.0000000000
75479  49.651  -15.427  20.780 0.0000000000
76639  49.286  -15.121  21.317 0.0000000000
79119  48.691  -13.093  24.299 0.0000000000
79120  48.181  -13.386  24.121 0.0000000000
69481  46.071  -20.459  30.407 0.0000000000
76656  48.911  -15.442  19.556 0.0000000000
38093  12.425  -46.743  41.504 0.0000000000
69548  41.387  -20.799  24.714 0.0000000000
67238  41.361  -22.508  26.101 0.0000000000
67213  42.223  -22.862  27.204 0.0000000000
52636  34.857  -34.305  33.580 0.0000000000
50212  36.156  -36.257  37.500 0.0000000000
51385  36.135  -35.891  37.099 0.0000000000
52581  37.418  -34.797  38.471 0.0000000000
51372  37.777  -35.690  38.689 0.0000000000
51357  38.193  -35.699  39.430 0.0000000000
51342  38.397  -35.476  40.421 0.0000000000
48035  35.983  -39.221  42.465 0.0000000000
48039  35.787  -38.863  41.621 0.0000000000
48038  36.396  -38.722  42.045 0.0000000000
48034  36.295  -38.438  42.899 0.0000000000
50118  37.354  -36.100  44.814 0.0000000000
43801  29.530  -42.457  44.563 0.0000000000
43785  29.310  -42.541  45.479 0.0000000000
42690  26.123  -43.561  42.344 0.0000000000
45053  23.837  -41.892  36.921 0.0000000000
43897  22.687  -42.874  38.191 0.0000000000
41570  23.768  -44.305  39.912 0.0000000000
40350  22.834  -45.485  40.873 0.0000000000
40352  21.391  -45.566  40.290 0.0000000000
41553  18.474  -44.672  40.192 0.0000000000
48109  30.867  -38.933  36.768 0.0000000000
48093  31.301  -39.014  37.448 0.0000000000
48077  31.472  -38.875  38.379 0.0000000000
47051  31.053  -39.847  39.252 0.0000000000
46048  29.468  -40.658  40.524 0.0000000000
44978  30.023  -41.565  42.878 0.0000000000
44951  29.893  -42.438  44.209 0.0000000000
36997  14.028  -48.558  43.774 0.0000000000
76528  57.641  -13.905  26.252 0.0000000000
74152  56.883  -16.051  28.284 0.0000000000
75410  52.057  -15.026  24.462 0.0000000000
76572  52.474  -14.675  25.258 0.0000000000
76554  52.779  -14.227  26.130 0.0000000000
76532  53.424  -13.772  26.823 0.0000000000
77718  52.573  -13.205  29.586 0.0000000000
76612  43.727  -15.241  22.413 0.0000000000
76592  44.246  -14.762  23.800 0.0000000000
77789  45.263  -13.809  25.531 0.0000000000
76467  45.983  -14.701  29.072 0.0000000000
63424  39.411  -25.764  27.171 0.0000000000
63408  39.774  -25.735  27.973 0.0000000000
63366  40.763  -25.404  31.905 0.0000000000
64610  41.223  -25.041  32.191 0.0000000000
65916  42.357  -24.724  32.113 0.0000000000
65897  42.142  -24.638  32.373 0.0000000000
65880  42.933  -24.083  33.045 0.0000000000
65865  43.994  -24.126  34.305 0.0000000000
57451  38.793  -30.952  36.818 0.0000000000
57452  37.899  -31.035  36.870 0.0000000000
58599  38.141  -30.158  35.381 0.0000000000
59648  40.377  -28.954  42.979 0.0000000000
60830  40.525  -28.791  42.562 0.0000000000
60853  40.865  -28.498  42.273 0.0000000000
59708  42.710  -28.300  39.019 0.0000000000
59736  42.465  -28.402  37.538 0.0000000000
60973  42.788  -27.776  36.825 0.0000000000
62129  42.452  -26.910  36.635 0.0000000000
62128  43.192  -26.714  37.094 0.0000000000
63296  44.198  -25.858  36.849 0.0000000000
77932  53.760  -13.161  15.513 0.0000000000
80416  55.286  -11.303  14.836 0.0000000000
81532  55.597  -11.049  14.950 0.0000000000
81531  56.038  -10.643  15.133 0.0000000000
80407  56.091  -11.210  15.773 0.0000000000
80396  56.387  -11.464  16.451 0.0000000000
80387  56.666  -11.470  17.458 0.0000000000
79146  56.500  -12.194  20.488 0.0000000000
79136  57.163  -11.980  21.185 0.0000000000
80336  57.956  -11.546  21.769 0.0000000000
87141  58.505  -5.516  13.542 0.0000000000
87129  59.119  -5.545  14.159 0.0000000000
86011  59.389  -6.003  13.752 0.0000000000
84837  58.908  -7.434  17.739 0.0000000000
84828  59.805  -7.565  18.513 0.0000000000
83720  60.428  -8.448  18.877 0.0000000000
44959  32.631  -41.759  43.822 0.0000000000
137888  20.144  -47.464  43.092 0.0000000000
39181  17.959  -46.718  43.171 0.0000000000
137832  16.494  -48.983  47.906 0.0000000000
77832  46.404  -14.609  22.359 0.0000000000
68402  43.920  -21.720  28.491 0.0000000000
68401  44.484  -21.206  28.478 0.0000000000
68373  45.316  -21.385  30.138 0.0000000000
68358  45.882  -21.299  31.040 0.0000000000
38096  10.083  -47.180  41.823 0.0000000000
39173  8.318  -46.873  42.151 0.0000000000
37024  9.194  -48.153  42.308 0.0000000000
67239  40.791  -22.865  25.680 0.0000000000
50233  34.407  -36.139  34.928 0.0000000000
50214  34.989  -36.708  36.515 0.0000000000
46019  27.960  -41.085  42.187 0.0000000000
43863  26.274  -42.403  40.561 0.0000000000
43898  21.949  -43.229  37.889 0.0000000000
41592  21.612  -44.500  38.507 0.0000000000
41593  21.062  -44.391  38.515 0.0000000000
42747  20.641  -44.304  38.500 0.0000000000
48079  29.306  -39.517  38.442 0.0000000000
48064  29.073  -39.758  38.723 0.0000000000
48065  28.871  -39.887  38.827 0.0000000000
47066  28.193  -39.887  38.780 0.0000000000
47054  28.578  -40.055  39.069 0.0000000000
79104  57.518  -12.480  24.048 0.0000000000
77799  57.001  -13.016  23.898 0.0000000000
76569  57.069  -13.778  24.481 0.0000000000
76551  56.679  -14.611  24.919 0.0000000000
76529  56.488  -14.606  26.530 0.0000000000
76507  55.871  -14.839  27.692 0.0000000000
77774  51.747  -13.225  26.494 0.0000000000
79077  52.039  -13.199  27.540 0.0000000000
79056  52.006  -13.344  27.860 0.0000000000
79058  50.705  -12.811  27.859 0.0000000000
77719  52.170  -12.820  29.577 0.0000000000
75430  42.188  -15.673  22.771 0.0000000000
75415  42.768  -15.464  23.509 0.0000000000
71748  45.961  -18.693  28.504 0.0000000000
63387  38.586  -25.800  29.432 0.0000000000
64663  39.035  -25.914  29.133 0.0000000000
62189  39.520  -26.222  31.252 0.0000000000
63367  40.147  -25.589  31.443 0.0000000000
63353  40.855  -25.478  32.627 0.0000000000
64577  42.027  -24.952  33.842 0.0000000000
55136  37.494  -32.766  35.793 0.0000000000
55137  36.621  -32.516  36.005 0.0000000000
55121  37.538  -32.362  36.326 0.0000000000
55120  38.332  -32.186  36.537 0.0000000000
56307  39.798  -31.179  38.317 0.0000000000
77905  51.756  -14.056  17.350 0.0000000000
77904  52.403  -14.019  17.034 0.0000000000
77903  53.346  -14.005  17.071 0.0000000000
77901  55.471  -12.986  17.273 0.0000000000
77885  55.982  -13.006  17.873 0.0000000000
77886  55.548  -13.448  18.276 0.0000000000
77873  55.590  -13.438  19.346 0.0000000000
77842  56.023  -13.165  20.941 0.0000000000
87160  56.532  -6.046  12.139 0.0000000000
86028  57.425  -6.169  13.325 0.0000000000
87142  57.882  -5.588  13.814 0.0000000000
87121  58.971  -5.759  15.058 0.0000000000
85996  59.289  -6.544  15.845 0.0000000000
84853  57.190  -6.977  15.595 0.0000000000
84844  58.398  -7.301  16.885 0.0000000000
83736  58.361  -7.606  17.562 0.0000000000
82620  57.680  -8.839  17.714 0.0000000000
47027  34.679  -39.401  41.425 0.0000000000
47034  34.636  -39.839  41.600 0.0000000000
47026  35.303  -39.641  41.890 0.0000000000
44958  33.101  -41.661  44.162 0.0000000000
45995  34.391  -40.378  44.776 0.0000000000
45990  34.241  -40.384  45.939 0.0000000000
47087  26.143  -40.234  36.842 0.0000000000
39152  23.932  -46.775  44.211 0.0000000000
39132  22.624  -47.026  45.855 0.0000000000
75463  50.332  -15.374  21.781 0.0000000000
75428  51.595  -14.845  23.710 0.0000000000
76587  51.190  -14.217  23.964 0.0000000000
77814  50.681  -14.075  23.908 0.0000000000
76624  48.750  -14.824  21.689 0.0000000000
76607  49.196  -14.441  22.263 0.0000000000
77828  50.033  -14.022  22.810 0.0000000000
79105  50.867  -12.985  25.502 0.0000000000
80287  48.457  -12.188  27.723 0.0000000000
72984  41.891  -17.621  25.189 0.0000000000
69507  44.912  -20.506  28.401 0.0000000000
69494  45.602  -20.453  29.643 0.0000000000
59860  37.293  -27.900  31.433 0.0000000000
55012  39.075  -32.145  43.090 0.0000000000
55011  39.820  -31.738  42.567 0.0000000000
56233  39.681  -31.339  43.321 0.0000000000
76682  50.662  -14.143  17.303 0.0000000000
76654  51.163  -15.203  18.915 0.0000000000
75487  51.698  -15.614  19.750 0.0000000000
137876  15.977  -47.079  41.819 0.0000000000
38078  11.420  -47.518  42.006 0.0000000000
37009  11.743  -48.904  43.001 0.0000000000
35909  12.320  -49.509  43.590 0.0000000000
34829  12.552  -49.459  44.287 0.0000000000
75417  41.084  -15.772  23.668 0.0000000000
74252  40.456  -16.562  24.051 0.0000000000
74232  40.851  -16.643  24.482 0.0000000000
69519  43.139  -20.751  27.128 0.0000000000
69538  41.703  -20.979  25.411 0.0000000000
68425  42.263  -21.244  26.425 0.0000000000
67189  44.293  -22.508  29.442 0.0000000000
65942  44.583  -23.064  29.959 0.0000000000
67137  45.278  -23.046  31.988 0.0000000000
55153  34.549  -32.486  34.130 0.0000000000
55139  35.271  -32.423  34.381 0.0000000000
53882  36.481  -33.271  35.253 0.0000000000
51418  34.622  -35.084  33.686 0.0000000000
51396  36.294  -35.562  36.367 0.0000000000
52624  36.179  -34.151  35.009 0.0000000000
53881  37.261  -33.305  35.570 0.0000000000
53864  38.047  -33.196  35.966 0.0000000000
53810  38.231  -34.121  39.299 0.0000000000
48052  35.469  -38.188  39.856 0.0000000000
49095  36.510  -37.140  40.751 0.0000000000
48028  36.403  -37.779  43.969 0.0000000000
49073  36.474  -37.309  43.645 0.0000000000
50126  36.427  -36.757  43.061 0.0000000000
50135  36.094  -36.992  42.288 0.0000000000
51310  36.513  -36.720  42.309 0.0000000000
50150  36.836  -36.757  41.307 0.0000000000
50149  37.668  -36.287  40.823 0.0000000000
51323  38.077  -35.743  41.363 0.0000000000
51322  38.449  -35.018  41.436 0.0000000000
52499  37.967  -34.737  43.243 0.0000000000
52519  38.668  -34.410  42.059 0.0000000000
43738  30.098  -42.926  48.321 0.0000000000
43739  29.480  -42.985  48.281 0.0000000000
43756  28.803  -43.207  47.871 0.0000000000
43770  28.499  -42.938  46.904 0.0000000000
43771  28.186  -43.417  47.554 0.0000000000
42630  27.862  -43.770  46.753 0.0000000000
41435  27.307  -44.208  46.609 0.0000000000
44964  28.195  -42.243  43.340 0.0000000000
43819  27.138  -42.917  42.935 0.0000000000
42660  27.504  -43.459  44.933 0.0000000000
42648  27.448  -44.227  45.815 0.0000000000
41454  27.035  -44.681  46.096 0.0000000000
41473  25.949  -45.397  44.859 0.0000000000
40287  24.472  -46.427  43.245 0.0000000000
46079  26.236  -41.029  37.497 0.0000000000
43881  25.489  -42.938  39.545 0.0000000000
43915  24.088  -42.541  37.769 0.0000000000
43896  23.556  -42.763  38.262 0.0000000000
42744  25.317  -43.295  40.156 0.0000000000
42708  24.757  -44.347  41.502 0.0000000000
39165  20.679  -46.193  42.213 0.0000000000
41550  21.158  -44.880  40.034 0.0000000000
40353  20.572  -45.647  40.179 0.0000000000
40331  20.408  -46.147  40.726 0.0000000000
41509  20.091  -45.923  41.072 0.0000000000
40309  19.210  -46.263  41.606 0.0000000000
40311  17.225  -45.837  41.693 0.0000000000
40313  16.026  -45.965  41.281 0.0000000000
40333  15.675  -45.992  40.830 0.0000000000
39199  13.430  -45.904  40.400 0.0000000000
39187  12.713  -46.226  40.779 0.0000000000
50250  33.230  -36.279  34.336 0.0000000000
50251  32.504  -36.738  34.290 0.0000000000
48075  32.968  -38.646  38.452 0.0000000000
47052  30.245  -39.818  39.201 0.0000000000
46062  30.805  -40.397  39.665 0.0000000000
44976  32.100  -41.867  42.937 0.0000000000
43799  30.506  -42.308  44.574 0.0000000000
137884  15.707  -47.585  43.193 0.0000000000
137853  15.353  -47.969  47.387 0.0000000000
79076  58.082  -12.992  25.123 0.0000000000
75386  54.460  -15.342  25.558 0.0000000000
75365  54.805  -15.152  26.435 0.0000000000
77786  52.430  -13.577  26.228 0.0000000000
77772  53.218  -13.255  27.179 0.0000000000
76510  53.415  -13.670  27.598 0.0000000000
77740  54.219  -13.538  28.961 0.0000000000
76484  53.771  -13.786  28.283 0.0000000000
76483  54.628  -13.972  28.505 0.0000000000
76482  55.674  -14.218  28.727 0.0000000000
77865  44.395  -14.511  20.427 0.0000000000
77819  46.453  -14.331  23.332 0.0000000000
76611  44.319  -14.958  22.867 0.0000000000
75447  44.717  -14.924  22.689 0.0000000000
79097  46.744  -13.736  25.661 0.0000000000
80297  47.788  -11.987  27.379 0.0000000000
80288  47.775  -12.050  27.953 0.0000000000
75372  43.277  -15.842  26.184 0.0000000000
76519  44.883  -14.814  27.205 0.0000000000
77762  44.688  -14.269  26.860 0.0000000000
80282  47.211  -11.996  29.123 0.0000000000
80281  47.801  -11.657  29.067 0.0000000000
65981  40.175  -24.224  25.996 0.0000000000
65966  41.136  -24.238  27.037 0.0000000000
64661  40.525  -25.536  28.280 0.0000000000
64660  41.565  -24.927  28.380 0.0000000000
64629  43.563  -24.439  30.964 0.0000000000
64620  42.911  -24.705  31.653 0.0000000000
64619  43.509  -24.387  31.678 0.0000000000
65915  44.018  -23.945  31.300 0.0000000000
57477  35.556  -30.937  35.227 0.0000000000
57465  37.345  -30.729  36.602 0.0000000000
57475  36.981  -30.455  35.945 0.0000000000
59777  38.020  -28.880  35.267 0.0000000000
61001  38.330  -28.725  33.917 0.0000000000
61000  38.675  -28.283  33.942 0.0000000000
60999  39.525  -27.941  34.119 0.0000000000
56257  40.290  -31.236  41.805 0.0000000000
57395  39.470  -30.424  41.009 0.0000000000
57412  39.734  -30.434  39.975 0.0000000000
57411  39.929  -30.333  39.581 0.0000000000
58543  40.577  -30.197  38.757 0.0000000000
60874  40.635  -28.848  41.710 0.0000000000
60901  42.232  -28.301  40.480 0.0000000000
59675  41.359  -28.827  41.000 0.0000000000
59676  40.929  -28.989  41.131 0.0000000000
58523  41.147  -29.782  40.033 0.0000000000
58568  40.742  -29.995  36.876 0.0000000000
59756  40.457  -28.901  36.458 0.0000000000
59737  41.739  -28.797  37.412 0.0000000000
62149  41.193  -26.414  34.263 0.0000000000
62138  42.165  -26.592  35.814 0.0000000000
62148  41.897  -26.242  34.892 0.0000000000
63325  41.869  -25.550  34.444 0.0000000000
64557  42.483  -24.861  34.749 0.0000000000
63278  44.687  -25.837  38.135 0.0000000000
63294  45.415  -24.919  37.661 0.0000000000
64536  43.727  -24.593  36.181 0.0000000000
65834  43.476  -24.418  35.557 0.0000000000
65850  43.315  -24.404  34.939 0.0000000000
65864  44.996  -24.345  34.597 0.0000000000
84863  54.660  -8.434  14.052 0.0000000000
83748  56.155  -8.719  15.137 0.0000000000
80359  56.858  -11.568  19.732 0.0000000000
81496  57.623  -10.202  18.801 0.0000000000
82590  58.069  -9.613  19.243 0.0000000000
82589  58.652  -9.122  19.609 0.0000000000
81476  58.698  -9.660  20.241 0.0000000000
81444  59.457  -10.642  21.830 0.0000000000
34820  12.744  -49.138  44.727 0.0000000000
35898  12.823  -49.044  45.087 0.0000000000
37006  20.956  -47.332  42.943 0.0000000000
37018  20.792  -47.218  42.807 0.0000000000
37019  20.551  -47.287  42.842 0.0000000000
38082  8.019  -47.749  42.292 0.0000000000
39130  24.532  -46.200  46.140 0.0000000000
39170  16.040  -46.046  41.635 0.0000000000
39174  7.925  -47.337  41.996 0.0000000000
39179  20.897  -46.355  40.473 0.0000000000
39180  20.504  -46.083  40.303 0.0000000000
39183  16.025  -46.642  41.803 0.0000000000
39196  20.889  -46.003  40.057 0.0000000000
41453  27.572  -44.207  46.175 0.0000000000
42631  27.207  -43.966  46.916 0.0000000000
43729  29.052  -42.953  49.079 0.0000000000
43730  28.398  -43.182  49.134 0.0000000000
43731  27.992  -43.366  49.104 0.0000000000
43757  28.096  -43.366  48.299 0.0000000000
43800  30.147  -42.346  44.651 0.0000000000
43832  27.391  -42.447  42.674 0.0000000000
44897  30.063  -42.942  47.888 0.0000000000
44912  29.823  -42.102  47.041 0.0000000000
46028  34.935  -40.205  41.910 0.0000000000
47044  32.035  -40.516  40.255 0.0000000000
47065  29.333  -39.689  38.773 0.0000000000
48033  36.377  -37.891  43.511 0.0000000000
48081  28.175  -39.832  38.545 0.0000000000
49088  35.677  -38.130  41.589 0.0000000000
49156  33.550  -36.851  34.968 0.0000000000
50134  36.488  -36.783  41.982 0.0000000000
51293  38.144  -35.398  44.170 0.0000000000
51307  38.452  -35.025  41.988 0.0000000000
52596  36.912  -34.716  37.170 0.0000000000
53784  39.933  -32.243  42.079 0.0000000000
53863  38.385  -32.740  36.343 0.0000000000
53894  36.309  -33.034  34.888 0.0000000000
53895  36.285  -32.669  34.539 0.0000000000
53908  36.358  -32.811  34.901 0.0000000000
53909  36.405  -32.556  34.751 0.0000000000
55010  40.104  -31.434  42.596 0.0000000000
55035  40.189  -31.519  42.398 0.0000000000
55036  40.281  -31.694  42.130 0.0000000000
55084  38.482  -33.170  38.457 0.0000000000
55138  35.743  -32.266  34.573 0.0000000000
55162  36.356  -32.802  35.098 0.0000000000
55163  36.421  -32.583  34.955 0.0000000000
56256  40.343  -31.251  42.300 0.0000000000
56321  37.484  -31.243  36.798 0.0000000000
56322  36.991  -31.242  36.768 0.0000000000
56332  37.147  -31.693  36.617 0.0000000000
56345  37.233  -30.597  35.907 0.0000000000
56346  37.290  -30.391  35.965 0.0000000000
56365  37.084  -30.106  35.843 0.0000000000
56368  35.753  -31.944  34.767 0.0000000000
57372  40.371  -30.966  42.461 0.0000000000
57466  36.862  -30.924  36.504 0.0000000000
57474  37.493  -30.411  36.076 0.0000000000
57494  37.288  -30.356  35.889 0.0000000000
57495  37.076  -30.327  35.764 0.0000000000
58570  39.262  -30.403  36.556 0.0000000000
58600  37.181  -29.989  35.125 0.0000000000
58620  37.202  -30.289  35.496 0.0000000000
59678  39.634  -29.401  40.864 0.0000000000
59690  41.517  -29.024  40.389 0.0000000000
59692  39.788  -29.514  40.718 0.0000000000
59693  39.580  -29.581  40.771 0.0000000000
59710  41.589  -29.244  38.875 0.0000000000
59726  42.610  -28.359  38.411 0.0000000000
60873  41.611  -28.397  41.396 0.0000000000
61038  39.462  -26.836  32.197 0.0000000000
62127  43.877  -26.549  37.503 0.0000000000
63277  45.248  -25.013  38.131 0.0000000000
64521  45.603  -24.534  38.018 0.0000000000
64537  43.518  -24.427  35.809 0.0000000000
64607  43.488  -24.351  31.956 0.0000000000
64608  43.264  -24.450  31.982 0.0000000000
65917  42.126  -24.811  32.168 0.0000000000
74294  51.458  -15.804  20.461 0.0000000000
74295  51.250  -15.892  20.424 0.0000000000
74300  51.188  -15.972  20.118 0.0000000000
75281  56.787  -14.878  30.030 0.0000000000
75282  56.491  -14.883  30.051 0.0000000000
75296  56.533  -14.884  29.705 0.0000000000
75424  55.149  -14.772  23.260 0.0000000000
75448  44.502  -15.023  22.606 0.0000000000
75465  44.847  -15.130  22.459 0.0000000000
75466  44.612  -15.127  22.441 0.0000000000
76438  56.604  -14.542  29.961 0.0000000000
76459  55.932  -13.957  29.215 0.0000000000
76589  47.144  -14.409  23.170 0.0000000000
76608  47.087  -14.453  22.932 0.0000000000
76650  54.304  -14.433  19.592 0.0000000000
77690  56.422  -14.428  30.106 0.0000000000
77691  56.360  -14.162  30.101 0.0000000000
77692  55.818  -13.846  30.370 0.0000000000
77713  56.412  -14.276  29.817 0.0000000000
77714  56.096  -13.908  29.775 0.0000000000
77743  51.843  -13.382  29.074 0.0000000000
77760  52.026  -13.434  28.583 0.0000000000
77860  54.404  -13.988  20.604 0.0000000000
77861  54.055  -14.263  20.286 0.0000000000
77889  51.697  -14.056  17.850 0.0000000000
77900  55.955  -12.675  17.537 0.0000000000
79001  52.450  -12.779  30.013 0.0000000000
79041  49.518  -12.283  28.281 0.0000000000
79061  47.397  -12.107  27.660 0.0000000000
79102  58.613  -11.788  24.367 0.0000000000
79157  55.836  -13.103  18.827 0.0000000000
79180  55.572  -12.642  16.759 0.0000000000
80263  50.066  -12.275  29.099 0.0000000000
80289  47.387  -11.931  28.594 0.0000000000
80306  58.622  -11.890  24.973 0.0000000000
80347  57.048  -11.582  20.370 0.0000000000
80397  56.033  -11.840  15.926 0.0000000000
81433  59.299  -10.965  22.672 0.0000000000
82587  60.322  -9.097  19.601 0.0000000000
82606  60.441  -9.151  18.893 0.0000000000
82638  56.111  -9.411  14.820 0.0000000000
83695  59.814  -8.564  20.402 0.0000000000
83708  59.986  -7.986  20.031 0.0000000000
83729  58.407  -7.557  17.867 0.0000000000
83730  58.177  -7.870  18.116 0.0000000000
84822  59.305  -8.060  19.305 0.0000000000
84830  58.586  -7.892  18.448 0.0000000000
137828  14.540  -48.712  47.435 0.0000000000
137841  15.042  -48.011  47.491 0.0000000000
137851  14.824  -48.103  47.401 0.0000000000
