#!ascii label  , from subject 4027 vox2ras=TkReg
1780
15429  46.834  -69.643  -27.497 0.2000000030
15409  46.860  -69.495  -26.503 0.2000000030
15428  47.424  -69.072  -27.874 0.2000000030
15430  46.273  -69.927  -27.049 0.2000000030
15482  46.957  -69.165  -29.419 0.1000000015
16576  48.194  -68.329  -26.380 0.3000000119
15408  47.697  -68.969  -26.918 0.2000000030
15454  46.880  -69.419  -28.405 0.1000000015
14205  46.024  -70.424  -27.636 0.2000000030
15453  47.181  -68.804  -28.702 0.1000000015
15481  47.319  -68.519  -29.120 0.1000000015
17738  47.464  -67.865  -29.185 0.1000000015
16643  47.606  -68.165  -29.836 0.1000000015
18842  46.454  -66.637  -30.153 0.1000000015
17762  47.427  -67.373  -29.818 0.1000000015
18854  47.327  -66.963  -30.423 0.1000000015
18843  45.665  -66.109  -30.140 0.2000000030
18856  46.334  -66.198  -30.472 0.1000000015
16595  47.122  -67.749  -27.950 0.1000000015
17714  46.165  -67.946  -27.712 0.1000000015
16593  48.197  -68.158  -27.422 0.2000000030
17739  47.079  -67.581  -29.064 0.1000000015
16594  47.725  -67.875  -27.900 0.1000000015
16617  47.410  -68.256  -28.542 0.1000000015
17765  45.194  -66.482  -29.614 0.1000000015
22092  44.839  -63.930  -28.468 0.2000000030
19939  44.472  -65.261  -29.177 0.2000000030
22064  45.228  -63.068  -27.280 0.1000000015
21054  44.849  -64.709  -29.291 0.2000000030
23021  44.968  -62.483  -26.634 0.2000000030
23969  45.113  -62.096  -27.028 0.1000000015
23970  44.275  -61.422  -26.310 0.1000000015
16619  46.814  -67.923  -28.451 0.1000000015
17715  44.594  -67.372  -28.047 0.1000000015
17764  45.842  -66.908  -29.660 0.1000000015
23009  44.797  -62.286  -26.110 0.2000000030
23956  44.539  -61.241  -25.438 0.2000000030
23955  44.887  -61.944  -26.119 0.2000000030
24860  44.319  -60.524  -25.636 0.1000000015
24861  43.899  -60.521  -26.058 0.2000000030
17740  46.016  -67.610  -28.898 0.1000000015
18798  44.274  -66.708  -28.724 0.1000000015
19940  43.750  -65.538  -28.622 0.2000000030
20998  43.324  -64.091  -27.395 0.2000000030
22065  44.484  -63.138  -27.022 0.3000000119
25898  44.221  -59.594  -25.439 0.3000000119
25912  44.066  -60.039  -25.795 0.2000000030
25913  43.691  -59.524  -26.279 0.2000000030
23981  43.353  -61.357  -27.124 0.2000000030
23022  44.114  -62.768  -26.336 0.3000000119
21038  43.811  -64.648  -28.383 0.2000000030
25885  44.293  -59.697  -24.644 0.3000000119
27066  44.267  -59.141  -24.956 0.3000000119
28214  43.422  -58.188  -25.554 0.3000000119
25899  43.961  -59.048  -25.854 0.3000000119
27080  43.537  -58.585  -26.330 0.2000000030
24872  43.361  -60.441  -26.612 0.2000000030
25929  42.934  -59.566  -27.091 0.2000000030
28198  42.880  -57.775  -24.386 0.4000000060
25886  44.005  -59.673  -24.166 0.3000000119
27048  44.114  -58.889  -24.470 0.3000000119
23010  44.592  -62.111  -25.629 0.2000000030
24841  44.448  -60.720  -24.733 0.2000000030
28225  43.406  -58.035  -26.023 0.3000000119
28242  43.252  -57.589  -27.276 0.2000000030
27093  43.286  -58.506  -27.589 0.2000000030
28199  42.285  -57.656  -24.762 0.3000000119
27068  43.408  -58.291  -24.925 0.3000000119
28243  42.872  -57.098  -27.025 0.2000000030
29392  43.429  -56.493  -28.280 0.2000000030
28258  43.857  -57.358  -28.892 0.1000000015
27094  42.702  -58.966  -27.685 0.2000000030
29355  41.757  -56.660  -25.660 0.3000000119
29373  42.062  -56.504  -26.278 0.3000000119
29354  42.323  -57.124  -25.979 0.3000000119
30543  41.968  -54.774  -27.477 0.2000000030
30523  42.226  -56.019  -27.161 0.3000000119
28226  42.850  -57.445  -26.428 0.3000000119
30542  42.701  -55.701  -27.821 0.1000000015
30541  43.217  -55.959  -28.345 0.1000000015
29411  43.915  -56.400  -29.334 0.1000000015
30555  43.499  -55.605  -28.853 0.1000000015
30556  43.203  -54.790  -28.617 0.1000000015
28257  44.101  -56.887  -29.480 0.1000000015
31657  41.129  -54.593  -25.753 0.3000000119
31681  41.556  -54.165  -26.766 0.2000000030
33670  41.711  -52.417  -27.155 0.2000000030
34758  42.302  -51.643  -27.802 0.1000000015
31696  42.021  -53.938  -27.497 0.1000000015
32657  42.415  -53.168  -27.775 0.1000000015
31695  42.490  -54.284  -28.200 0.1000000015
31705  43.705  -54.403  -29.513 0.1000000015
30565  44.078  -55.479  -30.096 0.1000000015
32623  41.285  -53.681  -26.104 0.2000000030
34776  42.939  -51.202  -28.526 0.1000000015
34775  43.410  -51.580  -29.048 0.1000000015
33683  42.819  -52.347  -28.624 0.1000000015
32667  43.333  -53.199  -29.451 0.1000000015
31706  42.951  -54.055  -29.027 0.1000000015
32679  43.888  -53.525  -30.207 0.1000000015
35863  43.421  -50.688  -29.131 0.1000000015
33696  43.735  -52.506  -30.257 0.1000000015
31717  44.026  -54.343  -30.519 0.1000000015
35864  42.916  -50.331  -28.588 0.1000000015
17763  46.729  -67.154  -29.622 0.1000000015
23030  45.526  -62.756  -27.615 0.1000000015
19664  42.046  -65.080  -11.390 0.5000000000
20809  42.707  -64.847  -10.048 0.5000000000
20810  42.245  -64.699  -10.602 0.5000000000
20811  41.396  -64.650  -11.205 0.5000000000
20812  40.350  -64.643  -11.254 0.5000000000
21833  43.678  -63.442  -7.187 0.2000000030
20761  43.964  -64.078  -7.874 0.2000000030
21844  43.161  -63.665  -8.117 0.3000000119
20780  43.354  -64.208  -8.833 0.3000000119
20795  42.379  -64.446  -9.675 0.5000000000
20796  41.691  -64.417  -10.081 0.5000000000
20783  41.107  -64.085  -9.388 0.5000000000
20797  40.750  -64.388  -10.341 0.5000000000
20784  40.228  -64.018  -9.624 0.5000000000
20822  40.935  -64.629  -12.024 0.5000000000
20813  39.238  -64.618  -11.399 0.5000000000
19682  40.650  -65.272  -12.685 0.5000000000
19715  42.134  -66.245  -14.253 0.5000000000
21834  42.822  -63.415  -7.460 0.3000000119
21845  42.510  -63.416  -8.234 0.3000000119
20782  41.923  -64.083  -8.990 0.5000000000
20798  39.616  -64.248  -10.415 0.5000000000
20823  39.972  -65.134  -12.053 0.5000000000
19683  39.742  -65.250  -13.027 0.5000000000
20866  44.383  -64.462  -16.878 0.4000000060
19744  43.605  -65.306  -16.388 0.5000000000
19733  41.763  -65.832  -15.570 0.5000000000
19697  40.327  -65.548  -13.680 0.5000000000
21930  45.240  -64.193  -17.091 0.4000000060
21821  43.639  -63.398  -6.905 0.3000000119
21835  41.971  -63.196  -7.609 0.4000000060
21846  41.604  -63.250  -8.319 0.4000000060
21858  41.342  -63.678  -8.843 0.5000000000
21859  40.583  -63.328  -8.839 0.5000000000
21860  39.312  -63.380  -9.601 0.5000000000
21870  38.943  -63.807  -10.298 0.5000000000
20799  38.758  -64.144  -10.754 0.5000000000
19716  40.967  -65.837  -14.572 0.5000000000
19717  39.872  -65.355  -14.772 0.5000000000
21958  46.264  -64.551  -17.938 0.4000000060
21946  45.774  -64.245  -17.473 0.4000000060
18526  40.073  -65.865  -8.547 0.1000000015
19591  40.197  -64.796  -7.484 0.1000000015
20744  39.841  -64.400  -7.009 0.1000000015
19590  40.945  -64.972  -6.911 0.1000000015
20743  40.461  -64.565  -6.899 0.1000000015
20727  39.505  -64.016  -6.435 0.1000000015
19571  41.487  -64.645  -6.531 0.1000000015
20726  40.665  -64.225  -6.335 0.1000000015
21825  40.022  -63.292  -6.165 0.1000000015
20724  42.896  -63.861  -6.666 0.2000000030
20725  41.885  -64.096  -6.372 0.1000000015
21847  40.853  -62.926  -8.181 0.5000000000
22804  41.385  -62.776  -7.084 0.4000000060
22814  41.383  -62.840  -7.604 0.4000000060
22839  40.404  -62.657  -8.310 0.4000000060
22840  39.797  -62.581  -8.723 0.5000000000
22841  38.787  -62.368  -9.039 0.5000000000
21861  38.574  -63.037  -9.660 0.5000000000
21871  38.122  -63.537  -10.389 0.5000000000
20824  38.754  -65.103  -12.573 0.5000000000
19745  42.579  -65.281  -16.381 0.5000000000
21947  44.710  -63.909  -17.627 0.4000000060
20911  46.533  -64.990  -18.807 0.5000000000
18573  37.705  -67.169  -10.404 0.1000000015
18571  38.850  -66.495  -9.948 0.1000000015
18552  39.335  -66.235  -9.255 0.1000000015
18527  39.548  -65.796  -8.659 0.1000000015
19613  39.660  -65.348  -8.163 0.1000000015
19592  39.401  -64.821  -7.605 0.1000000015
20745  38.651  -64.376  -7.183 0.1000000015
19631  38.472  -65.749  -8.969 0.1000000015
19614  38.699  -65.189  -8.159 0.1000000015
20728  38.873  -63.994  -6.503 0.1000000015
24656  39.156  -60.633  -5.446 0.2000000030
25665  38.517  -60.100  -5.575 0.2000000030
19570  42.121  -64.702  -6.576 0.1000000015
21824  40.892  -63.333  -6.240 0.1000000015
22806  40.157  -62.506  -5.934 0.1000000015
24655  39.892  -61.009  -5.483 0.2000000030
22805  40.512  -62.513  -6.406 0.1000000015
23768  39.987  -61.572  -6.887 0.2000000030
24668  38.982  -60.252  -6.052 0.2000000030
25675  38.325  -59.720  -5.846 0.2000000030
22815  40.726  -62.349  -7.163 0.3000000119
23777  39.521  -61.702  -7.640 0.3000000119
22828  39.394  -62.056  -8.271 0.4000000060
20830  38.756  -65.243  -13.875 0.5000000000
20856  38.918  -64.643  -15.797 0.5000000000
20857  38.378  -64.568  -15.336 0.5000000000
20843  38.150  -64.691  -14.599 0.5000000000
20855  39.578  -64.679  -16.018 0.5000000000
20841  39.465  -64.908  -15.408 0.5000000000
20842  38.962  -64.962  -14.874 0.5000000000
21884  37.769  -63.772  -11.054 0.5000000000
19746  41.602  -65.158  -16.431 0.5000000000
19747  40.877  -64.947  -16.552 0.5000000000
19734  40.673  -65.460  -15.774 0.5000000000
20831  37.981  -64.677  -13.569 0.5000000000
20882  43.840  -64.058  -17.361 0.5000000000
20867  43.301  -64.546  -16.888 0.5000000000
19684  39.177  -65.336  -13.306 0.6000000238
21974  45.894  -64.320  -18.697 0.4000000060
17493  37.198  -67.412  -10.209 0.1000000015
18572  38.316  -66.741  -10.270 0.1000000015
19632  37.596  -65.951  -9.276 0.1000000015
19616  36.718  -65.679  -8.870 0.1000000015
20767  35.801  -65.025  -8.231 0.1000000015
18553  38.330  -66.235  -9.658 0.1000000015
20746  37.504  -64.226  -7.688 0.1000000015
21836  38.469  -63.810  -6.652 0.1000000015
21827  38.086  -63.270  -6.545 0.1000000015
23762  37.985  -61.801  -5.888 0.1000000015
22807  39.534  -62.442  -5.836 0.1000000015
23753  38.576  -61.176  -5.426 0.2000000030
24657  38.131  -60.466  -5.378 0.2000000030
22798  39.871  -62.004  -5.501 0.1000000015
23752  39.496  -61.423  -5.422 0.2000000030
23769  39.329  -61.203  -7.195 0.3000000119
24673  38.727  -60.642  -6.947 0.3000000119
24669  38.365  -59.930  -6.392 0.2000000030
23778  38.786  -61.462  -7.973 0.3000000119
23785  38.206  -61.715  -8.709 0.4000000060
23779  38.077  -61.115  -8.308 0.3000000119
21918  36.898  -63.076  -15.235 0.5000000000
22888  36.218  -62.851  -14.545 0.5000000000
21906  37.576  -64.226  -14.312 0.5000000000
22842  37.898  -62.172  -9.332 0.5000000000
23828  35.189  -61.132  -14.499 0.5000000000
22882  35.118  -61.707  -13.602 0.5000000000
22881  35.724  -62.705  -13.304 0.5000000000
21898  36.596  -63.428  -13.436 0.5000000000
21897  37.203  -64.152  -13.477 0.6000000238
21872  37.420  -63.250  -10.561 0.5000000000
22855  37.416  -62.842  -9.916 0.5000000000
23816  34.679  -61.222  -12.987 0.5000000000
22879  35.117  -61.987  -12.573 0.5000000000
20825  37.683  -64.439  -12.561 0.5000000000
20814  38.051  -64.264  -11.439 0.5000000000
21893  36.998  -63.922  -12.506 0.5000000000
18675  47.994  -66.578  -19.965 0.4000000060
19792  46.703  -65.317  -19.438 0.4000000060
20730  34.697  -64.562  -6.400 0.1000000015
20748  35.787  -64.731  -7.796 0.1000000015
21829  35.429  -63.441  -6.728 0.1000000015
19615  37.741  -65.353  -8.634 0.1000000015
20766  36.168  -64.917  -8.393 0.1000000015
20747  36.576  -64.324  -7.825 0.1000000015
21839  36.049  -63.674  -7.302 0.1000000015
20765  37.073  -64.761  -8.405 0.1000000015
21838  36.999  -63.585  -7.336 0.1000000015
22810  36.058  -62.561  -6.710 0.1000000015
22809  37.318  -62.668  -6.538 0.1000000015
24658  37.075  -60.394  -5.611 0.2000000030
25667  36.751  -59.796  -5.962 0.2000000030
25666  37.771  -59.802  -5.540 0.2000000030
25676  37.538  -59.648  -6.316 0.2000000030
29131  38.190  -56.837  -12.310 0.2000000030
24674  37.809  -60.234  -7.037 0.2000000030
28014  37.652  -57.413  -12.417 0.2000000030
27988  36.872  -57.755  -11.734 0.2000000030
27961  36.600  -57.960  -11.179 0.2000000030
26823  36.272  -58.282  -10.610 0.2000000030
24682  38.225  -60.737  -7.707 0.2000000030
28015  36.805  -58.088  -12.553 0.2000000030
26851  36.297  -58.339  -11.608 0.2000000030
26824  35.675  -58.611  -10.988 0.2000000030
25710  35.780  -59.141  -10.183 0.2000000030
24698  35.850  -60.048  -9.953 0.4000000060
28016  36.135  -58.216  -12.913 0.2000000030
26876  36.047  -58.464  -12.338 0.3000000119
26852  35.576  -58.757  -11.785 0.3000000119
25711  35.307  -59.264  -11.134 0.4000000060
24699  35.452  -60.094  -10.596 0.3000000119
23796  35.893  -61.058  -10.084 0.5000000000
23787  36.670  -61.308  -9.406 0.4000000060
22843  37.146  -62.101  -9.416 0.5000000000
25752  34.782  -59.506  -13.506 0.5000000000
24724  34.571  -60.013  -12.803 0.4000000060
25746  34.616  -59.241  -12.650 0.4000000060
25731  34.921  -59.241  -12.064 0.4000000060
24715  34.941  -60.095  -11.470 0.4000000060
23797  35.363  -61.052  -11.067 0.5000000000
22857  35.680  -61.989  -10.618 0.5000000000
23817  34.554  -60.655  -12.787 0.5000000000
22878  35.726  -62.824  -12.046 0.5000000000
21894  36.369  -63.366  -12.380 0.5000000000
20815  37.445  -64.078  -11.941 0.5000000000
21885  37.150  -63.548  -11.349 0.5000000000
21812  33.993  -63.739  -4.225 0.1000000015
20719  34.419  -64.631  -5.785 0.1000000015
21818  34.299  -63.666  -5.251 0.1000000015
22790  34.048  -62.571  -4.642 0.1000000015
21830  34.693  -63.727  -6.258 0.1000000015
22801  34.704  -62.672  -5.677 0.1000000015
22811  35.230  -62.865  -6.309 0.1000000015
23764  36.100  -61.862  -6.172 0.1000000015
23756  34.773  -61.268  -5.327 0.1000000015
23763  36.850  -61.803  -6.130 0.1000000015
24659  35.874  -60.288  -5.632 0.2000000030
30269  38.683  -56.130  -12.250 0.1000000015
29110  37.648  -56.707  -11.552 0.2000000030
27987  37.216  -57.308  -11.653 0.2000000030
27960  36.923  -57.459  -10.799 0.2000000030
24683  37.507  -60.394  -8.081 0.2000000030
30244  39.034  -55.468  -11.987 0.1000000015
30245  38.487  -55.704  -11.709 0.1000000015
29109  38.176  -56.240  -11.872 0.1000000015
25709  36.270  -58.656  -9.955 0.1000000015
25699  36.122  -59.675  -9.736 0.2000000030
26822  36.569  -58.156  -9.849 0.1000000015
25698  36.530  -59.255  -9.426 0.1000000015
24690  36.298  -60.305  -9.511 0.3000000119
24689  36.900  -60.377  -8.907 0.2000000030
22856  36.467  -62.299  -10.029 0.5000000000
22871  35.346  -62.040  -11.524 0.5000000000
22870  36.070  -62.915  -10.995 0.5000000000
22869  36.927  -63.005  -10.565 0.5000000000
21886  36.281  -63.265  -11.668 0.5000000000
20705  34.191  -64.601  -3.625 0.1000000015
22763  34.018  -62.865  -2.970 0.1000000015
23704  33.677  -62.445  -3.041 0.1000000015
22777  33.861  -63.040  -3.799 0.1000000015
23741  33.826  -62.282  -3.992 0.1000000015
23723  33.577  -61.505  -3.293 0.1000000015
24645  34.241  -60.438  -4.380 0.1000000015
24660  35.001  -59.947  -5.078 0.2000000030
25668  35.676  -59.305  -5.810 0.2000000030
25678  35.870  -58.907  -6.357 0.2000000030
25677  36.501  -59.102  -6.578 0.2000000030
25682  36.685  -58.834  -7.089 0.2000000030
25681  37.042  -59.273  -7.424 0.2000000030
31400  38.777  -55.157  -11.517 0.1000000015
30219  38.244  -55.334  -11.220 0.1000000015
29079  37.491  -56.623  -10.320 0.1000000015
25689  36.936  -59.409  -8.488 0.1000000015
27938  36.865  -57.287  -9.606 0.1000000015
22742  34.622  -62.176  -1.509 0.1000000015
23703  33.770  -62.071  -2.690 0.1000000015
24567  34.481  -60.776  -0.676 0.1000000015
25586  34.001  -59.908  -1.223 0.1000000015
25607  33.735  -59.990  -2.137 0.1000000015
25634  33.921  -59.798  -3.351 0.1000000015
24628  33.777  -60.821  -3.577 0.1000000015
25656  34.351  -59.436  -4.473 0.1000000015
25669  34.928  -59.116  -5.099 0.1000000015
26751  34.294  -58.467  -4.756 0.1000000015
26764  35.031  -58.549  -5.588 0.1000000015
26763  35.519  -58.663  -6.160 0.2000000030
26774  35.844  -58.433  -6.794 0.2000000030
26773  36.434  -58.681  -6.969 0.2000000030
26778  36.746  -58.828  -7.706 0.1000000015
31375  40.943  -54.314  -10.294 0.1000000015
32362  38.260  -54.135  -10.422 0.1000000015
31378  37.841  -54.874  -10.687 0.1000000015
26788  36.697  -58.624  -8.181 0.2000000030
30196  37.194  -55.552  -9.979 0.1000000015
26803  36.784  -58.406  -9.042 0.1000000015
25559  34.711  -59.773  -0.526 0.1000000015
26683  34.261  -58.779  -1.168 0.1000000015
26684  33.476  -58.536  -1.992 0.1000000015
25635  33.843  -58.928  -3.218 0.1000000015
27898  35.154  -58.037  -6.216 0.2000000030
27905  34.831  -57.469  -6.255 0.1000000015
27904  35.204  -57.378  -6.873 0.2000000030
27909  35.502  -57.145  -7.707 0.1000000015
26780  35.741  -57.870  -7.424 0.2000000030
31332  37.796  -53.486  -8.920 0.1000000015
31356  36.723  -54.529  -9.364 0.1000000015
31333  36.754  -54.173  -8.467 0.1000000015
30173  35.994  -55.241  -8.559 0.1000000015
27919  35.793  -57.062  -8.157 0.1000000015
27908  35.941  -57.677  -8.020 0.1000000015
32361  39.067  -53.832  -10.346 0.1000000015
32346  38.414  -53.544  -9.829 0.1000000015
31355  37.502  -54.148  -10.043 0.1000000015
30197  36.511  -55.406  -9.371 0.1000000015
29054  36.534  -56.321  -9.258 0.1000000015
27939  36.645  -57.120  -9.033 0.1000000015
26789  36.406  -57.953  -8.239 0.1000000015
27917  36.641  -57.760  -8.787 0.1000000015
27819  33.823  -57.890  -1.703 0.1000000015
27838  33.579  -57.775  -2.486 0.1000000015
27887  33.656  -57.926  -3.831 0.1000000015
27886  33.913  -57.323  -4.279 0.1000000015
29017  34.587  -56.757  -6.242 0.1000000015
31301  37.230  -53.570  -7.051 0.1000000015
31302  36.374  -54.015  -6.683 0.1000000015
31303  35.621  -54.619  -6.633 0.1000000015
30158  34.887  -55.594  -6.421 0.1000000015
29016  34.949  -56.518  -6.770 0.1000000015
31311  38.582  -53.492  -7.873 0.1000000015
31300  38.292  -53.653  -7.164 0.1000000015
31313  36.367  -54.357  -7.670 0.1000000015
31314  35.996  -54.540  -7.148 0.1000000015
29020  35.370  -56.358  -7.219 0.1000000015
31312  37.517  -53.808  -7.810 0.1000000015
30161  35.887  -54.876  -7.957 0.1000000015
30174  35.726  -55.579  -8.100 0.1000000015
29029  35.684  -56.247  -8.124 0.1000000015
28968  33.885  -56.188  -3.689 0.1000000015
31276  34.602  -54.903  -4.655 0.1000000015
29009  34.423  -56.583  -5.292 0.1000000015
31292  34.869  -54.830  -5.075 0.1000000015
30153  34.625  -55.474  -5.293 0.1000000015
30159  34.465  -56.073  -5.874 0.1000000015
32297  38.030  -53.346  -6.641 0.1000000015
31290  35.926  -54.086  -6.101 0.1000000015
30152  34.767  -55.148  -5.841 0.1000000015
20781  42.660  -64.024  -8.860 0.4000000060
20763  42.264  -63.621  -8.611 0.4000000060
22825  41.054  -62.786  -7.810 0.4000000060
19612  40.608  -65.300  -7.897 0.1000000015
21826  39.047  -63.316  -6.370 0.1000000015
21823  41.978  -63.420  -6.848 0.2000000030
22827  39.992  -62.227  -7.844 0.4000000060
18554  37.379  -66.681  -9.855 0.1000000015
24667  39.838  -60.757  -5.986 0.3000000119
22797  40.166  -61.912  -5.664 0.2000000030
23760  40.213  -61.221  -6.118 0.2000000030
23767  40.297  -61.835  -6.427 0.2000000030
24672  39.460  -60.766  -6.572 0.3000000119
21907  37.064  -63.563  -14.399 0.5000000000
19633  37.048  -66.220  -9.355 0.1000000015
20764  37.937  -64.743  -8.068 0.1000000015
21837  37.815  -63.821  -6.983 0.1000000015
22808  38.529  -62.527  -6.140 0.1000000015
23761  38.991  -61.854  -5.596 0.1000000015
23754  37.497  -61.084  -5.635 0.1000000015
23786  37.455  -61.385  -8.820 0.4000000060
22894  35.846  -62.267  -15.082 0.5000000000
22889  35.510  -62.109  -14.451 0.5000000000
23835  35.629  -61.563  -15.471 0.5000000000
24727  34.725  -60.305  -13.298 0.5000000000
20729  35.245  -64.494  -6.885 0.1000000015
22817  37.075  -63.164  -6.936 0.1000000015
22800  35.424  -62.005  -6.086 0.1000000015
29132  37.779  -56.964  -12.143 0.2000000030
28013  38.804  -57.551  -12.796 0.2000000030
25745  34.797  -58.867  -12.493 0.5000000000
26891  34.849  -58.498  -13.320 0.5000000000
26878  34.764  -58.712  -12.742 0.5000000000
23811  34.489  -61.048  -12.017 0.5000000000
23740  33.983  -61.558  -4.114 0.1000000015
23755  36.204  -61.185  -5.805 0.1000000015
30246  38.107  -55.987  -11.399 0.1000000015
21801  34.137  -63.757  -3.259 0.1000000015
22754  34.673  -62.675  -2.015 0.1000000015
24606  33.593  -60.958  -2.600 0.1000000015
31399  39.435  -54.802  -11.698 0.1000000015
31377  38.725  -54.547  -11.016 0.1000000015
30220  37.806  -55.858  -10.827 0.1000000015
23687  34.262  -61.703  -1.955 0.1000000015
22741  34.974  -62.665  -0.933 0.1000000015
23674  34.551  -61.656  -1.146 0.1000000015
24566  35.497  -60.581  -0.163 0.1000000015
24587  33.952  -60.864  -1.544 0.1000000015
25587  33.637  -59.273  -1.740 0.1000000015
25608  33.623  -59.161  -2.545 0.1000000015
26728  33.866  -58.899  -3.951 0.1000000015
26779  36.424  -58.484  -7.535 0.2000000030
31376  39.783  -54.116  -10.909 0.1000000015
29053  37.110  -56.485  -9.784 0.1000000015
26649  35.032  -59.079  -0.515 0.1000000015
26703  33.569  -58.436  -2.853 0.1000000015
26752  33.769  -58.214  -4.124 0.1000000015
27899  34.519  -57.632  -5.568 0.1000000015
31331  39.120  -53.508  -8.513 0.1000000015
32327  38.878  -53.602  -9.136 0.1000000015
29028  36.049  -56.238  -8.682 0.1000000015
27918  36.264  -57.061  -8.536 0.1000000015
27818  34.622  -57.472  -1.255 0.1000000015
27837  33.913  -57.063  -2.070 0.1000000015
27859  33.594  -56.999  -3.065 0.1000000015
28996  34.164  -56.175  -4.572 0.1000000015
32298  37.222  -53.522  -6.020 0.1000000015
30162  35.680  -55.253  -7.546 0.1000000015
30138  34.205  -55.384  -4.247 0.1000000015
31291  35.213  -54.599  -5.637 0.1000000015
32290  35.552  -54.115  -5.040 0.1000000015
32296  38.861  -53.302  -6.865 0.1000000015
32299  36.468  -53.871  -6.024 0.1000000015
19627  46.579  -64.987  -8.783 0.1000000015
19626  47.401  -65.562  -9.348 0.1000000015
20791  46.049  -64.819  -8.965 0.1000000015
20792  45.449  -64.769  -9.388 0.1000000015
20779  44.480  -64.608  -8.921 0.1000000015
20759  45.758  -64.488  -7.923 0.1000000015
20760  44.961  -64.221  -7.893 0.1000000015
19643  47.438  -65.587  -10.322 0.2000000030
19644  46.441  -64.936  -9.902 0.1000000015
19660  46.811  -65.553  -10.843 0.2000000030
19645  45.200  -64.914  -10.217 0.1000000015
19628  43.644  -64.688  -9.384 0.1000000015
19642  48.127  -66.124  -10.825 0.2000000030
20793  44.837  -64.791  -9.674 0.2000000030
19629  43.248  -64.525  -9.390 0.3000000119
19646  44.119  -65.151  -9.913 0.3000000119
19647  43.224  -64.899  -9.805 0.3000000119
19661  45.716  -65.504  -11.094 0.2000000030
19662  44.457  -65.241  -10.960 0.2000000030
19676  47.818  -66.149  -12.105 0.2000000030
18596  46.863  -66.261  -11.839 0.2000000030
18618  50.508  -66.610  -14.456 0.1000000015
19658  48.266  -66.173  -11.702 0.2000000030
18586  46.502  -65.882  -11.387 0.2000000030
18584  47.289  -66.016  -11.392 0.2000000030
19663  43.126  -65.172  -10.830 0.3000000119
19688  49.915  -65.887  -13.534 0.1000000015
19675  48.439  -66.019  -12.597 0.1000000015
19678  44.756  -65.787  -11.700 0.2000000030
19679  43.743  -65.633  -11.750 0.2000000030
19689  49.480  -65.629  -13.641 0.2000000030
18597  46.015  -66.361  -11.945 0.2000000030
19691  47.784  -65.979  -13.151 0.2000000030
19726  50.316  -66.122  -15.128 0.1000000015
20849  49.874  -66.046  -15.671 0.2000000030
19706  50.077  -65.755  -14.222 0.1000000015
20837  49.838  -65.640  -15.048 0.1000000015
18598  45.138  -66.253  -12.369 0.2000000030
18599  44.206  -66.178  -12.417 0.2000000030
19707  49.616  -65.482  -14.140 0.1000000015
18600  43.378  -66.090  -12.451 0.4000000060
19708  48.174  -65.529  -13.883 0.3000000119
19692  46.900  -66.218  -13.705 0.3000000119
20829  49.092  -65.434  -13.881 0.2000000030
20840  47.973  -65.504  -14.316 0.4000000060
19694  42.542  -65.970  -12.646 0.4000000060
19681  41.565  -65.266  -12.183 0.4000000060
18607  45.864  -66.446  -13.284 0.3000000119
19711  45.914  -65.936  -14.595 0.4000000060
19710  46.799  -65.968  -14.506 0.3000000119
29128  40.999  -56.905  -12.872 0.1000000015
29130  39.113  -56.913  -12.530 0.1000000015
19680  42.660  -65.648  -12.129 0.4000000060
18609  43.770  -66.469  -13.177 0.4000000060
19695  42.171  -65.998  -12.939 0.5000000000
19712  45.023  -66.117  -14.810 0.4000000060
18619  45.807  -66.243  -14.034 0.3000000119
18620  45.270  -66.298  -14.029 0.4000000060
18621  44.366  -66.457  -14.048 0.4000000060
29129  40.020  -56.964  -12.579 0.1000000015
28011  40.473  -57.832  -13.123 0.1000000015
19696  41.295  -65.750  -13.340 0.5000000000
18611  42.456  -66.260  -13.503 0.5000000000
28012  39.675  -57.629  -12.971 0.1000000015
28027  39.707  -57.870  -13.478 0.1000000015
28028  38.692  -57.564  -13.298 0.1000000015
19606  46.709  -65.519  -8.382 0.1000000015
20777  46.129  -64.700  -8.361 0.1000000015
20778  45.521  -64.609  -8.519 0.1000000015
20758  46.373  -64.792  -8.050 0.1000000015
20740  45.884  -64.799  -7.720 0.1000000015
20742  44.364  -63.864  -7.201 0.1000000015
20821  41.344  -64.772  -11.783 0.4000000060
18543  48.328  -66.511  -9.576 0.1000000015
18606  46.833  -66.378  -12.711 0.2000000030
18608  44.743  -66.513  -13.224 0.3000000119
18610  42.844  -66.268  -13.036 0.4000000060
18502  45.411  -65.754  -7.775 0.1000000015
15291  39.342  -69.247  -20.494 0.1000000015
15306  39.856  -69.658  -21.331 0.1000000015
15304  41.332  -69.967  -21.181 0.1000000015
15307  38.854  -69.427  -21.260 0.1000000015
15289  41.367  -69.772  -20.757 0.1000000015
16489  39.235  -69.105  -19.988 0.1000000015
15308  38.002  -69.430  -21.116 0.1000000015
15309  37.071  -69.637  -21.411 0.1000000015
15330  38.171  -69.499  -22.008 0.1000000015
8971  38.985  -75.409  -18.365 0.1000000015
11907  37.032  -72.978  -20.031 0.1000000015
11908  36.428  -72.327  -20.514 0.1000000015
15249  41.315  -69.102  -18.949 0.1000000015
12995  36.024  -71.356  -20.152 0.1000000015
15290  40.439  -69.250  -20.318 0.1000000015
14087  36.304  -70.431  -20.638 0.1000000015
15273  41.559  -69.533  -19.740 0.1000000015
15294  36.852  -69.815  -20.673 0.1000000015
14085  42.041  -70.126  -20.372 0.1000000015
9833  38.274  -74.999  -17.041 0.1000000015
8991  39.635  -76.071  -19.693 0.1000000015
8938  38.699  -75.843  -15.290 0.1000000015
8959  39.194  -75.566  -17.283 0.1000000015
8990  39.969  -75.487  -19.556 0.1000000015
9889  38.633  -74.527  -20.580 0.1000000015
10849  37.676  -73.678  -20.060 0.1000000015
15274  40.760  -69.025  -19.329 0.1000000015
16474  39.952  -68.803  -19.435 0.1000000015
15292  38.466  -69.323  -20.488 0.1000000015
15248  42.031  -69.372  -18.949 0.1000000015
14065  42.597  -70.244  -19.850 0.1000000015
14084  42.928  -70.792  -20.661 0.1000000015
8958  40.094  -75.827  -17.839 0.1000000015
8970  40.243  -75.706  -18.894 0.1000000015
8949  39.059  -75.506  -16.329 0.1000000015
8957  40.893  -76.067  -18.508 0.1000000015
8969  41.310  -75.993  -19.123 0.1000000015
8989  41.099  -75.518  -19.323 0.1000000015
9888  39.491  -75.453  -20.891 0.1000000015
9875  39.950  -74.809  -19.719 0.1000000015
10830  38.950  -73.713  -19.329 0.1000000015
10831  38.222  -73.373  -19.602 0.1000000015
11886  38.350  -72.752  -19.241 0.1000000015
11888  36.907  -72.427  -19.712 0.1000000015
15277  37.443  -69.739  -19.222 0.1000000015
16459  39.409  -68.881  -18.658 0.1000000015
16475  39.080  -69.006  -19.472 0.1000000015
15252  38.190  -69.348  -18.768 0.1000000015
14066  42.101  -69.982  -19.809 0.1000000015
8097  41.491  -76.343  -18.495 0.1000000015
8025  38.235  -76.638  -14.691 0.1000000015
8937  39.308  -76.444  -15.948 0.1000000015
8948  39.661  -76.112  -16.815 0.1000000015
8079  40.974  -76.478  -17.764 0.1000000015
8988  41.412  -75.498  -19.107 0.1000000015
9850  40.547  -74.509  -18.914 0.1000000015
10808  39.964  -73.809  -18.640 0.1000000015
8047  38.726  -77.003  -15.342 0.1000000015
8046  39.319  -77.335  -15.783 0.1000000015
8064  39.955  -77.079  -16.376 0.1000000015
8080  40.283  -76.489  -17.155 0.1000000015
10829  39.573  -73.970  -19.136 0.1000000015
12954  38.243  -72.138  -18.841 0.1000000015
12973  37.851  -72.241  -19.145 0.1000000015
12932  38.224  -71.713  -18.017 0.1000000015
12955  37.579  -71.654  -18.749 0.1000000015
14034  37.740  -70.741  -18.136 0.1000000015
12933  37.582  -71.221  -18.375 0.1000000015
15230  38.319  -69.696  -17.940 0.1000000015
15253  37.679  -70.021  -18.396 0.1000000015
14052  36.704  -71.202  -19.197 0.1000000015
16442  40.520  -68.717  -17.910 0.1000000015
15251  38.761  -69.199  -18.384 0.1000000015
15228  41.640  -68.989  -18.459 0.1000000015
15227  42.307  -69.143  -18.228 0.1000000015
14050  43.764  -70.096  -19.014 0.1000000015
15247  43.006  -69.702  -18.921 0.1000000015
15246  43.837  -69.798  -18.582 0.1000000015
7228  41.982  -76.873  -17.973 0.1000000015
8096  42.015  -76.506  -18.597 0.1000000015
7155  38.113  -77.725  -14.619 0.1000000015
6391  38.359  -78.648  -15.033 0.1000000015
7173  38.823  -78.012  -15.445 0.1000000015
7172  39.604  -78.118  -15.924 0.1000000015
8063  40.620  -77.226  -17.062 0.1000000015
8078  41.718  -76.787  -17.970 0.1000000015
8968  42.010  -75.785  -18.839 0.1000000015
9873  41.411  -75.312  -18.881 0.1000000015
10807  40.565  -74.138  -18.355 0.1000000015
10790  40.389  -73.517  -17.883 0.1000000015
11861  39.364  -73.135  -18.351 0.1000000015
11862  38.824  -72.716  -18.689 0.1000000015
11836  39.725  -73.110  -17.826 0.1000000015
11837  39.059  -72.547  -17.855 0.1000000015
11820  38.749  -72.134  -17.377 0.1000000015
14020  38.765  -70.405  -16.660 0.1000000015
14033  38.239  -70.574  -17.497 0.1000000015
16441  41.436  -68.748  -17.730 0.1000000015
16422  41.481  -68.777  -16.640 0.1000000015
16423  40.530  -68.799  -17.072 0.1000000015
16424  39.902  -68.905  -17.486 0.1000000015
15211  38.739  -69.799  -17.257 0.1000000015
15231  37.980  -70.243  -17.979 0.1000000015
15229  39.204  -69.216  -17.770 0.1000000015
16440  42.368  -68.899  -17.350 0.1000000015
15226  43.280  -69.280  -17.948 0.1000000015
14032  45.254  -70.184  -18.199 0.1000000015
5703  37.438  -79.824  -14.538 0.1000000015
6392  37.629  -78.791  -14.494 0.1000000015
6405  38.974  -79.101  -15.570 0.1000000015
6404  39.881  -78.957  -16.142 0.1000000015
8095  42.501  -76.381  -18.346 0.1000000015
5702  38.197  -79.471  -14.954 0.1000000015
7188  40.325  -78.024  -16.451 0.1000000015
7187  41.091  -77.882  -16.886 0.1000000015
7227  42.278  -76.820  -18.040 0.1000000015
8967  42.625  -75.997  -18.420 0.1000000015
8956  42.023  -75.477  -18.289 0.1000000015
9832  41.337  -74.700  -18.043 0.1000000015
8077  42.883  -76.267  -18.047 0.1000000015
10788  41.305  -74.542  -17.665 0.1000000015
10770  40.506  -73.482  -16.917 0.1000000015
10771  39.985  -73.219  -17.366 0.1000000015
11819  39.452  -72.532  -16.778 0.1000000015
11798  39.519  -71.853  -15.513 0.1000000015
12921  38.628  -71.479  -17.011 0.1000000015
15209  40.504  -69.087  -16.200 0.1000000015
15210  39.511  -69.376  -16.701 0.1000000015
16399  41.864  -68.759  -15.926 0.1000000015
15208  41.205  -69.016  -15.860 0.1000000015
16421  42.494  -68.800  -16.487 0.1000000015
16439  43.080  -69.126  -17.070 0.1000000015
15225  44.410  -69.642  -17.990 0.1000000015
5715  41.353  -78.987  -16.107 0.1000000015
6403  41.781  -78.370  -15.629 0.1000000015
5038  37.246  -80.646  -14.330 0.1000000015
5719  38.062  -80.101  -14.929 0.1000000015
5718  38.582  -80.135  -15.249 0.1000000015
5717  39.573  -80.011  -15.549 0.1000000015
6414  40.634  -78.709  -16.483 0.1000000015
5734  41.319  -78.718  -16.436 0.1000000015
6411  42.368  -77.872  -16.289 0.1000000015
7185  42.829  -77.251  -16.731 0.1000000015
6431  42.143  -77.796  -17.034 0.1000000015
8062  42.824  -76.371  -17.258 0.1000000015
9815  42.179  -75.193  -16.452 0.1000000015
10753  41.273  -74.040  -16.084 0.1000000015
8955  42.584  -75.689  -17.970 0.1000000015
9830  42.173  -75.320  -17.152 0.1000000015
10754  40.526  -73.250  -15.796 0.1000000015
11797  39.983  -72.635  -15.690 0.1000000015
12920  39.022  -71.254  -16.117 0.1000000015
14013  39.885  -70.106  -15.181 0.1000000015
12907  39.442  -70.913  -15.339 0.1000000015
15190  41.629  -69.201  -15.263 0.1000000015
15192  39.862  -69.526  -15.778 0.1000000015
16398  42.597  -68.823  -15.635 0.1000000015
16420  43.545  -68.954  -16.409 0.1000000015
5685  39.731  -80.100  -14.072 0.1000000015
4325  38.106  -81.353  -14.987 0.1000000015
5701  39.429  -80.550  -14.852 0.1000000015
5700  40.322  -79.735  -14.929 0.1000000015
5699  41.191  -79.227  -15.302 0.1000000015
4309  36.889  -80.978  -13.889 0.1000000015
4308  37.559  -81.347  -14.257 0.1000000015
5057  38.659  -80.905  -15.322 0.1000000015
5056  39.123  -80.997  -15.247 0.1000000015
5716  40.710  -79.593  -15.848 0.1000000015
5735  40.979  -79.152  -16.448 0.1000000015
6402  42.275  -77.964  -15.739 0.1000000015
7170  42.336  -77.399  -15.713 0.1000000015
8045  42.426  -76.410  -16.059 0.1000000015
9784  41.568  -74.482  -15.238 0.1000000015
11778  40.250  -72.088  -14.712 0.1000000015
11779  39.757  -71.347  -14.898 0.1000000015
14008  40.249  -70.412  -14.755 0.1000000015
15189  42.481  -69.209  -14.849 0.1000000015
15178  41.028  -69.648  -14.835 0.1000000015
16397  43.544  -68.980  -15.188 0.1000000015
16396  44.522  -68.811  -14.992 0.1000000015
5037  38.802  -81.184  -14.393 0.1000000015
5684  40.506  -79.397  -14.241 0.1000000015
6389  41.359  -78.616  -14.687 0.1000000015
5036  38.913  -81.229  -14.786 0.1000000015
7153  41.949  -77.431  -14.917 0.1000000015
8024  42.150  -76.690  -14.626 0.1000000015
8913  42.084  -75.770  -14.896 0.1000000015
10734  41.040  -73.312  -14.619 0.1000000015
10735  40.442  -72.819  -15.202 0.1000000015
11777  41.139  -72.056  -14.095 0.1000000015
14007  40.891  -70.289  -14.479 0.1000000015
12895  40.988  -71.171  -14.198 0.1000000015
14005  42.378  -70.239  -13.898 0.1000000015
15163  42.852  -69.982  -13.871 0.1000000015
15176  42.485  -69.719  -14.240 0.1000000015
15177  41.683  -69.676  -14.548 0.1000000015
16382  43.467  -69.192  -14.566 0.1000000015
16394  46.589  -68.238  -15.532 0.1000000015
5024  39.123  -80.852  -14.401 0.1000000015
6374  41.264  -78.750  -14.192 0.1000000015
7137  41.998  -77.408  -14.032 0.1000000015
5026  38.417  -80.618  -13.265 0.1000000015
7154  41.614  -77.907  -14.756 0.1000000015
9769  41.722  -74.430  -14.300 0.1000000015
10724  41.998  -73.626  -13.534 0.1000000015
14000  42.720  -70.603  -13.595 0.1000000015
12884  41.841  -71.219  -13.641 0.1000000015
14001  42.161  -70.602  -13.791 0.1000000015
15175  43.328  -69.519  -14.150 0.1000000015
16381  43.993  -69.180  -14.487 0.1000000015
16380  45.028  -68.988  -14.130 0.1000000015
16368  46.985  -68.081  -13.745 0.1000000015
17560  48.617  -67.404  -14.113 0.1000000015
6378  38.523  -79.301  -13.334 0.1000000015
5686  38.884  -80.059  -13.502 0.1000000015
6376  40.317  -78.993  -13.772 0.1000000015
7139  40.950  -78.181  -13.454 0.1000000015
7117  42.170  -77.419  -13.166 0.1000000015
6375  41.010  -78.855  -13.938 0.1000000015
7138  41.595  -78.184  -13.803 0.1000000015
8007  42.558  -76.598  -13.153 0.1000000015
8894  42.077  -75.166  -14.225 0.1000000015
11768  42.893  -72.770  -13.071 0.1000000015
13931  48.317  -70.426  -11.015 0.1000000015
15130  47.853  -70.467  -11.523 0.1000000015
13981  47.367  -71.128  -11.874 0.1000000015
13983  45.921  -71.303  -12.693 0.1000000015
13997  45.317  -70.825  -12.842 0.1000000015
12883  42.845  -71.564  -13.135 0.1000000015
13958  48.170  -70.426  -11.281 0.1000000015
15151  47.318  -69.968  -12.024 0.1000000015
13996  46.017  -70.656  -12.690 0.1000000015
13999  43.608  -70.739  -13.350 0.1000000015
15109  48.507  -69.553  -10.542 0.1000000015
15129  48.490  -69.663  -11.365 0.1000000015
16364  46.834  -69.413  -12.643 0.1000000015
16370  45.307  -69.497  -13.465 0.1000000015
15161  44.193  -70.053  -13.387 0.1000000015
16323  48.708  -68.803  -10.303 0.1000000015
16344  49.228  -68.594  -11.035 0.1000000015
15150  47.919  -69.247  -11.937 0.1000000015
16363  47.392  -68.639  -12.599 0.1000000015
16369  46.170  -69.019  -13.266 0.1000000015
17542  49.759  -67.230  -11.881 0.1000000015
17551  47.820  -67.561  -13.320 0.1000000015
17550  48.790  -67.306  -13.034 0.1000000015
6359  38.649  -78.570  -13.282 0.1000000015
6377  39.363  -79.064  -13.616 0.1000000015
7141  39.277  -78.166  -13.272 0.1000000015
7140  40.103  -78.226  -13.299 0.1000000015
7118  41.710  -77.555  -12.809 0.1000000015
8893  42.516  -75.783  -13.555 0.1000000015
9768  42.350  -74.683  -13.512 0.1000000015
12863  44.226  -72.090  -12.796 0.1000000015
12880  45.470  -71.607  -12.796 0.1000000015
12882  43.916  -71.435  -13.034 0.1000000015
13959  47.745  -70.977  -11.273 0.1000000015
17483  48.716  -67.392  -9.704 0.1000000015
16322  49.127  -68.350  -10.493 0.1000000015
7121  38.581  -77.664  -12.828 0.1000000015
7120  39.693  -77.400  -12.974 0.1000000015
7119  40.761  -77.375  -12.877 0.1000000015
7991  41.591  -76.366  -12.027 0.1000000015
7990  42.513  -76.781  -12.374 0.1000000015
8006  43.154  -76.237  -12.672 0.1000000015
8892  43.135  -76.093  -12.927 0.1000000015
9749  43.109  -75.019  -12.721 0.1000000015
10723  43.019  -73.884  -12.966 0.1000000015
11749  45.309  -72.872  -12.430 0.1000000015
10708  44.450  -73.724  -12.279 0.1000000015
11767  43.585  -73.163  -12.979 0.1000000015
12859  47.438  -71.834  -11.595 0.1000000015
11747  46.870  -72.598  -11.602 0.1000000015
12862  45.070  -72.175  -12.738 0.1000000015
11751  43.735  -72.608  -12.975 0.1000000015
15110  47.701  -69.837  -10.256 0.1000000015
12810  47.457  -71.728  -10.631 0.1000000015
15088  48.165  -69.278  -10.216 0.1000000015
7993  39.126  -76.594  -12.584 0.1000000015
7992  40.238  -76.484  -12.531 0.1000000015
7966  43.266  -76.397  -11.899 0.1000000015
8870  43.633  -75.774  -12.266 0.1000000015
10722  43.804  -73.573  -12.672 0.1000000015
10707  45.405  -73.524  -11.983 0.1000000015
11748  46.272  -72.906  -12.273 0.1000000015
13932  47.661  -70.862  -10.663 0.1000000015
16307  47.855  -68.641  -9.928 0.1000000015
17464  48.374  -67.067  -9.032 0.1000000015
8872  41.262  -75.280  -11.851 0.1000000015
8850  41.967  -75.271  -11.574 0.1000000015
7968  42.295  -75.867  -11.478 0.1000000015
8848  43.536  -75.668  -11.319 0.1000000015
7967  42.708  -76.199  -11.567 0.1000000015
8869  44.188  -75.094  -11.931 0.1000000015
9748  44.023  -74.774  -12.269 0.1000000015
10706  46.176  -73.355  -11.575 0.1000000015
13933  47.009  -70.932  -10.300 0.1000000015
11731  47.458  -72.117  -10.825 0.1000000015
17465  47.889  -67.068  -8.750 0.1000000015
18519  47.542  -66.391  -8.852 0.1000000015
8849  42.799  -75.285  -11.074 0.1000000015
8830  43.481  -75.138  -10.681 0.1000000015
8847  44.273  -75.188  -11.442 0.1000000015
9747  44.518  -74.292  -11.715 0.1000000015
10690  45.209  -73.622  -11.271 0.1000000015
17485  47.175  -67.464  -9.307 0.1000000015
16324  47.238  -69.209  -10.273 0.1000000015
11732  46.967  -72.501  -10.871 0.1000000015
17466  47.364  -66.862  -8.821 0.1000000015
8831  43.155  -74.831  -10.625 0.1000000015
9717  43.485  -74.302  -10.427 0.1000000015
10652  44.531  -73.065  -9.758 0.1000000015
9716  44.139  -73.998  -10.526 0.1000000015
8829  44.118  -75.017  -10.626 0.1000000015
11711  45.110  -72.847  -10.047 0.1000000015
9730  44.561  -74.306  -10.981 0.1000000015
16308  46.871  -68.371  -10.119 0.1000000015
16325  46.510  -69.166  -10.459 0.1000000015
15111  46.828  -70.037  -10.442 0.1000000015
12811  47.150  -71.690  -10.233 0.1000000015
11709  46.630  -72.354  -10.313 0.1000000015
10705  46.569  -73.069  -11.096 0.1000000015
18520  46.597  -66.529  -8.723 0.1000000015
12787  44.311  -72.385  -9.685 0.1000000015
10670  44.903  -73.440  -10.379 0.1000000015
11710  45.885  -72.547  -10.127 0.1000000015
13960  45.604  -70.289  -10.913 0.1000000015
12812  46.332  -71.843  -10.264 0.1000000015
10669  45.820  -73.083  -10.201 0.1000000015
10668  46.201  -72.741  -10.247 0.1000000015
9890  37.341  -74.105  -20.801 0.1000000015
11887  37.620  -72.779  -19.577 0.1000000015
12956  36.928  -71.506  -18.988 0.1000000015
12975  36.583  -71.707  -19.556 0.1000000015
14068  36.461  -70.908  -19.603 0.1000000015
15293  37.449  -69.613  -20.332 0.1000000015
14067  36.886  -70.221  -19.801 0.1000000015
9851  37.808  -74.994  -17.828 0.1000000015
10850  36.907  -73.318  -20.624 0.1000000015
12996  35.738  -71.099  -20.653 0.1000000015
9876  39.067  -74.236  -19.942 0.1000000015
10848  38.475  -73.984  -19.845 0.1000000015
16458  40.352  -68.797  -18.672 0.1000000015
16476  38.566  -69.139  -19.181 0.1000000015
9874  41.022  -75.050  -19.196 0.1000000015
10809  39.302  -73.499  -18.790 0.1000000015
14051  37.063  -70.753  -18.815 0.1000000015
16457  41.037  -68.782  -18.437 0.1000000015
16443  39.873  -68.870  -18.089 0.1000000015
9849  41.109  -74.673  -18.574 0.1000000015
7205  41.974  -77.499  -17.433 0.1000000015
7206  41.286  -77.195  -17.446 0.1000000015
9848  41.583  -75.216  -18.417 0.1000000015
10789  40.894  -74.196  -17.794 0.1000000015
7204  42.683  -76.971  -17.662 0.1000000015
6430  42.440  -77.689  -17.039 0.1000000015
9831  41.723  -75.061  -17.674 0.1000000015
9816  41.808  -74.769  -16.751 0.1000000015
10769  41.269  -74.320  -17.149 0.1000000015
11818  40.045  -73.044  -16.289 0.1000000015
14019  39.238  -70.175  -15.853 0.1000000015
15207  43.772  -69.293  -17.288 0.1000000015
6412  41.827  -78.185  -16.629 0.1000000015
5058  37.936  -80.713  -15.024 0.1000000015
5736  40.348  -79.371  -16.196 0.1000000015
8947  42.501  -75.730  -16.838 0.1000000015
8935  42.236  -75.353  -15.875 0.1000000015
9801  41.969  -74.805  -16.005 0.1000000015
12897  39.843  -70.753  -14.867 0.1000000015
7171  42.018  -77.843  -15.360 0.1000000015
8914  42.004  -74.998  -15.006 0.1000000015
12896  40.247  -71.015  -14.537 0.1000000015
16419  44.725  -68.791  -16.033 0.1000000015
6390  41.019  -79.197  -14.512 0.1000000015
11769  41.781  -72.429  -13.439 0.1000000015
14006  41.757  -70.396  -14.082 0.1000000015
16379  46.187  -68.400  -14.421 0.1000000015
16395  45.462  -68.483  -15.217 0.1000000015
16378  47.105  -67.988  -14.776 0.1000000015
15173  44.702  -69.564  -13.577 0.1000000015
8871  43.177  -75.740  -12.873 0.1000000015
13982  46.618  -71.104  -12.443 0.1000000015
15152  46.488  -70.056  -12.741 0.1000000015
15160  44.965  -70.111  -13.290 0.1000000015
13998  44.474  -70.772  -13.164 0.1000000015
12881  44.763  -71.473  -12.872 0.1000000015
12864  43.508  -72.075  -12.894 0.1000000015
15087  48.412  -68.929  -10.216 0.1000000015
16345  48.913  -68.683  -11.359 0.1000000015
16306  48.642  -68.274  -9.935 0.1000000015
16362  48.320  -68.619  -11.873 0.1000000015
17544  48.224  -67.874  -12.498 0.1000000015
17549  49.621  -67.135  -12.785 0.1000000015
11750  44.336  -72.891  -12.726 0.1000000015
12860  46.935  -72.062  -12.272 0.1000000015
12861  46.085  -72.123  -12.805 0.1000000015
17484  48.134  -67.624  -9.414 0.1000000015
10709  43.683  -74.229  -12.536 0.1000000015
10689  45.938  -73.372  -10.806 0.1000000015
18622  43.457  -66.484  -13.970 0.4000000060
19728  46.690  -65.591  -15.272 0.3000000119
19729  45.705  -65.673  -15.451 0.3000000119
19730  44.804  -65.790  -15.606 0.3000000119
19713  44.106  -66.080  -14.799 0.4000000060
19714  43.192  -66.167  -14.695 0.4000000060
19732  42.854  -65.925  -15.561 0.4000000060
16511  47.418  -68.645  -22.788 0.1000000015
16509  48.927  -68.352  -22.986 0.1000000015
17635  49.585  -67.313  -21.973 0.2000000030
19797  47.817  -66.284  -20.625 0.3000000119
20869  41.445  -64.590  -17.105 0.4000000060
19727  47.251  -65.713  -14.847 0.3000000119
20912  45.948  -64.447  -19.273 0.4000000060
21959  45.413  -64.015  -18.255 0.4000000060
18702  48.981  -66.277  -21.463 0.2000000030
19798  46.587  -65.411  -20.226 0.3000000119
21975  45.195  -63.996  -19.225 0.4000000060
21948  43.721  -63.681  -17.991 0.4000000060
20868  42.353  -64.580  -16.975 0.4000000060
15326  45.996  -69.633  -22.157 0.1000000015
18701  49.362  -66.598  -21.564 0.3000000119
21960  44.441  -63.695  -18.602 0.4000000060
20884  42.136  -64.297  -17.776 0.4000000060
15345  46.767  -68.733  -22.991 0.1000000015
20871  39.654  -64.381  -16.794 0.5000000000
18714  49.618  -66.763  -22.459 0.2000000030
19796  48.577  -66.257  -21.377 0.3000000119
20925  46.355  -64.803  -19.578 0.3000000119
21961  43.416  -63.560  -18.870 0.4000000060
20872  39.194  -64.497  -16.322 0.4000000060
21917  37.787  -63.818  -15.439 0.4000000060
20926  45.634  -64.525  -20.021 0.4000000060
21949  42.793  -63.785  -18.241 0.4000000060
21950  41.925  -63.776  -18.329 0.4000000060
16548  47.785  -68.465  -24.133 0.2000000030
16526  48.293  -68.338  -23.604 0.2000000030
16508  49.357  -67.792  -23.365 0.2000000030
19816  48.997  -65.976  -21.947 0.2000000030
17643  49.783  -67.311  -22.906 0.2000000030
19799  45.865  -65.040  -20.517 0.3000000119
15346  45.639  -68.908  -23.347 0.1000000015
19818  46.868  -65.903  -21.374 0.3000000119
21996  44.726  -64.035  -19.954 0.4000000060
20870  40.559  -64.541  -17.065 0.5000000000
21931  39.310  -64.111  -17.123 0.5000000000
21916  38.393  -64.335  -15.824 0.4000000060
21976  44.040  -63.597  -19.665 0.4000000060
21962  42.372  -63.416  -18.887 0.4000000060
20885  41.103  -64.252  -17.958 0.5000000000
21952  39.398  -63.644  -17.637 0.5000000000
21933  37.860  -63.137  -16.638 0.4000000060
16525  48.876  -68.090  -23.917 0.2000000030
18729  49.597  -66.853  -23.254 0.2000000030
18716  48.967  -66.592  -22.890 0.2000000030
19817  48.003  -66.134  -21.757 0.4000000060
19845  47.095  -66.116  -22.442 0.2000000030
19819  45.969  -65.374  -21.074 0.3000000119
21963  41.082  -63.452  -18.736 0.5000000000
21953  38.466  -63.151  -17.393 0.5000000000
22892  37.212  -62.740  -16.020 0.4000000060
20962  45.448  -65.285  -21.412 0.4000000060
21997  44.221  -63.994  -20.409 0.4000000060
21977  42.992  -63.494  -19.810 0.4000000060
21964  39.982  -63.501  -18.351 0.5000000000
17654  49.505  -67.245  -23.756 0.2000000030
16547  48.299  -68.401  -24.604 0.2000000030
18730  49.145  -66.669  -23.467 0.2000000030
23834  36.040  -61.746  -16.028 0.4000000060
19859  48.184  -66.320  -23.540 0.2000000030
20927  44.731  -64.401  -20.405 0.3000000119
22946  43.288  -63.545  -20.488 0.4000000060
15369  46.908  -68.747  -24.300 0.2000000030
18743  48.904  -66.566  -24.276 0.2000000030
19846  45.802  -65.644  -22.157 0.4000000060
22893  36.306  -62.330  -15.731 0.4000000060
22915  39.135  -62.656  -18.012 0.5000000000
25758  35.100  -59.918  -14.063 0.4000000060
15368  47.710  -68.648  -24.669 0.2000000030
16545  49.192  -67.607  -24.711 0.2000000030
22009  43.528  -63.920  -20.859 0.4000000060
21978  41.858  -63.308  -19.565 0.4000000060
22917  37.738  -62.223  -17.433 0.5000000000
23844  36.450  -61.564  -16.707 0.4000000060
26877  35.273  -58.503  -12.689 0.4000000060
15390  47.611  -68.781  -25.568 0.2000000030
17674  49.163  -66.879  -25.097 0.2000000030
19870  48.369  -66.341  -24.065 0.2000000030
19860  47.401  -66.092  -23.379 0.2000000030
19820  44.026  -65.018  -21.736 0.4000000060
22923  40.577  -63.179  -19.075 0.5000000000
15391  46.362  -69.222  -25.505 0.2000000030
20963  44.893  -65.062  -21.658 0.4000000060
20944  44.218  -64.559  -20.984 0.3000000119
21979  41.054  -63.316  -19.385 0.5000000000
22924  40.079  -62.877  -18.825 0.5000000000
22900  37.249  -62.299  -16.994 0.5000000000
28046  34.794  -57.794  -13.974 0.4000000060
28031  35.701  -57.701  -13.322 0.2000000030
24743  34.915  -59.955  -14.842 0.4000000060
16546  48.907  -67.960  -24.784 0.2000000030
19861  46.388  -65.721  -23.313 0.4000000060
23843  37.001  -61.764  -17.274 0.4000000060
24749  35.819  -60.820  -16.161 0.4000000060
18744  48.241  -66.443  -24.614 0.2000000030
19872  46.866  -65.799  -24.100 0.2000000030
16562  48.720  -67.821  -25.377 0.2000000030
25768  34.836  -59.402  -15.005 0.4000000060
25767  35.263  -59.501  -15.606 0.4000000060
25772  35.635  -59.644  -16.347 0.4000000060
21999  42.344  -63.445  -20.473 0.3000000119
23871  39.569  -62.418  -18.667 0.5000000000
22916  38.279  -62.327  -17.631 0.5000000000
24748  36.124  -60.407  -16.938 0.4000000060
19847  44.619  -65.474  -22.574 0.4000000060
20945  43.455  -64.457  -21.272 0.4000000060
22011  42.373  -63.838  -21.030 0.3000000119
22000  41.159  -63.349  -20.081 0.4000000060
23879  39.615  -62.093  -19.019 0.5000000000
18762  48.019  -66.732  -25.452 0.2000000030
23861  37.618  -61.556  -17.724 0.5000000000
24762  37.291  -60.902  -17.990 0.5000000000
22012  41.503  -63.768  -20.834 0.4000000060
22930  40.610  -63.260  -19.334 0.5000000000
23860  38.718  -61.894  -18.032 0.5000000000
22932  39.278  -62.348  -19.546 0.5000000000
22949  40.485  -63.311  -19.641 0.5000000000
19731  43.865  -65.803  -15.610 0.4000000060
20883  43.037  -64.096  -17.523 0.4000000060
26903  34.875  -58.694  -14.245 0.4000000060
24742  35.229  -60.297  -15.316 0.4000000060
23872  39.089  -61.940  -18.616 0.5000000000
21927  47.387  -64.626  -16.666 0.3000000119
22890  46.954  -64.455  -16.693 0.3000000119
20864  46.210  -64.769  -16.519 0.2000000030
20865  45.325  -64.663  -16.705 0.2000000030
19762  49.304  -65.862  -17.450 0.2000000030
20881  47.795  -65.073  -17.165 0.3000000119
21957  47.049  -65.136  -17.790 0.3000000119
22913  46.322  -64.483  -17.429 0.3000000119
19775  49.284  -65.967  -18.519 0.2000000030
19777  47.690  -65.511  -18.376 0.2000000030
20910  47.163  -65.435  -18.388 0.2000000030
14189  45.317  -70.009  -26.954 0.1000000015
14206  45.016  -70.341  -27.505 0.1000000015
17680  43.835  -67.420  -26.097 0.1000000015
20850  48.893  -65.441  -15.034 0.1000000015
20852  47.717  -65.455  -15.165 0.2000000030
20853  46.895  -64.855  -15.887 0.2000000030
21925  48.312  -65.544  -16.121 0.2000000030
21914  47.393  -64.828  -16.182 0.2000000030
19740  50.102  -66.367  -15.876 0.1000000015
18655  49.958  -66.687  -17.166 0.1000000015
20878  49.147  -65.858  -16.591 0.2000000030
17596  50.313  -67.365  -16.784 0.1000000015
17597  49.883  -67.352  -17.601 0.1000000015
15410  45.782  -69.707  -26.492 0.1000000015
17693  47.492  -67.278  -26.511 0.1000000015
17677  46.828  -67.081  -25.846 0.1000000015
17664  45.649  -66.957  -24.880 0.1000000015
18765  44.507  -67.035  -24.639 0.1000000015
17712  48.046  -67.535  -27.203 0.1000000015
17678  46.037  -67.206  -25.573 0.1000000015
17679  44.995  -67.421  -25.466 0.1000000015
18748  43.863  -66.865  -24.155 0.1000000015
18749  42.824  -66.671  -24.555 0.1000000015
18736  41.102  -66.292  -23.704 0.1000000015
18750  41.680  -66.439  -24.734 0.1000000015
19863  40.092  -65.614  -23.751 0.1000000015
21924  49.033  -65.872  -15.962 0.2000000030
20863  49.545  -66.118  -16.132 0.1000000015
19862  45.378  -65.689  -23.371 0.1000000015
20946  42.686  -64.490  -21.287 0.3000000119
16575  48.378  -67.873  -25.970 0.1000000015
17676  48.133  -67.174  -25.863 0.1000000015
18745  47.380  -66.393  -24.662 0.1000000015
19874  45.438  -65.801  -23.870 0.1000000015
18719  43.376  -66.188  -22.794 0.2000000030
19822  42.240  -65.249  -21.652 0.3000000119
20948  40.617  -64.434  -21.056 0.3000000119
22002  39.196  -63.370  -20.439 0.3000000119
18747  45.051  -66.267  -24.116 0.1000000015
18733  44.047  -66.395  -23.379 0.1000000015
19849  42.803  -65.840  -22.155 0.2000000030
20949  39.320  -64.479  -21.430 0.3000000119
18734  43.085  -66.543  -23.573 0.1000000015
19852  39.869  -65.421  -22.640 0.2000000030
19864  39.663  -65.094  -23.200 0.2000000030
22025  38.048  -63.270  -22.315 0.4000000060
19876  40.522  -65.346  -24.927 0.1000000015
20974  39.523  -64.469  -23.764 0.1000000015
22038  39.029  -63.373  -23.816 0.3000000119
19625  47.994  -66.033  -10.088 0.1000000015
18583  48.810  -66.257  -11.404 0.1000000015
24776  37.442  -60.772  -18.565 0.4000000060
23880  38.867  -61.809  -19.202 0.4000000060
22001  40.268  -63.599  -20.208 0.3000000119
22950  39.169  -62.733  -19.955 0.4000000060
22933  38.871  -62.028  -19.682 0.4000000060
22966  38.193  -62.665  -20.716 0.4000000060
22952  38.099  -62.272  -20.609 0.4000000060
20950  38.493  -63.876  -21.661 0.4000000060
22974  37.709  -62.387  -22.165 0.5000000000
22039  38.515  -63.532  -23.062 0.3000000119
22973  37.970  -62.742  -22.622 0.5000000000
20981  40.399  -64.274  -25.168 0.2000000030
20973  40.003  -64.802  -24.466 0.1000000015
22984  38.319  -62.508  -23.271 0.4000000060
19887  40.786  -64.855  -25.798 0.1000000015
22048  39.676  -63.586  -24.290 0.2000000030
19901  42.220  -65.631  -26.997 0.1000000015
19902  41.527  -65.229  -26.363 0.1000000015
22047  40.394  -63.326  -24.723 0.2000000030
19921  42.854  -65.657  -27.918 0.1000000015
20999  42.536  -64.615  -27.017 0.1000000015
24763  36.819  -60.793  -17.631 0.4000000060
24777  37.158  -60.577  -18.110 0.4000000060
23881  37.991  -61.383  -19.345 0.4000000060
23890  37.821  -61.657  -20.377 0.4000000060
25816  36.689  -59.695  -19.341 0.4000000060
23902  37.486  -61.555  -21.405 0.4000000060
24803  37.192  -60.702  -21.668 0.4000000060
24791  37.029  -60.896  -20.830 0.4000000060
23911  37.513  -61.235  -22.256 0.5000000000
23924  37.792  -60.734  -22.932 0.4000000060
23922  39.541  -61.617  -23.918 0.3000000119
22983  39.113  -62.520  -23.946 0.4000000060
23923  38.451  -61.174  -23.436 0.4000000060
23012  42.401  -62.654  -25.438 0.2000000030
23013  41.484  -62.764  -25.222 0.2000000030
23942  39.981  -61.912  -24.065 0.2000000030
22056  42.628  -63.322  -25.840 0.1000000015
22068  42.085  -63.761  -26.046 0.2000000030
19955  45.563  -65.234  -30.244 0.1000000015
26924  36.350  -58.819  -17.947 0.4000000060
25782  36.293  -59.828  -17.557 0.4000000060
26945  36.479  -58.994  -18.800 0.4000000060
25827  36.472  -59.334  -20.251 0.4000000060
24792  36.630  -60.118  -20.561 0.4000000060
25837  36.992  -59.951  -21.870 0.4000000060
25838  36.694  -59.217  -21.418 0.4000000060
24836  37.661  -59.845  -22.977 0.3000000119
25874  38.970  -59.342  -23.285 0.4000000060
25875  38.100  -59.351  -23.187 0.4000000060
24833  40.430  -60.711  -23.833 0.3000000119
24834  39.273  -60.374  -23.663 0.4000000060
22997  43.104  -62.022  -24.924 0.2000000030
23939  42.686  -61.483  -24.306 0.2000000030
23940  41.612  -61.426  -24.230 0.2000000030
22999  40.972  -62.353  -24.646 0.2000000030
22055  43.198  -63.354  -26.071 0.2000000030
21080  45.929  -64.752  -31.632 0.1000000015
21065  46.336  -65.203  -30.979 0.1000000015
21053  45.337  -64.407  -29.577 0.1000000015
26910  35.193  -58.684  -15.802 0.3000000119
26925  35.952  -58.392  -17.321 0.4000000060
28080  35.765  -57.832  -17.033 0.3000000119
28099  36.504  -57.807  -18.777 0.4000000060
29255  36.497  -56.568  -19.285 0.4000000060
26977  36.509  -58.277  -20.695 0.4000000060
26963  36.438  -58.590  -19.631 0.4000000060
26990  36.916  -57.915  -21.838 0.4000000060
27009  37.739  -58.149  -22.453 0.4000000060
27010  37.122  -58.460  -22.287 0.3000000119
27030  40.736  -58.938  -22.954 0.3000000119
25855  40.142  -58.822  -22.750 0.3000000119
25856  39.582  -58.938  -22.925 0.3000000119
27031  39.097  -58.600  -23.000 0.3000000119
27032  38.402  -58.692  -23.013 0.3000000119
24830  43.474  -60.597  -23.907 0.2000000030
23919  43.129  -60.995  -23.912 0.2000000030
25871  42.294  -59.580  -23.400 0.3000000119
25872  41.149  -59.658  -23.287 0.2000000030
25873  40.042  -59.504  -23.321 0.3000000119
23938  43.738  -61.228  -24.352 0.2000000030
24832  41.680  -60.619  -23.601 0.2000000030
23011  43.500  -62.661  -25.676 0.2000000030
28057  34.944  -57.670  -15.447 0.3000000119
29187  35.410  -56.633  -15.603 0.3000000119
28068  35.474  -57.568  -16.314 0.4000000060
26915  35.666  -58.544  -16.665 0.3000000119
29236  36.331  -56.678  -18.270 0.3000000119
30362  36.292  -55.859  -17.568 0.4000000060
30381  36.580  -55.581  -18.630 0.4000000060
30404  36.821  -55.701  -19.565 0.4000000060
28117  36.440  -57.447  -19.975 0.4000000060
30425  37.369  -55.626  -20.477 0.3000000119
28135  36.697  -57.270  -20.905 0.4000000060
29272  36.834  -56.347  -20.366 0.4000000060
29300  40.286  -56.454  -22.101 0.3000000119
29283  39.958  -56.117  -21.791 0.2000000030
29284  39.500  -56.372  -21.801 0.2000000030
30438  38.206  -55.658  -21.187 0.2000000030
28150  37.782  -57.197  -21.897 0.3000000119
28151  37.194  -57.097  -21.312 0.3000000119
27005  41.219  -57.826  -22.675 0.3000000119
28165  40.034  -57.395  -22.215 0.3000000119
28148  39.511  -57.080  -21.960 0.2000000030
28149  38.878  -57.094  -21.800 0.2000000030
28167  38.499  -57.576  -22.230 0.2000000030
27027  43.713  -58.676  -23.991 0.2000000030
28184  42.285  -57.714  -23.427 0.3000000119
27029  41.616  -58.471  -23.076 0.3000000119
29172  34.745  -57.085  -14.272 0.3000000119
28058  34.715  -57.765  -14.654 0.3000000119
31557  37.292  -54.668  -19.575 0.3000000119
32543  39.257  -53.566  -20.738 0.2000000030
33549  39.071  -53.005  -20.192 0.2000000030
32545  38.053  -53.771  -20.014 0.2000000030
31580  37.699  -54.687  -20.031 0.2000000030
33566  39.935  -53.221  -21.788 0.2000000030
31592  39.267  -54.480  -21.159 0.2000000030
31593  38.541  -54.993  -21.149 0.2000000030
31579  38.463  -54.375  -20.610 0.2000000030
28032  35.093  -57.684  -13.602 0.2000000030
21018  43.050  -64.625  -27.895 0.1000000015
28183  43.170  -57.927  -23.835 0.3000000119
22996  44.151  -62.070  -24.936 0.2000000030
19743  44.596  -65.303  -16.345 0.3000000119
22898  46.345  -64.395  -16.987 0.3000000119
19791  47.546  -65.981  -19.219 0.2000000030
20851  48.600  -65.439  -15.078 0.2000000030
19741  46.246  -65.257  -15.952 0.2000000030
19873  45.876  -65.670  -24.015 0.1000000015
19821  43.184  -65.186  -21.595 0.3000000119
29152  35.270  -56.721  -13.781 0.3000000119
18746  46.319  -66.334  -24.619 0.1000000015
25771  35.913  -59.770  -17.059 0.3000000119
18717  44.466  -65.792  -22.849 0.3000000119
19848  43.688  -65.543  -22.322 0.2000000030
18763  47.093  -66.720  -25.293 0.1000000015
20879  48.698  -65.476  -16.914 0.2000000030
22897  46.893  -64.443  -17.080 0.3000000119
19763  48.595  -65.429  -17.382 0.1000000015
19776  48.459  -65.545  -18.189 0.2000000030
18766  43.751  -66.975  -25.155 0.1000000015
21913  48.026  -65.449  -15.776 0.2000000030
17711  48.297  -67.722  -26.871 0.1000000015
17694  46.277  -67.455  -26.486 0.1000000015
18721  41.610  -66.299  -23.010 0.1000000015
18732  44.611  -65.915  -23.189 0.2000000030
20947  41.766  -64.480  -21.277 0.3000000119
18720  42.445  -66.307  -22.889 0.2000000030
19823  41.199  -65.334  -21.671 0.3000000119
22014  38.742  -63.798  -21.139 0.4000000060
22951  38.666  -62.376  -20.207 0.4000000060
19850  41.822  -65.956  -22.238 0.3000000119
19824  40.136  -65.343  -21.772 0.3000000119
20964  39.342  -64.729  -22.654 0.3000000119
25800  37.174  -60.318  -18.588 0.4000000060
20990  41.165  -64.117  -25.696 0.2000000030
23014  40.935  -62.955  -24.991 0.2000000030
25801  36.861  -59.987  -18.364 0.4000000060
24783  37.090  -60.645  -19.696 0.4000000060
22998  42.026  -62.042  -24.878 0.2000000030
24843  40.960  -60.970  -24.172 0.2000000030
23920  42.404  -61.059  -23.800 0.2000000030
29216  35.978  -56.705  -17.603 0.4000000060
29217  35.707  -57.088  -17.099 0.4000000060
28164  40.926  -57.313  -22.338 0.3000000119
25870  43.479  -59.622  -23.753 0.2000000030
29200  35.711  -56.527  -16.513 0.4000000060
30426  37.037  -55.714  -20.057 0.4000000060
30439  37.736  -55.655  -20.917 0.2000000030
31602  40.254  -54.554  -22.264 0.2000000030
30436  39.892  -55.443  -21.796 0.2000000030
31591  39.986  -54.351  -21.598 0.2000000030
30437  39.023  -55.567  -21.403 0.2000000030
30343  36.026  -55.876  -16.802 0.3000000119
30344  35.931  -55.714  -16.078 0.2000000030
31503  35.929  -55.073  -16.051 0.3000000119
29171  35.259  -56.447  -14.684 0.2000000030
30326  36.092  -55.225  -14.865 0.2000000030
19790  48.881  -65.917  -19.158 0.1000000015
18673  49.215  -66.559  -19.635 0.1000000015
20839  48.662  -65.432  -14.306 0.1000000015
18674  48.517  -66.422  -19.827 0.1000000015
17626  49.407  -67.315  -20.969 0.1000000015
18687  48.314  -66.458  -20.307 0.1000000015
18685  49.379  -66.807  -20.609 0.1000000015
28030  36.595  -57.600  -13.122 0.1000000015
29151  36.170  -56.703  -13.355 0.1000000015
29149  38.315  -56.822  -13.505 0.1000000015
29150  37.162  -56.708  -13.243 0.1000000015
30291  35.933  -55.927  -13.697 0.1000000015
30289  37.711  -55.741  -13.483 0.1000000015
30310  35.693  -55.788  -14.383 0.1000000015
30308  37.137  -55.231  -13.902 0.1000000015
30309  36.449  -55.326  -14.263 0.1000000015
30327  35.748  -55.635  -15.274 0.1000000015
31487  36.343  -54.747  -15.573 0.2000000030
31465  37.182  -54.597  -14.707 0.1000000015
32444  37.865  -53.869  -14.771 0.2000000030
32495  36.429  -53.791  -17.447 0.2000000030
33449  37.952  -53.121  -14.896 0.2000000030
32461  36.714  -53.916  -15.728 0.2000000030
32474  37.017  -53.322  -16.139 0.2000000030
31502  36.251  -54.966  -16.720 0.2000000030
33448  38.302  -53.102  -14.878 0.2000000030
32494  36.788  -53.269  -16.890 0.2000000030
31519  36.484  -54.786  -17.906 0.2000000030
31537  36.730  -54.684  -18.621 0.2000000030
32523  36.774  -54.301  -18.974 0.2000000030
33528  37.749  -52.916  -19.751 0.1000000015
32443  38.578  -53.611  -14.693 0.2000000030
33499  37.030  -52.878  -17.715 0.2000000030
33514  36.955  -53.249  -18.342 0.1000000015
34598  37.610  -52.323  -18.051 0.1000000015
33513  37.423  -52.755  -18.745 0.1000000015
30288  38.563  -55.847  -13.573 0.1000000015
31443  38.971  -55.376  -13.601 0.1000000015
31486  36.916  -54.248  -15.368 0.2000000030
33467  37.652  -52.682  -15.736 0.2000000030
29318  42.442  -57.393  -23.943 0.2000000030
28163  41.597  -57.419  -22.811 0.2000000030
29319  41.734  -56.742  -23.479 0.2000000030
29337  41.706  -57.080  -24.576 0.2000000030
30485  41.534  -56.138  -24.191 0.2000000030
29299  41.236  -56.541  -22.579 0.2000000030
30469  41.380  -55.896  -23.650 0.2000000030
30450  41.323  -55.957  -23.064 0.2000000030
30500  41.119  -55.912  -25.173 0.2000000030
30451  40.667  -55.559  -22.579 0.2000000030
31636  40.549  -54.579  -24.179 0.1000000015
30486  40.957  -55.514  -24.249 0.2000000030
31617  40.536  -54.565  -23.124 0.2000000030
31658  40.670  -54.241  -25.059 0.1000000015
32605  40.567  -53.515  -24.700 0.1000000015
32585  40.452  -53.637  -23.693 0.1000000015
33656  41.398  -52.455  -25.974 0.1000000015
32643  41.383  -53.175  -26.562 0.1000000015
32442  39.357  -53.901  -14.675 0.1000000015
32574  40.392  -53.662  -22.720 0.1000000015
33617  40.592  -52.715  -24.228 0.1000000015
33636  41.176  -52.228  -25.627 0.1000000015
33637  40.817  -52.506  -25.318 0.1000000015
34746  41.560  -51.632  -26.359 0.1000000015
34728  41.171  -51.726  -25.524 0.1000000015
35849  42.022  -50.940  -27.408 0.1000000015
32458  39.962  -53.616  -15.084 0.1000000015
31484  40.385  -54.668  -15.308 0.1000000015
32561  39.741  -53.554  -21.340 0.1000000015
32560  40.151  -53.690  -21.940 0.1000000015
34688  40.476  -51.936  -23.848 0.1000000015
33597  40.399  -52.760  -23.260 0.1000000015
34729  40.858  -51.901  -25.140 0.1000000015
35840  41.556  -50.778  -26.821 0.1000000015
35824  41.237  -50.750  -25.932 0.1000000015
32457  40.807  -53.739  -15.555 0.1000000015
33466  38.522  -52.772  -15.263 0.1000000015
34649  39.822  -51.372  -22.112 0.1000000015
34650  39.473  -52.001  -21.564 0.1000000015
36867  40.562  -50.107  -23.463 0.1000000015
34668  40.045  -51.813  -22.936 0.1000000015
33582  40.056  -52.799  -22.287 0.1000000015
33583  39.629  -52.423  -21.968 0.1000000015
35788  40.460  -51.070  -23.603 0.1000000015
36884  41.067  -49.680  -24.387 0.1000000015
36885  40.732  -50.569  -24.192 0.1000000015
34709  40.694  -51.966  -24.651 0.1000000015
37965  42.000  -48.068  -24.993 0.1000000015
37966  41.565  -48.978  -25.164 0.1000000015
35805  41.169  -50.793  -24.910 0.1000000015
37979  41.645  -49.291  -25.790 0.1000000015
33465  39.477  -52.689  -15.430 0.1000000015
33548  39.412  -52.692  -20.833 0.1000000015
37947  41.582  -48.612  -24.165 0.1000000015
34635  39.606  -51.602  -20.528 0.1000000015
30501  40.751  -55.000  -24.908 0.1000000015
32624  40.878  -53.479  -25.591 0.1000000015
36903  41.386  -49.876  -25.410 0.1000000015
36920  41.571  -49.761  -26.419 0.1000000015
23068  42.706  -62.621  -29.594 0.1000000015
23998  41.575  -61.423  -28.447 0.1000000015
22110  42.150  -63.254  -29.853 0.1000000015
22131  42.979  -63.462  -30.369 0.1000000015
19986  42.470  -65.167  -31.207 0.1000000015
18859  42.728  -66.477  -30.414 0.1000000015
17766  42.229  -67.611  -29.593 0.1000000015
23047  43.207  -62.063  -28.696 0.1000000015
23997  42.154  -61.514  -28.271 0.1000000015
21069  42.380  -64.227  -30.811 0.1000000015
21083  42.915  -64.408  -31.353 0.1000000015
24874  41.823  -60.444  -27.921 0.1000000015
23982  42.184  -61.188  -27.804 0.1000000015
23046  44.246  -62.026  -28.514 0.1000000015
23091  43.350  -62.732  -29.907 0.1000000015
23049  41.075  -62.008  -28.851 0.1000000015
23971  43.716  -61.002  -26.425 0.1000000015
23980  44.528  -61.898  -27.639 0.1000000015
23984  40.936  -60.681  -28.442 0.1000000015
25930  42.216  -59.529  -27.934 0.1000000015
27108  42.607  -58.599  -28.585 0.1000000015
25952  41.042  -59.741  -28.668 0.1000000015
25931  41.421  -59.872  -28.225 0.1000000015
27109  41.971  -58.602  -28.956 0.1000000015
23033  42.753  -61.714  -28.017 0.1000000015
16646  41.797  -68.394  -29.058 0.1000000015
4306  38.647  -81.361  -14.777 0.1000000015
4324  38.649  -81.305  -14.993 0.1000000015
4326  37.737  -81.137  -14.744 0.1000000015
5025  38.712  -80.917  -13.861 0.1000000015
6413  41.220  -78.471  -16.613 0.1000000015
7186  41.540  -77.981  -16.841 0.1000000015
7989  43.088  -76.396  -12.431 0.1000000015
8936  42.003  -74.895  -15.530 0.1000000015
9800  42.251  -75.077  -16.107 0.1000000015
10688  46.393  -72.900  -10.561 0.1000000015
11688  44.530  -72.705  -9.740 0.1000000015
11708  47.241  -72.138  -10.471 0.1000000015
11746  47.388  -72.208  -11.209 0.1000000015
12839  47.671  -71.692  -11.023 0.1000000015
12974  37.202  -72.091  -19.214 0.1000000015
13934  45.880  -70.942  -10.674 0.1000000015
14012  40.491  -69.925  -14.854 0.1000000015
14086  36.850  -69.993  -20.350 0.1000000015
14188  45.726  -70.135  -27.125 0.1000000015
14204  46.402  -70.053  -28.154 0.1000000015
15108  49.033  -69.154  -10.881 0.1000000015
15128  48.990  -69.088  -11.120 0.1000000015
15159  45.727  -70.017  -13.086 0.1000000015
15162  43.448  -70.022  -13.657 0.1000000015
15174  44.094  -69.494  -13.858 0.1000000015
15188  43.052  -69.293  -14.567 0.1000000015
15191  40.634  -69.471  -15.393 0.1000000015
15250  40.868  -68.920  -18.840 0.1000000015
15271  42.841  -70.092  -19.421 0.1000000015
15272  42.336  -69.840  -19.425 0.1000000015
15275  38.882  -69.202  -20.013 0.1000000015
15276  38.267  -69.290  -19.632 0.1000000015
15392  45.157  -69.338  -25.564 0.2000000030
16305  48.935  -67.942  -9.966 0.1000000015
16460  38.774  -69.036  -18.880 0.1000000015
16488  39.609  -68.969  -19.973 0.1000000015
16510  48.014  -68.531  -22.585 0.1000000015
16524  49.219  -67.637  -24.205 0.2000000030
16527  47.563  -68.509  -23.406 0.2000000030
16563  48.417  -68.237  -25.468 0.2000000030
16592  48.402  -67.938  -26.671 0.1000000015
16618  47.282  -68.034  -28.537 0.1000000015
16620  41.543  -68.688  -28.752 0.1000000015
16645  42.400  -68.316  -29.499 0.1000000015
17494  36.646  -67.543  -9.703 0.1000000015
17662  49.321  -67.203  -24.709 0.2000000030
17663  49.073  -67.607  -25.070 0.2000000030
17665  45.048  -67.082  -24.663 0.1000000015
17675  48.603  -67.302  -25.524 0.2000000030
17691  48.289  -67.679  -26.323 0.1000000015
17692  48.120  -67.428  -26.376 0.1000000015
17741  44.936  -67.090  -29.213 0.1000000015
17742  41.373  -68.172  -28.809 0.1000000015
17767  41.624  -67.597  -29.256 0.1000000015
18518  48.143  -66.740  -8.865 0.1000000015
18544  47.751  -65.991  -9.091 0.1000000015
18585  47.046  -65.969  -11.344 0.2000000030
18595  47.329  -66.134  -11.673 0.2000000030
18605  47.368  -66.243  -12.298 0.2000000030
18623  42.782  -66.363  -13.891 0.5000000000
18643  50.315  -66.801  -16.330 0.1000000015
18686  48.843  -66.433  -20.724 0.2000000030
18715  49.396  -66.649  -22.797 0.2000000030
18718  44.152  -65.949  -22.801 0.3000000119
18731  48.670  -66.528  -23.247 0.2000000030
18735  42.084  -66.547  -23.732 0.1000000015
18742  49.380  -66.858  -24.056 0.2000000030
18751  40.794  -66.078  -24.456 0.1000000015
18760  49.241  -66.770  -24.712 0.2000000030
18761  48.829  -66.646  -25.056 0.2000000030
18764  46.398  -66.870  -25.226 0.1000000015
18780  47.871  -67.143  -26.034 0.1000000015
18781  47.505  -67.000  -25.851 0.1000000015
18822  44.493  -66.143  -29.294 0.1000000015
18823  43.942  -66.243  -28.781 0.1000000015
18841  47.054  -66.901  -30.147 0.1000000015
18844  45.068  -66.052  -29.729 0.1000000015
18855  46.859  -66.402  -30.686 0.1000000015
19605  47.370  -65.838  -8.896 0.1000000015
19617  35.736  -65.579  -8.212 0.1000000015
19630  39.142  -65.657  -8.661 0.1000000015
19659  47.511  -66.008  -11.221 0.2000000030
19665  41.552  -64.895  -11.636 0.4000000060
19674  49.074  -65.931  -12.835 0.1000000015
19677  45.392  -65.968  -11.758 0.2000000030
19690  48.716  -65.615  -13.472 0.2000000030
19693  46.246  -66.193  -14.061 0.3000000119
19698  39.504  -65.430  -13.828 0.5000000000
19709  47.572  -65.719  -14.236 0.3000000119
19718  39.256  -65.304  -14.341 0.5000000000
19735  39.977  -64.985  -15.622 0.5000000000
19742  45.515  -65.329  -16.222 0.2000000030
19761  49.730  -66.288  -16.593 0.1000000015
19789  49.201  -66.181  -19.045 0.1000000015
19815  49.375  -66.412  -22.173 0.2000000030
19825  39.526  -65.226  -22.015 0.3000000119
19842  49.442  -66.562  -22.438 0.2000000030
19843  49.140  -66.442  -22.442 0.2000000030
19844  48.317  -66.340  -22.690 0.2000000030
19851  40.781  -65.867  -22.642 0.2000000030
19858  48.671  -66.495  -23.731 0.2000000030
19871  47.751  -66.118  -24.085 0.2000000030
19903  41.255  -64.547  -26.115 0.2000000030
19941  43.273  -64.990  -28.285 0.1000000015
19956  45.050  -65.410  -29.698 0.2000000030
19967  46.227  -65.608  -30.666 0.1000000015
20762  42.529  -63.650  -8.601 0.4000000060
20794  42.921  -64.442  -9.458 0.3000000119
20828  49.294  -65.425  -14.112 0.1000000015
20838  49.335  -65.456  -14.653 0.1000000015
20854  40.224  -64.795  -16.276 0.5000000000
20880  48.197  -65.212  -17.012 0.3000000119
20886  40.088  -64.107  -17.649 0.5000000000
20887  39.606  -64.097  -17.317 0.5000000000
20894  48.141  -65.290  -17.447 0.3000000119
20895  47.521  -65.259  -17.743 0.3000000119
20896  46.771  -65.152  -18.035 0.4000000060
20897  40.475  -63.869  -18.202 0.5000000000
20898  40.095  -63.865  -18.083 0.5000000000
20928  40.394  -63.935  -20.640 0.3000000119
20929  39.928  -64.086  -20.628 0.3000000119
20943  45.185  -65.003  -20.786 0.3000000119
20965  38.643  -64.140  -22.398 0.4000000060
20975  38.955  -64.103  -23.185 0.3000000119
20982  39.865  -64.105  -24.573 0.1000000015
20989  41.635  -63.962  -25.952 0.2000000030
21000  41.831  -64.321  -26.294 0.2000000030
21001  41.439  -64.225  -26.030 0.2000000030
21016  44.354  -64.158  -28.261 0.2000000030
21017  43.807  -64.170  -27.907 0.2000000030
21036  45.051  -64.159  -28.933 0.2000000030
21037  44.445  -64.594  -28.758 0.2000000030
21039  43.440  -64.598  -28.147 0.1000000015
21068  42.774  -63.938  -31.015 0.1000000015
21079  46.311  -65.097  -31.292 0.1000000015
21822  43.248  -63.504  -6.946 0.3000000119
21828  37.432  -63.314  -6.848 0.1000000015
21856  42.971  -63.843  -8.624 0.3000000119
21857  42.763  -63.693  -8.527 0.3000000119
21904  49.365  -65.535  -15.094 0.1000000015
21905  49.144  -65.464  -15.001 0.1000000015
21911  49.425  -65.692  -15.438 0.2000000030
21912  48.863  -65.552  -15.433 0.1000000015
21915  46.818  -64.525  -16.482 0.3000000119
21926  47.705  -65.126  -16.377 0.3000000119
21928  46.412  -64.468  -16.797 0.3000000119
21929  45.888  -64.386  -16.983 0.3000000119
21932  38.700  -64.067  -16.616 0.4000000060
21941  48.620  -65.612  -16.452 0.2000000030
21942  48.141  -65.323  -16.613 0.2000000030
21943  47.738  -64.967  -16.786 0.3000000119
21944  47.336  -64.766  -17.204 0.3000000119
21945  46.100  -64.396  -17.590 0.3000000119
21951  39.871  -63.814  -17.961 0.5000000000
21954  37.868  -62.670  -17.279 0.5000000000
21965  39.507  -63.189  -18.168 0.5000000000
21980  39.881  -63.248  -19.761 0.4000000060
21981  39.522  -62.890  -19.745 0.4000000060
21998  42.925  -63.492  -20.447 0.4000000060
22003  38.530  -62.926  -20.613 0.4000000060
22010  43.040  -63.813  -21.090 0.4000000060
22013  40.793  -63.735  -20.607 0.3000000119
22015  38.163  -63.208  -21.213 0.4000000060
22016  37.745  -62.794  -21.574 0.4000000060
22026  37.752  -62.998  -21.825 0.4000000060
22057  41.762  -63.422  -25.660 0.2000000030
22058  41.006  -63.464  -25.259 0.2000000030
22066  43.468  -63.549  -26.694 0.2000000030
22067  42.653  -63.868  -26.274 0.1000000015
22075  45.421  -63.243  -27.705 0.1000000015
22076  44.794  -63.594  -27.780 0.3000000119
22077  43.939  -63.607  -27.414 0.3000000119
22109  42.608  -63.098  -29.940 0.1000000015
22132  41.865  -63.887  -30.400 0.1000000015
22148  43.012  -63.841  -31.116 0.1000000015
22764  33.741  -62.553  -3.261 0.1000000015
22778  33.773  -62.601  -3.590 0.1000000015
22791  33.821  -62.618  -4.047 0.1000000015
22799  39.559  -61.894  -5.532 0.1000000015
22816  40.322  -62.205  -7.408 0.3000000119
22818  36.662  -63.117  -6.984 0.1000000015
22826  40.602  -62.485  -7.810 0.4000000060
22854  38.145  -62.824  -9.646 0.5000000000
22891  46.664  -64.442  -16.780 0.3000000119
22899  45.830  -64.339  -17.212 0.3000000119
22901  36.732  -62.304  -16.415 0.4000000060
22912  46.862  -64.742  -17.502 0.3000000119
22914  45.967  -64.242  -17.019 0.3000000119
22921  46.745  -65.002  -17.985 0.3000000119
22922  46.532  -64.690  -17.796 0.3000000119
22925  39.638  -62.917  -18.463 0.5000000000
22928  43.673  -63.611  -20.284 0.4000000060
22929  43.530  -63.537  -19.879 0.4000000060
22931  40.013  -62.811  -19.230 0.5000000000
22945  43.497  -63.646  -20.695 0.4000000060
22947  42.740  -63.273  -20.811 0.3000000119
22948  40.856  -63.338  -19.594 0.5000000000
22963  43.433  -63.691  -20.856 0.4000000060
22964  43.268  -63.471  -20.922 0.4000000060
22965  42.848  -63.451  -20.920 0.3000000119
22967  37.736  -62.424  -21.106 0.4000000060
22985  37.873  -61.630  -22.863 0.4000000060
22995  44.501  -61.950  -25.121 0.2000000030
23000  39.898  -62.544  -24.203 0.2000000030
23023  43.578  -63.097  -26.173 0.2000000030
23032  43.707  -61.954  -27.906 0.1000000015
23048  42.143  -61.876  -28.833 0.1000000015
23069  41.580  -62.671  -29.355 0.1000000015
23724  33.658  -62.150  -3.432 0.1000000015
23750  40.117  -61.556  -5.578 0.2000000030
23751  39.921  -61.519  -5.430 0.2000000030
23759  40.215  -61.568  -5.855 0.2000000030
23812  34.507  -60.432  -12.434 0.5000000000
23819  34.964  -60.779  -13.666 0.5000000000
23820  34.698  -60.759  -13.197 0.5000000000
23845  35.977  -61.424  -16.096 0.4000000060
23859  39.156  -62.180  -18.326 0.5000000000
23862  36.922  -61.451  -17.402 0.4000000060
23870  39.862  -62.571  -18.808 0.5000000000
23873  38.314  -61.536  -18.553 0.4000000060
23878  39.931  -62.380  -18.942 0.5000000000
23889  38.495  -61.792  -19.774 0.4000000060
23918  43.463  -60.933  -24.051 0.2000000030
23921  40.153  -61.301  -23.932 0.3000000119
23937  44.466  -61.605  -24.958 0.2000000030
23941  40.459  -61.535  -24.161 0.3000000119
23983  41.373  -60.893  -28.247 0.1000000015
24654  40.077  -61.304  -5.549 0.2000000030
24666  40.149  -61.017  -5.736 0.2000000030
24716  34.573  -59.934  -12.217 0.4000000060
24726  34.997  -60.073  -13.789 0.4000000060
24734  35.058  -60.200  -14.370 0.4000000060
24735  34.952  -59.796  -14.612 0.4000000060
24784  36.577  -60.007  -19.924 0.4000000060
24804  36.801  -60.225  -21.286 0.4000000060
24819  37.378  -60.287  -22.371 0.5000000000
24831  42.789  -60.454  -23.589 0.2000000030
24835  38.346  -60.129  -23.321 0.4000000060
24842  43.964  -60.249  -24.231 0.2000000030
24844  40.613  -61.057  -24.077 0.3000000119
24850  44.556  -60.331  -25.152 0.3000000119
24873  42.573  -60.504  -27.249 0.1000000015
24875  41.150  -60.357  -28.260 0.1000000015
24891  40.679  -60.257  -28.715 0.1000000015
25732  34.674  -59.470  -12.295 0.4000000060
25751  35.033  -59.767  -13.877 0.4000000060
25759  35.006  -59.608  -14.228 0.4000000060
25815  37.168  -60.213  -18.892 0.4000000060
25857  37.210  -59.205  -22.463 0.3000000119
25858  36.832  -58.668  -22.115 0.3000000119
25869  44.071  -59.200  -24.116 0.2000000030
25876  37.668  -59.327  -22.917 0.3000000119
25932  40.952  -59.996  -28.354 0.1000000015
25950  42.057  -58.891  -28.511 0.1000000015
25951  41.596  -59.227  -28.767 0.1000000015
26729  33.656  -58.387  -3.548 0.1000000015
26890  35.260  -58.143  -13.316 0.2000000030
26911  34.762  -58.447  -15.063 0.3000000119
26914  35.940  -59.164  -17.172 0.4000000060
26989  37.431  -57.715  -22.124 0.3000000119
27006  40.647  -58.157  -22.589 0.3000000119
27007  39.655  -58.264  -22.539 0.3000000119
27008  38.787  -58.072  -22.660 0.3000000119
27026  44.064  -58.887  -24.134 0.3000000119
27028  42.819  -58.623  -23.565 0.3000000119
27033  37.769  -58.911  -22.906 0.4000000060
27049  43.649  -58.390  -24.492 0.3000000119
27050  43.241  -58.119  -24.635 0.3000000119
27067  43.783  -58.596  -25.326 0.3000000119
27119  42.314  -58.603  -29.288 0.1000000015
27860  33.577  -57.798  -3.338 0.1000000015
28079  36.097  -57.609  -17.727 0.4000000060
28166  39.251  -57.600  -22.173 0.2000000030
28182  43.523  -58.227  -24.094 0.4000000060
28197  43.377  -58.031  -24.240 0.4000000060
28215  42.959  -57.896  -25.324 0.3000000119
28216  42.062  -57.421  -25.282 0.3000000119
28267  44.290  -57.040  -29.916 0.1000000015
29153  34.853  -57.273  -13.866 0.3000000119
29188  34.805  -57.029  -14.953 0.3000000119
29199  35.886  -56.396  -17.144 0.3000000119
29271  37.220  -56.092  -20.643 0.3000000119
29285  38.498  -56.357  -21.535 0.2000000030
29286  37.521  -56.294  -21.062 0.2000000030
29287  37.038  -56.750  -20.921 0.4000000060
29301  39.833  -56.830  -22.020 0.2000000030
29336  42.352  -57.472  -24.355 0.2000000030
29372  42.451  -56.549  -26.865 0.3000000119
29393  42.901  -56.726  -27.512 0.1000000015
30290  36.724  -55.868  -13.539 0.1000000015
30403  37.227  -55.217  -19.790 0.4000000060
30424  37.987  -55.148  -20.748 0.2000000030
30470  40.847  -55.377  -23.457 0.2000000030
30524  41.733  -55.701  -26.632 0.3000000119
31426  39.476  -55.313  -12.094 0.1000000015
31466  36.522  -54.955  -14.870 0.1000000015
31488  35.933  -55.249  -15.747 0.2000000030
31558  36.974  -54.863  -19.195 0.2000000030
31578  38.952  -54.009  -20.723 0.2000000030
32459  39.202  -53.251  -14.936 0.2000000030
32460  37.355  -53.679  -15.343 0.2000000030
32475  36.426  -53.910  -16.386 0.2000000030
32511  37.045  -53.426  -18.742 0.1000000015
32512  36.693  -53.903  -18.458 0.2000000030
32522  37.182  -53.871  -19.364 0.3000000119
32544  38.712  -53.629  -20.407 0.2000000030
32644  41.074  -53.080  -26.093 0.1000000015
32658  41.712  -53.361  -27.211 0.2000000030
32668  42.775  -53.417  -28.646 0.1000000015
33500  36.728  -53.422  -17.995 0.2000000030
33567  39.692  -52.791  -21.629 0.1000000015
33657  40.959  -52.819  -25.830 0.1000000015
33669  42.334  -52.417  -27.824 0.1000000015
34669  39.597  -52.073  -22.261 0.1000000015
34708  40.900  -51.498  -24.942 0.1000000015
35806  40.765  -51.301  -24.358 0.1000000015
36936  42.022  -50.137  -27.329 0.1000000015
