#!ascii label  , from subject 4037 vox2ras=TkReg
2120
14882  -39.719  -63.704  -19.474 0.1000000015
13914  -39.087  -64.267  -19.847 0.1000000015
11912  -38.114  -66.121  -20.691 0.1000000015
12907  -38.338  -65.266  -20.888 0.1000000015
12906  -37.821  -65.723  -21.707 0.1000000015
14926  -38.289  -63.777  -21.413 0.1000000015
11945  -37.207  -66.123  -23.113 0.1000000015
13967  -37.272  -65.058  -23.122 0.1000000015
13952  -36.928  -64.239  -22.896 0.1000000015
12940  -36.918  -65.576  -23.594 0.1000000015
13982  -36.370  -65.070  -24.169 0.1000000015
14961  -36.548  -63.604  -23.463 0.1000000015
14980  -36.366  -64.066  -24.221 0.1000000015
12958  -35.960  -65.561  -24.798 0.1000000015
13981  -35.857  -64.517  -24.739 0.1000000015
15983  -35.060  -62.466  -25.361 0.1000000015
13980  -35.054  -64.034  -25.001 0.1000000015
13989  -35.295  -64.953  -25.281 0.1000000015
16944  -40.364  -61.531  -19.462 0.1000000015
15892  -40.102  -62.746  -19.344 0.1000000015
14903  -38.655  -63.766  -20.582 0.1000000015
16967  -39.413  -61.519  -20.203 0.1000000015
15911  -38.708  -62.584  -20.411 0.1000000015
14925  -37.846  -63.903  -21.970 0.1000000015
16986  -37.437  -61.664  -21.532 0.1000000015
15948  -37.207  -62.761  -22.366 0.1000000015
14960  -36.064  -63.320  -24.034 0.1000000015
21679  -37.878  -57.178  -26.349 0.1000000015
20545  -37.678  -58.422  -26.314 0.1000000015
19415  -37.518  -59.177  -25.957 0.1000000015
19414  -36.594  -59.661  -25.823 0.1000000015
18228  -36.055  -60.245  -25.413 0.1000000015
18205  -35.351  -61.199  -25.039 0.1000000015
17036  -35.380  -61.881  -24.613 0.1000000015
17019  -35.706  -62.116  -23.951 0.1000000015
15970  -35.356  -62.738  -24.754 0.1000000015
14979  -35.587  -63.502  -24.616 0.1000000015
19295  -42.594  -58.928  -18.516 0.1000000015
20475  -42.699  -58.405  -20.048 0.2000000030
19338  -42.291  -59.083  -19.907 0.2000000030
18096  -41.733  -60.341  -18.676 0.1000000015
20474  -41.864  -58.347  -20.586 0.1000000015
19337  -41.604  -59.286  -20.343 0.1000000015
18117  -41.517  -59.896  -19.589 0.1000000015
19336  -40.898  -59.472  -20.796 0.1000000015
16968  -40.037  -60.887  -20.210 0.1000000015
28818  -42.386  -50.765  -20.046 0.1000000015
27764  -42.378  -51.174  -21.274 0.1000000015
18146  -40.138  -59.962  -20.922 0.1000000015
18131  -38.801  -60.536  -20.846 0.1000000015
16966  -38.461  -61.498  -20.700 0.1000000015
26794  -42.569  -52.178  -22.396 0.1000000015
26793  -41.858  -52.464  -22.116 0.1000000015
25872  -41.388  -52.943  -22.889 0.1000000015
24927  -39.769  -53.820  -22.902 0.1000000015
24944  -39.177  -54.510  -23.353 0.1000000015
23920  -38.899  -55.591  -24.567 0.1000000015
19334  -38.910  -59.999  -21.028 0.1000000015
18143  -37.687  -60.819  -21.463 0.1000000015
15947  -36.695  -62.653  -22.912 0.1000000015
24928  -40.696  -53.569  -23.299 0.1000000015
24945  -40.171  -54.234  -24.016 0.1000000015
23905  -39.454  -54.994  -24.117 0.1000000015
22755  -38.604  -56.460  -24.764 0.1000000015
21640  -38.877  -57.481  -23.972 0.1000000015
19401  -38.338  -59.315  -25.202 0.1000000015
18162  -37.214  -60.810  -22.300 0.1000000015
17002  -36.615  -61.380  -22.832 0.1000000015
23921  -39.738  -55.212  -24.813 0.1000000015
22772  -38.576  -56.459  -25.627 0.1000000015
21661  -38.407  -57.295  -25.767 0.1000000015
20533  -38.580  -58.307  -24.948 0.1000000015
19382  -37.484  -59.743  -24.027 0.1000000015
18207  -36.862  -60.138  -24.194 0.1000000015
20546  -38.227  -58.014  -26.063 0.1000000015
19416  -38.167  -58.721  -25.737 0.1000000015
19399  -36.615  -60.126  -24.967 0.1000000015
18182  -36.589  -60.798  -23.552 0.1000000015
15958  -36.113  -62.689  -23.658 0.1000000015
21594  -42.975  -57.781  -20.064 0.1000000015
20476  -43.226  -57.945  -19.953 0.2000000030
20448  -43.090  -58.322  -18.488 0.1000000015
20432  -43.432  -57.843  -18.005 0.2000000030
21539  -44.210  -57.231  -17.406 0.2000000030
21593  -42.383  -57.775  -20.287 0.1000000015
20498  -41.320  -58.742  -20.879 0.1000000015
30857  -40.951  -48.947  -20.848 0.1000000015
29859  -41.885  -49.608  -20.673 0.1000000015
19359  -41.065  -59.167  -21.060 0.1000000015
19358  -40.242  -59.380  -21.293 0.1000000015
19370  -40.051  -59.023  -22.026 0.1000000015
26776  -41.547  -52.042  -21.398 0.1000000015
25871  -40.349  -52.993  -22.524 0.1000000015
19356  -38.733  -60.048  -21.331 0.1000000015
24926  -38.806  -54.142  -22.468 0.1000000015
23904  -38.660  -55.319  -23.430 0.1000000015
22739  -38.453  -56.292  -23.749 0.1000000015
21641  -39.154  -58.162  -23.479 0.1000000015
19384  -39.204  -59.054  -23.361 0.1000000015
18183  -37.309  -60.206  -23.344 0.1000000015
18163  -37.900  -60.347  -22.001 0.1000000015
17020  -36.138  -61.696  -23.591 0.1000000015
23815  -41.373  -55.955  -17.276 0.1000000015
23816  -42.411  -55.927  -17.273 0.1000000015
22656  -41.611  -56.485  -18.741 0.1000000015
22635  -42.015  -56.151  -18.062 0.1000000015
22657  -42.572  -56.624  -18.819 0.1000000015
22658  -43.275  -56.752  -18.506 0.2000000030
22637  -43.853  -56.555  -17.745 0.2000000030
21556  -43.110  -57.090  -19.084 0.2000000030
23818  -44.360  -55.908  -17.254 0.2000000030
22638  -44.685  -56.563  -17.103 0.2000000030
21592  -41.557  -57.753  -20.440 0.1000000015
22679  -41.270  -56.861  -19.337 0.1000000015
21591  -40.708  -57.727  -20.487 0.1000000015
20472  -40.451  -58.125  -20.924 0.1000000015
29845  -41.825  -50.007  -20.090 0.1000000015
27731  -41.612  -51.232  -19.800 0.1000000015
27730  -40.649  -51.504  -19.525 0.1000000015
26766  -40.451  -52.184  -20.192 0.1000000015
20473  -41.153  -58.217  -20.842 0.1000000015
20511  -40.225  -58.764  -21.714 0.1000000015
30858  -41.455  -48.996  -21.280 0.1000000015
30856  -40.182  -48.664  -20.775 0.1000000015
27749  -41.866  -51.399  -20.257 0.1000000015
27762  -41.389  -51.625  -20.806 0.1000000015
25870  -39.382  -53.226  -21.824 0.1000000015
25869  -38.757  -53.793  -21.798 0.1000000015
23892  -38.459  -55.107  -22.364 0.1000000015
22717  -38.361  -56.037  -21.933 0.1000000015
21612  -39.426  -57.461  -21.904 0.1000000015
20510  -39.827  -58.464  -22.322 0.1000000015
30870  -40.947  -48.366  -21.421 0.1000000015
21624  -38.535  -56.921  -22.726 0.1000000015
21625  -39.192  -57.887  -22.937 0.1000000015
20523  -39.361  -58.603  -23.100 0.1000000015
19369  -39.464  -59.240  -22.482 0.1000000015
31869  -40.490  -47.252  -22.468 0.1000000015
32952  -40.769  -46.470  -22.936 0.1000000015
34052  -40.394  -45.558  -22.878 0.1000000015
23792  -39.747  -55.515  -16.692 0.1000000015
22634  -41.042  -56.305  -17.983 0.1000000015
23813  -39.450  -55.742  -17.699 0.1000000015
23794  -41.682  -55.812  -16.502 0.1000000015
23817  -43.482  -55.883  -17.291 0.2000000030
22654  -39.833  -56.490  -18.647 0.1000000015
22655  -40.705  -56.593  -18.667 0.1000000015
23796  -43.903  -55.730  -16.596 0.2000000030
23830  -38.725  -55.264  -18.164 0.1000000015
32934  -37.919  -46.964  -20.959 0.1000000015
31848  -38.397  -47.706  -20.992 0.1000000015
31849  -39.337  -48.384  -20.542 0.1000000015
30838  -40.046  -49.008  -20.006 0.1000000015
29844  -41.105  -49.696  -19.873 0.1000000015
29829  -40.562  -50.044  -19.329 0.1000000015
28801  -40.385  -50.654  -19.070 0.1000000015
24874  -38.501  -54.424  -18.477 0.1000000015
23843  -38.632  -55.480  -19.392 0.1000000015
21572  -40.242  -57.293  -19.990 0.1000000015
30839  -40.711  -49.081  -20.313 0.1000000015
26765  -39.746  -52.589  -20.100 0.1000000015
25835  -39.163  -52.991  -19.912 0.1000000015
25846  -38.663  -53.551  -21.201 0.1000000015
21589  -38.969  -57.038  -21.034 0.1000000015
22697  -39.104  -56.752  -20.384 0.1000000015
20496  -40.083  -58.186  -21.481 0.1000000015
32946  -38.217  -46.499  -21.515 0.1000000015
26774  -39.813  -52.388  -20.982 0.1000000015
25847  -39.053  -52.816  -20.773 0.1000000015
24891  -38.387  -54.152  -20.567 0.1000000015
23876  -38.390  -55.130  -21.256 0.1000000015
22696  -38.626  -56.087  -20.727 0.1000000015
21590  -39.763  -57.473  -20.708 0.1000000015
31862  -38.814  -47.222  -21.645 0.1000000015
31863  -39.776  -47.854  -21.705 0.1000000015
32947  -39.129  -46.592  -22.072 0.1000000015
32951  -40.008  -46.546  -22.398 0.1000000015
34051  -39.522  -45.621  -22.581 0.1000000015
34053  -41.208  -45.565  -23.340 0.1000000015
23793  -40.675  -55.665  -16.552 0.1000000015
23812  -38.811  -55.090  -17.314 0.1000000015
23791  -39.016  -55.219  -16.681 0.1000000015
23775  -40.010  -55.249  -15.931 0.1000000015
23777  -41.909  -55.945  -15.664 0.1000000015
24861  -38.596  -54.426  -17.493 0.1000000015
23776  -40.887  -55.609  -15.787 0.1000000015
23795  -42.805  -55.677  -16.498 0.1000000015
25794  -38.552  -53.555  -17.700 0.1000000015
23778  -43.155  -55.883  -15.504 0.2000000030
30822  -39.545  -49.215  -19.470 0.1000000015
29828  -39.872  -49.842  -18.957 0.1000000015
25810  -38.550  -53.425  -18.656 0.1000000015
23760  -42.971  -56.083  -14.408 0.2000000030
31830  -38.777  -48.016  -19.884 0.1000000015
27716  -40.117  -51.247  -18.859 0.1000000015
26750  -39.521  -52.391  -19.322 0.1000000015
25823  -38.624  -53.428  -19.627 0.1000000015
23856  -38.342  -55.047  -20.284 0.1000000015
34043  -37.990  -45.402  -21.738 0.1000000015
34044  -38.674  -45.611  -22.223 0.1000000015
35136  -39.053  -44.720  -22.766 0.1000000015
36196  -38.765  -44.010  -22.563 0.1000000015
35137  -39.928  -44.633  -23.041 0.1000000015
35138  -40.872  -44.596  -23.305 0.1000000015
25778  -38.329  -53.618  -16.758 0.1000000015
25768  -38.280  -54.016  -16.055 0.1000000015
24832  -38.665  -54.828  -15.802 0.1000000015
26705  -38.174  -52.711  -17.146 0.1000000015
24844  -38.644  -54.527  -16.655 0.1000000015
23756  -39.219  -55.326  -15.353 0.1000000015
26735  -38.820  -52.773  -18.449 0.1000000015
23757  -40.072  -55.561  -15.145 0.1000000015
31847  -37.587  -47.286  -20.532 0.1000000015
31829  -37.957  -47.861  -19.923 0.1000000015
31818  -38.792  -48.563  -19.409 0.1000000015
29827  -39.208  -49.840  -18.412 0.1000000015
28800  -39.832  -50.635  -18.459 0.1000000015
27715  -39.505  -51.681  -18.431 0.1000000015
26736  -39.117  -52.501  -18.750 0.1000000015
23758  -40.950  -55.994  -14.915 0.1000000015
32933  -37.462  -46.381  -20.848 0.1000000015
27729  -39.946  -51.763  -19.178 0.1000000015
25811  -38.641  -52.909  -18.976 0.1000000015
23741  -42.059  -55.773  -13.698 0.1000000015
32945  -37.715  -45.897  -21.333 0.1000000015
35128  -37.679  -44.463  -21.921 0.1000000015
35129  -38.325  -44.695  -22.398 0.1000000015
36195  -38.137  -43.806  -22.429 0.1000000015
37279  -38.597  -42.346  -22.466 0.1000000015
36205  -38.780  -43.211  -22.462 0.1000000015
38474  -39.029  -41.552  -22.725 0.1000000015
26704  -37.673  -52.830  -16.269 0.1000000015
25767  -37.725  -53.567  -15.678 0.1000000015
25760  -38.170  -54.189  -15.354 0.1000000015
27684  -37.794  -51.791  -16.706 0.1000000015
24819  -38.537  -54.786  -14.589 0.1000000015
27698  -39.150  -52.019  -17.790 0.1000000015
27697  -38.466  -51.757  -17.396 0.1000000015
24820  -39.404  -55.378  -14.602 0.1000000015
34030  -37.027  -45.794  -20.646 0.1000000015
30821  -39.051  -49.158  -18.993 0.1000000015
28799  -39.042  -50.637  -18.120 0.1000000015
27714  -38.902  -51.350  -17.866 0.1000000015
24811  -39.332  -55.206  -13.736 0.1000000015
23740  -41.071  -55.835  -13.925 0.1000000015
31846  -37.150  -46.947  -20.401 0.1000000015
31828  -36.958  -47.534  -19.755 0.1000000015
30820  -38.197  -48.649  -19.023 0.1000000015
30802  -38.617  -49.243  -18.451 0.1000000015
34041  -36.799  -44.692  -21.016 0.1000000015
36193  -36.693  -43.199  -21.525 0.1000000015
35127  -37.012  -44.198  -21.516 0.1000000015
37272  -37.239  -42.252  -21.778 0.1000000015
36194  -37.419  -43.345  -22.158 0.1000000015
37278  -37.889  -42.311  -22.263 0.1000000015
38473  -38.339  -41.491  -22.457 0.1000000015
38472  -37.622  -41.382  -22.213 0.1000000015
29799  -37.004  -49.905  -16.394 0.1000000015
28770  -37.412  -50.778  -16.567 0.1000000015
27683  -37.165  -51.683  -15.782 0.1000000015
29812  -37.175  -49.420  -16.895 0.1000000015
25759  -37.589  -53.842  -14.680 0.1000000015
30801  -38.039  -48.902  -18.045 0.1000000015
29813  -37.802  -49.650  -17.386 0.1000000015
28771  -37.951  -51.062  -17.073 0.1000000015
24818  -37.932  -54.338  -13.839 0.1000000015
34029  -36.551  -45.122  -20.287 0.1000000015
32932  -36.807  -46.404  -20.273 0.1000000015
30836  -37.630  -48.186  -19.420 0.1000000015
29814  -38.585  -49.730  -17.900 0.1000000015
35119  -36.284  -44.022  -20.319 0.1000000015
23739  -40.160  -55.580  -14.259 0.1000000015
23724  -41.179  -55.553  -12.901 0.1000000015
36183  -36.196  -43.131  -20.717 0.1000000015
37271  -36.438  -42.017  -21.288 0.1000000015
38461  -36.520  -40.967  -21.319 0.1000000015
38462  -37.017  -41.215  -21.710 0.1000000015
39590  -36.201  -40.191  -21.162 0.1000000015
40719  -36.363  -39.279  -21.563 0.1000000015
39602  -37.293  -40.389  -22.260 0.1000000015
26698  -37.135  -52.806  -15.310 0.1000000015
26697  -36.722  -52.357  -14.901 0.1000000015
26690  -36.952  -52.927  -14.262 0.1000000015
34019  -35.775  -45.251  -19.424 0.1000000015
31816  -36.307  -47.596  -18.422 0.1000000015
36166  -35.864  -43.543  -20.114 0.1000000015
35107  -35.866  -44.289  -19.803 0.1000000015
32924  -36.156  -46.392  -19.285 0.1000000015
30819  -37.263  -48.398  -18.780 0.1000000015
24810  -38.575  -54.650  -13.377 0.1000000015
37259  -35.750  -42.120  -20.662 0.1000000015
38447  -35.519  -41.214  -20.274 0.1000000015
38448  -36.089  -41.126  -20.822 0.1000000015
39589  -35.689  -40.215  -20.558 0.1000000015
40704  -35.272  -39.161  -20.208 0.1000000015
40705  -35.798  -39.245  -20.949 0.1000000015
41888  -36.030  -38.282  -21.269 0.1000000015
27682  -36.569  -51.196  -15.664 0.1000000015
27675  -36.857  -52.110  -15.264 0.1000000015
27674  -36.363  -51.625  -15.106 0.1000000015
30786  -36.504  -48.884  -16.372 0.1000000015
30800  -37.028  -48.730  -17.585 0.1000000015
37258  -35.323  -42.190  -19.967 0.1000000015
36165  -35.201  -43.335  -19.519 0.1000000015
39578  -35.221  -40.286  -19.892 0.1000000015
41876  -35.503  -38.254  -20.638 0.1000000015
43119  -35.182  -37.326  -20.266 0.1000000015
29782  -36.410  -49.874  -15.921 0.1000000015
27673  -35.925  -51.051  -15.127 0.1000000015
31804  -36.362  -47.914  -17.065 0.1000000015
35106  -35.361  -44.446  -19.178 0.1000000015
32923  -35.567  -45.867  -19.034 0.1000000015
32914  -35.918  -46.864  -18.597 0.1000000015
38432  -35.056  -41.284  -19.638 0.1000000015
41858  -34.790  -38.475  -19.691 0.1000000015
41875  -35.105  -38.162  -20.115 0.1000000015
44221  -35.097  -36.472  -19.385 0.1000000015
31803  -35.633  -47.247  -17.652 0.1000000015
31796  -36.133  -48.180  -16.488 0.1000000015
36164  -34.584  -42.842  -19.217 0.1000000015
36149  -34.980  -43.954  -18.968 0.1000000015
34018  -35.360  -45.288  -18.726 0.1000000015
32913  -35.490  -46.334  -18.344 0.1000000015
31815  -35.744  -47.081  -18.305 0.1000000015
37241  -34.948  -42.206  -19.328 0.1000000015
43104  -34.480  -37.896  -19.327 0.1000000015
44220  -34.586  -37.213  -19.123 0.1000000015
44207  -34.577  -36.549  -18.303 0.1000000015
44208  -35.100  -36.007  -18.612 0.1000000015
32904  -35.002  -46.361  -17.101 0.1000000015
35093  -34.931  -44.511  -18.574 0.1000000015
34010  -34.867  -45.332  -17.862 0.1000000015
38431  -34.613  -41.350  -19.023 0.1000000015
40687  -34.315  -39.520  -18.861 0.1000000015
41857  -34.373  -38.598  -19.135 0.1000000015
45244  -34.346  -35.454  -17.409 0.1000000015
37240  -34.434  -42.264  -18.846 0.1000000015
39563  -34.310  -40.485  -18.600 0.1000000015
41845  -33.970  -38.555  -18.389 0.1000000015
43094  -34.305  -37.708  -18.718 0.1000000015
43082  -34.049  -37.518  -17.941 0.1000000015
45232  -33.784  -35.497  -16.701 0.1000000015
44194  -33.806  -36.527  -17.201 0.1000000015
41844  -33.716  -38.804  -17.856 0.1000000015
43081  -33.674  -37.591  -17.285 0.1000000015
13913  -38.784  -64.773  -20.390 0.1000000015
13932  -38.088  -64.655  -21.578 0.1000000015
12925  -37.455  -65.628  -22.672 0.1000000015
15933  -38.243  -63.057  -21.020 0.1000000015
13953  -37.586  -64.699  -22.377 0.1000000015
12941  -37.248  -65.597  -23.147 0.1000000015
14945  -37.306  -63.523  -22.497 0.1000000015
16943  -39.825  -62.120  -19.661 0.1000000015
18116  -41.083  -60.509  -19.490 0.1000000015
15912  -39.424  -62.675  -19.770 0.1000000015
16987  -38.001  -62.186  -21.014 0.1000000015
18130  -38.122  -60.841  -20.973 0.1000000015
17003  -37.038  -62.020  -22.212 0.1000000015
19413  -35.853  -60.009  -26.102 0.1000000015
19294  -42.233  -59.486  -18.891 0.1000000015
18134  -41.193  -59.939  -19.950 0.1000000015
20460  -42.977  -58.432  -19.174 0.2000000030
18133  -40.574  -60.116  -20.346 0.1000000015
28817  -41.973  -50.511  -19.878 0.1000000015
26792  -41.043  -52.580  -21.926 0.1000000015
21652  -38.586  -57.215  -25.026 0.1000000015
20522  -39.021  -58.551  -23.803 0.1000000015
19400  -37.558  -59.774  -24.916 0.1000000015
19383  -38.400  -59.425  -23.728 0.1000000015
18161  -36.811  -60.691  -22.940 0.1000000015
21575  -42.626  -57.308  -19.589 0.1000000015
21557  -43.509  -57.366  -18.623 0.2000000030
22680  -42.006  -56.871  -19.301 0.1000000015
20497  -40.706  -58.672  -21.239 0.1000000015
19368  -38.603  -59.908  -22.174 0.1000000015
26791  -40.209  -52.544  -21.723 0.1000000015
22729  -38.260  -55.966  -22.858 0.1000000015
18184  -37.919  -60.143  -22.730 0.1000000015
22678  -40.418  -56.872  -19.373 0.1000000015
26775  -40.767  -52.063  -21.058 0.1000000015
24906  -38.482  -54.302  -21.625 0.1000000015
21611  -38.635  -56.788  -21.656 0.1000000015
31870  -41.215  -47.311  -22.892 0.1000000015
23774  -39.234  -55.317  -16.070 0.1000000015
23814  -40.386  -55.980  -17.320 0.1000000015
22633  -40.224  -56.335  -18.008 0.1000000015
23831  -39.143  -56.008  -18.809 0.1000000015
23779  -44.209  -56.058  -15.979 0.2000000030
22677  -39.528  -56.661  -19.657 0.1000000015
22676  -38.872  -56.295  -19.883 0.1000000015
25824  -38.933  -52.788  -19.344 0.1000000015
24885  -38.423  -54.326  -19.499 0.1000000015
36204  -38.131  -43.012  -22.437 0.1000000015
36206  -39.520  -43.603  -22.766 0.1000000015
26718  -38.786  -52.705  -17.821 0.1000000015
37280  -39.297  -42.481  -22.767 0.1000000015
28784  -38.372  -50.633  -17.533 0.1000000015
28783  -37.785  -50.407  -17.094 0.1000000015
39601  -36.642  -40.258  -21.797 0.1000000015
41889  -36.731  -38.283  -21.785 0.1000000015
36006  -45.007  -43.777  -7.158 0.5000000000
28631  -50.368  -49.614  -8.230 0.5000000000
29647  -50.586  -49.146  -7.602 0.5000000000
35987  -43.980  -43.346  -6.642 0.5000000000
34953  -45.691  -44.103  -7.232 0.5000000000
30649  -50.706  -48.329  -8.598 0.5000000000
37050  -42.247  -42.827  -5.975 0.5000000000
35986  -42.889  -43.341  -6.522 0.5000000000
34938  -44.254  -43.924  -6.938 0.5000000000
31710  -50.586  -47.861  -9.044 0.5000000000
34937  -43.598  -44.473  -6.821 0.5000000000
34936  -42.299  -44.215  -6.658 0.4000000060
33858  -43.917  -45.552  -7.143 0.4000000060
28670  -49.996  -49.729  -11.005 0.5000000000
28669  -49.332  -50.295  -11.188 0.5000000000
28689  -49.385  -49.762  -11.817 0.5000000000
28703  -49.337  -50.254  -12.794 0.5000000000
29770  -48.557  -50.319  -14.223 0.5000000000
29753  -48.841  -49.858  -13.638 0.5000000000
29785  -47.688  -49.756  -15.227 0.4000000060
29767  -45.865  -49.293  -15.272 0.4000000060
30588  -49.933  -48.974  -4.544 0.1000000015
29632  -50.555  -49.341  -6.717 0.5000000000
37051  -43.251  -42.817  -6.109 0.5000000000
37052  -44.213  -42.857  -6.136 0.5000000000
33862  -47.727  -44.924  -7.456 0.4000000060
31657  -50.851  -47.975  -7.944 0.5000000000
37032  -40.477  -42.307  -5.320 0.5000000000
39373  -38.992  -40.939  -5.190 0.5000000000
37031  -39.783  -42.036  -5.692 0.5000000000
37049  -41.239  -42.837  -5.874 0.5000000000
39380  -38.885  -40.996  -5.467 0.4000000060
37048  -40.299  -42.716  -6.018 0.3000000119
35985  -41.833  -43.414  -6.328 0.5000000000
33846  -43.219  -45.584  -6.900 0.4000000060
35984  -40.824  -43.412  -6.382 0.3000000119
32757  -45.259  -46.424  -7.447 0.6999999881
31656  -46.953  -47.444  -7.795 0.5000000000
38232  -39.083  -41.790  -6.068 0.3000000119
37047  -39.410  -42.640  -6.310 0.3000000119
34935  -41.276  -44.192  -6.657 0.3000000119
33845  -42.539  -45.278  -6.657 0.4000000060
32756  -44.297  -46.412  -7.471 0.5000000000
31655  -45.834  -47.618  -7.801 0.6000000238
31678  -48.096  -47.455  -8.550 0.6000000238
31679  -49.160  -47.180  -8.722 0.6000000238
30671  -50.472  -48.236  -9.445 0.5000000000
28645  -49.960  -49.511  -9.721 0.3000000119
35983  -39.858  -43.488  -6.465 0.3000000119
33844  -41.592  -45.145  -6.763 0.3000000119
31652  -42.942  -47.162  -7.901 0.4000000060
31676  -45.180  -47.963  -8.223 0.5000000000
30648  -47.084  -48.224  -8.579 0.6000000238
30692  -49.220  -48.402  -10.787 0.6000000238
30708  -50.481  -48.579  -11.053 0.5000000000
29720  -50.193  -49.115  -11.565 0.5000000000
33857  -41.122  -45.494  -7.227 0.4000000060
32754  -42.274  -46.652  -7.595 0.4000000060
31675  -44.228  -48.046  -8.177 0.5000000000
30666  -45.522  -48.888  -9.819 0.5000000000
29701  -47.746  -48.772  -10.947 0.5000000000
30706  -48.922  -48.752  -11.612 0.5000000000
30725  -49.572  -49.069  -11.871 0.5000000000
33856  -40.516  -45.516  -7.665 0.4000000060
32776  -41.748  -46.657  -8.453 0.4000000060
30663  -42.779  -47.891  -8.921 0.5000000000
30690  -46.285  -48.751  -10.926 0.4000000060
29718  -47.920  -48.960  -11.820 0.5000000000
29735  -48.481  -49.180  -12.744 0.5000000000
31704  -42.162  -47.098  -8.871 0.4000000060
30687  -43.774  -48.111  -9.961 0.5000000000
30689  -45.750  -48.617  -10.816 0.5000000000
30704  -46.292  -48.786  -11.442 0.4000000060
29752  -47.509  -49.144  -13.768 0.4000000060
31727  -44.457  -47.138  -11.213 0.5000000000
30721  -45.371  -48.165  -12.663 0.4000000060
30747  -46.412  -48.673  -13.476 0.4000000060
29768  -46.970  -48.933  -15.065 0.4000000060
30702  -44.837  -47.854  -11.744 0.3000000119
31742  -45.142  -47.865  -13.220 0.4000000060
30746  -45.546  -48.296  -13.753 0.3000000119
30760  -44.953  -48.669  -14.634 0.3000000119
29766  -44.729  -49.414  -14.667 0.3000000119
30580  -50.015  -47.777  -2.794 0.1000000015
30584  -49.339  -49.017  -3.719 0.1000000015
31612  -50.178  -47.302  -3.239 0.1000000015
30585  -50.092  -48.226  -3.720 0.1000000015
31617  -50.570  -47.463  -4.473 0.4000000060
31622  -50.919  -47.634  -5.556 0.4000000060
30592  -50.743  -48.442  -6.200 0.5000000000
32727  -51.185  -47.140  -5.941 0.4000000060
32741  -51.148  -46.810  -6.557 0.5000000000
30609  -50.674  -47.860  -7.135 0.5000000000
37035  -43.463  -42.912  -5.539 0.5000000000
37037  -44.918  -42.895  -5.893 0.5000000000
35973  -45.201  -43.149  -6.021 0.5000000000
34954  -46.758  -44.381  -6.807 0.4000000060
32762  -50.717  -46.167  -7.263 0.5000000000
32763  -51.185  -46.877  -7.472 0.5000000000
37033  -41.499  -42.618  -5.328 0.5000000000
37034  -42.515  -42.689  -5.419 0.5000000000
38209  -39.516  -41.428  -4.965 0.5000000000
38210  -40.208  -41.758  -5.047 0.5000000000
32761  -49.714  -45.808  -7.560 0.6000000238
39379  -38.275  -40.592  -5.637 0.2000000030
39378  -37.618  -40.283  -5.845 0.2000000030
38231  -38.387  -41.360  -6.320 0.3000000119
37046  -38.539  -42.386  -6.690 0.3000000119
34933  -39.631  -44.167  -6.918 0.4000000060
39389  -38.016  -40.874  -6.262 0.3000000119
38230  -37.822  -41.153  -6.635 0.3000000119
37067  -38.132  -42.374  -7.430 0.4000000060
34950  -39.402  -44.392  -7.569 0.4000000060
36003  -38.481  -42.995  -7.841 0.3000000119
33855  -39.849  -45.013  -7.796 0.4000000060
33882  -41.451  -46.127  -9.117 0.4000000060
32804  -42.002  -46.679  -9.252 0.4000000060
36004  -38.986  -43.761  -8.126 0.3000000119
34990  -40.577  -44.646  -9.254 0.3000000119
33904  -42.068  -45.688  -9.742 0.3000000119
31726  -43.724  -47.313  -10.445 0.4000000060
33915  -42.524  -45.445  -10.303 0.3000000119
32818  -43.722  -46.283  -11.162 0.3000000119
30720  -44.862  -47.628  -12.273 0.4000000060
31764  -44.992  -47.701  -13.592 0.3000000119
35004  -43.316  -44.457  -10.954 0.2000000030
33917  -43.591  -45.226  -11.438 0.2000000030
32845  -44.251  -46.389  -13.069 0.3000000119
31763  -44.344  -47.386  -13.651 0.3000000119
35017  -43.635  -44.254  -12.022 0.1000000015
33946  -44.062  -45.719  -13.226 0.2000000030
36059  -41.519  -43.307  -11.493 0.1000000015
32705  -49.911  -46.574  -2.612 0.1000000015
32720  -50.403  -46.510  -3.943 0.2000000030
33833  -50.208  -45.741  -4.586 0.5000000000
32726  -50.780  -46.612  -5.401 0.4000000060
32740  -50.694  -46.215  -6.366 0.4000000060
35971  -44.041  -43.180  -5.585 0.5000000000
34940  -46.924  -43.752  -6.156 0.4000000060
34941  -47.815  -43.919  -6.181 0.4000000060
33863  -48.799  -44.883  -6.945 0.5000000000
33865  -50.406  -45.869  -6.607 0.5000000000
37026  -41.760  -42.656  -4.808 0.5000000000
37027  -42.677  -42.800  -4.869 0.5000000000
37028  -43.154  -42.915  -4.955 0.4000000060
39371  -38.147  -40.507  -4.649 0.4000000060
38208  -38.672  -41.232  -4.614 0.4000000060
37025  -40.507  -42.304  -4.879 0.5000000000
40489  -37.689  -40.016  -4.902 0.4000000060
39372  -38.669  -40.596  -4.934 0.5000000000
40490  -38.237  -40.254  -4.867 0.4000000060
40493  -36.730  -38.872  -5.218 0.3000000119
40495  -38.131  -40.112  -5.097 0.3000000119
40494  -37.205  -39.666  -5.647 0.3000000119
41653  -36.860  -38.145  -5.629 0.2000000030
39388  -37.526  -40.484  -6.441 0.2000000030
42890  -37.234  -37.362  -6.189 0.1000000015
40502  -37.148  -39.550  -6.890 0.3000000119
42903  -37.602  -37.371  -7.265 0.1000000015
38249  -37.187  -41.263  -7.983 0.3000000119
41673  -37.418  -38.572  -7.466 0.2000000030
40510  -37.497  -39.554  -7.835 0.2000000030
38250  -37.748  -41.220  -8.623 0.2000000030
36021  -39.374  -43.617  -8.904 0.2000000030
36033  -40.560  -43.612  -9.502 0.2000000030
38255  -38.544  -41.208  -9.317 0.2000000030
36032  -39.995  -43.177  -9.411 0.2000000030
34991  -41.559  -44.652  -9.866 0.2000000030
37079  -38.913  -42.216  -9.287 0.2000000030
37081  -41.030  -42.614  -9.937 0.1000000015
35005  -43.569  -44.406  -11.557 0.2000000030
38257  -40.282  -41.589  -10.070 0.1000000015
37094  -42.031  -42.818  -10.630 0.1000000015
36062  -43.436  -43.718  -11.537 0.1000000015
35034  -43.391  -44.077  -12.179 0.1000000015
38267  -41.090  -41.715  -10.783 0.1000000015
38290  -42.457  -42.298  -10.961 0.1000000015
36076  -43.145  -43.528  -12.144 0.1000000015
38289  -41.937  -42.044  -11.128 0.1000000015
36060  -42.521  -43.315  -11.805 0.1000000015
37111  -40.835  -42.398  -11.433 0.1000000015
38287  -40.135  -41.553  -11.527 0.1000000015
33822  -49.991  -45.971  -3.531 0.3000000119
33821  -49.391  -45.591  -4.042 0.3000000119
32719  -47.014  -45.982  -3.577 0.3000000119
33819  -47.458  -45.638  -4.258 0.3000000119
33832  -49.133  -45.172  -5.135 0.3000000119
33849  -50.078  -45.732  -5.883 0.4000000060
33818  -46.487  -45.496  -4.738 0.3000000119
34928  -48.467  -44.820  -5.404 0.5000000000
33848  -49.270  -44.964  -6.143 0.5000000000
34916  -43.350  -44.102  -4.907 0.4000000060
34918  -44.928  -44.879  -5.447 0.5000000000
33828  -46.125  -44.488  -5.572 0.4000000060
35989  -47.190  -43.803  -5.786 0.4000000060
33847  -48.681  -44.472  -6.246 0.5000000000
37023  -38.077  -42.286  -4.362 0.4000000060
35965  -39.818  -43.072  -4.547 0.4000000060
35967  -41.998  -43.153  -4.422 0.5000000000
35968  -42.843  -43.261  -4.689 0.5000000000
39365  -36.528  -40.717  -4.232 0.4000000060
39369  -36.331  -40.141  -4.414 0.4000000060
37024  -39.315  -42.108  -4.566 0.5000000000
40488  -36.641  -39.431  -4.741 0.4000000060
40487  -35.549  -39.498  -4.235 0.4000000060
41646  -35.288  -38.446  -4.347 0.3000000119
41652  -36.042  -38.315  -4.978 0.3000000119
43985  -35.809  -36.494  -5.105 0.3000000119
42882  -36.244  -37.309  -5.404 0.2000000030
43994  -36.829  -35.823  -6.112 0.1000000015
43995  -37.343  -36.326  -6.421 0.1000000015
41678  -37.893  -38.629  -8.232 0.2000000030
42904  -38.213  -36.860  -7.670 0.1000000015
42911  -38.461  -37.571  -8.151 0.1000000015
40512  -38.029  -39.563  -8.592 0.2000000030
40513  -38.692  -39.684  -9.045 0.2000000030
39410  -38.790  -40.323  -9.324 0.1000000015
40522  -39.201  -39.763  -9.460 0.1000000015
39412  -39.897  -41.001  -9.940 0.1000000015
39423  -39.653  -40.135  -10.234 0.1000000015
40532  -40.163  -39.734  -11.228 0.1000000015
39441  -40.460  -40.731  -11.463 0.1000000015
38288  -40.844  -41.578  -11.278 0.1000000015
40569  -40.529  -39.736  -12.486 0.1000000015
39464  -40.528  -40.476  -12.061 0.1000000015
39463  -40.055  -40.369  -12.498 0.1000000015
39482  -39.726  -40.397  -13.143 0.1000000015
39498  -39.564  -40.469  -14.234 0.1000000015
39515  -39.503  -41.066  -14.979 0.1000000015
32682  -46.884  -46.446  -2.107 0.3000000119
32683  -47.960  -46.100  -1.987 0.2000000030
32700  -45.607  -46.518  -3.083 0.3000000119
32716  -44.562  -46.250  -4.442 0.4000000060
32715  -43.635  -46.328  -4.557 0.3000000119
35955  -37.967  -43.231  -3.941 0.3000000119
35964  -38.722  -43.134  -4.305 0.3000000119
34913  -40.121  -43.991  -4.319 0.4000000060
34915  -42.163  -44.132  -4.542 0.4000000060
32714  -42.557  -46.535  -4.375 0.3000000119
38201  -36.321  -41.276  -3.989 0.3000000119
37022  -37.115  -41.898  -4.446 0.3000000119
33813  -41.257  -45.162  -4.364 0.4000000060
32713  -41.329  -46.492  -4.358 0.3000000119
41640  -34.060  -38.428  -3.396 0.3000000119
40481  -35.122  -40.058  -3.963 0.3000000119
40486  -34.913  -39.000  -4.084 0.3000000119
43967  -34.591  -36.754  -3.240 0.3000000119
42867  -34.826  -37.138  -3.649 0.3000000119
45044  -34.807  -36.211  -3.268 0.3000000119
42881  -35.528  -37.349  -4.897 0.3000000119
45065  -35.647  -35.724  -4.514 0.3000000119
45072  -36.121  -35.745  -5.183 0.2000000030
45073  -36.596  -35.294  -5.658 0.1000000015
46150  -36.945  -34.419  -5.141 0.1000000015
47235  -38.232  -33.567  -4.898 0.1000000015
45083  -37.166  -35.350  -6.237 0.1000000015
47263  -38.471  -34.095  -6.250 0.1000000015
45084  -37.841  -35.370  -6.760 0.1000000015
45103  -38.635  -35.438  -7.445 0.1000000015
44010  -38.832  -36.389  -7.862 0.1000000015
41679  -38.881  -38.746  -8.803 0.2000000030
42912  -39.622  -37.810  -8.524 0.2000000030
41691  -39.563  -39.039  -9.593 0.1000000015
41680  -39.927  -38.359  -9.005 0.1000000015
41692  -40.128  -38.321  -9.631 0.1000000015
40531  -39.756  -39.703  -10.518 0.1000000015
42943  -40.445  -37.864  -10.248 0.1000000015
41705  -40.040  -38.816  -10.557 0.1000000015
41724  -40.448  -38.877  -11.614 0.1000000015
42968  -40.599  -38.093  -11.246 0.1000000015
40551  -40.759  -39.742  -11.931 0.1000000015
41745  -40.683  -38.842  -12.572 0.1000000015
39483  -40.251  -40.076  -12.678 0.1000000015
40584  -40.177  -39.639  -13.288 0.1000000015
41761  -40.703  -38.944  -13.635 0.1000000015
40601  -39.771  -39.827  -13.839 0.1000000015
41778  -40.696  -38.935  -14.466 0.1000000015
40619  -40.414  -39.534  -14.944 0.1000000015
39516  -40.191  -40.581  -15.263 0.1000000015
39499  -39.998  -39.973  -14.679 0.1000000015
38357  -39.734  -41.707  -15.393 0.1000000015
32663  -47.172  -46.375  -1.144 0.2000000030
32664  -48.302  -46.047  -1.049 0.2000000030
32642  -45.184  -46.408  -0.440 0.2000000030
31573  -43.880  -47.002  -0.430 0.2000000030
32680  -44.737  -47.147  -2.037 0.3000000119
32699  -44.530  -46.951  -3.280 0.3000000119
34912  -39.039  -44.048  -4.285 0.3000000119
32697  -43.107  -46.729  -4.089 0.3000000119
38200  -35.585  -41.387  -3.644 0.3000000119
37011  -36.313  -42.223  -3.905 0.3000000119
35954  -37.415  -43.328  -3.851 0.3000000119
33811  -39.319  -44.882  -4.167 0.3000000119
33812  -40.264  -44.961  -4.173 0.3000000119
32712  -40.272  -46.059  -4.360 0.3000000119
40479  -33.759  -38.875  -3.084 0.3000000119
39348  -34.319  -40.562  -3.191 0.3000000119
32710  -38.797  -45.456  -4.122 0.3000000119
32696  -40.881  -46.969  -3.806 0.2000000030
31616  -42.105  -47.086  -3.981 0.2000000030
42844  -33.657  -37.553  -2.455 0.2000000030
42865  -33.912  -37.786  -3.079 0.2000000030
43943  -34.597  -36.448  -2.469 0.3000000119
45021  -34.954  -35.851  -2.769 0.3000000119
45022  -35.774  -35.400  -2.833 0.3000000119
45045  -35.145  -35.801  -3.659 0.3000000119
45046  -35.885  -35.148  -3.755 0.2000000030
46132  -36.898  -34.248  -4.339 0.1000000015
46092  -37.079  -34.567  -2.875 0.2000000030
46109  -37.442  -34.134  -3.626 0.1000000015
46134  -38.339  -33.648  -4.440 0.1000000015
47237  -39.997  -33.383  -4.756 0.1000000015
46136  -41.360  -33.736  -4.099 0.1000000015
46137  -43.012  -34.188  -4.065 0.1000000015
47251  -39.452  -33.357  -5.685 0.1000000015
47252  -40.501  -33.141  -5.608 0.1000000015
48440  -41.876  -32.858  -4.867 0.1000000015
48442  -43.179  -32.837  -4.945 0.1000000015
46139  -44.688  -34.063  -4.289 0.1000000015
46140  -45.742  -33.753  -4.313 0.1000000015
47284  -39.194  -34.289  -7.085 0.1000000015
47265  -40.058  -33.380  -6.716 0.1000000015
47267  -42.470  -32.738  -6.962 0.1000000015
48448  -43.556  -32.776  -5.734 0.1000000015
47255  -44.632  -33.182  -5.646 0.1000000015
47256  -45.794  -33.099  -5.749 0.1000000015
45104  -39.498  -35.559  -7.666 0.1000000015
46185  -40.099  -34.818  -7.467 0.1000000015
44025  -40.180  -37.012  -8.485 0.2000000030
42913  -40.637  -37.698  -8.857 0.1000000015
42991  -40.583  -38.259  -11.961 0.1000000015
41746  -41.216  -38.358  -13.205 0.1000000015
41779  -41.120  -38.515  -14.754 0.1000000015
41795  -40.869  -38.960  -15.117 0.1000000015
31569  -39.817  -47.373  -0.643 0.2000000030
31585  -42.896  -47.317  -1.088 0.2000000030
31611  -44.043  -47.356  -2.716 0.3000000119
32698  -43.656  -46.799  -3.816 0.3000000119
31568  -38.942  -47.360  -0.946 0.2000000030
31570  -40.895  -47.446  -0.417 0.2000000030
31596  -41.639  -47.409  -2.395 0.2000000030
31597  -42.701  -47.415  -2.190 0.3000000119
31609  -42.596  -47.179  -3.475 0.3000000119
35952  -35.875  -43.148  -3.472 0.3000000119
34898  -36.147  -43.994  -3.499 0.3000000119
33797  -37.309  -45.146  -3.501 0.3000000119
33798  -37.877  -45.529  -3.768 0.3000000119
38189  -34.239  -41.354  -2.850 0.3000000119
36998  -34.972  -42.819  -2.753 0.3000000119
34881  -36.041  -44.531  -3.226 0.3000000119
33785  -36.912  -45.510  -2.873 0.3000000119
32694  -39.410  -46.626  -3.515 0.3000000119
41605  -32.901  -38.204  -1.439 0.2000000030
40459  -33.234  -39.289  -2.392 0.3000000119
31606  -39.965  -46.966  -3.337 0.2000000030
31607  -40.448  -47.216  -3.345 0.2000000030
42829  -33.495  -37.416  -1.562 0.2000000030
43928  -34.823  -36.378  -1.535 0.2000000030
43905  -35.334  -36.484  -0.888 0.2000000030
43944  -35.057  -36.020  -2.063 0.3000000119
43929  -35.619  -36.017  -1.465 0.3000000119
45008  -35.471  -35.697  -2.192 0.3000000119
45023  -36.700  -35.213  -2.454 0.2000000030
45009  -36.193  -35.600  -1.947 0.3000000119
45010  -37.138  -35.678  -1.760 0.2000000030
45024  -37.677  -35.141  -2.225 0.2000000030
46094  -39.172  -34.501  -2.849 0.2000000030
45047  -40.490  -34.978  -2.946 0.1000000015
47311  -41.885  -34.196  -8.263 0.1000000015
47287  -42.043  -33.264  -7.779 0.1000000015
47288  -43.242  -32.756  -7.761 0.1000000015
48468  -43.981  -32.452  -7.436 0.1000000015
46186  -40.925  -35.021  -7.620 0.1000000015
47310  -41.407  -34.713  -7.880 0.1000000015
47313  -44.366  -33.430  -8.638 0.1000000015
45106  -41.077  -35.627  -7.907 0.1000000015
46204  -41.404  -35.309  -7.916 0.1000000015
45123  -42.429  -36.083  -8.446 0.1000000015
45124  -43.336  -36.030  -8.489 0.1000000015
44026  -41.118  -36.860  -8.512 0.1000000015
42915  -42.694  -37.618  -8.711 0.1000000015
42928  -42.258  -37.810  -9.045 0.1000000015
42914  -41.768  -37.510  -8.830 0.1000000015
42927  -41.339  -37.554  -9.182 0.1000000015
44044  -41.847  -37.275  -9.537 0.1000000015
44057  -42.103  -36.855  -10.282 0.1000000015
44056  -41.367  -37.002  -10.202 0.1000000015
42969  -40.886  -37.336  -10.850 0.1000000015
44081  -41.601  -36.988  -11.180 0.1000000015
42992  -41.040  -37.523  -12.262 0.1000000015
41762  -41.193  -38.406  -14.055 0.1000000015
31551  -37.513  -47.388  0.126 0.3000000119
32636  -37.060  -46.749  -0.996 0.3000000119
32638  -38.398  -47.217  -1.173 0.3000000119
31582  -39.751  -47.323  -1.656 0.2000000030
31595  -40.576  -47.459  -2.547 0.2000000030
32659  -38.201  -47.003  -1.683 0.3000000119
31593  -38.973  -47.164  -2.555 0.3000000119
36997  -34.335  -42.352  -2.636 0.3000000119
34879  -34.675  -44.190  -2.433 0.3000000119
33768  -36.245  -45.705  -2.241 0.3000000119
32677  -38.422  -46.837  -2.663 0.3000000119
31594  -39.596  -47.282  -2.757 0.2000000030
41604  -32.560  -38.698  -1.053 0.2000000030
38188  -33.503  -41.464  -2.491 0.3000000119
36996  -33.220  -42.493  -2.121 0.3000000119
42803  -33.457  -37.607  -0.574 0.2000000030
42789  -35.368  -37.587  0.305 0.2000000030
42805  -35.704  -36.879  -0.246 0.2000000030
43906  -36.080  -36.423  -0.699 0.2000000030
43907  -36.978  -36.685  -0.450 0.3000000119
43931  -37.570  -36.360  -1.191 0.2000000030
45012  -38.840  -35.979  -1.544 0.2000000030
44046  -43.376  -37.266  -9.498 0.1000000015
44082  -42.382  -36.553  -11.236 0.1000000015
44104  -41.806  -36.655  -12.064 0.1000000015
30537  -37.114  -48.003  0.422 0.1000000015
31549  -35.479  -47.429  0.489 0.2000000030
31550  -36.502  -47.447  0.316 0.3000000119
32614  -36.775  -46.982  -0.214 0.3000000119
32613  -35.816  -46.837  0.069 0.3000000119
32635  -35.941  -46.542  -0.920 0.3000000119
33782  -34.623  -44.567  -2.087 0.3000000119
33766  -34.505  -44.962  -1.595 0.3000000119
39331  -32.334  -40.599  -1.657 0.3000000119
36995  -32.569  -42.058  -1.831 0.3000000119
36985  -33.032  -43.120  -1.688 0.3000000119
34861  -33.740  -44.315  -1.432 0.3000000119
41583  -32.471  -38.944  -0.351 0.2000000030
42787  -33.518  -38.068  0.075 0.2000000030
42806  -36.349  -36.790  -0.217 0.2000000030
41568  -37.368  -38.654  0.454 0.1000000015
42790  -36.661  -37.406  0.270 0.2000000030
43908  -38.116  -36.909  -0.395 0.2000000030
42807  -38.203  -37.484  -0.077 0.2000000030
43909  -39.138  -36.935  -0.704 0.3000000119
32612  -34.749  -46.612  0.213 0.3000000119
33731  -34.578  -45.973  -0.315 0.3000000119
33747  -33.909  -45.302  -0.807 0.3000000119
34850  -33.581  -44.652  -1.053 0.3000000119
39310  -31.570  -40.758  -0.381 0.3000000119
36984  -32.460  -42.624  -1.320 0.3000000119
35926  -32.985  -43.749  -1.285 0.3000000119
40421  -31.930  -39.797  -0.163 0.2000000030
41563  -32.497  -39.192  0.505 0.2000000030
41546  -34.274  -38.826  1.196 0.1000000015
41567  -36.215  -38.622  0.576 0.1000000015
40406  -38.165  -39.756  0.558 0.1000000015
41569  -38.453  -38.725  0.296 0.1000000015
41585  -38.869  -38.303  -0.022 0.1000000015
33729  -32.889  -45.622  0.423 0.3000000119
34826  -32.133  -44.983  0.622 0.2000000030
33746  -33.158  -45.256  -0.254 0.3000000119
34849  -33.054  -44.501  -0.705 0.3000000119
34837  -32.389  -44.633  0.031 0.3000000119
38137  -31.306  -41.447  0.144 0.2000000030
36971  -31.580  -42.098  -0.063 0.3000000119
35913  -32.174  -43.511  -0.369 0.3000000119
40384  -32.488  -39.584  1.355 0.2000000030
39285  -31.298  -40.527  0.765 0.2000000030
39258  -35.213  -41.023  2.207 0.1000000015
39268  -34.627  -40.216  1.887 0.1000000015
39259  -35.722  -41.289  1.940 0.1000000015
39269  -35.833  -40.815  1.365 0.1000000015
39287  -36.158  -40.517  0.941 0.1000000015
40405  -37.006  -39.763  0.545 0.1000000015
39288  -36.717  -40.768  0.791 0.1000000015
39289  -37.899  -40.618  0.817 0.1000000015
39312  -39.559  -40.703  0.287 0.1000000015
34836  -31.834  -44.327  0.559 0.2000000030
35903  -31.204  -43.447  0.670 0.2000000030
35904  -31.932  -43.954  0.257 0.2000000030
39264  -30.871  -40.847  1.692 0.2000000030
36963  -31.205  -42.254  0.411 0.2000000030
39255  -32.109  -40.541  2.545 0.1000000015
39265  -31.495  -40.301  1.793 0.2000000030
39257  -34.226  -40.824  2.466 0.1000000015
38138  -37.079  -41.307  1.194 0.1000000015
38139  -37.806  -41.229  1.193 0.1000000015
38140  -38.786  -41.376  1.103 0.1000000015
39291  -39.899  -41.331  0.487 0.1000000015
38117  -37.551  -41.628  2.387 0.1000000015
38126  -37.757  -41.589  1.705 0.1000000015
36959  -39.483  -42.428  1.854 0.1000000015
36964  -39.775  -42.456  1.428 0.1000000015
38104  -38.293  -41.521  3.181 0.1000000015
38119  -39.472  -41.741  2.473 0.1000000015
36954  -39.760  -42.466  2.192 0.1000000015
32759  -47.599  -46.264  -7.678 0.4000000060
33860  -45.569  -45.213  -7.487 0.5000000000
34952  -44.724  -44.350  -7.299 0.5000000000
33861  -46.623  -45.153  -7.336 0.4000000060
32758  -46.324  -46.359  -7.484 0.6000000238
32760  -48.651  -45.836  -7.642 0.5000000000
34955  -47.727  -44.297  -6.667 0.4000000060
28646  -50.359  -49.624  -8.985 0.5000000000
31681  -50.685  -47.503  -8.479 0.5000000000
29679  -50.560  -49.064  -10.142 0.3000000119
28644  -49.123  -50.247  -10.164 0.5000000000
32779  -49.453  -46.459  -8.221 0.5000000000
28615  -50.087  -50.518  -7.639 0.5000000000
31680  -50.009  -47.153  -8.708 0.5000000000
32755  -43.308  -46.428  -7.332 0.4000000060
29702  -50.581  -49.174  -10.789 0.4000000060
29736  -49.269  -49.600  -12.474 0.5000000000
29769  -48.011  -49.812  -14.919 0.4000000060
28738  -48.298  -50.879  -14.501 0.4000000060
30762  -46.301  -48.718  -14.300 0.4000000060
34939  -45.788  -43.922  -6.390 0.5000000000
32739  -42.642  -46.067  -6.938 0.3000000119
31654  -44.765  -47.346  -7.738 0.4000000060
34934  -40.317  -44.264  -6.648 0.4000000060
32738  -41.902  -45.958  -6.911 0.4000000060
31653  -43.803  -47.241  -7.817 0.5000000000
30647  -45.896  -48.300  -8.540 0.6000000238
30668  -48.189  -48.523  -9.726 0.6000000238
31707  -48.964  -47.838  -9.236 0.6000000238
32778  -48.588  -46.611  -8.198 0.6000000238
31708  -49.750  -47.691  -9.312 0.5000000000
29703  -50.577  -48.750  -10.424 0.5000000000
31651  -42.528  -47.023  -8.071 0.4000000060
31674  -43.297  -47.904  -8.230 0.4000000060
30646  -44.767  -48.408  -8.867 0.5000000000
29678  -47.914  -48.754  -10.432 0.6000000238
30667  -46.749  -48.805  -9.477 0.5000000000
30669  -49.469  -48.235  -9.934 0.5000000000
30707  -49.920  -48.561  -11.441 0.5000000000
30693  -50.079  -48.289  -10.704 0.5000000000
32753  -41.270  -46.155  -7.577 0.4000000060
33842  -39.873  -44.959  -7.073 0.4000000060
30645  -43.736  -48.342  -8.791 0.5000000000
29699  -46.184  -48.889  -10.528 0.5000000000
29700  -46.882  -49.018  -11.003 0.4000000060
29677  -47.331  -48.945  -10.275 0.5000000000
30724  -49.036  -49.205  -12.150 0.5000000000
33881  -40.837  -45.690  -8.524 0.4000000060
34973  -40.317  -45.032  -8.605 0.3000000119
31705  -42.627  -47.414  -9.326 0.5000000000
30665  -44.235  -48.483  -9.566 0.5000000000
30688  -44.650  -48.255  -10.666 0.5000000000
29717  -46.941  -49.124  -11.975 0.4000000060
30703  -45.525  -48.425  -11.616 0.4000000060
30748  -46.989  -48.649  -13.007 0.4000000060
30722  -46.403  -48.767  -12.407 0.4000000060
34923  -44.309  -43.697  -5.458 0.5000000000
32780  -50.388  -46.521  -8.150 0.5000000000
41662  -37.156  -38.416  -6.493 0.2000000030
35981  -38.468  -42.855  -7.222 0.4000000060
38242  -37.439  -41.190  -7.236 0.3000000119
39396  -37.272  -40.527  -7.464 0.3000000119
37077  -38.175  -42.092  -8.434 0.3000000119
36020  -38.794  -42.984  -8.673 0.3000000119
34972  -39.725  -44.542  -8.497 0.3000000119
33903  -41.242  -45.400  -9.327 0.3000000119
32805  -42.548  -46.579  -9.812 0.3000000119
34989  -39.944  -43.988  -9.208 0.2000000030
32817  -43.017  -46.508  -10.479 0.3000000119
33916  -43.003  -45.494  -10.770 0.3000000119
35003  -42.537  -44.664  -10.385 0.2000000030
32827  -44.121  -45.785  -11.707 0.3000000119
32819  -44.366  -46.433  -11.643 0.4000000060
31741  -44.642  -47.356  -12.820 0.4000000060
33928  -43.990  -45.124  -12.081 0.2000000030
33929  -44.211  -45.566  -12.748 0.3000000119
32866  -43.935  -46.543  -13.415 0.2000000030
36046  -43.012  -43.494  -10.834 0.2000000030
33945  -43.607  -45.099  -12.479 0.2000000030
35015  -42.070  -44.175  -11.915 0.1000000015
37112  -41.782  -42.531  -11.391 0.1000000015
34917  -44.326  -44.577  -5.238 0.4000000060
34924  -45.490  -44.038  -5.793 0.5000000000
34927  -47.951  -44.435  -5.580 0.4000000060
39370  -37.189  -40.440  -4.542 0.4000000060
43986  -36.563  -36.368  -5.762 0.1000000015
39400  -37.465  -40.486  -8.253 0.2000000030
42910  -37.753  -37.998  -7.864 0.2000000030
39401  -38.165  -40.419  -8.911 0.2000000030
36031  -39.310  -42.907  -9.240 0.2000000030
36034  -41.254  -43.693  -9.777 0.2000000030
37080  -39.865  -42.302  -9.574 0.1000000015
36045  -42.003  -43.719  -10.311 0.2000000030
38256  -39.505  -41.454  -9.663 0.1000000015
37082  -41.593  -43.172  -10.160 0.2000000030
37093  -41.591  -42.308  -10.584 0.1000000015
39424  -40.047  -40.651  -10.569 0.1000000015
38269  -42.325  -42.491  -10.823 0.1000000015
37095  -42.685  -42.706  -10.996 0.1000000015
35033  -43.074  -44.179  -12.321 0.1000000015
37113  -42.494  -42.643  -11.304 0.1000000015
35032  -42.648  -43.883  -12.206 0.1000000015
38311  -40.299  -40.955  -11.606 0.1000000015
33801  -49.290  -45.968  -3.253 0.3000000119
32701  -46.534  -46.168  -2.961 0.3000000119
32702  -47.655  -46.013  -3.149 0.3000000119
32718  -46.429  -45.986  -3.824 0.3000000119
33800  -48.605  -45.778  -3.564 0.3000000119
33820  -48.476  -45.465  -4.308 0.3000000119
33831  -48.153  -45.033  -4.966 0.3000000119
33829  -46.606  -44.807  -5.418 0.3000000119
33817  -45.540  -45.283  -5.221 0.3000000119
32717  -45.525  -46.091  -4.143 0.3000000119
34926  -47.233  -44.312  -5.555 0.3000000119
33814  -42.358  -45.304  -4.524 0.4000000060
33815  -43.448  -45.395  -4.753 0.4000000060
33816  -44.401  -45.521  -5.056 0.4000000060
38207  -37.772  -41.181  -4.357 0.4000000060
35966  -40.973  -43.105  -4.523 0.4000000060
37021  -36.644  -41.653  -4.230 0.4000000060
41647  -35.981  -38.862  -4.426 0.3000000119
42876  -35.088  -37.465  -4.160 0.3000000119
46163  -37.135  -34.722  -5.818 0.1000000015
44009  -38.058  -36.163  -7.276 0.1000000015
41690  -39.084  -39.301  -9.206 0.1000000015
39411  -39.419  -40.520  -9.786 0.1000000015
40523  -39.556  -39.730  -9.945 0.1000000015
41704  -39.711  -39.294  -10.158 0.1000000015
32681  -45.808  -46.613  -2.079 0.2000000030
32684  -48.918  -45.878  -1.790 0.2000000030
34911  -38.052  -44.074  -3.873 0.3000000119
34914  -41.154  -44.020  -4.312 0.4000000060
39363  -34.973  -40.590  -3.659 0.3000000119
40480  -34.418  -39.484  -3.517 0.3000000119
47250  -38.453  -33.728  -5.622 0.1000000015
46133  -37.666  -33.764  -4.596 0.1000000015
47236  -38.989  -33.597  -4.611 0.1000000015
46164  -37.652  -34.674  -6.241 0.1000000015
46166  -38.845  -34.419  -7.052 0.1000000015
46184  -39.196  -34.724  -7.392 0.1000000015
44024  -39.346  -36.986  -8.338 0.1000000015
41681  -40.371  -38.122  -9.139 0.1000000015
32662  -46.000  -46.334  -1.196 0.2000000030
32641  -44.174  -46.395  -0.048 0.2000000030
32661  -45.045  -46.660  -1.075 0.2000000030
31598  -43.729  -47.349  -1.992 0.2000000030
38199  -34.805  -41.368  -3.303 0.3000000119
35953  -36.686  -43.267  -3.752 0.3000000119
34899  -37.208  -44.086  -3.573 0.3000000119
33809  -37.759  -44.739  -3.895 0.3000000119
41639  -33.560  -38.310  -2.821 0.3000000119
40460  -33.885  -39.967  -2.981 0.3000000119
41618  -33.222  -38.077  -2.196 0.3000000119
46108  -36.577  -34.549  -3.702 0.1000000015
46093  -38.128  -34.472  -2.797 0.2000000030
46111  -39.508  -34.024  -3.462 0.1000000015
47224  -39.771  -33.628  -3.983 0.1000000015
47225  -40.440  -33.649  -4.115 0.1000000015
47238  -40.934  -33.474  -4.603 0.1000000015
47227  -42.527  -33.898  -4.018 0.1000000015
47239  -41.906  -33.464  -4.329 0.1000000015
46138  -43.709  -34.154  -4.211 0.1000000015
47240  -43.018  -33.346  -4.241 0.1000000015
47266  -41.403  -33.005  -6.513 0.1000000015
48441  -42.449  -32.781  -4.773 0.1000000015
48454  -42.268  -32.535  -6.177 0.1000000015
47241  -43.963  -33.456  -5.011 0.1000000015
47254  -44.052  -33.166  -5.685 0.1000000015
47242  -45.067  -33.552  -5.013 0.1000000015
46153  -46.096  -33.466  -4.909 0.1000000015
47285  -39.699  -34.108  -7.238 0.1000000015
47286  -40.844  -33.914  -7.643 0.1000000015
47268  -43.070  -32.677  -6.950 0.1000000015
48456  -43.617  -32.569  -6.730 0.1000000015
48457  -44.447  -32.475  -6.783 0.1000000015
46154  -46.447  -33.450  -5.201 0.1000000015
45105  -40.421  -35.692  -7.832 0.1000000015
44012  -40.500  -36.385  -8.239 0.1000000015
42944  -40.839  -37.259  -9.846 0.1000000015
31552  -38.697  -47.303  -0.029 0.2000000030
31583  -40.741  -47.410  -1.427 0.2000000030
31584  -41.850  -47.512  -1.218 0.2000000030
32616  -38.286  -47.180  -0.580 0.3000000119
34897  -35.633  -43.693  -3.333 0.3000000119
32676  -37.377  -46.072  -2.866 0.3000000119
39347  -33.679  -40.532  -2.722 0.3000000119
35941  -34.715  -43.391  -2.611 0.3000000119
33784  -36.204  -45.115  -2.764 0.3000000119
34880  -35.381  -44.211  -3.055 0.3000000119
32678  -39.090  -47.008  -2.880 0.3000000119
40442  -32.706  -38.890  -1.577 0.3000000119
42804  -34.513  -36.973  -0.672 0.2000000030
39346  -32.949  -40.551  -2.317 0.3000000119
43930  -36.586  -36.126  -1.260 0.3000000119
45026  -39.926  -35.289  -2.561 0.2000000030
46112  -40.489  -34.305  -3.556 0.1000000015
47312  -42.904  -33.788  -8.468 0.1000000015
48470  -45.612  -32.459  -7.610 0.1000000015
46205  -41.874  -35.187  -8.276 0.1000000015
46206  -42.640  -34.972  -8.569 0.1000000015
45122  -41.550  -36.008  -8.340 0.1000000015
44027  -42.133  -37.017  -8.385 0.1000000015
44045  -42.605  -37.293  -9.481 0.1000000015
32615  -37.721  -47.031  -0.339 0.3000000119
32658  -37.583  -46.619  -1.822 0.3000000119
32657  -36.508  -46.253  -1.873 0.3000000119
35940  -33.968  -43.131  -2.387 0.3000000119
33783  -35.071  -44.877  -2.406 0.3000000119
35927  -33.619  -43.536  -1.880 0.3000000119
33767  -35.619  -45.656  -1.838 0.3000000119
40458  -32.640  -39.972  -2.003 0.3000000119
40441  -32.373  -39.514  -1.319 0.3000000119
41584  -32.961  -38.309  -0.493 0.2000000030
38187  -32.690  -41.470  -2.111 0.3000000119
43933  -39.693  -36.496  -1.477 0.2000000030
43945  -39.752  -35.808  -2.084 0.2000000030
30556  -37.536  -48.621  -0.012 0.1000000015
33749  -35.604  -46.097  -1.306 0.3000000119
33748  -35.095  -45.781  -0.947 0.3000000119
39311  -31.902  -40.276  -0.996 0.3000000119
38174  -31.738  -41.362  -0.950 0.3000000119
41564  -33.106  -38.582  0.398 0.2000000030
41565  -33.938  -38.338  0.705 0.2000000030
42791  -37.782  -37.763  0.202 0.2000000030
32611  -33.718  -46.528  0.520 0.3000000119
33730  -33.874  -45.839  0.060 0.3000000119
36972  -31.882  -42.435  -0.548 0.3000000119
40403  -32.080  -39.796  0.886 0.2000000030
41544  -33.039  -38.982  1.102 0.2000000030
41545  -33.628  -38.748  1.038 0.2000000030
41566  -34.992  -38.554  0.865 0.1000000015
40404  -35.968  -39.818  0.898 0.1000000015
40387  -34.943  -39.545  1.371 0.1000000015
40386  -33.855  -39.343  1.515 0.1000000015
35912  -31.579  -42.754  -0.008 0.3000000119
38136  -30.872  -41.486  0.778 0.2000000030
39267  -33.536  -39.973  2.070 0.1000000015
38125  -36.738  -41.512  1.639 0.1000000015
35902  -30.595  -42.943  1.245 0.2000000030
36962  -30.683  -42.346  0.986 0.2000000030
38112  -32.803  -41.150  3.160 0.1000000015
38127  -38.746  -41.787  1.685 0.1000000015
38118  -38.712  -41.821  2.330 0.1000000015
27566  -48.356  -51.429  -9.402 0.3000000119
26598  -48.430  -52.877  -8.383 0.3000000119
26611  -48.038  -52.667  -9.037 0.3000000119
21428  -44.567  -57.581  -10.263 0.2000000030
21451  -42.397  -58.168  -11.089 0.2000000030
24753  -47.509  -54.280  -8.445 0.4000000060
22488  -47.011  -56.395  -8.635 0.3000000119
27565  -47.709  -52.053  -9.673 0.4000000060
23663  -47.319  -55.331  -8.329 0.3000000119
21386  -45.992  -57.180  -8.891 0.3000000119
27591  -48.567  -50.923  -10.808 0.4000000060
24761  -47.163  -54.837  -9.447 0.4000000060
21408  -46.892  -57.006  -8.796 0.3000000119
20301  -44.602  -58.350  -10.667 0.2000000030
27590  -47.843  -51.825  -10.533 0.4000000060
26629  -47.365  -52.638  -9.954 0.4000000060
22515  -47.048  -56.799  -9.115 0.4000000060
27612  -48.007  -52.047  -11.093 0.4000000060
28688  -48.853  -50.532  -11.839 0.4000000060
23678  -46.889  -55.855  -9.822 0.4000000060
21407  -46.470  -57.396  -9.424 0.3000000119
20324  -44.469  -58.942  -11.267 0.3000000119
26648  -47.772  -52.603  -11.074 0.4000000060
24773  -46.821  -55.330  -10.022 0.4000000060
22514  -46.783  -56.531  -9.906 0.3000000119
19156  -45.372  -59.109  -10.809 0.4000000060
28702  -48.771  -50.958  -12.554 0.4000000060
24774  -47.010  -54.709  -10.822 0.4000000060
19158  -46.240  -58.819  -10.630 0.3000000119
28718  -49.269  -50.175  -13.348 0.4000000060
25736  -47.885  -53.757  -11.597 0.4000000060
22536  -46.906  -56.412  -10.855 0.4000000060
27624  -48.512  -51.762  -12.725 0.4000000060
23694  -47.204  -55.303  -11.390 0.4000000060
20326  -46.433  -58.507  -11.113 0.3000000119
28717  -48.860  -50.751  -13.528 0.4000000060
25737  -48.168  -53.390  -12.289 0.4000000060
24792  -47.627  -54.662  -11.830 0.4000000060
22550  -47.013  -56.387  -11.742 0.4000000060
26663  -48.180  -52.543  -12.745 0.4000000060
24806  -48.059  -53.751  -12.425 0.4000000060
24793  -48.112  -54.109  -12.204 0.4000000060
23714  -47.462  -55.476  -12.036 0.4000000060
21453  -46.674  -57.379  -11.866 0.3000000119
27640  -48.224  -51.768  -13.621 0.4000000060
24805  -47.546  -54.483  -12.341 0.4000000060
22551  -47.302  -55.887  -12.447 0.4000000060
20348  -46.132  -58.662  -12.462 0.2000000030
27660  -48.026  -51.477  -14.263 0.3000000119
25748  -48.026  -53.134  -12.499 0.4000000060
26676  -47.682  -52.248  -13.402 0.4000000060
25747  -47.671  -53.319  -12.476 0.4000000060
23730  -47.013  -55.426  -12.787 0.4000000060
22562  -47.241  -55.781  -12.709 0.4000000060
20349  -46.553  -58.225  -12.026 0.2000000030
21470  -46.431  -57.424  -12.918 0.2000000030
19204  -45.344  -59.638  -13.316 0.3000000119
27658  -47.204  -50.850  -14.521 0.3000000119
27639  -47.617  -51.752  -13.927 0.3000000119
26661  -47.002  -52.448  -12.819 0.3000000119
23746  -46.623  -55.942  -13.129 0.3000000119
21481  -46.042  -57.397  -13.914 0.2000000030
20369  -45.662  -58.631  -13.664 0.2000000030
19227  -44.279  -59.953  -14.438 0.2000000030
28757  -47.080  -50.041  -15.401 0.3000000119
27638  -46.749  -51.377  -13.768 0.3000000119
25746  -47.090  -53.526  -12.359 0.4000000060
21482  -46.319  -56.915  -13.579 0.1000000015
28716  -46.075  -50.614  -14.106 0.3000000119
27623  -46.372  -51.887  -13.005 0.3000000119
25735  -46.460  -53.460  -11.973 0.2000000030
23729  -45.813  -55.515  -12.622 0.2000000030
25734  -45.716  -53.392  -11.458 0.2000000030
24790  -45.517  -54.191  -11.449 0.2000000030
22572  -45.598  -56.478  -13.558 0.1000000015
20388  -45.115  -58.280  -14.971 0.1000000015
20387  -44.512  -58.886  -14.826 0.1000000015
28735  -45.622  -50.125  -14.813 0.2000000030
27637  -45.918  -50.971  -13.556 0.3000000119
27622  -45.564  -51.478  -12.690 0.3000000119
30759  -43.984  -48.558  -14.622 0.2000000030
28734  -44.713  -50.103  -14.375 0.1000000015
28715  -45.232  -50.568  -13.744 0.3000000119
27611  -45.281  -52.090  -11.902 0.2000000030
23712  -45.344  -54.760  -11.866 0.1000000015
22584  -45.276  -56.845  -14.634 0.1000000015
20401  -44.905  -57.828  -15.599 0.1000000015
20400  -44.422  -58.124  -15.785 0.1000000015
29750  -44.122  -49.806  -14.348 0.2000000030
28701  -44.585  -50.809  -12.999 0.2000000030
27610  -44.611  -51.784  -11.721 0.2000000030
25733  -44.838  -53.644  -11.174 0.1000000015
24789  -44.780  -54.414  -11.360 0.1000000015
22560  -44.969  -56.224  -12.891 0.1000000015
22571  -44.513  -56.229  -13.452 0.1000000015
22598  -45.188  -56.986  -15.520 0.1000000015
19257  -42.315  -59.772  -16.315 0.1000000015
27621  -44.271  -51.172  -12.213 0.1000000015
26644  -44.167  -52.084  -11.231 0.2000000030
25715  -43.813  -53.659  -10.918 0.1000000015
23710  -43.642  -55.327  -11.962 0.1000000015
23762  -44.094  -56.002  -13.731 0.1000000015
22615  -45.205  -56.999  -15.966 0.1000000015
21520  -44.724  -57.236  -16.517 0.1000000015
20412  -42.764  -58.851  -16.876 0.1000000015
18072  -41.536  -60.760  -17.381 0.1000000015
24788  -43.915  -54.569  -11.198 0.1000000015
22582  -43.555  -56.200  -14.547 0.1000000015
22596  -43.821  -56.382  -15.160 0.1000000015
20431  -42.935  -58.503  -17.708 0.1000000015
19279  -42.345  -59.360  -17.534 0.1000000015
23797  -44.712  -55.982  -16.659 0.1000000015
42810  -40.429  -37.940  -0.814 0.2000000030
31775  -43.908  -47.977  -14.474 0.2000000030
30758  -43.507  -48.891  -14.539 0.1000000015
28714  -44.090  -50.287  -13.700 0.1000000015
28700  -43.736  -50.732  -12.761 0.1000000015
26627  -43.701  -52.603  -10.814 0.1000000015
27620  -43.613  -50.999  -12.084 0.1000000015
24772  -43.193  -54.156  -10.884 0.1000000015
23726  -43.111  -55.744  -12.641 0.1000000015
20414  -44.296  -57.710  -16.494 0.1000000015
23780  -44.621  -56.321  -16.199 0.1000000015
23742  -42.914  -55.992  -13.443 0.1000000015
25700  -47.485  -53.593  -9.190 0.3000000119
21429  -45.158  -57.491  -10.038 0.3000000119
23679  -47.125  -55.993  -9.194 0.3000000119
20302  -45.566  -58.162  -10.212 0.3000000119
25717  -47.181  -53.639  -10.382 0.4000000060
20303  -46.279  -58.332  -10.228 0.3000000119
27613  -48.415  -51.705  -11.600 0.4000000060
23693  -46.832  -55.720  -10.612 0.4000000060
21430  -46.776  -57.374  -10.681 0.3000000119
26649  -48.315  -52.697  -12.032 0.4000000060
22561  -47.011  -56.352  -12.754 0.2000000030
20368  -44.962  -59.295  -14.039 0.2000000030
26647  -46.700  -52.946  -12.258 0.3000000119
23745  -46.176  -56.109  -13.180 0.2000000030
24804  -46.643  -54.448  -12.337 0.4000000060
26646  -46.083  -52.473  -11.959 0.2000000030
24803  -45.902  -54.568  -12.062 0.2000000030
19242  -44.007  -59.081  -15.198 0.1000000015
21488  -45.429  -57.582  -14.759 0.1000000015
23711  -44.688  -55.108  -11.847 0.1000000015
21500  -44.827  -57.615  -15.913 0.1000000015
20399  -43.636  -58.759  -15.796 0.1000000015
29749  -43.416  -49.780  -14.140 0.1000000015
25732  -44.326  -53.990  -11.096 0.1000000015
22559  -44.316  -56.168  -12.907 0.1000000015
22597  -44.634  -56.559  -15.493 0.1000000015
23743  -43.695  -56.094  -13.279 0.1000000015
18073  -41.967  -60.038  -17.831 0.1000000015
24787  -42.894  -54.703  -11.313 0.1000000015
27589  -43.109  -52.034  -10.636 0.1000000015
27500  -49.426  -51.368  -5.938 0.3000000119
27524  -49.121  -51.938  -6.273 0.2000000030
26572  -48.678  -52.397  -6.345 0.3000000119
25653  -48.476  -53.200  -6.569 0.2000000030
29616  -50.505  -49.581  -5.818 0.4000000060
28587  -50.364  -50.605  -5.819 0.2000000030
28603  -50.542  -50.327  -6.403 0.4000000060
27525  -49.559  -51.751  -6.468 0.3000000119
24709  -47.206  -53.903  -6.833 0.2000000030
28616  -50.470  -49.997  -7.207 0.4000000060
26585  -49.343  -52.702  -6.872 0.2000000030
24711  -48.430  -53.614  -6.826 0.2000000030
24708  -46.230  -53.937  -6.981 0.1000000015
24736  -45.872  -54.549  -7.388 0.1000000015
27537  -49.269  -52.470  -7.388 0.3000000119
25671  -45.254  -53.851  -7.255 0.1000000015
24738  -47.708  -54.079  -7.489 0.2000000030
23634  -44.527  -55.133  -7.849 0.1000000015
23659  -44.404  -55.587  -8.324 0.1000000015
23635  -45.538  -55.148  -7.781 0.1000000015
22485  -44.973  -56.023  -8.861 0.1000000015
22483  -42.785  -56.171  -8.590 0.1000000015
22511  -43.678  -56.598  -9.209 0.1000000015
22509  -41.740  -56.705  -9.490 0.1000000015
22510  -42.703  -56.676  -9.291 0.1000000015
27552  -49.718  -50.957  -8.064 0.3000000119
25672  -48.347  -53.653  -7.458 0.2000000030
23637  -47.147  -55.120  -7.671 0.2000000030
23636  -46.478  -55.258  -7.638 0.2000000030
23661  -46.161  -55.818  -8.151 0.2000000030
21403  -42.617  -57.218  -9.923 0.1000000015
22535  -40.413  -57.243  -10.145 0.1000000015
27551  -49.077  -51.732  -8.121 0.3000000119
22486  -45.889  -56.494  -8.570 0.2000000030
21424  -40.618  -57.560  -10.685 0.1000000015
21402  -41.684  -57.193  -10.134 0.1000000015
22513  -45.495  -56.739  -9.062 0.2000000030
21405  -44.575  -57.089  -9.741 0.1000000015
21425  -41.592  -57.614  -10.712 0.1000000015
21427  -43.563  -57.733  -10.486 0.1000000015
20344  -40.358  -58.109  -12.424 0.1000000015
26612  -48.516  -52.317  -8.519 0.2000000030
20322  -42.476  -58.515  -11.773 0.1000000015
20300  -43.847  -58.358  -10.970 0.1000000015
20366  -40.300  -58.771  -13.145 0.1000000015
20321  -41.885  -58.313  -12.091 0.1000000015
28629  -49.230  -50.519  -8.903 0.2000000030
20323  -43.418  -58.678  -11.454 0.1000000015
20346  -42.382  -58.885  -12.367 0.1000000015
19168  -44.166  -59.634  -11.814 0.1000000015
20385  -38.512  -59.027  -14.172 0.1000000015
20367  -40.905  -58.689  -12.965 0.1000000015
20345  -41.459  -58.545  -12.565 0.1000000015
19182  -42.980  -59.603  -12.666 0.1000000015
19157  -46.005  -59.009  -10.539 0.3000000119
19225  -41.291  -60.014  -14.077 0.1000000015
28630  -50.040  -50.162  -8.592 0.3000000119
27526  -50.268  -51.171  -6.352 0.3000000119
27538  -49.794  -51.587  -7.178 0.2000000030
25688  -48.205  -53.504  -8.152 0.3000000119
21426  -42.498  -57.606  -10.597 0.1000000015
21450  -41.479  -57.954  -11.481 0.1000000015
23662  -46.865  -55.798  -8.119 0.2000000030
25673  -48.737  -53.574  -6.993 0.2000000030
25689  -48.655  -53.386  -7.471 0.3000000119
22512  -44.705  -56.562  -9.269 0.1000000015
20365  -39.451  -58.752  -13.550 0.1000000015
19198  -39.730  -59.131  -13.840 0.1000000015
19181  -42.168  -59.365  -12.801 0.1000000015
20364  -38.554  -58.576  -13.600 0.1000000015
19224  -40.754  -59.902  -14.141 0.1000000015
18026  -42.329  -61.277  -13.992 0.1000000015
15826  -40.991  -62.245  -14.781 0.1000000015
16865  -41.777  -61.842  -14.375 0.2000000030
15839  -40.642  -62.426  -15.114 0.1000000015
18005  -43.610  -60.981  -12.467 0.2000000030
16845  -43.304  -61.254  -12.956 0.2000000030
15827  -41.308  -62.323  -14.718 0.2000000030
16855  -43.563  -61.396  -13.295 0.1000000015
14821  -40.452  -63.202  -15.629 0.1000000015
16866  -42.528  -61.863  -14.412 0.2000000030
16867  -43.390  -61.542  -13.987 0.1000000015
19169  -45.105  -59.659  -11.622 0.2000000030
18006  -44.104  -61.182  -12.577 0.1000000015
15840  -41.413  -62.631  -15.245 0.1000000015
15841  -42.175  -62.486  -14.865 0.1000000015
19170  -46.058  -59.387  -11.312 0.2000000030
19184  -44.492  -60.546  -12.305 0.2000000030
16856  -44.001  -61.393  -13.147 0.1000000015
16882  -42.956  -61.726  -14.538 0.1000000015
18015  -44.342  -61.120  -12.887 0.1000000015
18028  -44.098  -61.086  -13.746 0.1000000015
19185  -45.538  -59.799  -12.469 0.2000000030
19226  -43.714  -60.697  -14.489 0.1000000015
19203  -44.801  -60.333  -13.242 0.1000000015
20325  -46.316  -58.751  -11.703 0.2000000030
18041  -43.237  -61.263  -14.850 0.1000000015
19183  -43.716  -60.134  -12.327 0.1000000015
18014  -43.067  -60.722  -12.795 0.1000000015
26549  -48.237  -52.014  -6.219 0.1000000015
32703  -48.657  -46.000  -2.716 0.2000000030
32685  -49.667  -46.179  -1.639 0.1000000015
31553  -39.931  -47.623  0.070 0.1000000015
32621  -45.732  -46.688  0.601 0.1000000015
32622  -46.965  -46.574  0.558 0.1000000015
31572  -43.324  -46.948  -0.281 0.1000000015
32643  -46.139  -46.460  -0.239 0.1000000015
31554  -41.035  -47.655  0.243 0.2000000030
32601  -45.602  -47.062  1.261 0.1000000015
31571  -42.222  -47.169  -0.088 0.1000000015
32619  -43.743  -46.352  0.700 0.1000000015
33750  -44.356  -46.193  0.258 0.1000000015
32620  -44.907  -46.825  0.722 0.1000000015
29602  -50.140  -49.382  -5.186 0.2000000030
33734  -45.276  -46.468  0.107 0.1000000015
30538  -38.104  -47.881  0.351 0.2000000030
32603  -47.502  -46.952  1.062 0.1000000015
32602  -46.651  -46.959  1.274 0.1000000015
32640  -43.251  -46.747  0.378 0.1000000015
31555  -42.172  -47.552  0.627 0.1000000015
29615  -50.046  -49.977  -5.542 0.1000000015
28586  -49.731  -50.597  -5.588 0.1000000015
34825  -31.529  -44.637  1.185 0.1000000015
33720  -32.108  -45.663  0.937 0.1000000015
32610  -32.807  -46.473  0.857 0.1000000015
31547  -33.397  -47.400  0.778 0.1000000015
29520  -36.038  -48.948  0.289 0.1000000015
31548  -34.434  -47.380  0.594 0.1000000015
32589  -31.713  -46.860  1.957 0.1000000015
31528  -32.306  -47.475  1.709 0.1000000015
30521  -32.729  -48.405  1.482 0.1000000015
28475  -34.866  -49.947  0.393 0.1000000015
33719  -31.450  -45.644  1.452 0.1000000015
32596  -32.021  -46.535  1.353 0.1000000015
30533  -33.349  -48.313  0.978 0.1000000015
29518  -34.323  -49.228  0.668 0.1000000015
28497  -36.361  -50.240  -0.229 0.1000000015
34814  -31.107  -44.973  1.764 0.1000000015
28455  -32.979  -49.792  1.742 0.1000000015
32588  -31.075  -46.566  2.488 0.1000000015
31516  -31.662  -47.461  2.327 0.1000000015
30520  -32.069  -48.327  2.101 0.1000000015
29496  -32.551  -49.222  1.894 0.1000000015
33712  -30.930  -45.653  2.033 0.1000000015
29497  -33.411  -49.236  1.301 0.1000000015
28457  -34.305  -50.216  0.903 0.1000000015
35890  -30.545  -43.535  1.781 0.1000000015
36951  -30.457  -42.670  2.693 0.1000000015
30507  -31.038  -48.002  3.145 0.1000000015
30508  -31.473  -48.175  2.679 0.1000000015
32587  -30.561  -46.298  3.105 0.1000000015
33711  -30.619  -45.618  2.826 0.1000000015
35879  -30.337  -43.721  3.008 0.1000000015
36957  -30.480  -42.415  1.767 0.1000000015
43910  -39.597  -37.113  -1.007 0.1000000015
43947  -41.638  -36.374  -2.542 0.1000000015
36940  -30.508  -42.847  3.779 0.1000000015
38110  -30.776  -41.563  2.532 0.1000000015
39254  -31.312  -40.802  2.364 0.1000000015
41586  -39.442  -38.322  -0.191 0.1000000015
45025  -38.918  -35.411  -2.122 0.1000000015
43946  -40.441  -36.078  -2.215 0.1000000015
42811  -41.150  -37.972  -0.890 0.1000000015
43949  -43.299  -36.923  -3.036 0.1000000015
32581  -30.748  -46.886  3.099 0.1000000015
29480  -31.349  -48.571  3.193 0.1000000015
29481  -31.819  -49.144  2.644 0.1000000015
45027  -40.763  -35.573  -2.645 0.1000000015
30536  -36.112  -48.333  0.468 0.1000000015
30555  -36.701  -48.730  0.119 0.1000000015
35891  -31.014  -43.988  1.317 0.1000000015
31529  -32.873  -47.751  1.185 0.1000000015
30535  -35.012  -48.284  0.587 0.1000000015
29543  -36.211  -49.376  0.068 0.1000000015
29542  -35.810  -49.682  0.080 0.1000000015
34813  -30.609  -44.669  2.331 0.1000000015
43934  -40.909  -36.849  -1.864 0.1000000015
43969  -41.830  -35.732  -3.104 0.1000000015
31762  -43.669  -47.533  -13.996 0.1000000015
31761  -42.646  -47.494  -13.656 0.1000000015
33959  -43.857  -46.004  -13.351 0.1000000015
29598  -47.173  -49.719  -4.724 0.1000000015
28582  -46.090  -50.534  -5.500 0.1000000015
28583  -47.189  -50.771  -5.605 0.1000000015
29597  -46.142  -49.688  -4.691 0.1000000015
28556  -45.340  -49.948  -5.052 0.1000000015
29613  -47.567  -50.154  -5.269 0.1000000015
29589  -45.765  -49.272  -3.672 0.1000000015
29591  -47.657  -49.469  -4.114 0.1000000015
29592  -48.394  -49.569  -4.203 0.1000000015
29595  -44.291  -49.599  -3.992 0.1000000015
29588  -44.758  -49.239  -3.395 0.1000000015
29590  -46.760  -49.229  -3.980 0.1000000015
29587  -43.812  -49.500  -3.277 0.1000000015
29579  -46.422  -49.017  -3.046 0.1000000015
21308  -46.052  -57.799  -3.366 0.1000000015
21307  -45.457  -57.750  -3.232 0.1000000015
21292  -42.449  -57.603  -2.414 0.1000000015
21291  -41.329  -57.542  -2.415 0.1000000015
22371  -41.326  -56.105  -1.923 0.1000000015
23552  -40.785  -55.457  -2.124 0.1000000015
28584  -48.149  -50.592  -5.507 0.1000000015
22393  -39.496  -56.482  -2.735 0.1000000015
24645  -41.063  -54.618  -2.103 0.1000000015
28554  -43.545  -50.109  -4.234 0.1000000015
28540  -42.970  -50.156  -3.227 0.1000000015
27523  -47.775  -52.019  -6.270 0.1000000015
24642  -38.871  -55.143  -2.808 0.1000000015
25605  -39.205  -53.504  -3.075 0.1000000015
26518  -40.313  -52.031  -3.586 0.1000000015
28553  -42.473  -50.524  -4.121 0.1000000015
29576  -43.547  -49.850  -2.288 0.1000000015
29578  -45.448  -48.949  -2.653 0.1000000015
25651  -46.556  -53.186  -6.654 0.1000000015
23565  -38.046  -55.702  -3.382 0.1000000015
26517  -39.206  -52.553  -3.629 0.1000000015
28539  -42.109  -50.859  -3.154 0.1000000015
28526  -42.769  -50.682  -2.344 0.1000000015
21294  -44.804  -57.481  -2.567 0.1000000015
21293  -43.593  -57.546  -2.295 0.1000000015
22396  -42.681  -56.927  -2.079 0.1000000015
29581  -48.101  -49.375  -3.536 0.1000000015
29593  -48.973  -49.542  -4.218 0.1000000015
29600  -48.799  -49.841  -4.814 0.1000000015
22395  -41.755  -56.786  -2.193 0.1000000015
23528  -41.120  -55.725  -1.943 0.1000000015
22372  -42.108  -56.199  -1.917 0.1000000015
27498  -47.805  -51.662  -6.077 0.1000000015
26512  -40.549  -52.804  -2.795 0.1000000015
26513  -41.265  -52.255  -2.797 0.1000000015
27454  -41.781  -51.685  -2.705 0.1000000015
29577  -44.462  -49.283  -2.436 0.1000000015
26514  -42.104  -52.281  -2.259 0.1000000015
27455  -42.379  -51.379  -2.410 0.1000000015
27456  -42.795  -51.202  -2.076 0.1000000015
29563  -44.309  -49.707  -1.442 0.1000000015
21296  -46.679  -57.426  -2.577 0.1000000015
21295  -45.769  -57.362  -2.772 0.1000000015
21297  -47.226  -56.751  -2.276 0.1000000015
21274  -46.799  -57.695  -1.521 0.1000000015
30583  -48.665  -49.361  -3.624 0.1000000015
22398  -45.302  -56.902  -2.248 0.1000000015
22375  -45.385  -56.271  -1.754 0.1000000015
29580  -47.389  -49.127  -3.297 0.1000000015
22374  -44.313  -56.613  -1.750 0.1000000015
29601  -49.494  -49.650  -4.930 0.1000000015
22373  -43.088  -56.418  -1.753 0.1000000015
23530  -42.390  -55.536  -1.661 0.1000000015
25586  -41.804  -54.172  -1.779 0.1000000015
25600  -41.257  -53.363  -2.195 0.1000000015
25587  -42.426  -53.386  -1.591 0.1000000015
27443  -43.258  -51.308  -1.580 0.1000000015
28510  -43.431  -50.478  -1.816 0.1000000015
26504  -42.918  -52.212  -1.668 0.1000000015
21259  -46.943  -57.309  -0.503 0.1000000015
30578  -48.318  -48.870  -2.760 0.1000000015
21275  -47.377  -56.882  -1.585 0.1000000015
22364  -47.430  -56.591  -0.274 0.1000000015
21253  -46.481  -57.400  0.261 0.1000000015
30570  -47.565  -48.541  -1.684 0.1000000015
30579  -49.550  -48.225  -2.378 0.1000000015
22376  -46.208  -56.126  -1.812 0.1000000015
22400  -46.870  -56.356  -2.286 0.1000000015
30576  -46.129  -48.717  -2.277 0.1000000015
28559  -49.163  -50.204  -5.273 0.1000000015
23532  -44.557  -55.509  -1.398 0.1000000015
29547  -44.585  -49.804  -1.033 0.1000000015
30568  -45.865  -48.793  -1.790 0.1000000015
23531  -43.404  -55.565  -1.426 0.1000000015
27444  -44.091  -51.665  -0.924 0.1000000015
24627  -42.568  -54.664  -1.541 0.1000000015
25588  -43.899  -53.382  -1.064 0.1000000015
22377  -47.555  -56.126  -1.558 0.1000000015
30569  -46.499  -48.742  -1.586 0.1000000015
28511  -43.982  -50.631  -1.252 0.1000000015
29548  -44.978  -49.687  -0.917 0.1000000015
24629  -44.848  -54.521  -1.308 0.1000000015
24628  -43.618  -54.499  -1.303 0.1000000015
30557  -47.034  -48.769  -0.842 0.1000000015
30559  -48.747  -48.409  -0.499 0.1000000015
29549  -46.056  -49.461  -0.713 0.1000000015
23555  -47.378  -55.837  -1.818 0.1000000015
27433  -44.703  -51.140  -0.635 0.1000000015
28502  -45.430  -50.450  -0.360 0.1000000015
28503  -45.923  -50.098  -0.087 0.1000000015
23534  -46.780  -55.505  -1.686 0.1000000015
25577  -44.096  -52.892  -0.792 0.1000000015
26506  -44.216  -52.248  -0.762 0.1000000015
23533  -45.653  -55.451  -1.475 0.1000000015
25589  -45.218  -53.793  -1.060 0.1000000015
25578  -44.651  -53.061  -0.798 0.1000000015
30558  -47.855  -48.406  -0.781 0.1000000015
28484  -46.505  -50.131  0.475 0.1000000015
23535  -47.741  -55.349  -1.223 0.1000000015
27435  -46.477  -51.924  0.036 0.1000000015
27419  -46.869  -51.347  0.653 0.1000000015
26496  -44.846  -52.314  -0.517 0.1000000015
27434  -45.517  -51.596  -0.183 0.1000000015
24630  -45.957  -54.602  -1.275 0.1000000015
30545  -48.704  -48.638  0.496 0.1000000015
29527  -47.879  -49.522  0.887 0.1000000015
28485  -47.560  -50.779  1.106 0.1000000015
22357  -47.934  -56.106  0.103 0.1000000015
25579  -45.635  -53.223  -0.800 0.1000000015
30546  -49.288  -48.456  1.010 0.1000000015
22352  -43.360  -56.668  0.641 0.1000000015
22353  -44.421  -56.675  0.541 0.1000000015
22354  -45.471  -56.684  0.528 0.1000000015
21251  -44.945  -57.654  0.470 0.1000000015
24626  -41.840  -54.885  -1.767 0.1000000015
23551  -39.862  -55.606  -2.424 0.1000000015
24644  -40.124  -54.758  -2.463 0.1000000015
25598  -39.545  -54.235  -2.743 0.1000000015
25599  -40.208  -53.718  -2.592 0.1000000015
25606  -39.854  -52.866  -3.073 0.1000000015
26519  -40.998  -51.818  -3.376 0.1000000015
28538  -41.706  -51.101  -3.541 0.1000000015
28577  -41.107  -50.903  -4.796 0.1000000015
21272  -43.658  -57.010  -1.873 0.1000000015
29564  -45.303  -49.164  -1.662 0.1000000015
22399  -46.089  -56.768  -2.251 0.1000000015
26505  -43.758  -52.342  -1.013 0.1000000015
29565  -45.924  -49.035  -1.434 0.1000000015
29526  -46.910  -48.906  0.134 0.1000000015
27418  -45.934  -50.989  0.374 0.1000000015
26497  -46.068  -52.579  -0.461 0.1000000015
21250  -43.892  -57.665  0.560 0.1000000015
9035  -36.001  -69.925  -16.427 0.1000000015
9034  -35.704  -69.439  -16.021 0.1000000015
7427  -35.258  -71.684  -20.586 0.1000000015
8229  -35.350  -71.229  -19.953 0.1000000015
8211  -34.511  -70.667  -19.621 0.1000000015
8195  -35.103  -70.632  -18.678 0.1000000015
7373  -36.358  -71.390  -16.989 0.1000000015
7441  -34.653  -71.729  -21.463 0.1000000015
5938  -33.718  -73.033  -22.237 0.1000000015
6681  -33.167  -72.474  -22.546 0.1000000015
9953  -35.461  -68.552  -16.307 0.1000000015
9942  -35.161  -68.446  -15.692 0.1000000015
9045  -35.762  -69.376  -16.715 0.1000000015
8175  -35.400  -70.344  -17.695 0.1000000015
9046  -36.015  -70.069  -16.813 0.1000000015
9033  -35.080  -69.402  -15.540 0.1000000015
8227  -33.922  -71.094  -20.751 0.1000000015
7391  -35.936  -71.467  -17.898 0.1000000015
7403  -35.590  -70.947  -18.724 0.1000000015
7440  -34.198  -71.380  -21.367 0.1000000015
7454  -32.853  -71.535  -22.406 0.1000000015
6680  -32.277  -72.229  -22.831 0.1000000015
6700  -32.332  -72.883  -23.171 0.1000000015
16887  -31.702  -60.992  -16.674 0.1000000015
13849  -31.504  -64.485  -16.509 0.1000000015
16898  -32.114  -61.401  -17.326 0.1000000015
10888  -34.696  -67.419  -16.378 0.1000000015
10880  -34.542  -67.520  -15.644 0.1000000015
10879  -33.989  -67.125  -15.425 0.1000000015
12818  -32.962  -65.642  -15.985 0.1000000015
11821  -32.504  -66.128  -15.642 0.1000000015
12829  -32.000  -65.015  -16.728 0.1000000015
10902  -34.750  -67.739  -17.044 0.1000000015
10871  -33.570  -67.317  -15.256 0.1000000015
9961  -35.106  -68.556  -17.026 0.1000000015
9941  -34.323  -68.306  -15.172 0.1000000015
8174  -34.805  -70.008  -17.930 0.1000000015
9062  -34.375  -69.292  -17.678 0.1000000015
8262  -33.582  -71.137  -22.045 0.1000000015
19251  -32.950  -59.741  -16.566 0.1000000015
15861  -31.437  -62.498  -16.926 0.1000000015
18048  -32.150  -60.437  -16.553 0.1000000015
12831  -33.366  -65.866  -16.449 0.1000000015
13861  -32.447  -64.876  -17.553 0.1000000015
13850  -32.096  -64.565  -17.087 0.1000000015
11832  -33.737  -66.404  -16.790 0.1000000015
8194  -34.086  -69.933  -18.628 0.1000000015
8210  -33.429  -70.381  -19.603 0.1000000015
8226  -32.643  -70.617  -20.546 0.1000000015
8245  -33.085  -70.933  -21.801 0.1000000015
9960  -34.165  -68.343  -17.477 0.1000000015
15862  -31.729  -62.458  -17.572 0.1000000015
9061  -33.661  -68.887  -17.967 0.1000000015
13848  -31.009  -63.890  -16.337 0.1000000015
11847  -34.275  -66.962  -17.011 0.1000000015
10901  -33.782  -67.497  -17.440 0.1000000015
15849  -30.977  -62.531  -16.453 0.1000000015
11857  -32.414  -66.625  -18.539 0.1000000015
13890  -32.290  -65.057  -19.760 0.1000000015
13908  -32.512  -64.757  -20.544 0.1000000015
14847  -32.088  -63.649  -17.778 0.1000000015
12845  -33.003  -65.622  -17.377 0.1000000015
12853  -32.747  -65.787  -18.420 0.1000000015
13871  -32.648  -64.870  -18.801 0.1000000015
11845  -32.832  -66.725  -17.970 0.1000000015
12868  -32.542  -65.183  -19.155 0.1000000015
14860  -32.756  -64.100  -18.657 0.1000000015
14848  -32.496  -64.401  -18.062 0.1000000015
14880  -33.107  -63.243  -19.619 0.1000000015
11846  -33.308  -66.565  -17.584 0.1000000015
12867  -32.147  -65.936  -19.308 0.1000000015
7390  -35.669  -70.895  -18.182 0.1000000015
7425  -34.260  -71.317  -21.028 0.1000000015
7426  -34.594  -71.379  -20.941 0.1000000015
7428  -35.509  -71.452  -19.839 0.1000000015
7442  -35.015  -72.136  -21.493 0.1000000015
7455  -33.902  -71.625  -22.121 0.1000000015
8137  -35.039  -70.493  -15.313 0.1000000015
8138  -35.756  -70.344  -15.735 0.1000000015
8139  -36.092  -70.273  -16.130 0.1000000015
8176  -35.973  -70.667  -17.306 0.1000000015
8228  -34.908  -71.137  -20.271 0.1000000015
8230  -35.400  -71.217  -19.728 0.1000000015
8246  -33.739  -71.178  -21.702 0.1000000015
8261  -33.398  -71.235  -22.170 0.1000000015
9063  -35.239  -69.591  -17.305 0.1000000015
9064  -35.755  -69.984  -17.136 0.1000000015
9080  -33.874  -69.375  -18.154 0.1000000015
9931  -33.932  -67.726  -15.052 0.1000000015
10872  -34.122  -67.559  -15.186 0.1000000015
10881  -35.222  -67.852  -16.011 0.1000000015
10889  -35.194  -67.945  -16.622 0.1000000015
10903  -35.126  -68.022  -16.934 0.1000000015
10916  -32.312  -67.405  -18.465 0.1000000015
10996  -37.126  -66.803  -23.060 0.1000000015
11813  -33.549  -66.807  -15.518 0.1000000015
11822  -33.269  -66.267  -15.676 0.1000000015
11823  -33.868  -66.645  -15.971 0.1000000015
11824  -34.363  -67.110  -16.078 0.1000000015
11833  -34.223  -66.906  -16.443 0.1000000015
11858  -32.886  -66.381  -18.094 0.1000000015
11866  -32.067  -66.497  -19.000 0.1000000015
11944  -36.746  -66.501  -23.637 0.1000000015
12819  -33.452  -66.009  -15.953 0.1000000015
12830  -32.603  -65.289  -16.841 0.1000000015
12844  -32.691  -65.285  -17.266 0.1000000015
12852  -32.496  -66.105  -18.759 0.1000000015
13862  -32.579  -64.958  -18.179 0.1000000015
13891  -32.746  -64.440  -19.578 0.1000000015
13933  -38.506  -64.459  -21.026 0.1000000015
13966  -36.717  -64.627  -23.559 0.1000000015
14822  -40.902  -62.906  -15.402 0.1000000015
14832  -30.656  -63.245  -16.103 0.1000000015
14833  -31.399  -63.416  -16.804 0.1000000015
14834  -31.817  -64.021  -17.026 0.1000000015
14846  -31.553  -63.018  -17.355 0.1000000015
14859  -32.659  -63.124  -18.739 0.1000000015
14883  -40.327  -63.539  -18.968 0.1000000015
14904  -38.988  -63.390  -19.880 0.1000000015
14944  -36.797  -63.545  -22.882 0.1000000015
14978  -35.191  -63.475  -25.045 0.1000000015
14995  -35.256  -63.097  -25.080 0.1000000015
15828  -41.899  -62.408  -14.621 0.2000000030
15932  -37.642  -62.875  -21.734 0.1000000015
15957  -35.578  -62.729  -24.171 0.1000000015
16846  -43.805  -61.343  -12.798 0.1000000015
16847  -44.102  -61.344  -12.792 0.1000000015
16854  -42.971  -61.519  -13.564 0.1000000015
16868  -43.774  -61.357  -13.510 0.1000000015
16897  -31.659  -61.990  -17.039 0.1000000015
16965  -37.860  -61.376  -21.049 0.1000000015
17037  -35.753  -61.609  -24.127 0.1000000015
18004  -43.144  -61.041  -12.772 0.1000000015
18013  -42.658  -60.838  -13.269 0.1000000015
18027  -43.620  -61.192  -14.236 0.1000000015
18097  -42.258  -59.676  -18.325 0.1000000015
18132  -39.670  -60.319  -20.702 0.1000000015
18144  -38.274  -60.364  -21.436 0.1000000015
18145  -39.875  -59.870  -21.087 0.1000000015
18206  -35.894  -60.828  -24.501 0.1000000015
19171  -46.222  -59.055  -10.833 0.2000000030
19199  -40.189  -59.287  -13.702 0.1000000015
19200  -41.468  -59.670  -13.477 0.1000000015
19258  -43.108  -59.035  -16.206 0.1000000015
19278  -41.708  -59.922  -17.107 0.1000000015
19312  -41.979  -59.489  -19.478 0.2000000030
19313  -42.462  -58.948  -19.360 0.2000000030
19335  -39.138  -60.082  -20.899 0.1000000015
19357  -39.308  -59.758  -21.325 0.1000000015
19429  -37.066  -58.615  -26.597 0.1000000015
20281  -45.761  -57.914  -9.820 0.3000000119
20282  -45.974  -58.005  -9.728 0.3000000119
20347  -43.256  -59.188  -12.137 0.1000000015
20386  -39.033  -58.849  -13.960 0.1000000015
20413  -43.664  -58.112  -16.792 0.1000000015
20449  -43.364  -58.000  -18.829 0.2000000030
20461  -43.290  -57.972  -19.474 0.2000000030
21260  -47.361  -56.749  -0.798 0.1000000015
21273  -44.115  -57.243  -2.026 0.1000000015
21387  -46.495  -56.968  -8.719 0.3000000119
21388  -46.804  -56.769  -8.643 0.3000000119
21401  -40.989  -57.352  -10.237 0.1000000015
21404  -43.605  -57.178  -9.784 0.1000000015
21406  -45.577  -57.452  -9.540 0.3000000119
21452  -43.133  -58.123  -10.912 0.1000000015
21467  -41.061  -57.801  -12.131 0.1000000015
21468  -41.496  -58.007  -12.123 0.1000000015
21469  -46.029  -58.016  -13.220 0.2000000030
21501  -45.085  -57.401  -15.697 0.1000000015
21519  -44.289  -57.547  -16.842 0.1000000015
21521  -45.098  -57.057  -16.184 0.1000000015
21540  -44.645  -56.966  -17.068 0.2000000030
21573  -41.010  -57.326  -19.912 0.1000000015
21574  -41.830  -57.322  -19.823 0.1000000015
21576  -43.180  -57.607  -19.536 0.2000000030
22365  -47.615  -56.179  -0.818 0.1000000015
22370  -40.936  -55.936  -1.946 0.1000000015
22397  -43.219  -57.018  -1.930 0.1000000015
22401  -47.413  -56.307  -2.095 0.1000000015
22482  -41.863  -56.235  -8.797 0.1000000015
22484  -43.757  -55.945  -8.582 0.1000000015
22487  -46.591  -56.426  -8.477 0.2000000030
22558  -43.959  -56.198  -12.992 0.1000000015
22570  -44.114  -56.166  -13.231 0.1000000015
22573  -46.454  -56.517  -13.272 0.1000000015
22581  -43.255  -56.198  -14.600 0.2000000030
22583  -44.396  -56.313  -14.321 0.1000000015
22595  -43.301  -56.250  -14.857 0.2000000030
22614  -44.926  -56.677  -16.262 0.1000000015
22636  -42.971  -56.319  -17.958 0.2000000030
23529  -41.456  -55.453  -1.900 0.1000000015
23550  -39.049  -55.567  -2.785 0.1000000015
23553  -41.110  -55.170  -2.068 0.1000000015
23554  -47.179  -55.959  -2.116 0.1000000015
23660  -45.282  -55.636  -8.336 0.1000000015
23713  -47.072  -55.870  -11.362 0.4000000060
23727  -43.866  -55.902  -12.677 0.1000000015
23728  -44.549  -55.732  -12.471 0.1000000015
23731  -47.298  -55.449  -12.511 0.4000000060
23744  -44.101  -56.095  -13.472 0.1000000015
23759  -42.013  -56.023  -14.678 0.1000000015
23761  -43.644  -55.931  -13.984 0.1000000015
23844  -38.966  -56.163  -19.410 0.1000000015
23906  -40.018  -54.809  -24.548 0.1000000015
23932  -39.468  -55.399  -25.367 0.1000000015
24643  -39.232  -54.927  -2.696 0.1000000015
24655  -38.944  -54.306  -2.946 0.1000000015
24710  -48.018  -53.720  -6.806 0.2000000030
24737  -46.831  -54.552  -7.273 0.2000000030
24739  -48.292  -53.775  -6.995 0.2000000030
24760  -47.024  -55.550  -9.565 0.4000000060
24791  -46.159  -54.058  -11.696 0.2000000030
24943  -38.701  -54.766  -22.922 0.1000000015
25601  -41.745  -52.790  -2.174 0.1000000015
25652  -47.561  -53.205  -6.539 0.2000000030
25654  -48.943  -52.910  -6.563 0.2000000030
25674  -49.004  -53.105  -6.685 0.2000000030
25716  -44.309  -53.623  -11.044 0.1000000015
25777  -37.971  -53.512  -16.202 0.1000000015
25834  -38.710  -53.365  -20.422 0.1000000015
25873  -42.013  -52.565  -22.689 0.1000000015
26495  -44.290  -52.598  -0.742 0.1000000015
26548  -47.902  -51.930  -6.221 0.1000000015
26570  -46.914  -52.346  -6.499 0.1000000015
26571  -47.906  -52.362  -6.301 0.1000000015
26573  -49.137  -52.508  -6.536 0.2000000030
26584  -49.069  -53.115  -7.259 0.3000000119
26599  -48.726  -52.796  -7.819 0.3000000119
26628  -44.302  -53.224  -11.018 0.1000000015
26645  -44.846  -52.644  -11.361 0.2000000030
26660  -46.253  -52.090  -12.597 0.3000000119
26662  -47.805  -52.635  -12.818 0.4000000060
26675  -47.247  -52.035  -13.559 0.3000000119
26677  -48.049  -52.381  -13.224 0.4000000060
26719  -39.161  -52.355  -18.160 0.1000000015
26751  -40.110  -52.165  -19.628 0.1000000015
26777  -42.205  -51.861  -21.631 0.1000000015
26778  -42.650  -51.572  -21.793 0.1000000015
26795  -42.920  -51.529  -22.148 0.1000000015
27408  -34.803  -50.760  0.373 0.1000000015
27442  -42.838  -51.518  -1.960 0.1000000015
27461  -40.899  -51.537  -3.677 0.1000000015
27462  -41.473  -51.416  -3.348 0.1000000015
27463  -41.904  -51.295  -2.887 0.1000000015
27477  -41.132  -51.286  -3.847 0.1000000015
27499  -48.674  -51.562  -6.007 0.1000000015
27501  -50.023  -51.232  -5.904 0.2000000030
27522  -47.447  -51.982  -6.336 0.1000000015
27539  -50.288  -50.771  -6.897 0.5000000000
27609  -43.440  -51.450  -11.308 0.1000000015
27659  -47.642  -51.203  -14.461 0.3000000119
27732  -42.224  -51.095  -19.910 0.1000000015
27748  -41.168  -51.685  -20.215 0.1000000015
27750  -42.305  -50.972  -20.457 0.1000000015
27763  -41.842  -51.346  -21.032 0.1000000015
28483  -45.926  -50.429  0.114 0.1000000015
28496  -35.963  -49.866  -0.089 0.1000000015
28501  -44.602  -50.183  -0.870 0.1000000015
28525  -42.371  -50.924  -2.613 0.1000000015
28557  -48.294  -50.209  -5.272 0.1000000015
28558  -48.604  -50.235  -5.254 0.1000000015
28736  -46.695  -50.445  -14.761 0.3000000119
28737  -47.580  -50.468  -15.002 0.3000000119
28756  -46.378  -49.946  -15.382 0.4000000060
28758  -47.579  -49.954  -15.318 0.4000000060
28769  -36.732  -50.707  -16.051 0.1000000015
28816  -41.033  -50.630  -19.624 0.1000000015
28835  -42.152  -50.111  -20.154 0.1000000015
28836  -42.551  -50.334  -20.398 0.1000000015
29517  -33.760  -48.775  0.820 0.1000000015
29519  -35.494  -49.246  0.300 0.1000000015
29544  -36.942  -49.386  -0.365 0.1000000015
29562  -43.782  -50.124  -1.689 0.1000000015
29596  -45.116  -49.588  -4.272 0.1000000015
29599  -48.081  -49.891  -5.000 0.1000000015
29612  -46.825  -50.095  -5.238 0.1000000015
29614  -47.947  -50.169  -5.286 0.1000000015
29661  -50.626  -48.910  -8.340 0.5000000000
29676  -46.505  -49.087  -10.202 0.5000000000
29680  -50.467  -48.946  -9.269 0.5000000000
29719  -48.641  -49.065  -12.103 0.5000000000
29721  -50.649  -48.855  -11.056 0.4000000060
29733  -46.929  -48.862  -12.396 0.4000000060
29734  -47.428  -48.850  -12.643 0.4000000060
29751  -46.820  -48.860  -14.243 0.4000000060
29754  -49.438  -49.963  -13.197 0.5000000000
29765  -43.803  -49.296  -14.521 0.1000000015
29783  -46.749  -49.567  -15.501 0.4000000060
29784  -47.378  -49.681  -15.335 0.4000000060
29800  -37.459  -49.999  -16.842 0.1000000015
29843  -40.224  -49.558  -19.500 0.1000000015
29858  -41.154  -49.337  -20.393 0.1000000015
30534  -34.019  -48.240  0.604 0.1000000015
30543  -47.389  -48.629  -0.325 0.1000000015
30544  -47.895  -48.636  0.073 0.1000000015
30554  -36.277  -48.842  0.251 0.1000000015
30575  -45.638  -48.806  -2.080 0.1000000015
30577  -47.051  -48.747  -2.459 0.1000000015
30593  -50.728  -47.915  -6.786 0.5000000000
30608  -50.599  -48.362  -7.227 0.5000000000
30626  -46.029  -47.938  -8.173 0.6000000238
30627  -46.365  -47.941  -8.137 0.6000000238
30628  -50.735  -48.542  -7.955 0.5000000000
30643  -42.767  -47.804  -8.688 0.5000000000
30644  -42.990  -48.066  -8.728 0.5000000000
30664  -43.281  -48.135  -9.292 0.5000000000
30670  -50.133  -48.258  -9.821 0.5000000000
30691  -48.370  -48.611  -10.821 0.5000000000
30694  -50.369  -48.497  -10.393 0.5000000000
30705  -48.239  -48.748  -11.311 0.5000000000
30723  -46.947  -48.754  -12.625 0.4000000060
30761  -45.772  -48.721  -14.597 0.3000000119
30785  -35.967  -48.358  -16.187 0.1000000015
30837  -38.018  -48.232  -19.466 0.1000000015
30869  -40.448  -48.495  -21.212 0.1000000015
31508  -30.743  -47.453  3.425 0.1000000015
31515  -31.125  -47.425  2.860 0.1000000015
31546  -32.673  -47.133  1.152 0.1000000015
31581  -38.850  -47.314  -1.912 0.3000000119
31586  -43.690  -47.249  -0.980 0.2000000030
31599  -44.282  -47.290  -2.514 0.3000000119
31608  -41.414  -47.212  -3.569 0.2000000030
31610  -43.566  -47.426  -2.991 0.3000000119
31615  -41.845  -46.916  -4.144 0.3000000119
31623  -51.060  -47.569  -6.350 0.5000000000
31635  -50.819  -47.785  -7.462 0.5000000000
31636  -51.015  -47.463  -7.085 0.5000000000
31658  -51.071  -47.339  -7.810 0.5000000000
31672  -42.160  -47.043  -8.628 0.4000000060
31673  -42.547  -47.404  -8.548 0.4000000060
31677  -45.633  -47.959  -8.194 0.6000000238
31682  -51.143  -47.105  -8.069 0.5000000000
31706  -43.250  -47.689  -9.800 0.5000000000
31709  -50.345  -47.769  -9.174 0.5000000000
31725  -42.973  -47.159  -10.008 0.4000000060
31734  -44.784  -47.006  -11.931 0.4000000060
31776  -44.322  -47.937  -14.408 0.2000000030
31777  -45.025  -48.009  -14.232 0.3000000119
31817  -38.345  -48.257  -19.539 0.1000000015
31819  -39.144  -48.870  -19.394 0.1000000015
31831  -39.268  -48.620  -19.752 0.1000000015
31864  -41.015  -47.821  -22.085 0.1000000015
31865  -41.700  -47.865  -22.508 0.1000000015
32595  -31.356  -46.293  1.780 0.1000000015
32617  -42.681  -47.070  0.809 0.1000000015
32634  -35.218  -46.387  -0.351 0.3000000119
32637  -37.844  -47.015  -1.028 0.3000000119
32656  -35.889  -46.204  -1.502 0.3000000119
32660  -44.316  -47.082  -0.918 0.2000000030
32675  -36.663  -45.732  -2.498 0.3000000119
32679  -44.101  -47.272  -1.469 0.2000000030
32686  -50.233  -46.607  -1.355 0.1000000015
32692  -37.703  -45.736  -3.503 0.3000000119
32693  -38.348  -45.977  -3.709 0.3000000119
32695  -40.400  -46.699  -3.762 0.2000000030
32704  -49.381  -46.099  -2.496 0.1000000015
32711  -39.356  -45.740  -4.205 0.3000000119
32737  -41.463  -45.717  -7.087 0.4000000060
32752  -40.795  -46.031  -7.976 0.4000000060
32775  -41.080  -46.219  -8.131 0.4000000060
32777  -42.272  -46.939  -8.181 0.4000000060
32781  -51.044  -46.799  -7.956 0.5000000000
32782  -51.254  -46.977  -7.869 0.5000000000
32828  -44.412  -46.182  -12.292 0.3000000119
33703  -30.296  -45.718  3.591 0.1000000015
33732  -44.151  -46.180  0.621 0.1000000015
33733  -44.651  -46.504  0.394 0.1000000015
33751  -44.913  -46.320  -0.210 0.1000000015
33752  -45.286  -46.400  -0.152 0.1000000015
33765  -33.914  -44.825  -1.231 0.3000000119
33796  -36.581  -44.597  -3.309 0.3000000119
33799  -48.051  -45.702  -3.829 0.3000000119
33802  -49.581  -46.299  -3.035 0.3000000119
33810  -38.237  -45.052  -4.141 0.3000000119
33830  -47.346  -45.087  -5.270 0.3000000119
33843  -40.768  -44.959  -6.968 0.4000000060
33859  -44.686  -45.455  -7.359 0.5000000000
33864  -49.871  -45.537  -6.766 0.5000000000
33880  -40.197  -45.202  -8.216 0.3000000119
33905  -42.570  -45.965  -10.266 0.3000000119
34042  -37.257  -45.262  -21.184 0.1000000015
34824  -30.881  -44.369  1.640 0.1000000015
34860  -33.329  -44.305  -1.119 0.3000000119
34862  -34.249  -44.198  -1.922 0.3000000119
34900  -37.677  -43.696  -3.771 0.3000000119
34910  -37.569  -44.538  -3.724 0.3000000119
34922  -43.764  -43.525  -5.305 0.5000000000
34925  -46.733  -44.105  -5.716 0.4000000060
34942  -48.260  -44.048  -5.974 0.5000000000
34943  -48.650  -44.583  -5.751 0.5000000000
34951  -44.258  -44.937  -7.150 0.5000000000
34956  -48.263  -44.283  -6.389 0.4000000060
35126  -36.593  -44.069  -20.901 0.1000000015
35928  -34.236  -43.697  -2.260 0.3000000119
35942  -35.323  -43.271  -3.028 0.3000000119
35969  -43.427  -43.240  -5.143 0.4000000060
35972  -44.831  -43.104  -5.751 0.5000000000
35974  -47.121  -43.977  -5.620 0.4000000060
35975  -47.518  -43.941  -5.671 0.4000000060
35976  -47.888  -43.916  -5.791 0.4000000060
35982  -39.003  -43.414  -7.087 0.4000000060
35988  -44.908  -43.443  -6.524 0.5000000000
35990  -47.583  -43.752  -5.928 0.4000000060
35991  -47.985  -43.833  -6.018 0.4000000060
36005  -44.592  -43.718  -6.950 0.5000000000
36047  -43.411  -43.944  -11.187 0.2000000030
36061  -43.117  -43.090  -11.586 0.1000000015
36075  -42.886  -43.643  -12.224 0.1000000015
36077  -43.426  -43.626  -11.966 0.1000000015
36182  -35.664  -42.880  -20.213 0.1000000015
36952  -39.069  -42.044  2.199 0.1000000015
36953  -39.303  -42.186  2.159 0.1000000015
36958  -39.090  -42.191  1.999 0.1000000015
36965  -40.159  -42.378  1.262 0.1000000015
37009  -34.669  -41.848  -2.975 0.3000000119
37010  -35.242  -42.310  -3.201 0.3000000119
37012  -37.201  -42.684  -4.149 0.3000000119
37013  -37.687  -42.893  -4.038 0.3000000119
37036  -44.476  -42.881  -5.864 0.5000000000
37045  -37.895  -41.782  -6.930 0.3000000119
37053  -44.839  -42.828  -6.055 0.5000000000
37066  -37.647  -41.797  -7.694 0.3000000119
37076  -37.633  -41.617  -8.209 0.3000000119
38120  -40.163  -42.076  2.156 0.1000000015
38123  -30.602  -41.561  1.474 0.2000000030
38124  -36.102  -41.482  1.883 0.1000000015
38128  -39.325  -42.073  1.378 0.1000000015
38141  -39.626  -42.007  0.818 0.1000000015
38156  -31.651  -41.668  -0.472 0.3000000119
38157  -31.964  -41.932  -0.967 0.3000000119
38175  -32.183  -41.563  -1.469 0.3000000119
38206  -36.954  -41.177  -4.267 0.4000000060
38216  -38.817  -41.200  -5.773 0.4000000060
38217  -39.315  -41.405  -5.427 0.4000000060
38218  -39.962  -41.657  -5.216 0.5000000000
38241  -37.215  -41.097  -7.589 0.3000000119
38248  -37.080  -41.083  -7.807 0.3000000119
38268  -42.051  -42.167  -10.775 0.1000000015
39256  -33.146  -40.635  2.531 0.1000000015
39266  -32.380  -39.870  1.866 0.2000000030
39270  -36.578  -41.124  1.187 0.1000000015
39284  -30.741  -41.007  1.156 0.2000000030
39286  -31.789  -40.078  1.323 0.2000000030
39290  -38.989  -40.899  0.462 0.1000000015
39330  -31.828  -40.896  -1.168 0.3000000119
39364  -35.770  -40.538  -4.033 0.3000000119
39395  -37.148  -40.896  -7.669 0.3000000119
39399  -37.095  -40.865  -7.907 0.3000000119
39577  -34.685  -40.401  -19.295 0.1000000015
40385  -32.966  -39.474  1.522 0.2000000030
40402  -31.736  -40.099  0.393 0.2000000030
40420  -31.644  -40.297  0.144 0.2000000030
40583  -39.736  -40.037  -13.631 0.1000000015
40602  -40.084  -39.527  -14.178 0.1000000015
40688  -34.795  -39.414  -19.518 0.1000000015
41543  -32.588  -39.356  1.094 0.2000000030
41645  -34.604  -38.502  -3.902 0.3000000119
41651  -35.424  -37.911  -4.655 0.3000000119
41830  -33.798  -38.193  -17.757 0.1000000015
42788  -34.216  -37.667  0.282 0.2000000030
42792  -38.411  -37.969  0.011 0.2000000030
42808  -38.827  -37.637  -0.290 0.1000000015
42809  -39.640  -37.702  -0.670 0.2000000030
42830  -34.156  -36.922  -1.924 0.2000000030
42831  -39.937  -37.386  -1.163 0.1000000015
42845  -34.127  -37.117  -2.861 0.3000000119
42866  -34.425  -37.625  -3.632 0.3000000119
42875  -34.745  -37.997  -4.157 0.3000000119
42883  -36.909  -37.189  -5.730 0.1000000015
42926  -40.590  -37.788  -9.414 0.1000000015
43105  -34.798  -37.570  -19.705 0.1000000015
43882  -37.495  -37.134  0.024 0.2000000030
43883  -37.890  -37.288  -0.031 0.2000000030
43932  -38.576  -36.428  -1.171 0.2000000030
43935  -41.515  -37.042  -2.016 0.1000000015
43948  -42.747  -36.756  -2.889 0.1000000015
43968  -34.996  -36.668  -3.694 0.3000000119
43979  -35.318  -36.569  -4.364 0.3000000119
43987  -37.099  -36.813  -5.971 0.1000000015
44011  -39.789  -36.311  -8.116 0.1000000015
44043  -41.319  -37.201  -9.615 0.1000000015
44193  -33.464  -37.090  -16.867 0.1000000015
45011  -38.128  -35.754  -1.585 0.2000000030
45020  -34.668  -36.259  -2.938 0.3000000119
45066  -36.281  -34.938  -4.648 0.1000000015
45085  -38.281  -35.097  -7.117 0.1000000015
45102  -38.194  -35.510  -7.172 0.1000000015
45121  -40.945  -36.118  -8.148 0.1000000015
46091  -36.362  -34.921  -3.103 0.2000000030
46095  -39.895  -34.679  -3.137 0.1000000015
46110  -38.534  -33.801  -3.687 0.1000000015
46135  -40.977  -33.849  -3.956 0.1000000015
46151  -37.649  -34.098  -5.554 0.1000000015
46152  -38.091  -34.202  -6.090 0.1000000015
46165  -38.322  -34.540  -6.704 0.1000000015
46183  -38.614  -34.797  -7.220 0.1000000015
47223  -39.194  -33.653  -3.872 0.1000000015
47226  -42.152  -33.999  -3.862 0.1000000015
47243  -45.673  -33.474  -4.976 0.1000000015
47249  -37.936  -33.641  -5.190 0.1000000015
47253  -41.375  -32.994  -5.209 0.1000000015
47264  -39.059  -33.982  -6.551 0.1000000015
48446  -41.969  -32.620  -5.483 0.1000000015
48447  -42.731  -32.575  -5.538 0.1000000015
48449  -44.189  -32.804  -6.111 0.1000000015
48450  -44.879  -32.719  -6.161 0.1000000015
48455  -42.949  -32.576  -6.349 0.1000000015
48469  -44.711  -32.473  -7.702 0.1000000015
