#!ascii label  , from subject 4037 vox2ras=TkReg
1249
57216  33.639  -30.909  41.997 0.0000000000
86388  49.559  -7.278  27.450 0.0000000000
73347  39.449  -19.058  33.470 0.0000000000
49568  16.615  -37.140  51.384 0.0000000000
60902  29.578  -27.934  46.518 0.0000000000
78104  40.397  -13.271  33.850 0.0000000000
57112  21.750  -31.104  47.858 0.0000000000
49577  21.643  -37.773  50.060 0.0000000000
59730  24.423  -29.709  45.809 0.0000000000
85216  54.446  -9.252  26.342 0.0000000000
64847  32.983  -25.721  43.402 0.0000000000
66052  36.383  -25.534  40.121 0.0000000000
62200  37.183  -27.489  44.133 0.0000000000
89786  52.886  -3.933  25.913 0.0000000000
89817  57.126  -4.535  22.968 0.0000000000
87519  45.365  -6.146  30.573 0.0000000000
83914  48.427  -10.280  30.976 0.0000000000
81588  43.387  -11.409  31.144 0.0000000000
74546  44.397  -17.344  32.490 0.0000000000
53332  33.441  -34.971  47.077 0.0000000000
45647  15.462  -40.749  54.721 0.0000000000
45636  11.389  -40.712  55.800 0.0000000000
44315  10.246  -40.485  59.544 0.0000000000
57189  31.245  -30.435  43.689 0.0000000000
55870  28.059  -32.496  46.181 0.0000000000
70967  35.313  -20.090  35.986 0.0000000000
68673  41.613  -22.489  38.190 0.0000000000
95339  59.719  0.501  21.680 0.0000000000
85202  51.849  -8.589  26.861 0.0000000000
83950  50.577  -9.991  29.351 0.0000000000
60957  33.712  -28.172  42.078 0.0000000000
63601  34.900  -26.602  42.100 0.0000000000
59769  35.751  -29.869  42.516 0.0000000000
88691  49.735  -4.853  27.913 0.0000000000
89771  52.005  -4.025  28.083 0.0000000000
87578  50.874  -5.758  26.523 0.0000000000
87585  53.634  -6.510  24.975 0.0000000000
39110  10.484  -45.358  58.223 0.0000000000
86345  43.590  -7.946  30.642 0.0000000000
85099  42.045  -8.519  33.352 0.0000000000
75748  39.707  -16.189  32.445 0.0000000000
76927  41.502  -14.987  31.631 0.0000000000
73360  42.162  -18.144  32.301 0.0000000000
72132  42.283  -20.727  35.529 0.0000000000
49565  19.589  -37.759  50.704 0.0000000000
48295  21.335  -39.239  52.984 0.0000000000
48298  18.618  -39.518  52.380 0.0000000000
46943  17.923  -40.569  55.729 0.0000000000
46993  15.969  -39.576  52.810 0.0000000000
48257  12.384  -39.119  55.041 0.0000000000
45622  10.589  -40.790  57.406 0.0000000000
58504  29.953  -29.953  45.161 0.0000000000
54687  29.342  -32.373  43.993 0.0000000000
59741  28.380  -29.454  44.819 0.0000000000
57111  25.327  -32.574  47.962 0.0000000000
58419  26.782  -31.582  48.982 0.0000000000
64879  39.156  -26.131  41.358 0.0000000000
66087  39.051  -25.446  38.170 0.0000000000
82703  42.597  -10.065  35.317 0.0000000000
75710  41.124  -14.174  34.842 0.0000000000
75733  38.398  -16.275  33.500 0.0000000000
54617  23.759  -33.981  47.461 0.0000000000
50800  24.706  -36.892  49.913 0.0000000000
53310  21.567  -35.290  47.746 0.0000000000
53293  19.855  -34.528  49.466 0.0000000000
53276  18.211  -34.482  51.320 0.0000000000
62191  26.785  -27.397  44.859 0.0000000000
62149  24.820  -26.293  47.679 0.0000000000
59715  23.149  -29.963  47.073 0.0000000000
67277  31.773  -23.005  43.951 0.0000000000
66073  33.425  -23.953  39.266 0.0000000000
66019  34.527  -25.236  41.387 0.0000000000
64863  37.179  -26.101  42.149 0.0000000000
93102  56.238  -1.169  23.680 0.0000000000
89820  55.057  -4.234  23.708 0.0000000000
87594  55.762  -6.559  24.266 0.0000000000
87556  47.186  -6.051  28.475 0.0000000000
83972  48.208  -9.163  28.280 0.0000000000
85165  45.695  -8.133  28.867 0.0000000000
82730  45.115  -10.481  30.620 0.0000000000
79322  46.429  -13.203  31.484 0.0000000000
81590  41.283  -12.026  31.788 0.0000000000
78132  44.043  -14.749  31.637 0.0000000000
54671  33.462  -33.149  44.425 0.0000000000
55880  36.625  -32.651  45.251 0.0000000000
88642  48.707  -4.197  30.463 0.0000000000
50768  14.998  -36.593  52.969 0.0000000000
48302  14.427  -38.608  53.181 0.0000000000
45649  13.565  -41.174  54.606 0.0000000000
41693  13.865  -43.412  56.733 0.0000000000
41695  11.930  -43.472  56.321 0.0000000000
43051  10.363  -42.302  57.267 0.0000000000
41670  9.259  -42.022  58.851 0.0000000000
41643  8.068  -42.118  60.071 0.0000000000
57202  32.124  -31.147  42.784 0.0000000000
54673  31.854  -33.354  44.037 0.0000000000
53347  30.710  -34.990  46.476 0.0000000000
58483  27.263  -30.701  46.610 0.0000000000
73324  37.250  -18.783  34.456 0.0000000000
66119  35.995  -24.478  36.625 0.0000000000
68728  38.023  -22.143  35.669 0.0000000000
70964  40.049  -20.685  35.813 0.0000000000
58476  38.076  -30.341  45.931 0.0000000000
94301  61.005  -0.552  19.362 0.0000000000
91922  57.929  -2.690  22.219 0.0000000000
90863  59.755  -3.691  20.562 0.0000000000
85203  50.951  -8.471  27.127 0.0000000000
83990  51.155  -9.409  27.416 0.0000000000
83991  50.417  -9.042  27.505 0.0000000000
58571  33.649  -30.125  41.736 0.0000000000
60972  34.512  -29.056  41.400 0.0000000000
57214  34.997  -30.739  42.116 0.0000000000
87566  49.553  -5.790  27.498 0.0000000000
88690  50.350  -4.801  27.400 0.0000000000
87565  50.273  -6.113  26.894 0.0000000000
86398  51.323  -7.138  26.313 0.0000000000
39111  9.599  -45.413  58.409 0.0000000000
86282  43.529  -7.130  33.789 0.0000000000
86264  43.376  -7.743  34.502 0.0000000000
74550  40.251  -17.299  31.964 0.0000000000
74549  41.427  -17.244  32.014 0.0000000000
73361  41.055  -18.326  32.241 0.0000000000
72180  42.758  -19.501  33.436 0.0000000000
72181  41.634  -19.805  33.577 0.0000000000
50790  17.960  -36.768  50.601 0.0000000000
49552  19.340  -38.418  51.326 0.0000000000
49553  18.219  -38.537  51.491 0.0000000000
48300  17.227  -39.066  52.531 0.0000000000
48319  16.746  -38.648  52.215 0.0000000000
59726  29.871  -28.566  46.122 0.0000000000
59758  29.246  -29.714  44.681 0.0000000000
60918  28.568  -28.200  45.414 0.0000000000
55830  25.147  -33.244  48.470 0.0000000000
68643  34.408  -21.281  40.569 0.0000000000
64877  40.989  -26.274  41.041 0.0000000000
75712  39.275  -14.804  34.186 0.0000000000
75686  39.186  -14.772  35.132 0.0000000000
54651  22.487  -33.040  46.847 0.0000000000
53326  22.100  -34.783  47.427 0.0000000000
54618  21.675  -33.570  47.711 0.0000000000
54585  20.069  -33.353  49.422 0.0000000000
54570  19.051  -32.798  51.101 0.0000000000
53294  19.066  -34.311  50.543 0.0000000000
63501  26.185  -25.646  48.182 0.0000000000
59701  21.792  -28.497  48.514 0.0000000000
60878  22.326  -28.390  47.781 0.0000000000
58464  22.478  -30.360  47.475 0.0000000000
55860  23.149  -32.229  46.636 0.0000000000
66021  32.042  -23.670  42.218 0.0000000000
66004  32.311  -24.990  43.180 0.0000000000
62212  36.021  -27.680  42.830 0.0000000000
63600  35.958  -26.345  42.234 0.0000000000
63571  37.076  -26.981  43.629 0.0000000000
64821  37.858  -26.279  43.863 0.0000000000
63570  37.461  -26.758  44.188 0.0000000000
89787  52.383  -3.929  26.511 0.0000000000
90830  54.839  -3.210  24.349 0.0000000000
90831  54.071  -3.748  24.512 0.0000000000
86408  53.932  -7.716  25.195 0.0000000000
87584  54.489  -6.977  24.670 0.0000000000
86407  55.026  -7.692  25.191 0.0000000000
87536  46.594  -5.397  29.048 0.0000000000
86375  46.392  -7.114  28.429 0.0000000000
87537  45.794  -6.343  29.440 0.0000000000
83918  43.355  -9.562  30.539 0.0000000000
83939  44.261  -9.147  30.275 0.0000000000
82731  43.931  -10.545  30.770 0.0000000000
81586  45.719  -11.477  30.765 0.0000000000
80456  45.181  -12.390  30.892 0.0000000000
81546  41.297  -11.763  35.111 0.0000000000
81557  40.977  -11.120  34.172 0.0000000000
80434  40.447  -12.540  33.205 0.0000000000
75745  42.864  -16.287  31.761 0.0000000000
78134  42.727  -14.944  31.673 0.0000000000
76910  44.630  -15.583  32.009 0.0000000000
76909  45.907  -15.674  32.369 0.0000000000
54644  33.596  -34.321  45.922 0.0000000000
54659  35.101  -33.443  45.460 0.0000000000
87499  46.303  -4.982  31.855 0.0000000000
88644  46.936  -4.338  30.582 0.0000000000
87535  47.630  -4.874  28.726 0.0000000000
50802  22.364  -37.320  49.533 0.0000000000
48332  23.016  -38.734  51.494 0.0000000000
46944  17.049  -40.722  55.470 0.0000000000
46932  17.499  -40.936  56.340 0.0000000000
45634  16.826  -41.244  56.002 0.0000000000
44361  16.147  -41.531  55.702 0.0000000000
50747  14.781  -35.798  55.101 0.0000000000
49542  14.285  -37.749  53.193 0.0000000000
49510  13.588  -37.222  54.804 0.0000000000
48258  11.912  -39.379  55.537 0.0000000000
46960  12.645  -40.259  54.503 0.0000000000
45650  12.302  -41.326  54.956 0.0000000000
44378  13.498  -42.113  55.477 0.0000000000
44379  12.609  -42.205  55.507 0.0000000000
41694  12.984  -43.596  56.411 0.0000000000
44366  11.433  -42.173  56.274 0.0000000000
44324  10.309  -40.592  58.593 0.0000000000
43031  9.825  -41.174  58.150 0.0000000000
43052  9.449  -41.873  58.250 0.0000000000
44326  9.377  -41.488  58.962 0.0000000000
57173  31.933  -29.813  45.010 0.0000000000
57187  32.662  -30.252  43.430 0.0000000000
58541  31.704  -30.954  42.947 0.0000000000
55905  31.837  -32.484  42.975 0.0000000000
55906  30.986  -32.349  42.898 0.0000000000
54666  28.352  -33.053  45.390 0.0000000000
54665  29.223  -33.971  45.544 0.0000000000
54647  28.836  -34.156  46.964 0.0000000000
60921  25.575  -28.388  45.359 0.0000000000
60920  26.552  -28.413  44.852 0.0000000000
59729  25.550  -29.814  46.143 0.0000000000
58418  27.124  -31.442  48.758 0.0000000000
83936  48.002  -9.695  30.320 0.0000000000
83935  48.809  -10.148  30.371 0.0000000000
85129  48.733  -9.302  31.285 0.0000000000
73281  35.791  -18.380  36.163 0.0000000000
73325  36.510  -17.960  34.572 0.0000000000
72137  36.812  -19.313  34.922 0.0000000000
66071  34.927  -25.166  39.117 0.0000000000
67360  34.534  -23.975  37.732 0.0000000000
66090  35.806  -25.755  38.080 0.0000000000
67357  40.277  -23.963  38.314 0.0000000000
67374  39.028  -24.017  37.245 0.0000000000
68688  40.241  -22.437  37.491 0.0000000000
70965  39.386  -21.240  36.001 0.0000000000
70946  40.375  -21.187  36.778 0.0000000000
72086  41.242  -20.701  37.170 0.0000000000
57170  37.658  -31.401  45.395 0.0000000000
94278  60.209  -0.091  20.389 0.0000000000
90839  56.993  -3.488  22.993 0.0000000000
91923  57.390  -2.396  22.712 0.0000000000
90838  57.592  -3.957  22.731 0.0000000000
89826  59.053  -4.511  21.753 0.0000000000
89839  60.016  -4.890  20.502 0.0000000000
58400  21.333  -29.549  49.623 0.0000000000
57089  21.026  -31.207  48.885 0.0000000000
85217  53.084  -8.731  26.262 0.0000000000
84003  54.727  -9.390  27.371 0.0000000000
83989  52.276  -9.590  27.333 0.0000000000
63589  33.386  -26.543  43.514 0.0000000000
64868  32.986  -26.089  42.586 0.0000000000
62225  33.889  -27.310  42.241 0.0000000000
60956  35.540  -28.774  42.076 0.0000000000
60943  36.337  -28.572  43.170 0.0000000000
88640  51.633  -3.066  29.371 0.0000000000
88675  51.396  -3.910  28.012 0.0000000000
88689  51.181  -4.455  27.146 0.0000000000
89796  52.263  -4.399  25.696 0.0000000000
88709  53.260  -5.395  25.071 0.0000000000
87587  51.948  -5.884  25.553 0.0000000000
86409  52.899  -7.501  25.749 0.0000000000
87500  45.439  -5.538  31.574 0.0000000000
87520  44.579  -6.746  30.474 0.0000000000
87487  44.025  -6.499  32.308 0.0000000000
86322  42.579  -8.082  31.592 0.0000000000
83919  42.267  -9.413  31.538 0.0000000000
76895  40.272  -14.187  33.542 0.0000000000
78135  41.053  -13.938  32.374 0.0000000000
75747  40.761  -15.958  31.809 0.0000000000
74548  42.457  -17.191  32.118 0.0000000000
74531  43.803  -18.079  32.630 0.0000000000
72179  43.428  -19.208  33.371 0.0000000000
72131  43.719  -20.515  35.511 0.0000000000
53318  33.317  -34.929  48.370 0.0000000000
49564  20.761  -37.792  50.661 0.0000000000
49549  21.666  -38.820  51.653 0.0000000000
49551  20.206  -38.270  51.554 0.0000000000
48296  20.319  -39.394  52.936 0.0000000000
48275  19.795  -40.091  53.687 0.0000000000
46977  16.718  -40.016  53.743 0.0000000000
46978  15.628  -40.139  53.616 0.0000000000
49496  13.302  -36.719  55.985 0.0000000000
48219  11.805  -37.687  57.335 0.0000000000
46946  11.466  -39.379  56.217 0.0000000000
44348  11.215  -41.338  56.345 0.0000000000
45621  10.531  -40.253  56.974 0.0000000000
45606  11.052  -39.593  58.515 0.0000000000
45577  11.031  -39.877  60.067 0.0000000000
57190  30.348  -30.576  44.268 0.0000000000
57205  29.988  -31.292  43.518 0.0000000000
57191  29.520  -31.086  44.033 0.0000000000
57192  28.910  -31.235  44.480 0.0000000000
57177  28.475  -31.343  45.147 0.0000000000
57158  24.693  -31.176  46.852 0.0000000000
58461  25.669  -30.550  47.426 0.0000000000
58444  25.794  -31.913  48.185 0.0000000000
82718  48.070  -10.802  31.590 0.0000000000
70949  34.519  -20.860  37.198 0.0000000000
66050  38.552  -25.784  40.218 0.0000000000
66068  38.431  -26.007  39.089 0.0000000000
66049  39.531  -25.769  40.396 0.0000000000
66048  40.656  -25.399  39.842 0.0000000000
95327  58.939  0.287  22.758 0.0000000000
40338  7.636  -43.256  58.564 0.0000000000
80420  43.037  -11.650  35.757 0.0000000000
79285  41.948  -12.790  35.612 0.0000000000
76876  40.818  -13.966  34.597 0.0000000000
75731  39.416  -15.311  33.270 0.0000000000
75749  38.995  -16.202  32.858 0.0000000000
74533  38.905  -18.090  33.076 0.0000000000
53308  24.875  -34.928  48.993 0.0000000000
52012  25.107  -35.984  50.328 0.0000000000
53309  24.261  -35.148  48.515 0.0000000000
50815  22.992  -36.769  48.846 0.0000000000
52024  21.257  -36.086  48.697 0.0000000000
54601  20.791  -33.525  48.646 0.0000000000
52013  20.417  -35.746  49.126 0.0000000000
50804  20.139  -36.473  49.631 0.0000000000
50805  19.477  -36.194  50.050 0.0000000000
52001  18.461  -35.364  50.658 0.0000000000
53277  17.440  -34.725  51.534 0.0000000000
62189  28.542  -27.083  45.582 0.0000000000
63536  27.809  -26.336  46.310 0.0000000000
63538  25.771  -26.429  45.967 0.0000000000
62178  24.545  -27.414  45.802 0.0000000000
62150  23.825  -27.097  47.769 0.0000000000
60889  23.187  -27.812  47.123 0.0000000000
59731  23.574  -29.960  46.291 0.0000000000
57159  24.269  -31.193  46.617 0.0000000000
55843  24.754  -32.998  47.424 0.0000000000
68599  33.349  -21.752  42.715 0.0000000000
68630  33.424  -22.427  40.740 0.0000000000
67315  32.681  -22.908  41.153 0.0000000000
66035  33.274  -24.429  40.740 0.0000000000
66053  35.198  -25.204  40.088 0.0000000000
64866  33.985  -25.794  41.711 0.0000000000
64882  35.475  -25.477  41.291 0.0000000000
66032  36.680  -25.450  41.059 0.0000000000
66016  37.790  -25.513  42.127 0.0000000000
64820  38.603  -25.957  43.828 0.0000000000
91912  55.537  -1.751  24.280 0.0000000000
90840  56.122  -3.273  23.593 0.0000000000
89819  55.701  -4.218  23.589 0.0000000000
88721  53.984  -5.496  24.517 0.0000000000
88719  55.556  -5.675  24.120 0.0000000000
86373  48.641  -7.248  27.666 0.0000000000
85184  48.995  -8.292  27.766 0.0000000000
85185  47.964  -8.183  27.856 0.0000000000
85164  46.552  -8.827  28.354 0.0000000000
83937  46.582  -10.069  29.916 0.0000000000
86359  44.424  -7.825  29.831 0.0000000000
83938  45.305  -9.717  30.080 0.0000000000
82729  46.280  -10.691  30.567 0.0000000000
81585  46.706  -11.431  31.068 0.0000000000
80443  46.894  -12.952  31.415 0.0000000000
83876  41.980  -9.261  34.507 0.0000000000
82719  41.392  -10.284  32.546 0.0000000000
81589  41.994  -11.295  31.735 0.0000000000
79327  41.576  -13.395  31.772 0.0000000000
79326  42.625  -13.368  31.297 0.0000000000
79325  43.667  -13.238  31.116 0.0000000000
78151  44.954  -13.707  31.389 0.0000000000
55892  34.086  -32.467  44.045 0.0000000000
57185  35.427  -31.451  43.669 0.0000000000
55882  34.808  -32.898  44.782 0.0000000000
54641  36.558  -33.510  46.343 0.0000000000
88678  48.641  -4.537  28.991 0.0000000000
87555  48.426  -5.668  27.992 0.0000000000
52004  16.459  -35.335  51.921 0.0000000000
51984  16.048  -35.325  53.305 0.0000000000
50776  15.789  -36.282  52.464 0.0000000000
49556  15.578  -37.791  52.334 0.0000000000
46994  15.168  -39.402  53.195 0.0000000000
46979  14.509  -39.786  53.536 0.0000000000
48278  13.357  -38.681  53.989 0.0000000000
46980  13.531  -40.219  53.854 0.0000000000
45648  14.581  -41.050  54.746 0.0000000000
44377  14.578  -41.867  55.268 0.0000000000
43090  14.557  -42.903  56.638 0.0000000000
40364  11.541  -44.195  57.022 0.0000000000
43073  11.218  -42.567  56.743 0.0000000000
41681  11.252  -43.390  56.796 0.0000000000
41667  10.806  -43.793  57.222 0.0000000000
40347  10.586  -44.492  57.676 0.0000000000
40348  9.427  -43.850  58.020 0.0000000000
40336  8.610  -43.210  58.005 0.0000000000
43015  9.171  -41.404  59.831 0.0000000000
41655  8.754  -42.139  58.843 0.0000000000
40337  8.038  -43.165  58.341 0.0000000000
58556  33.161  -30.099  42.252 0.0000000000
58540  33.152  -29.966  43.215 0.0000000000
57201  33.094  -31.090  42.777 0.0000000000
55893  33.158  -32.730  43.677 0.0000000000
54672  32.746  -33.304  44.274 0.0000000000
54646  32.007  -34.520  45.420 0.0000000000
54685  30.498  -32.929  43.580 0.0000000000
53355  31.038  -34.793  45.574 0.0000000000
53346  31.901  -35.237  46.094 0.0000000000
60919  27.585  -28.498  44.895 0.0000000000
58505  27.838  -30.535  45.548 0.0000000000
57157  27.731  -31.330  46.531 0.0000000000
59713  26.456  -30.468  47.448 0.0000000000
58459  27.434  -31.001  47.604 0.0000000000
55857  27.633  -32.659  47.333 0.0000000000
83951  49.470  -10.012  29.292 0.0000000000
75688  36.957  -15.805  35.270 0.0000000000
74513  37.900  -17.872  33.958 0.0000000000
73323  38.534  -19.048  33.977 0.0000000000
68661  33.696  -21.912  38.749 0.0000000000
68692  34.574  -22.510  37.320 0.0000000000
69884  35.472  -21.822  36.435 0.0000000000
66103  37.523  -25.430  36.976 0.0000000000
68711  37.322  -23.121  35.793 0.0000000000
69911  36.447  -21.761  35.548 0.0000000000
71023  37.840  -20.307  34.784 0.0000000000
72135  38.813  -20.277  34.585 0.0000000000
71040  39.719  -20.314  33.995 0.0000000000
72133  41.229  -20.556  35.561 0.0000000000
58518  36.250  -30.488  43.580 0.0000000000
58517  37.019  -30.313  44.373 0.0000000000
59752  38.043  -28.964  44.680 0.0000000000
59723  38.593  -29.320  45.931 0.0000000000
60914  38.186  -27.828  45.004 0.0000000000
96409  62.408  0.832  19.557 0.0000000000
94269  58.154  -0.635  22.643 0.0000000000
94280  59.079  -0.499  21.558 0.0000000000
90850  58.265  -3.644  22.273 0.0000000000
91925  59.135  -2.663  21.292 0.0000000000
93128  59.844  -1.547  20.632 0.0000000000
93127  60.276  -1.322  20.143 0.0000000000
91942  60.963  -2.710  19.465 0.0000000000
85204  50.180  -8.224  27.435 0.0000000000
85205  49.636  -8.181  27.631 0.0000000000
57227  33.995  -30.584  41.668 0.0000000000
58555  34.442  -30.425  41.680 0.0000000000
57215  34.466  -30.924  41.907 0.0000000000
86387  50.628  -7.422  26.865 0.0000000000
40349  8.704  -44.239  58.238 0.0000000000
73362  39.892  -18.380  32.455 0.0000000000
73346  40.687  -19.311  32.842 0.0000000000
49567  17.484  -37.593  50.845 0.0000000000
49554  17.037  -38.192  51.531 0.0000000000
59740  29.574  -28.928  45.189 0.0000000000
60917  29.341  -28.235  45.852 0.0000000000
54584  25.687  -33.963  50.627 0.0000000000
68628  34.881  -21.916  41.368 0.0000000000
55844  21.488  -32.506  47.632 0.0000000000
57113  21.097  -31.658  48.018 0.0000000000
58422  21.976  -30.065  48.829 0.0000000000
59702  22.006  -29.409  48.013 0.0000000000
58445  22.128  -30.246  48.076 0.0000000000
55861  22.337  -32.420  46.917 0.0000000000
62211  36.660  -27.638  43.480 0.0000000000
90818  53.070  -3.298  26.576 0.0000000000
90824  53.520  -3.372  25.455 0.0000000000
90832  53.506  -4.008  24.888 0.0000000000
85228  54.400  -8.698  25.772 0.0000000000
85227  55.615  -8.364  25.517 0.0000000000
39090  12.401  -45.513  58.790 0.0000000000
87518  45.974  -5.059  30.267 0.0000000000
82732  42.725  -10.462  31.054 0.0000000000
81587  44.563  -11.442  30.836 0.0000000000
80422  40.913  -12.391  34.675 0.0000000000
81547  40.787  -11.904  34.328 0.0000000000
79297  40.373  -12.985  33.553 0.0000000000
75744  43.976  -16.437  32.147 0.0000000000
53344  33.596  -35.010  46.371 0.0000000000
54630  34.084  -34.949  46.450 0.0000000000
88631  46.756  -4.421  31.172 0.0000000000
49576  22.613  -37.803  50.361 0.0000000000
49563  22.040  -38.471  51.010 0.0000000000
46958  16.297  -40.378  54.611 0.0000000000
45646  16.324  -41.033  55.230 0.0000000000
44375  15.869  -41.253  55.178 0.0000000000
49509  14.307  -36.676  54.493 0.0000000000
46961  11.765  -39.986  55.137 0.0000000000
44365  11.767  -41.825  55.682 0.0000000000
43092  12.283  -42.741  55.913 0.0000000000
43013  9.838  -40.854  58.954 0.0000000000
43032  9.528  -41.294  58.868 0.0000000000
43014  9.495  -40.976  59.564 0.0000000000
58523  31.647  -30.577  43.195 0.0000000000
58542  31.496  -30.798  43.054 0.0000000000
57203  31.331  -31.385  42.741 0.0000000000
57218  30.856  -31.604  42.781 0.0000000000
54648  28.187  -33.501  46.452 0.0000000000
54631  28.516  -34.487  47.520 0.0000000000
54632  27.896  -34.086  47.682 0.0000000000
59744  25.123  -29.113  45.569 0.0000000000
59743  26.054  -29.290  45.543 0.0000000000
85149  48.545  -9.371  30.752 0.0000000000
85130  48.427  -9.521  30.819 0.0000000000
70948  34.921  -19.959  36.956 0.0000000000
72108  35.379  -19.179  36.512 0.0000000000
72138  35.938  -19.486  35.430 0.0000000000
66070  35.873  -26.073  39.180 0.0000000000
64906  35.983  -26.282  38.497 0.0000000000
68657  41.183  -23.442  38.830 0.0000000000
68675  40.185  -23.671  37.746 0.0000000000
69865  39.907  -21.897  37.198 0.0000000000
69864  40.710  -21.953  37.414 0.0000000000
70932  41.229  -21.259  37.496 0.0000000000
96372  60.434  1.100  21.838 0.0000000000
96386  60.875  1.182  21.177 0.0000000000
96387  60.368  0.882  21.291 0.0000000000
59677  21.618  -28.709  50.245 0.0000000000
58378  21.233  -29.461  50.707 0.0000000000
60859  21.932  -28.137  49.765 0.0000000000
84006  52.544  -9.028  26.584 0.0000000000
84005  53.286  -9.358  26.683 0.0000000000
83969  51.396  -9.928  28.306 0.0000000000
62213  33.626  -27.403  42.795 0.0000000000
59784  35.404  -29.647  41.962 0.0000000000
60971  35.060  -28.972  41.556 0.0000000000
59783  35.759  -29.360  42.435 0.0000000000
60944  35.787  -28.347  42.585 0.0000000000
59768  36.076  -29.560  43.018 0.0000000000
88676  50.363  -4.103  28.332 0.0000000000
88702  50.680  -5.159  26.779 0.0000000000
88701  51.206  -4.940  26.369 0.0000000000
89797  51.782  -4.444  26.174 0.0000000000
88711  51.678  -5.091  25.700 0.0000000000
87577  51.424  -6.022  26.138 0.0000000000
86385  51.812  -8.047  26.795 0.0000000000
86397  51.982  -7.764  26.402 0.0000000000
85230  52.999  -8.245  26.036 0.0000000000
87486  44.791  -5.806  32.561 0.0000000000
86283  42.686  -7.589  33.745 0.0000000000
86300  43.408  -7.182  32.647 0.0000000000
86301  42.580  -7.773  32.445 0.0000000000
85113  42.164  -8.541  32.133 0.0000000000
83902  41.769  -9.178  32.577 0.0000000000
75730  39.962  -14.996  32.788 0.0000000000
76913  40.595  -14.642  32.431 0.0000000000
74532  42.987  -17.900  32.397 0.0000000000
73343  44.020  -18.793  33.338 0.0000000000
73344  43.048  -18.764  32.776 0.0000000000
72158  42.586  -20.000  34.494 0.0000000000
72105  42.960  -20.760  36.673 0.0000000000
87485  45.712  -5.378  32.799 0.0000000000
49539  19.162  -39.175  51.660 0.0000000000
49538  19.937  -39.038  51.925 0.0000000000
48297  19.560  -39.634  52.570 0.0000000000
48276  18.920  -40.244  53.099 0.0000000000
46975  19.013  -40.232  54.097 0.0000000000
47003  16.902  -39.098  52.561 0.0000000000
46992  17.074  -39.666  52.801 0.0000000000
46945  11.647  -38.574  57.074 0.0000000000
46934  11.198  -39.092  57.579 0.0000000000
45592  11.316  -39.626  59.569 0.0000000000
57176  30.396  -30.008  46.164 0.0000000000
57175  30.549  -30.086  45.596 0.0000000000
58503  30.180  -30.318  44.854 0.0000000000
58524  29.852  -30.510  44.533 0.0000000000
59759  28.854  -30.010  44.576 0.0000000000
58525  29.268  -30.410  44.463 0.0000000000
58526  28.535  -30.505  44.681 0.0000000000
57135  24.784  -31.876  47.122 0.0000000000
58462  25.187  -31.012  47.340 0.0000000000
70935  35.127  -20.067  38.300 0.0000000000
70936  34.770  -20.834  37.969 0.0000000000
66030  38.579  -25.780  41.281 0.0000000000
66029  39.064  -25.870  41.010 0.0000000000
64893  40.905  -26.006  40.253 0.0000000000
66047  41.523  -25.453  40.122 0.0000000000
79264  42.313  -12.495  35.810 0.0000000000
75711  40.161  -14.293  34.236 0.0000000000
75713  38.464  -15.401  34.183 0.0000000000
75732  38.867  -15.703  33.517 0.0000000000
75750  38.715  -16.217  33.187 0.0000000000
74552  38.622  -16.662  32.962 0.0000000000
74534  38.340  -17.296  33.266 0.0000000000
53324  24.529  -34.578  48.411 0.0000000000
53325  23.589  -34.699  47.745 0.0000000000
52032  22.639  -35.480  47.817 0.0000000000
52023  22.060  -35.927  48.018 0.0000000000
50816  22.018  -36.501  49.019 0.0000000000
57064  20.156  -31.086  49.953 0.0000000000
55831  20.526  -32.363  49.101 0.0000000000
52014  19.527  -35.461  49.702 0.0000000000
53295  18.602  -34.867  50.593 0.0000000000
52002  17.893  -35.639  51.019 0.0000000000
62176  28.209  -26.417  46.903 0.0000000000
63517  27.929  -26.006  46.953 0.0000000000
63519  25.868  -25.900  46.879 0.0000000000
62163  25.015  -26.637  46.438 0.0000000000
62164  24.088  -27.161  46.745 0.0000000000
60891  22.748  -29.483  47.134 0.0000000000
60890  22.874  -29.067  46.668 0.0000000000
60905  23.565  -29.302  46.035 0.0000000000
58487  23.644  -30.684  46.499 0.0000000000
54649  23.448  -33.138  46.652 0.0000000000
55859  23.991  -32.598  46.642 0.0000000000
54633  24.056  -33.501  47.037 0.0000000000
54616  24.598  -33.984  47.814 0.0000000000
68576  32.593  -22.145  43.684 0.0000000000
68600  32.447  -22.163  42.213 0.0000000000
66020  32.853  -24.655  41.728 0.0000000000
67305  32.819  -23.893  41.198 0.0000000000
66034  34.243  -24.917  40.860 0.0000000000
63602  33.812  -26.573  42.045 0.0000000000
63599  36.678  -26.341  42.294 0.0000000000
64865  35.310  -25.740  41.648 0.0000000000
64864  36.433  -25.889  41.736 0.0000000000
64881  35.843  -25.752  41.151 0.0000000000
66017  37.183  -25.632  41.650 0.0000000000
65983  38.301  -26.257  43.338 0.0000000000
88653  52.466  -3.174  28.542 0.0000000000
93093  55.707  -1.316  25.199 0.0000000000
90829  55.432  -2.619  24.197 0.0000000000
90841  55.303  -3.555  23.819 0.0000000000
86421  55.211  -7.093  24.547 0.0000000000
87595  55.059  -6.315  24.515 0.0000000000
86374  47.663  -7.116  28.231 0.0000000000
85187  46.179  -8.102  27.962 0.0000000000
83953  47.311  -9.560  28.986 0.0000000000
83954  45.995  -9.427  29.054 0.0000000000
87521  44.192  -6.951  30.667 0.0000000000
86343  44.529  -7.090  30.186 0.0000000000
86344  44.120  -7.327  30.482 0.0000000000
83916  44.993  -9.966  30.504 0.0000000000
82746  45.634  -10.342  30.336 0.0000000000
82745  45.920  -10.300  30.144 0.0000000000
80455  46.442  -12.441  31.048 0.0000000000
83875  42.662  -9.284  35.108 0.0000000000
81572  41.045  -11.320  32.685 0.0000000000
82705  41.107  -10.653  33.281 0.0000000000
82720  41.175  -10.750  32.829 0.0000000000
81571  41.506  -10.971  32.370 0.0000000000
78155  41.658  -14.206  31.853 0.0000000000
78153  43.357  -14.164  31.233 0.0000000000
80458  42.958  -12.364  31.298 0.0000000000
79324  44.630  -13.146  31.214 0.0000000000
78152  44.347  -13.954  31.221 0.0000000000
54642  35.489  -33.879  46.339 0.0000000000
88657  49.528  -3.874  30.199 0.0000000000
50813  24.849  -36.399  49.550 0.0000000000
52000  25.179  -35.949  51.448 0.0000000000
50785  24.676  -36.986  50.888 0.0000000000
48316  21.359  -39.202  51.984 0.0000000000
46942  18.763  -40.374  56.045 0.0000000000
51991  16.773  -34.787  52.232 0.0000000000
50759  15.462  -35.286  54.512 0.0000000000
51976  15.773  -35.180  53.873 0.0000000000
50767  15.400  -35.654  53.451 0.0000000000
50777  15.478  -37.203  52.459 0.0000000000
48256  12.835  -37.854  55.406 0.0000000000
48279  12.769  -39.561  54.096 0.0000000000
45666  14.050  -40.828  54.209 0.0000000000
44364  13.948  -42.393  56.185 0.0000000000
40376  13.034  -44.373  56.788 0.0000000000
40377  12.437  -44.066  56.587 0.0000000000
40363  12.366  -44.539  57.129 0.0000000000
41680  11.858  -44.022  56.685 0.0000000000
44349  10.958  -41.519  57.030 0.0000000000
41668  9.880  -43.138  57.645 0.0000000000
43053  9.163  -41.930  58.769 0.0000000000
41669  9.118  -42.460  58.271 0.0000000000
40335  8.949  -43.286  57.876 0.0000000000
41654  8.906  -42.885  57.980 0.0000000000
42994  9.353  -40.871  60.195 0.0000000000
42995  9.136  -41.202  60.656 0.0000000000
43016  8.969  -41.921  59.911 0.0000000000
41642  8.292  -42.024  60.156 0.0000000000
59770  33.798  -29.369  42.913 0.0000000000
55903  33.460  -32.124  43.105 0.0000000000
55904  32.700  -32.219  42.888 0.0000000000
55894  32.461  -32.849  43.554 0.0000000000
54662  32.311  -33.875  44.956 0.0000000000
55908  29.614  -31.911  43.690 0.0000000000
54686  29.753  -32.654  43.822 0.0000000000
53356  30.185  -34.639  45.799 0.0000000000
54664  30.399  -34.324  44.918 0.0000000000
53334  31.316  -35.063  47.344 0.0000000000
63555  28.071  -26.477  45.335 0.0000000000
62190  27.717  -27.485  45.034 0.0000000000
62204  27.440  -27.990  44.752 0.0000000000
59727  27.092  -30.060  46.165 0.0000000000
59742  27.169  -29.544  45.517 0.0000000000
58506  27.325  -30.193  45.948 0.0000000000
58482  27.711  -31.025  46.135 0.0000000000
58443  25.955  -30.866  48.418 0.0000000000
59700  26.047  -30.431  47.697 0.0000000000
59699  26.299  -30.585  47.984 0.0000000000
57085  27.503  -31.874  49.246 0.0000000000
58441  27.276  -30.955  48.189 0.0000000000
57109  27.741  -32.210  48.819 0.0000000000
55858  27.593  -32.015  47.769 0.0000000000
83971  49.183  -9.349  28.414 0.0000000000
74514  36.933  -17.453  34.316 0.0000000000
68645  33.965  -22.557  40.244 0.0000000000
68644  33.861  -21.980  40.016 0.0000000000
67342  33.908  -22.775  39.350 0.0000000000
66106  34.886  -24.250  37.312 0.0000000000
67377  34.563  -23.644  37.262 0.0000000000
67397  34.969  -23.542  36.673 0.0000000000
68713  35.388  -22.859  36.528 0.0000000000
66088  38.227  -25.823  37.716 0.0000000000
67359  38.828  -24.778  37.587 0.0000000000
68710  38.422  -22.862  36.140 0.0000000000
67394  37.705  -23.562  36.310 0.0000000000
68729  37.491  -22.346  35.624 0.0000000000
68730  36.891  -22.542  35.612 0.0000000000
69910  37.644  -21.536  35.439 0.0000000000
69909  38.387  -21.771  35.697 0.0000000000
72136  38.668  -20.409  34.815 0.0000000000
70994  39.264  -20.506  35.032 0.0000000000
72161  39.117  -19.947  34.126 0.0000000000
70993  40.013  -20.508  35.050 0.0000000000
72160  40.522  -20.465  34.754 0.0000000000
72134  40.518  -20.532  35.506 0.0000000000
72106  41.857  -20.602  36.687 0.0000000000
55890  35.934  -32.196  44.495 0.0000000000
57184  36.772  -31.497  44.481 0.0000000000
57183  37.454  -30.898  44.690 0.0000000000
58499  37.550  -30.188  45.125 0.0000000000
59753  37.434  -29.312  44.467 0.0000000000
59724  38.005  -29.647  45.509 0.0000000000
60913  38.484  -28.272  45.569 0.0000000000
62186  38.232  -27.184  45.635 0.0000000000
95350  61.285  0.583  20.217 0.0000000000
96398  62.155  1.063  19.906 0.0000000000
94289  61.326  0.114  19.566 0.0000000000
93138  61.361  -1.454  19.179 0.0000000000
94260  56.482  -0.738  24.076 0.0000000000
93106  57.631  -1.454  22.785 0.0000000000
93105  58.024  -1.669  22.139 0.0000000000
94281  58.486  -0.859  21.967 0.0000000000
93116  58.662  -1.381  21.624 0.0000000000
90857  59.257  -3.599  21.317 0.0000000000
93115  59.346  -1.513  21.099 0.0000000000
91934  59.655  -2.440  20.666 0.0000000000
83970  50.207  -9.791  28.155 0.0000000000
59785  33.592  -29.228  42.041 0.0000000000
60973  33.950  -28.828  41.492 0.0000000000
59801  34.259  -29.557  41.474 0.0000000000
58554  34.903  -30.307  41.809 0.0000000000
58539  35.462  -30.441  42.344 0.0000000000
87554  49.217  -5.306  27.914 0.0000000000
86399  50.878  -6.516  26.511 0.0000000000
86386  51.433  -7.925  26.726 0.0000000000
87470  44.404  -6.446  33.524 0.0000000000
86281  43.943  -6.782  33.828 0.0000000000
86265  42.843  -7.978  34.496 0.0000000000
73345  41.933  -19.188  32.600 0.0000000000
72159  41.423  -20.253  34.615 0.0000000000
49566  18.576  -37.720  50.706 0.0000000000
48317  18.158  -38.982  52.186 0.0000000000
48299  17.799  -39.385  52.586 0.0000000000
48318  17.550  -38.739  52.174 0.0000000000
47004  16.510  -39.125  52.518 0.0000000000
46916  11.418  -38.864  58.532 0.0000000000
57087  25.854  -32.777  48.828 0.0000000000
55817  25.261  -33.085  49.678 0.0000000000
68660  34.003  -20.875  39.461 0.0000000000
64861  39.364  -26.437  42.192 0.0000000000
64878  39.967  -26.190  41.396 0.0000000000
64860  40.244  -26.265  42.179 0.0000000000
75685  40.247  -14.475  35.147 0.0000000000
54634  23.270  -33.731  47.015 0.0000000000
53339  22.960  -34.281  47.128 0.0000000000
54635  22.354  -33.474  47.129 0.0000000000
53327  21.336  -33.961  48.100 0.0000000000
55818  19.829  -32.073  50.282 0.0000000000
54569  19.624  -32.714  50.492 0.0000000000
54586  19.535  -33.524  50.170 0.0000000000
60868  21.919  -27.799  48.979 0.0000000000
60877  22.881  -27.281  48.219 0.0000000000
59716  22.567  -29.686  47.436 0.0000000000
58463  23.040  -30.742  46.801 0.0000000000
57137  22.603  -31.345  46.837 0.0000000000
55873  22.640  -32.877  46.748 0.0000000000
67296  31.882  -22.907  42.742 0.0000000000
66005  31.857  -23.927  42.988 0.0000000000
63588  35.773  -27.030  42.413 0.0000000000
63587  36.668  -26.856  42.854 0.0000000000
63586  37.048  -26.463  42.541 0.0000000000
64845  37.583  -26.501  42.855 0.0000000000
64822  37.469  -26.675  43.619 0.0000000000
63552  37.786  -26.406  44.954 0.0000000000
89778  52.412  -3.660  27.467 0.0000000000
90815  53.184  -2.713  27.606 0.0000000000
90822  54.983  -2.501  24.657 0.0000000000
90823  54.329  -2.855  24.955 0.0000000000
86420  55.902  -7.659  24.687 0.0000000000
86406  55.524  -7.877  25.173 0.0000000000
87557  46.479  -6.212  28.798 0.0000000000
86357  45.671  -7.196  29.038 0.0000000000
85152  43.581  -8.366  30.551 0.0000000000
85151  44.080  -8.289  30.203 0.0000000000
83940  43.634  -8.761  30.456 0.0000000000
83917  44.484  -9.902  30.463 0.0000000000
81556  41.979  -10.996  35.459 0.0000000000
81558  40.611  -11.874  33.527 0.0000000000
81573  40.574  -12.152  32.820 0.0000000000
75759  42.576  -15.754  31.614 0.0000000000
76926  42.451  -15.262  31.572 0.0000000000
76925  42.862  -15.631  31.711 0.0000000000
76911  43.490  -15.543  31.850 0.0000000000
54660  34.141  -33.505  45.063 0.0000000000
54643  34.490  -33.962  46.200 0.0000000000
88618  47.244  -4.542  32.178 0.0000000000
88630  47.629  -4.140  31.277 0.0000000000
88643  48.122  -4.083  30.166 0.0000000000
88658  48.286  -4.411  29.719 0.0000000000
87517  47.254  -4.790  29.303 0.0000000000
50801  23.695  -37.426  50.015 0.0000000000
50786  24.195  -37.744  50.946 0.0000000000
49562  23.313  -38.011  51.110 0.0000000000
46957  17.433  -40.453  54.697 0.0000000000
45635  16.486  -41.585  56.452 0.0000000000
44362  15.609  -41.956  56.365 0.0000000000
50760  14.630  -35.964  53.914 0.0000000000
49526  14.546  -37.081  53.548 0.0000000000
49527  14.181  -37.704  53.932 0.0000000000
48240  11.907  -39.027  55.716 0.0000000000
43105  13.075  -42.412  55.695 0.0000000000
43091  13.363  -42.718  56.155 0.0000000000
43093  11.496  -42.862  56.162 0.0000000000
45607  10.569  -40.312  58.058 0.0000000000
44333  10.402  -41.037  57.662 0.0000000000
44334  9.351  -41.665  58.645 0.0000000000
43033  9.257  -41.592  59.240 0.0000000000
41627  7.906  -41.936  60.579 0.0000000000
57188  31.998  -30.222  43.584 0.0000000000
54684  31.220  -33.014  43.467 0.0000000000
54676  28.988  -32.862  44.477 0.0000000000
53348  29.710  -34.605  46.644 0.0000000000
53335  30.194  -34.987  47.471 0.0000000000
53336  29.080  -34.857  47.599 0.0000000000
62192  25.883  -27.466  45.256 0.0000000000
59728  26.547  -29.994  46.486 0.0000000000
58397  27.168  -31.717  49.711 0.0000000000
83952  48.490  -9.653  29.289 0.0000000000
85148  48.782  -9.285  30.766 0.0000000000
73263  35.698  -17.873  36.626 0.0000000000
74476  35.932  -17.577  36.421 0.0000000000
75690  36.139  -17.133  35.670 0.0000000000
74475  36.090  -17.654  36.028 0.0000000000
73302  36.315  -18.502  35.089 0.0000000000
66072  33.932  -24.590  39.154 0.0000000000
66092  33.706  -24.098  38.647 0.0000000000
66091  34.522  -24.642  38.090 0.0000000000
66105  35.461  -24.872  37.205 0.0000000000
67341  40.126  -24.720  38.698 0.0000000000
67358  39.637  -24.433  37.939 0.0000000000
68689  39.527  -22.991  37.229 0.0000000000
68709  39.075  -22.419  36.538 0.0000000000
69882  38.884  -21.904  36.173 0.0000000000
69881  39.403  -21.954  36.669 0.0000000000
70947  39.745  -21.516  36.687 0.0000000000
72107  40.845  -20.616  36.283 0.0000000000
55866  37.083  -32.712  46.082 0.0000000000
57171  37.084  -31.968  45.197 0.0000000000
55879  37.280  -32.246  45.605 0.0000000000
57149  38.496  -31.405  46.441 0.0000000000
95337  61.091  0.997  20.650 0.0000000000
94290  60.570  -0.147  19.947 0.0000000000
91918  56.693  -2.566  23.234 0.0000000000
93101  56.929  -1.600  23.239 0.0000000000
89832  59.471  -4.663  21.214 0.0000000000
57088  21.543  -30.668  48.703 0.0000000000
58423  21.371  -30.355  49.207 0.0000000000
58401  20.761  -30.208  49.809 0.0000000000
60869  21.769  -28.208  49.316 0.0000000000
59687  21.619  -28.719  49.119 0.0000000000
84018  53.625  -8.958  26.098 0.0000000000
84004  54.201  -9.429  26.977 0.0000000000
83988  53.394  -9.664  27.702 0.0000000000
83968  52.524  -9.765  28.529 0.0000000000
64848  32.812  -26.036  42.828 0.0000000000
63603  33.305  -26.510  42.665 0.0000000000
62224  34.373  -27.404  41.918 0.0000000000
62236  34.596  -28.315  41.544 0.0000000000
62223  35.297  -27.796  42.065 0.0000000000
60931  36.905  -28.429  44.014 0.0000000000
88655  51.112  -3.392  28.843 0.0000000000
89779  51.895  -4.098  27.633 0.0000000000
89788  51.801  -4.258  26.885 0.0000000000
89795  53.032  -4.398  25.241 0.0000000000
88710  52.448  -5.215  25.399 0.0000000000
87586  52.676  -6.219  25.401 0.0000000000
87576  51.977  -6.799  25.824 0.0000000000
85229  53.464  -8.358  25.799 0.0000000000
39109  11.427  -45.580  57.979 0.0000000000
87501  44.669  -6.213  31.419 0.0000000000
87503  43.613  -7.028  31.368 0.0000000000
87488  43.617  -6.930  31.734 0.0000000000
86321  43.333  -7.395  31.330 0.0000000000
85131  42.998  -8.480  30.905 0.0000000000
78116  40.538  -13.940  33.121 0.0000000000
78136  40.592  -13.663  32.881 0.0000000000
75761  41.550  -15.811  31.585 0.0000000000
75746  41.858  -16.429  31.679 0.0000000000
75760  42.129  -15.780  31.516 0.0000000000
74547  43.423  -17.227  32.234 0.0000000000
72156  44.617  -19.444  34.160 0.0000000000
72157  43.804  -19.562  34.117 0.0000000000
72130  44.790  -19.801  34.887 0.0000000000
53333  32.466  -34.904  47.285 0.0000000000
49578  21.008  -37.488  49.967 0.0000000000
49550  21.067  -38.609  51.496 0.0000000000
49537  20.579  -39.203  52.039 0.0000000000
46956  18.650  -40.395  54.936 0.0000000000
46991  17.722  -39.963  52.838 0.0000000000
46976  17.950  -40.286  53.610 0.0000000000
46959  15.632  -40.407  54.221 0.0000000000
48238  12.390  -37.095  56.545 0.0000000000
48239  11.625  -38.194  55.986 0.0000000000
45593  10.916  -40.189  59.100 0.0000000000
57174  31.140  -30.156  45.274 0.0000000000
57204  30.601  -31.196  43.156 0.0000000000
55895  29.103  -31.937  44.142 0.0000000000
55896  28.820  -32.050  44.801 0.0000000000
55883  28.396  -32.195  45.394 0.0000000000
58485  25.238  -30.391  46.634 0.0000000000
58421  26.281  -32.362  48.817 0.0000000000
58420  26.569  -32.012  49.276 0.0000000000
70968  35.076  -20.785  36.291 0.0000000000
66051  37.506  -25.828  40.209 0.0000000000
66069  37.189  -26.524  39.081 0.0000000000
66067  39.555  -25.663  39.000 0.0000000000
64894  40.292  -26.006  40.613 0.0000000000
66066  40.206  -25.256  39.327 0.0000000000
67340  40.670  -24.191  39.087 0.0000000000
67339  41.421  -23.784  39.360 0.0000000000
89804  57.287  -5.252  23.020 0.0000000000
40350  8.022  -44.248  58.339 0.0000000000
81554  43.847  -10.797  35.216 0.0000000000
80432  42.674  -11.241  35.566 0.0000000000
80421  42.283  -11.662  35.766 0.0000000000
80401  41.378  -12.299  35.254 0.0000000000
79286  41.090  -12.869  34.974 0.0000000000
78102  41.392  -13.463  35.069 0.0000000000
78103  40.491  -13.574  34.200 0.0000000000
74551  39.155  -17.331  32.583 0.0000000000
73363  39.295  -18.261  32.829 0.0000000000
53292  25.497  -35.100  49.876 0.0000000000
52021  24.724  -35.750  49.161 0.0000000000
50814  24.148  -36.597  49.197 0.0000000000
52031  22.967  -35.263  47.687 0.0000000000
52022  23.447  -35.732  48.344 0.0000000000
50803  21.216  -36.787  49.548 0.0000000000
55845  20.761  -32.149  48.230 0.0000000000
54619  21.158  -33.028  48.290 0.0000000000
53311  20.936  -34.833  48.389 0.0000000000
50787  20.591  -37.189  49.929 0.0000000000
50788  19.858  -37.078  50.122 0.0000000000
52015  18.989  -35.444  50.319 0.0000000000
50789  18.867  -36.485  50.517 0.0000000000
50791  17.084  -36.396  50.936 0.0000000000
60903  29.103  -27.500  46.042 0.0000000000
62175  28.721  -26.656  46.385 0.0000000000
63556  27.222  -26.671  45.463 0.0000000000
63518  27.198  -25.975  47.325 0.0000000000
63537  26.685  -26.356  46.262 0.0000000000
63557  26.323  -26.748  45.475 0.0000000000
62177  25.279  -26.987  45.648 0.0000000000
60922  24.743  -28.313  45.534 0.0000000000
59745  24.471  -28.904  45.584 0.0000000000
60904  23.816  -28.400  45.967 0.0000000000
58486  24.447  -30.630  46.492 0.0000000000
57136  23.644  -31.525  46.604 0.0000000000
54600  25.173  -34.104  49.090 0.0000000000
68629  33.928  -21.663  41.068 0.0000000000
68615  33.270  -21.888  41.626 0.0000000000
67314  33.054  -23.365  40.790 0.0000000000
67306  32.239  -23.212  41.503 0.0000000000
66055  33.392  -24.178  39.942 0.0000000000
66054  33.952  -25.109  39.981 0.0000000000
64867  32.991  -25.811  42.432 0.0000000000
66033  35.512  -25.192  41.004 0.0000000000
66031  37.730  -25.489  41.116 0.0000000000
64880  38.658  -25.983  41.748 0.0000000000
66003  38.037  -25.948  42.670 0.0000000000
66002  38.309  -26.204  42.715 0.0000000000
64844  38.751  -26.342  42.937 0.0000000000
93098  55.937  -1.075  24.259 0.0000000000
91913  55.695  -1.567  23.934 0.0000000000
90821  55.226  -2.396  24.485 0.0000000000
91919  55.941  -2.012  23.592 0.0000000000
89818  56.449  -4.293  23.334 0.0000000000
89809  53.646  -4.609  24.625 0.0000000000
89808  54.456  -4.633  24.124 0.0000000000
87596  54.405  -6.153  24.658 0.0000000000
88720  54.808  -5.507  24.371 0.0000000000
89807  55.285  -4.880  23.937 0.0000000000
89806  56.048  -4.992  23.756 0.0000000000
89805  56.730  -5.149  23.353 0.0000000000
86372  49.061  -7.634  27.598 0.0000000000
85186  47.007  -8.069  27.918 0.0000000000
83973  47.400  -8.851  28.205 0.0000000000
83915  47.288  -10.321  30.607 0.0000000000
87538  45.182  -6.615  30.033 0.0000000000
86358  44.953  -7.245  29.703 0.0000000000
85166  44.901  -8.174  29.516 0.0000000000
85167  44.499  -8.265  29.793 0.0000000000
85150  44.705  -8.740  29.851 0.0000000000
83955  45.331  -8.834  29.478 0.0000000000
82728  47.321  -10.796  31.136 0.0000000000
81584  47.588  -11.477  31.259 0.0000000000
80454  47.175  -11.957  30.975 0.0000000000
85084  43.128  -8.500  34.926 0.0000000000
85085  42.408  -8.409  34.484 0.0000000000
82704  41.703  -10.181  34.210 0.0000000000
83893  41.610  -9.420  33.463 0.0000000000
82733  42.017  -10.356  31.644 0.0000000000
79311  40.546  -13.168  32.755 0.0000000000
79310  41.032  -13.287  32.297 0.0000000000
80460  41.395  -12.645  31.775 0.0000000000
78154  42.379  -14.409  31.559 0.0000000000
80459  41.927  -12.518  31.472 0.0000000000
80457  44.064  -12.344  31.008 0.0000000000
79323  45.578  -13.283  31.396 0.0000000000
78131  45.287  -14.444  31.644 0.0000000000
79309  46.153  -13.778  31.759 0.0000000000
57200  34.228  -31.576  42.900 0.0000000000
57186  34.671  -31.909  43.764 0.0000000000
55891  35.093  -32.303  44.287 0.0000000000
55881  35.640  -32.952  44.844 0.0000000000
54658  35.923  -33.368  45.599 0.0000000000
88656  50.370  -3.654  29.403 0.0000000000
88677  49.460  -4.533  28.668 0.0000000000
87567  49.093  -5.830  27.828 0.0000000000
86389  49.043  -6.386  27.645 0.0000000000
50775  25.111  -37.979  51.151 0.0000000000
52003  16.917  -35.313  51.458 0.0000000000
50792  16.348  -36.075  51.703 0.0000000000
51992  16.311  -35.417  52.490 0.0000000000
49569  16.222  -36.784  51.905 0.0000000000
49555  16.121  -37.592  52.011 0.0000000000
48320  15.811  -38.556  52.300 0.0000000000
49541  14.931  -37.801  52.686 0.0000000000
48301  15.187  -38.870  52.703 0.0000000000
45664  15.159  -40.364  53.999 0.0000000000
45665  14.552  -40.527  54.116 0.0000000000
44376  15.408  -41.490  55.256 0.0000000000
44363  14.523  -42.206  56.130 0.0000000000
43071  15.431  -42.569  57.094 0.0000000000
41679  13.690  -44.035  57.166 0.0000000000
40345  12.744  -45.219  57.926 0.0000000000
39108  12.149  -45.571  57.864 0.0000000000
41696  11.359  -43.128  56.444 0.0000000000
40346  11.676  -44.797  57.531 0.0000000000
44316  9.775  -40.579  60.063 0.0000000000
43034  9.035  -41.879  59.328 0.0000000000
69761  32.676  -21.934  44.400 0.0000000000
54661  33.159  -33.750  45.067 0.0000000000
54645  32.706  -34.532  45.580 0.0000000000
53345  33.007  -35.031  46.347 0.0000000000
55907  30.331  -32.022  43.251 0.0000000000
54674  30.887  -33.668  44.113 0.0000000000
54675  29.865  -33.571  44.245 0.0000000000
54663  31.453  -34.206  44.923 0.0000000000
53354  31.610  -34.725  45.490 0.0000000000
60935  27.143  -28.160  44.627 0.0000000000
57156  28.061  -31.549  45.942 0.0000000000
57133  27.947  -31.905  46.687 0.0000000000
59714  25.904  -30.196  47.022 0.0000000000
58484  26.762  -30.522  47.025 0.0000000000
58442  26.731  -30.778  48.278 0.0000000000
58460  26.998  -30.667  47.552 0.0000000000
57134  27.602  -31.572  47.271 0.0000000000
85183  49.763  -8.856  27.799 0.0000000000
83913  48.718  -9.731  31.620 0.0000000000
75687  38.071  -15.235  35.207 0.0000000000
75714  37.540  -16.379  34.072 0.0000000000
74493  36.581  -17.126  34.833 0.0000000000
73348  38.636  -18.275  33.560 0.0000000000
67361  33.953  -23.367  38.210 0.0000000000
68678  34.259  -22.388  37.891 0.0000000000
69853  34.344  -21.588  38.215 0.0000000000
69866  34.703  -21.481  37.594 0.0000000000
69912  35.523  -21.199  35.747 0.0000000000
66089  36.893  -26.169  37.762 0.0000000000
66104  36.566  -25.172  36.992 0.0000000000
67376  37.327  -24.798  36.664 0.0000000000
67375  38.148  -24.340  36.802 0.0000000000
67395  36.908  -24.027  36.379 0.0000000000
68712  36.222  -22.822  35.860 0.0000000000
69883  36.039  -22.157  35.882 0.0000000000
70997  35.853  -20.621  35.411 0.0000000000
70996  37.022  -20.476  35.035 0.0000000000
72163  37.434  -19.787  34.689 0.0000000000
70995  38.352  -20.757  35.227 0.0000000000
71022  38.153  -20.373  34.811 0.0000000000
72162  38.225  -20.015  34.518 0.0000000000
73322  39.147  -19.265  34.027 0.0000000000
72183  39.586  -19.996  33.680 0.0000000000
72182  40.373  -20.198  33.719 0.0000000000
57199  35.066  -31.064  42.598 0.0000000000
58519  35.679  -30.795  42.975 0.0000000000
59754  36.702  -29.456  43.754 0.0000000000
60930  37.754  -28.229  44.450 0.0000000000
58475  38.854  -30.249  46.421 0.0000000000
59736  38.331  -29.077  45.220 0.0000000000
60929  38.251  -28.475  44.921 0.0000000000
62199  37.705  -27.255  44.762 0.0000000000
94270  57.556  -0.957  23.153 0.0000000000
95328  58.362  -0.129  23.118 0.0000000000
95340  59.122  0.030  22.013 0.0000000000
89816  57.825  -4.839  22.651 0.0000000000
90849  58.797  -3.973  21.867 0.0000000000
90858  58.767  -3.282  21.643 0.0000000000
91926  58.516  -2.422  21.649 0.0000000000
94279  59.688  -0.243  20.829 0.0000000000
93114  59.970  -0.878  20.590 0.0000000000
93113  60.126  -0.517  20.354 0.0000000000
94302  60.571  -0.752  19.765 0.0000000000
91933  60.199  -2.724  19.898 0.0000000000
91943  60.786  -1.893  19.725 0.0000000000
93139  60.772  -1.195  19.583 0.0000000000
41626  8.016  -42.116  60.715 0.0000000000
43054  9.108  -41.865  59.042 0.0000000000
43089  15.077  -42.465  56.503 0.0000000000
43106  12.835  -42.540  55.789 0.0000000000
44325  9.464  -41.471  58.733 0.0000000000
44335  9.262  -41.680  58.874 0.0000000000
48277  18.189  -40.011  52.800 0.0000000000
48331  23.589  -38.533  51.549 0.0000000000
49540  18.522  -39.082  51.885 0.0000000000
49548  24.215  -38.360  51.470 0.0000000000
51990  17.185  -34.485  52.357 0.0000000000
52011  25.303  -35.624  50.618 0.0000000000
53257  17.214  -34.567  52.035 0.0000000000
53278  17.045  -34.769  51.771 0.0000000000
53338  23.398  -34.184  47.341 0.0000000000
54650  22.846  -33.221  46.764 0.0000000000
54677  28.593  -32.566  44.975 0.0000000000
55842  27.549  -32.331  48.197 0.0000000000
55871  23.407  -32.700  46.613 0.0000000000
55872  22.971  -32.776  46.648 0.0000000000
55915  30.741  -31.937  42.825 0.0000000000
55916  30.628  -31.697  42.956 0.0000000000
57110  27.479  -31.636  48.245 0.0000000000
57148  39.121  -30.892  46.660 0.0000000000
57155  30.079  -30.231  46.632 0.0000000000
57217  30.993  -31.854  42.669 0.0000000000
57226  34.258  -30.547  41.681 0.0000000000
58522  31.857  -30.708  43.049 0.0000000000
58538  35.848  -30.240  42.897 0.0000000000
58569  34.499  -30.032  41.596 0.0000000000
58570  34.115  -30.150  41.573 0.0000000000
59686  21.727  -28.322  48.878 0.0000000000
59737  37.900  -29.474  44.986 0.0000000000
59800  34.790  -29.616  41.573 0.0000000000
59802  33.865  -29.588  41.602 0.0000000000
60879  22.407  -29.213  47.352 0.0000000000
60936  26.889  -27.936  44.605 0.0000000000
60955  35.918  -28.921  42.650 0.0000000000
62193  25.184  -27.699  45.506 0.0000000000
62205  27.212  -27.780  44.691 0.0000000000
62235  35.145  -28.443  41.726 0.0000000000
62237  33.948  -27.942  41.619 0.0000000000
63535  28.407  -26.491  45.852 0.0000000000
63558  25.772  -26.831  45.523 0.0000000000
63590  32.971  -26.252  43.056 0.0000000000
63604  32.987  -26.221  42.774 0.0000000000
64846  37.209  -26.789  43.272 0.0000000000
64862  38.670  -26.275  42.163 0.0000000000
64895  39.751  -25.925  40.980 0.0000000000
64905  36.400  -26.492  38.477 0.0000000000
64918  36.345  -26.198  38.132 0.0000000000
64919  36.149  -26.234  38.279 0.0000000000
65984  38.065  -26.414  43.072 0.0000000000
66015  38.404  -25.787  42.188 0.0000000000
66018  35.230  -25.361  41.348 0.0000000000
66093  33.494  -23.836  38.888 0.0000000000
66120  35.292  -24.212  36.752 0.0000000000
66121  34.944  -23.935  36.984 0.0000000000
67326  34.088  -22.638  39.931 0.0000000000
67327  33.862  -23.265  39.997 0.0000000000
67343  33.604  -23.459  39.058 0.0000000000
67362  33.648  -23.709  38.684 0.0000000000
67378  34.224  -22.977  37.256 0.0000000000
67396  35.768  -23.718  36.316 0.0000000000
67398  34.537  -23.278  36.905 0.0000000000
68616  32.705  -22.448  41.306 0.0000000000
68631  32.954  -22.757  41.042 0.0000000000
68674  40.888  -23.065  37.954 0.0000000000
68690  38.804  -23.547  36.836 0.0000000000
68691  35.022  -22.304  37.125 0.0000000000
68714  34.685  -22.857  36.800 0.0000000000
69774  32.786  -22.062  44.210 0.0000000000
69836  34.156  -20.724  38.927 0.0000000000
69867  34.664  -22.074  37.664 0.0000000000
70966  38.797  -21.415  35.741 0.0000000000
70998  35.397  -20.670  35.810 0.0000000000
71020  40.064  -20.462  34.646 0.0000000000
71021  39.686  -20.429  34.505 0.0000000000
71039  40.064  -20.419  34.298 0.0000000000
73262  35.431  -18.200  37.046 0.0000000000
73282  35.884  -17.831  36.409 0.0000000000
73301  36.783  -18.879  34.797 0.0000000000
73321  44.521  -19.138  33.808 0.0000000000
74457  35.831  -17.367  36.862 0.0000000000
74458  35.797  -17.650  36.606 0.0000000000
74494  36.279  -17.484  35.142 0.0000000000
74515  36.547  -17.490  34.682 0.0000000000
75689  36.378  -16.668  35.393 0.0000000000
75715  36.820  -16.644  34.720 0.0000000000
76912  42.909  -15.245  31.827 0.0000000000
78117  40.434  -13.468  33.385 0.0000000000
78133  43.152  -14.824  31.724 0.0000000000
79263  42.640  -12.444  35.958 0.0000000000
79265  41.726  -12.583  35.509 0.0000000000
79287  40.588  -12.945  34.219 0.0000000000
80399  42.521  -12.170  35.977 0.0000000000
80400  41.849  -12.111  35.694 0.0000000000
80423  40.554  -12.442  33.933 0.0000000000
80433  42.504  -11.402  35.652 0.0000000000
80444  40.910  -12.583  32.255 0.0000000000
80445  40.555  -12.619  32.724 0.0000000000
81526  41.596  -11.880  35.471 0.0000000000
81527  41.420  -11.899  35.296 0.0000000000
81545  41.783  -11.681  35.581 0.0000000000
81555  43.070  -10.919  35.433 0.0000000000
82673  42.465  -9.562  35.126 0.0000000000
82674  42.313  -9.676  34.964 0.0000000000
82688  42.432  -9.798  35.138 0.0000000000
82689  42.212  -9.802  34.797 0.0000000000
83855  42.347  -9.438  34.941 0.0000000000
83856  42.209  -9.552  34.776 0.0000000000
83892  43.011  -9.636  35.433 0.0000000000
84017  53.982  -9.277  26.288 0.0000000000
85132  42.500  -8.626  31.542 0.0000000000
85218  52.563  -8.325  26.334 0.0000000000
86299  43.832  -6.754  33.222 0.0000000000
86320  43.761  -7.143  30.943 0.0000000000
87502  43.934  -6.836  31.143 0.0000000000
88632  46.508  -4.478  31.117 0.0000000000
88645  46.844  -4.338  30.788 0.0000000000
88659  47.083  -4.018  30.149 0.0000000000
88660  46.872  -4.267  30.409 0.0000000000
88673  52.459  -3.395  28.193 0.0000000000
89738  47.444  -4.131  30.724 0.0000000000
89739  47.153  -4.237  30.972 0.0000000000
89740  46.892  -4.344  31.040 0.0000000000
89750  47.360  -4.183  30.506 0.0000000000
89751  47.154  -4.235  30.604 0.0000000000
89752  47.047  -4.199  30.962 0.0000000000
89764  47.051  -4.165  30.393 0.0000000000
89765  46.971  -4.287  30.733 0.0000000000
89770  52.367  -3.752  28.051 0.0000000000
90819  52.608  -3.520  26.959 0.0000000000
90842  54.668  -3.824  23.906 0.0000000000
90851  57.619  -3.255  22.557 0.0000000000
91904  55.224  -2.052  24.670 0.0000000000
91907  53.658  -2.911  25.690 0.0000000000
91920  55.875  -1.460  23.778 0.0000000000
93099  55.772  -1.351  23.981 0.0000000000
93103  55.924  -1.206  23.888 0.0000000000
93126  60.261  -0.608  20.182 0.0000000000
94268  58.714  -0.274  22.140 0.0000000000
94291  60.384  -0.677  19.980 0.0000000000
95338  60.516  0.504  20.788 0.0000000000
95351  60.682  0.225  20.360 0.0000000000
95362  62.002  0.492  19.602 0.0000000000
