#!ascii label  , from subject 3507 vox2ras=TkReg
944
118388  -53.045  23.353  9.848 0.0000000000
128400  -43.464  36.246  0.661 0.0000000000
124632  -44.164  32.032  11.094 0.0000000000
125418  -50.183  32.339  6.549 0.0000000000
127680  -48.892  35.819  -2.061 0.0000000000
128366  -49.730  36.707  3.939 0.0000000000
124754  -51.755  31.494  1.249 0.0000000000
123296  -45.889  28.999  3.580 0.0000000000
114094  -47.666  17.503  15.625 0.0000000000
117520  -48.801  22.517  14.592 0.0000000000
131692  -39.492  41.459  -0.278 0.0000000000
129809  -43.463  39.150  -5.446 0.0000000000
127760  -48.383  35.482  -8.010 0.0000000000
122456  -49.961  28.698  12.839 0.0000000000
126231  -44.373  34.322  4.791 0.0000000000
126175  -49.618  34.379  10.539 0.0000000000
121671  -51.059  27.898  9.301 0.0000000000
120887  -49.410  26.462  5.592 0.0000000000
119252  -43.859  24.413  6.841 0.0000000000
119261  -54.312  23.667  6.718 0.0000000000
126333  -50.498  33.464  -3.250 0.0000000000
126966  -51.702  33.647  -0.625 0.0000000000
125539  -51.093  31.917  -1.055 0.0000000000
123338  -48.797  29.305  -0.270 0.0000000000
115813  -48.445  20.551  14.745 0.0000000000
117536  -46.071  22.634  14.091 0.0000000000
131667  -37.384  41.463  2.711 0.0000000000
129162  -45.499  37.746  -6.516 0.0000000000
121658  -47.180  27.437  11.056 0.0000000000
123899  -46.435  31.333  12.365 0.0000000000
128385  -40.654  36.615  1.285 0.0000000000
128359  -43.391  36.509  3.236 0.0000000000
126930  -51.587  35.095  5.587 0.0000000000
127608  -49.750  35.816  6.896 0.0000000000
126195  -51.505  33.916  8.165 0.0000000000
125378  -51.418  32.327  10.849 0.0000000000
123950  -50.429  30.847  8.697 0.0000000000
121692  -50.550  27.326  6.248 0.0000000000
123261  -49.046  29.292  7.246 0.0000000000
120904  -45.300  26.483  4.298 0.0000000000
128425  -46.676  36.148  -1.242 0.0000000000
128391  -46.721  36.537  1.707 0.0000000000
127664  -48.965  35.716  0.561 0.0000000000
127651  -51.533  35.039  2.736 0.0000000000
125449  -50.928  33.137  3.740 0.0000000000
124691  -48.363  31.594  4.997 0.0000000000
124014  -49.071  30.718  1.836 0.0000000000
122556  -46.371  28.665  0.662 0.0000000000
114116  -49.736  18.256  14.350 0.0000000000
115816  -50.824  20.248  14.310 0.0000000000
118355  -51.363  23.396  14.022 0.0000000000
130379  -34.666  39.439  3.776 0.0000000000
129113  -37.188  38.420  0.409 0.0000000000
129126  -40.019  38.087  -1.717 0.0000000000
129134  -43.467  36.971  -2.454 0.0000000000
128449  -45.682  36.752  -4.120 0.0000000000
127717  -48.238  35.615  -5.100 0.0000000000
126353  -49.690  33.407  -5.685 0.0000000000
126383  -49.244  33.396  -8.321 0.0000000000
119195  -47.100  24.474  12.409 0.0000000000
119991  -49.461  25.735  13.493 0.0000000000
120822  -51.519  26.574  12.906 0.0000000000
124669  -45.279  31.650  7.861 0.0000000000
127633  -46.606  35.668  4.483 0.0000000000
125404  -47.323  33.276  7.384 0.0000000000
125377  -47.489  32.858  10.304 0.0000000000
124603  -49.029  31.908  12.608 0.0000000000
123245  -51.215  29.556  11.770 0.0000000000
120854  -52.564  25.837  9.859 0.0000000000
120874  -52.652  26.204  6.335 0.0000000000
120073  -50.730  25.225  6.622 0.0000000000
118417  -47.128  23.550  7.583 0.0000000000
121701  -47.588  27.522  4.936 0.0000000000
120069  -46.642  25.450  6.343 0.0000000000
117619  -44.870  22.096  6.890 0.0000000000
116715  -52.673  21.857  10.563 0.0000000000
117574  -53.221  22.140  9.371 0.0000000000
118395  -53.508  23.395  8.834 0.0000000000
125598  -50.269  33.053  -3.550 0.0000000000
125580  -50.825  32.946  -2.600 0.0000000000
125560  -50.508  32.551  -1.830 0.0000000000
124778  -49.691  31.138  -0.492 0.0000000000
125344  -45.143  32.213  12.155 0.0000000000
128399  -42.466  36.273  0.534 0.0000000000
125430  -51.393  33.717  5.702 0.0000000000
126202  -51.540  34.064  7.097 0.0000000000
125406  -51.357  33.226  7.482 0.0000000000
125395  -51.124  32.152  8.485 0.0000000000
124671  -50.052  31.439  7.673 0.0000000000
123262  -49.528  29.801  7.788 0.0000000000
123970  -49.405  30.984  7.229 0.0000000000
128426  -47.912  36.196  -1.319 0.0000000000
128416  -48.129  36.096  0.074 0.0000000000
127671  -48.920  35.731  -0.726 0.0000000000
126266  -52.473  32.542  0.372 0.0000000000
126949  -51.441  34.371  1.011 0.0000000000
126244  -52.291  32.912  1.810 0.0000000000
126237  -51.751  33.537  3.009 0.0000000000
124739  -51.163  31.884  2.031 0.0000000000
124738  -49.926  31.595  2.479 0.0000000000
124753  -50.656  31.069  1.548 0.0000000000
123328  -47.462  28.631  0.195 0.0000000000
116684  -49.060  21.499  14.701 0.0000000000
115815  -50.156  20.222  14.812 0.0000000000
116685  -49.932  21.363  14.735 0.0000000000
116687  -51.374  21.361  14.097 0.0000000000
118344  -50.884  22.830  14.411 0.0000000000
131675  -38.371  41.540  1.718 0.0000000000
131010  -36.531  40.618  1.410 0.0000000000
130393  -37.390  39.863  -0.333 0.0000000000
129121  -38.959  37.977  -0.782 0.0000000000
129786  -38.862  39.232  -1.518 0.0000000000
130415  -42.058  39.816  -4.373 0.0000000000
129138  -42.004  38.321  -3.391 0.0000000000
129148  -42.793  38.295  -4.099 0.0000000000
129141  -44.628  36.909  -3.144 0.0000000000
129154  -44.972  37.286  -4.975 0.0000000000
128490  -47.159  36.372  -7.140 0.0000000000
128462  -47.467  35.835  -5.760 0.0000000000
127732  -48.198  35.372  -6.126 0.0000000000
127719  -49.467  34.517  -5.714 0.0000000000
127734  -49.433  34.196  -6.450 0.0000000000
126375  -49.454  33.283  -7.234 0.0000000000
127038  -49.222  34.499  -8.253 0.0000000000
120842  -43.267  26.467  10.772 0.0000000000
120017  -42.985  24.960  10.985 0.0000000000
120028  -44.402  25.505  10.784 0.0000000000
119193  -45.441  24.333  11.459 0.0000000000
120845  -46.045  25.917  10.911 0.0000000000
122454  -48.680  28.645  12.054 0.0000000000
120820  -48.724  26.681  12.470 0.0000000000
121634  -49.794  27.155  13.268 0.0000000000
119993  -51.035  25.567  13.529 0.0000000000
121643  -50.369  27.859  13.197 0.0000000000
126220  -43.157  33.438  5.174 0.0000000000
125413  -43.577  32.130  6.307 0.0000000000
125414  -44.599  32.411  6.381 0.0000000000
128378  -47.959  36.691  2.755 0.0000000000
128362  -46.378  36.610  3.181 0.0000000000
128347  -48.391  36.549  4.244 0.0000000000
126901  -49.677  34.852  8.757 0.0000000000
126915  -48.415  34.845  6.702 0.0000000000
126184  -48.809  33.961  9.347 0.0000000000
125386  -47.503  32.838  9.201 0.0000000000
126158  -48.326  33.406  10.826 0.0000000000
125347  -48.395  32.923  12.336 0.0000000000
126146  -49.331  33.571  11.945 0.0000000000
123927  -51.086  30.356  10.613 0.0000000000
123918  -51.127  30.507  11.585 0.0000000000
122482  -51.080  28.895  10.583 0.0000000000
121668  -51.717  27.442  10.965 0.0000000000
121672  -51.675  27.281  9.831 0.0000000000
120862  -53.072  25.940  8.464 0.0000000000
121680  -51.639  27.222  8.659 0.0000000000
121704  -50.112  26.993  5.606 0.0000000000
120889  -51.184  26.234  5.889 0.0000000000
120102  -49.566  25.873  5.934 0.0000000000
119228  -48.943  24.354  7.559 0.0000000000
120047  -48.283  25.196  6.967 0.0000000000
123290  -46.996  30.258  4.560 0.0000000000
123279  -47.223  29.532  5.302 0.0000000000
122528  -46.326  28.254  4.247 0.0000000000
120067  -44.636  25.349  6.182 0.0000000000
120098  -45.491  25.866  5.225 0.0000000000
119253  -44.883  24.846  6.759 0.0000000000
119225  -45.895  24.297  7.343 0.0000000000
118414  -44.199  23.696  7.264 0.0000000000
117618  -43.890  22.145  6.881 0.0000000000
114951  -51.494  20.259  11.296 0.0000000000
118441  -53.599  23.567  6.502 0.0000000000
127681  -49.591  35.227  -2.756 0.0000000000
127672  -49.819  35.149  -1.455 0.0000000000
126976  -51.072  33.850  -1.916 0.0000000000
125562  -51.938  32.623  -1.047 0.0000000000
124781  -52.026  31.326  -0.100 0.0000000000
124036  -50.239  30.053  0.310 0.0000000000
124045  -50.337  30.386  -0.244 0.0000000000
114115  -48.319  18.779  15.240 0.0000000000
114936  -46.795  19.616  14.632 0.0000000000
117519  -47.782  22.567  14.527 0.0000000000
131677  -40.188  41.809  1.571 0.0000000000
129161  -44.733  38.399  -6.169 0.0000000000
129181  -47.957  37.208  -8.371 0.0000000000
128507  -48.552  36.249  -8.545 0.0000000000
122481  -46.357  27.486  10.781 0.0000000000
123242  -46.921  29.758  11.516 0.0000000000
123917  -47.700  30.746  12.149 0.0000000000
127631  -44.337  35.505  4.053 0.0000000000
127636  -50.971  36.176  4.613 0.0000000000
128335  -49.367  36.536  5.210 0.0000000000
127609  -50.771  36.015  6.667 0.0000000000
127590  -51.063  35.221  7.953 0.0000000000
126893  -50.793  34.470  9.801 0.0000000000
126161  -51.043  33.594  11.101 0.0000000000
125387  -51.542  32.852  9.536 0.0000000000
123939  -50.725  30.636  9.529 0.0000000000
123255  -50.288  29.918  8.895 0.0000000000
121679  -50.909  27.721  8.166 0.0000000000
122491  -49.973  28.930  8.144 0.0000000000
122508  -49.392  28.007  6.636 0.0000000000
121690  -48.954  27.728  5.925 0.0000000000
121721  -45.662  27.378  3.779 0.0000000000
123937  -43.641  31.217  9.788 0.0000000000
128413  -45.085  36.033  -0.159 0.0000000000
128402  -45.419  36.223  0.749 0.0000000000
128403  -46.416  36.248  0.788 0.0000000000
128392  -47.706  36.517  1.895 0.0000000000
128394  -49.228  36.402  2.710 0.0000000000
127661  -50.557  34.816  0.576 0.0000000000
127656  -50.784  35.211  1.859 0.0000000000
127650  -50.583  36.100  3.160 0.0000000000
126941  -51.691  34.861  4.455 0.0000000000
126233  -51.283  33.653  4.379 0.0000000000
125434  -50.458  32.951  5.199 0.0000000000
124692  -48.837  31.640  5.685 0.0000000000
124726  -49.625  32.362  3.869 0.0000000000
124724  -47.953  31.352  3.367 0.0000000000
124004  -46.760  30.173  2.620 0.0000000000
123318  -48.889  29.451  0.621 0.0000000000
124025  -47.657  29.547  1.315 0.0000000000
114924  -49.426  18.779  15.162 0.0000000000
114926  -50.315  19.358  14.465 0.0000000000
114944  -50.733  19.747  12.948 0.0000000000
115822  -51.638  20.583  12.918 0.0000000000
116708  -52.244  21.512  12.421 0.0000000000
118370  -52.395  23.299  12.171 0.0000000000
129094  -35.731  37.739  3.312 0.0000000000
129770  -35.826  39.097  1.644 0.0000000000
129101  -37.518  37.361  2.320 0.0000000000
129115  -39.242  37.182  0.429 0.0000000000
128397  -40.444  36.761  0.148 0.0000000000
128410  -42.282  36.405  -0.540 0.0000000000
131024  -39.683  40.686  -1.643 0.0000000000
129792  -40.460  38.995  -2.783 0.0000000000
129128  -41.734  37.127  -1.737 0.0000000000
128421  -43.113  36.514  -1.312 0.0000000000
128432  -44.875  36.355  -1.913 0.0000000000
128433  -46.032  36.252  -2.183 0.0000000000
128441  -47.723  36.128  -3.526 0.0000000000
128460  -45.865  36.722  -5.287 0.0000000000
128451  -47.516  35.985  -4.707 0.0000000000
127692  -48.604  35.741  -3.361 0.0000000000
126996  -49.909  34.466  -4.259 0.0000000000
127007  -50.038  33.924  -4.591 0.0000000000
125630  -48.859  32.648  -5.913 0.0000000000
125645  -48.669  32.503  -6.791 0.0000000000
127762  -49.517  35.379  -9.193 0.0000000000
118351  -46.583  23.199  13.741 0.0000000000
118353  -48.164  23.796  13.950 0.0000000000
120836  -47.135  26.170  11.383 0.0000000000
120002  -48.420  25.437  12.915 0.0000000000
119159  -49.559  24.091  14.317 0.0000000000
119168  -50.388  24.518  14.124 0.0000000000
119181  -51.774  24.267  13.145 0.0000000000
119196  -52.512  24.184  11.448 0.0000000000
124655  -44.417  31.284  9.310 0.0000000000
128375  -45.066  36.607  2.419 0.0000000000
127644  -45.880  36.156  3.718 0.0000000000
126926  -45.865  34.583  4.927 0.0000000000
127618  -48.616  35.699  5.774 0.0000000000
126225  -47.514  34.530  6.094 0.0000000000
126209  -46.415  33.529  6.093 0.0000000000
125403  -46.631  32.570  7.483 0.0000000000
124657  -46.040  31.834  8.754 0.0000000000
125375  -45.594  32.347  11.227 0.0000000000
125346  -47.117  32.610  12.237 0.0000000000
124602  -47.840  32.022  12.497 0.0000000000
123902  -49.691  30.798  12.490 0.0000000000
125349  -50.578  32.596  12.143 0.0000000000
123903  -50.599  30.764  12.275 0.0000000000
122457  -50.734  28.675  12.803 0.0000000000
121660  -51.548  27.588  12.088 0.0000000000
120848  -52.364  25.815  11.105 0.0000000000
119204  -52.799  24.181  10.276 0.0000000000
120045  -53.717  25.004  8.234 0.0000000000
120076  -53.764  24.911  6.529 0.0000000000
119259  -53.051  24.360  6.568 0.0000000000
120873  -51.739  26.475  6.194 0.0000000000
120105  -51.995  25.760  6.094 0.0000000000
118421  -51.385  23.451  7.302 0.0000000000
117605  -49.667  22.655  7.446 0.0000000000
117604  -48.583  22.671  7.485 0.0000000000
123968  -47.954  30.337  6.081 0.0000000000
122506  -47.829  28.927  6.075 0.0000000000
121702  -48.363  27.252  5.244 0.0000000000
120905  -46.271  26.620  4.494 0.0000000000
120885  -47.400  26.541  4.947 0.0000000000
120100  -47.580  25.881  5.694 0.0000000000
119256  -47.229  24.805  7.151 0.0000000000
118416  -46.127  23.521  7.507 0.0000000000
117561  -52.717  22.517  10.777 0.0000000000
116721  -52.901  21.810  9.829 0.0000000000
117569  -53.097  22.499  9.762 0.0000000000
117575  -53.521  22.561  8.805 0.0000000000
118389  -53.272  23.013  9.442 0.0000000000
125579  -50.072  32.671  -2.921 0.0000000000
125559  -49.174  32.734  -2.001 0.0000000000
125343  -44.301  32.100  12.162 0.0000000000
125361  -44.491  32.263  11.807 0.0000000000
128387  -42.713  36.423  1.556 0.0000000000
125429  -50.931  33.234  5.735 0.0000000000
125420  -51.323  33.496  6.489 0.0000000000
125419  -50.742  32.664  6.833 0.0000000000
125405  -50.985  32.455  7.812 0.0000000000
124684  -50.547  32.138  7.472 0.0000000000
124683  -49.888  31.733  7.125 0.0000000000
125512  -52.446  32.172  0.814 0.0000000000
126254  -52.470  32.930  1.141 0.0000000000
125488  -52.233  32.294  1.412 0.0000000000
125468  -51.683  32.627  2.338 0.0000000000
124740  -51.669  32.083  1.798 0.0000000000
114095  -48.382  17.823  15.548 0.0000000000
117521  -49.717  22.405  14.651 0.0000000000
117522  -50.479  22.259  14.562 0.0000000000
118342  -49.536  23.320  14.530 0.0000000000
131683  -38.442  41.417  0.758 0.0000000000
131014  -37.515  40.709  0.317 0.0000000000
131019  -38.603  40.713  -0.703 0.0000000000
130397  -38.540  39.851  -1.351 0.0000000000
131023  -38.956  40.305  -1.403 0.0000000000
131060  -42.916  40.381  -5.029 0.0000000000
131047  -42.620  40.787  -4.399 0.0000000000
130421  -42.613  39.872  -4.885 0.0000000000
129804  -42.518  39.028  -4.519 0.0000000000
129805  -43.197  38.608  -4.840 0.0000000000
129149  -43.824  37.760  -4.401 0.0000000000
129806  -43.805  38.459  -5.272 0.0000000000
128491  -47.710  36.171  -7.704 0.0000000000
128474  -47.490  35.793  -6.765 0.0000000000
127745  -48.143  35.277  -7.176 0.0000000000
127733  -48.834  34.687  -6.543 0.0000000000
127746  -48.727  34.777  -7.702 0.0000000000
127029  -49.174  34.213  -7.276 0.0000000000
121656  -43.031  27.573  10.944 0.0000000000
120843  -44.172  26.351  10.691 0.0000000000
120027  -43.478  25.511  10.832 0.0000000000
120029  -45.258  25.190  10.959 0.0000000000
122455  -49.224  28.631  12.425 0.0000000000
121642  -49.555  27.471  12.950 0.0000000000
121636  -50.548  27.201  13.418 0.0000000000
126230  -43.506  34.134  4.738 0.0000000000
126221  -44.125  33.682  5.268 0.0000000000
125425  -43.847  32.908  5.760 0.0000000000
125426  -44.854  33.171  5.788 0.0000000000
128365  -48.993  36.678  3.733 0.0000000000
128364  -48.150  36.664  3.529 0.0000000000
128348  -49.197  36.665  4.446 0.0000000000
126185  -49.385  34.422  9.671 0.0000000000
126194  -49.208  34.360  9.057 0.0000000000
126173  -48.211  33.408  9.810 0.0000000000
126174  -48.896  33.970  10.269 0.0000000000
126159  -49.094  33.949  11.176 0.0000000000
122486  -50.939  28.715  10.049 0.0000000000
123248  -51.032  29.319  10.559 0.0000000000
122487  -51.299  27.981  10.276 0.0000000000
120888  -50.316  26.373  5.735 0.0000000000
120071  -48.782  25.496  6.504 0.0000000000
120101  -48.598  25.899  5.873 0.0000000000
123995  -46.693  30.284  3.662 0.0000000000
123289  -46.372  29.276  4.269 0.0000000000
123288  -46.029  28.971  3.930 0.0000000000
119223  -44.462  24.347  7.071 0.0000000000
117599  -43.653  22.915  7.191 0.0000000000
118440  -43.621  23.730  7.127 0.0000000000
115826  -52.113  20.800  11.759 0.0000000000
118443  -54.315  22.875  6.601 0.0000000000
118442  -54.115  23.263  6.410 0.0000000000
126986  -50.074  34.577  -3.338 0.0000000000
126975  -50.335  34.570  -2.342 0.0000000000
126987  -50.613  33.993  -2.913 0.0000000000
125561  -51.374  32.630  -1.520 0.0000000000
125540  -51.990  31.984  -0.767 0.0000000000
124780  -51.487  31.362  -0.458 0.0000000000
124046  -51.203  30.831  -0.192 0.0000000000
124779  -50.691  31.256  -0.534 0.0000000000
124777  -48.557  31.032  -0.382 0.0000000000
115811  -46.210  20.686  14.571 0.0000000000
117518  -46.656  22.584  14.369 0.0000000000
132408  -39.876  41.960  2.757 0.0000000000
129832  -46.793  38.572  -7.799 0.0000000000
129833  -47.617  38.283  -8.254 0.0000000000
130453  -47.786  39.554  -8.084 0.0000000000
123915  -46.162  30.553  11.947 0.0000000000
123916  -47.085  30.683  11.996 0.0000000000
123243  -47.825  30.043  11.888 0.0000000000
128370  -39.718  36.838  2.241 0.0000000000
127642  -43.864  36.106  3.724 0.0000000000
127637  -51.238  35.871  4.831 0.0000000000
128337  -50.818  36.296  5.580 0.0000000000
127610  -51.289  35.626  6.318 0.0000000000
126909  -51.429  34.738  7.667 0.0000000000
126903  -51.115  34.642  8.764 0.0000000000
126894  -51.163  34.310  9.434 0.0000000000
126176  -51.188  33.995  10.169 0.0000000000
126187  -51.416  33.805  9.341 0.0000000000
124658  -51.025  31.558  9.061 0.0000000000
122492  -50.338  28.733  8.673 0.0000000000
123254  -49.924  29.378  8.247 0.0000000000
122500  -49.128  28.853  7.167 0.0000000000
122507  -48.776  28.619  6.657 0.0000000000
128424  -45.600  36.123  -1.122 0.0000000000
128414  -46.068  36.080  -0.194 0.0000000000
128404  -47.406  36.264  0.927 0.0000000000
128405  -48.343  36.164  1.221 0.0000000000
128393  -48.762  36.376  2.209 0.0000000000
127659  -49.120  36.013  1.606 0.0000000000
126965  -51.143  34.135  -1.014 0.0000000000
127666  -50.528  34.698  -0.598 0.0000000000
126956  -51.278  34.263  -0.058 0.0000000000
127657  -51.682  34.499  1.875 0.0000000000
127647  -51.420  35.497  3.794 0.0000000000
126943  -51.754  34.481  3.404 0.0000000000
125450  -51.386  33.065  3.097 0.0000000000
126236  -51.396  33.510  3.622 0.0000000000
125435  -50.845  33.332  4.757 0.0000000000
125448  -50.326  32.874  4.346 0.0000000000
124709  -49.707  32.481  5.146 0.0000000000
124737  -48.557  31.222  2.628 0.0000000000
124725  -48.830  31.758  3.521 0.0000000000
124005  -47.321  30.826  3.059 0.0000000000
124027  -49.802  30.197  1.132 0.0000000000
123330  -49.363  29.484  0.227 0.0000000000
123327  -46.873  28.676  0.575 0.0000000000
123316  -47.322  28.967  0.878 0.0000000000
114937  -47.888  19.596  14.877 0.0000000000
114938  -48.884  19.466  15.082 0.0000000000
115798  -50.171  19.642  14.853 0.0000000000
114941  -50.621  19.536  13.885 0.0000000000
115821  -51.123  20.114  13.618 0.0000000000
115817  -51.436  20.714  13.728 0.0000000000
117537  -51.685  22.359  13.673 0.0000000000
116700  -51.850  21.455  13.351 0.0000000000
117550  -52.178  22.387  12.820 0.0000000000
118369  -51.987  23.318  13.110 0.0000000000
130376  -34.399  39.470  4.776 0.0000000000
129742  -34.392  38.573  5.270 0.0000000000
129749  -34.569  38.589  4.267 0.0000000000
129093  -34.979  37.920  3.950 0.0000000000
129755  -35.021  38.570  3.240 0.0000000000
131661  -37.327  41.628  3.585 0.0000000000
131666  -36.514  41.243  2.867 0.0000000000
129775  -36.698  39.128  0.487 0.0000000000
130386  -35.994  39.732  1.370 0.0000000000
129771  -36.284  39.022  1.104 0.0000000000
129100  -36.356  37.871  2.212 0.0000000000
129107  -37.282  37.709  1.277 0.0000000000
129108  -38.276  37.280  1.413 0.0000000000
129114  -38.073  37.686  0.333 0.0000000000
129116  -39.902  36.998  0.088 0.0000000000
129122  -40.127  37.261  -0.606 0.0000000000
128408  -40.663  36.959  -0.522 0.0000000000
129123  -40.791  37.075  -0.857 0.0000000000
130403  -40.129  39.853  -2.683 0.0000000000
130406  -40.633  39.851  -3.158 0.0000000000
129139  -42.937  37.666  -3.328 0.0000000000
129132  -42.060  37.402  -2.401 0.0000000000
128429  -42.594  37.066  -2.158 0.0000000000
128420  -42.206  36.831  -1.577 0.0000000000
128430  -43.048  36.848  -2.051 0.0000000000
128422  -44.010  36.312  -1.150 0.0000000000
128431  -43.857  36.681  -2.104 0.0000000000
129150  -44.732  37.090  -3.790 0.0000000000
128439  -45.294  36.637  -3.024 0.0000000000
128440  -46.453  36.375  -3.276 0.0000000000
128434  -47.186  36.224  -2.377 0.0000000000
129153  -44.473  38.058  -5.574 0.0000000000
128472  -46.151  36.734  -6.126 0.0000000000
127703  -48.219  35.818  -4.127 0.0000000000
127704  -48.873  35.405  -4.454 0.0000000000
127693  -49.515  35.134  -3.855 0.0000000000
127705  -49.512  34.878  -4.825 0.0000000000
127017  -49.767  33.837  -5.808 0.0000000000
127006  -49.861  34.267  -5.085 0.0000000000
126354  -49.851  33.474  -5.031 0.0000000000
125617  -49.856  33.176  -4.341 0.0000000000
125632  -49.675  33.178  -4.892 0.0000000000
125631  -49.506  33.042  -5.534 0.0000000000
125656  -49.167  32.807  -7.449 0.0000000000
125655  -48.500  32.570  -7.578 0.0000000000
128508  -49.352  36.316  -9.235 0.0000000000
118365  -45.072  23.075  12.511 0.0000000000
119194  -46.468  24.218  12.139 0.0000000000
118367  -46.584  23.644  12.911 0.0000000000
119178  -46.939  24.186  12.577 0.0000000000
118352  -47.617  23.817  13.651 0.0000000000
119179  -47.527  24.460  12.912 0.0000000000
121667  -46.550  26.670  10.920 0.0000000000
120821  -49.192  26.304  13.075 0.0000000000
120003  -48.997  25.745  13.265 0.0000000000
119166  -48.639  24.591  13.635 0.0000000000
119167  -49.587  24.828  13.941 0.0000000000
119992  -50.254  25.651  13.727 0.0000000000
120004  -51.754  25.371  12.735 0.0000000000
120005  -51.990  24.733  12.579 0.0000000000
120023  -52.252  25.102  11.885 0.0000000000
124680  -44.366  31.640  7.030 0.0000000000
124668  -44.016  31.074  8.194 0.0000000000
128390  -45.734  36.512  1.624 0.0000000000
128389  -44.740  36.486  1.605 0.0000000000
128376  -46.050  36.666  2.446 0.0000000000
127645  -46.709  36.356  3.763 0.0000000000
127632  -45.361  35.533  4.087 0.0000000000
126940  -46.218  35.043  4.743 0.0000000000
127619  -49.648  36.323  5.923 0.0000000000
127607  -48.998  35.432  6.627 0.0000000000
126200  -47.743  33.882  7.189 0.0000000000
126914  -47.848  34.721  6.231 0.0000000000
126211  -47.585  34.244  6.553 0.0000000000
126224  -47.023  34.247  5.886 0.0000000000
125416  -46.762  33.196  6.760 0.0000000000
125415  -45.770  32.733  6.514 0.0000000000
125393  -46.791  32.339  8.513 0.0000000000
125385  -46.736  32.285  9.555 0.0000000000
124646  -45.894  31.827  9.752 0.0000000000
125376  -46.453  32.448  10.709 0.0000000000
125363  -46.324  32.657  11.736 0.0000000000
123901  -48.457  30.783  12.342 0.0000000000
125367  -51.444  32.878  10.947 0.0000000000
126148  -50.849  33.093  11.758 0.0000000000
125366  -51.150  32.543  11.446 0.0000000000
123244  -50.979  30.000  12.192 0.0000000000
123228  -50.379  29.719  12.541 0.0000000000
123229  -50.961  29.320  12.351 0.0000000000
122474  -51.191  28.597  12.256 0.0000000000
120847  -52.148  26.590  10.487 0.0000000000
120031  -52.554  25.025  10.640 0.0000000000
120038  -53.103  25.042  9.279 0.0000000000
120039  -53.391  24.626  8.878 0.0000000000
120044  -53.379  25.392  8.518 0.0000000000
120867  -53.066  26.298  7.203 0.0000000000
120868  -53.617  25.636  7.565 0.0000000000
120875  -53.517  25.705  6.649 0.0000000000
120075  -52.668  25.481  6.292 0.0000000000
121687  -50.812  27.541  7.128 0.0000000000
121688  -51.553  27.151  7.517 0.0000000000
121693  -51.353  27.054  6.541 0.0000000000
120103  -50.500  25.811  6.026 0.0000000000
120104  -51.393  25.789  6.065 0.0000000000
119257  -51.391  25.013  6.652 0.0000000000
119258  -52.035  24.847  6.599 0.0000000000
119230  -51.042  24.456  7.175 0.0000000000
118420  -50.318  23.478  7.545 0.0000000000
119229  -49.918  24.255  7.474 0.0000000000
118418  -48.175  23.542  7.652 0.0000000000
117603  -47.521  22.732  7.413 0.0000000000
123983  -48.316  31.004  5.949 0.0000000000
122517  -47.418  28.412  5.228 0.0000000000
123269  -47.793  29.621  6.101 0.0000000000
122518  -48.158  28.055  5.664 0.0000000000
121710  -45.584  27.071  3.844 0.0000000000
120099  -46.551  25.855  5.492 0.0000000000
120070  -47.691  25.339  6.647 0.0000000000
119255  -46.651  24.898  7.009 0.0000000000
118415  -45.173  23.560  7.422 0.0000000000
117601  -45.478  22.768  7.323 0.0000000000
117620  -45.899  22.106  6.891 0.0000000000
115827  -52.423  21.280  10.996 0.0000000000
115835  -52.525  21.404  10.382 0.0000000000
116734  -53.797  21.806  7.887 0.0000000000
126319  -50.894  33.462  -2.568 0.0000000000
125538  -50.075  32.014  -0.999 0.0000000000
124600  -45.770  31.924  12.486 0.0000000000
128386  -41.676  36.451  1.451 0.0000000000
128374  -44.055  36.596  2.444 0.0000000000
126213  -51.573  34.208  6.099 0.0000000000
126917  -51.535  34.881  6.671 0.0000000000
125396  -51.438  32.937  8.542 0.0000000000
124672  -50.488  31.576  8.032 0.0000000000
123961  -50.134  30.950  8.250 0.0000000000
123949  -49.980  30.306  8.309 0.0000000000
123960  -49.782  30.916  7.767 0.0000000000
123959  -49.135  30.275  7.273 0.0000000000
128415  -47.114  36.146  -0.168 0.0000000000
126957  -52.044  33.659  0.367 0.0000000000
126253  -52.350  33.371  0.846 0.0000000000
126950  -52.168  33.769  1.355 0.0000000000
126945  -52.078  33.910  2.352 0.0000000000
126243  -52.085  33.132  2.291 0.0000000000
125467  -50.939  32.505  2.818 0.0000000000
125466  -50.380  32.525  3.430 0.0000000000
124015  -49.747  30.827  1.755 0.0000000000
123329  -48.433  28.930  0.100 0.0000000000
114097  -49.628  18.217  14.939 0.0000000000
115814  -49.383  20.448  14.854 0.0000000000
116686  -50.684  21.280  14.526 0.0000000000
117523  -51.143  22.252  14.315 0.0000000000
130998  -34.882  40.453  4.311 0.0000000000
131674  -37.430  41.337  1.795 0.0000000000
131673  -36.787  41.188  2.160 0.0000000000
131011  -37.249  41.057  1.105 0.0000000000
130390  -36.890  39.850  0.216 0.0000000000
129776  -37.116  39.150  -0.069 0.0000000000
129120  -37.886  38.395  -0.364 0.0000000000
129780  -37.605  39.114  -0.575 0.0000000000
129782  -38.989  38.671  -1.344 0.0000000000
129125  -39.352  38.394  -1.434 0.0000000000
131046  -41.949  40.383  -4.136 0.0000000000
129797  -41.430  38.997  -3.545 0.0000000000
129798  -41.972  39.021  -4.001 0.0000000000
129147  -42.330  38.645  -4.003 0.0000000000
129140  -43.886  37.127  -3.067 0.0000000000
129163  -46.262  36.984  -6.689 0.0000000000
128473  -46.791  36.380  -6.516 0.0000000000
127718  -48.920  35.118  -5.467 0.0000000000
126366  -49.598  33.325  -6.297 0.0000000000
127030  -49.483  33.741  -6.819 0.0000000000
127039  -49.360  33.876  -7.823 0.0000000000
121655  -42.000  27.543  11.266 0.0000000000
120833  -42.419  26.538  10.953 0.0000000000
120026  -43.028  25.874  10.819 0.0000000000
118380  -45.558  23.537  12.217 0.0000000000
120018  -45.750  25.014  11.193 0.0000000000
120019  -46.365  25.221  11.376 0.0000000000
122473  -47.927  28.634  11.530 0.0000000000
121659  -48.098  27.092  11.637 0.0000000000
121641  -48.760  27.860  12.167 0.0000000000
120812  -49.720  26.754  13.333 0.0000000000
120813  -50.156  26.548  13.544 0.0000000000
120814  -50.844  26.577  13.500 0.0000000000
124681  -45.183  32.057  6.995 0.0000000000
128377  -47.013  36.706  2.552 0.0000000000
128363  -47.275  36.650  3.314 0.0000000000
128346  -47.477  36.423  4.048 0.0000000000
127634  -47.864  36.059  4.749 0.0000000000
126908  -49.514  35.161  7.767 0.0000000000
126916  -49.137  35.232  7.125 0.0000000000
126900  -49.278  34.736  8.122 0.0000000000
126201  -48.335  34.247  7.446 0.0000000000
126192  -48.014  33.617  7.879 0.0000000000
125394  -47.451  32.946  8.192 0.0000000000
126183  -48.160  33.467  8.802 0.0000000000
125364  -47.504  32.998  11.509 0.0000000000
125365  -48.518  33.447  11.642 0.0000000000
125348  -49.649  32.799  12.452 0.0000000000
124635  -51.306  31.532  11.009 0.0000000000
123249  -51.238  29.683  11.140 0.0000000000
122483  -51.298  28.655  11.102 0.0000000000
120853  -52.256  26.596  9.208 0.0000000000
120861  -52.334  26.670  7.957 0.0000000000
120872  -50.937  26.790  5.892 0.0000000000
120049  -49.737  24.887  7.134 0.0000000000
120072  -49.696  25.416  6.539 0.0000000000
120048  -48.872  25.077  7.107 0.0000000000
119227  -47.862  24.568  7.362 0.0000000000
123996  -47.359  30.993  4.067 0.0000000000
123982  -47.747  30.981  5.223 0.0000000000
123278  -46.777  29.174  4.809 0.0000000000
122529  -46.916  27.861  4.580 0.0000000000
120122  -44.903  25.936  4.912 0.0000000000
120068  -45.650  25.479  6.199 0.0000000000
119254  -45.772  24.938  6.863 0.0000000000
119224  -45.028  24.331  7.225 0.0000000000
117600  -44.511  22.822  7.269 0.0000000000
117617  -42.961  22.263  6.889 0.0000000000
114950  -50.786  19.791  11.830 0.0000000000
127673  -50.602  34.496  -1.490 0.0000000000
126977  -51.416  33.695  -1.238 0.0000000000
126302  -51.236  33.187  -2.031 0.0000000000
126303  -51.668  33.196  -1.301 0.0000000000
126284  -52.295  32.795  -0.337 0.0000000000
125541  -52.435  31.980  0.085 0.0000000000
124766  -52.001  31.196  0.479 0.0000000000
124028  -50.948  30.546  0.861 0.0000000000
124037  -51.052  30.505  0.220 0.0000000000
123339  -49.675  29.716  -0.130 0.0000000000
124044  -49.251  30.131  -0.383 0.0000000000
114114  -47.489  18.507  15.148 0.0000000000
115812  -47.375  20.643  14.614 0.0000000000
116683  -48.055  21.602  14.638 0.0000000000
131663  -38.758  41.881  3.147 0.0000000000
131669  -39.158  41.812  2.516 0.0000000000
131676  -39.235  41.695  1.586 0.0000000000
131684  -39.398  41.613  0.701 0.0000000000
129179  -46.194  38.042  -7.388 0.0000000000
129180  -46.803  37.254  -7.462 0.0000000000
129852  -48.540  38.230  -8.648 0.0000000000
123226  -48.626  29.420  12.114 0.0000000000
127630  -43.361  35.473  4.092 0.0000000000
126937  -43.868  34.836  4.391 0.0000000000
128367  -50.369  36.534  4.052 0.0000000000
128349  -49.951  36.746  4.648 0.0000000000
128336  -50.162  36.600  5.414 0.0000000000
128329  -50.340  36.348  6.143 0.0000000000
127602  -51.207  35.445  7.182 0.0000000000
127601  -50.612  35.599  7.553 0.0000000000
127588  -50.212  35.208  8.611 0.0000000000
126902  -50.433  34.957  9.074 0.0000000000
126892  -50.022  34.778  9.828 0.0000000000
126865  -50.295  34.284  10.993 0.0000000000
126879  -50.793  34.174  10.565 0.0000000000
126162  -51.454  33.152  10.692 0.0000000000
125379  -51.529  32.666  10.352 0.0000000000
124659  -51.381  32.301  9.051 0.0000000000
124648  -51.432  32.103  9.727 0.0000000000
124647  -51.175  31.372  10.052 0.0000000000
123252  -50.632  29.607  9.763 0.0000000000
122502  -50.306  28.056  7.687 0.0000000000
122501  -49.630  28.727  7.524 0.0000000000
121686  -50.056  27.813  6.873 0.0000000000
121691  -49.749  27.500  6.050 0.0000000000
121703  -49.234  27.100  5.472 0.0000000000
122527  -45.963  28.622  3.866 0.0000000000
122536  -45.523  28.381  3.299 0.0000000000
120097  -44.422  25.679  5.476 0.0000000000
120066  -43.625  25.189  6.182 0.0000000000
128412  -44.167  36.093  -0.202 0.0000000000
128401  -44.439  36.232  0.726 0.0000000000
128379  -48.794  36.574  3.035 0.0000000000
128380  -49.655  36.479  3.181 0.0000000000
127665  -49.766  35.280  -0.082 0.0000000000
127660  -49.758  35.425  1.188 0.0000000000
127655  -49.694  36.095  2.327 0.0000000000
127649  -50.006  36.297  2.892 0.0000000000
128381  -50.106  36.522  3.588 0.0000000000
127646  -50.926  36.165  4.204 0.0000000000
126234  -51.609  34.027  3.990 0.0000000000
126227  -51.589  34.138  5.056 0.0000000000
126226  -51.243  33.621  5.131 0.0000000000
125428  -50.330  32.652  5.953 0.0000000000
124693  -49.691  32.152  6.190 0.0000000000
124708  -48.888  31.976  4.607 0.0000000000
124707  -48.126  31.547  4.320 0.0000000000
123297  -46.153  29.612  3.203 0.0000000000
124026  -48.570  29.887  1.247 0.0000000000
123317  -48.096  29.145  0.684 0.0000000000
124013  -47.782  30.508  2.046 0.0000000000
114923  -48.864  18.522  15.316 0.0000000000
114939  -49.691  19.598  15.014 0.0000000000
114925  -50.017  19.168  14.937 0.0000000000
114098  -49.985  18.748  14.605 0.0000000000
114126  -50.225  19.164  13.543 0.0000000000
114945  -51.407  20.174  12.197 0.0000000000
116709  -52.482  21.706  11.435 0.0000000000
117551  -52.498  22.440  11.830 0.0000000000
118382  -52.662  23.320  11.084 0.0000000000
131002  -35.031  40.105  3.301 0.0000000000
131007  -36.324  40.918  2.206 0.0000000000
130385  -35.576  39.615  1.963 0.0000000000
129762  -35.120  39.020  2.746 0.0000000000
129099  -35.738  38.083  2.667 0.0000000000
129102  -38.545  37.054  2.510 0.0000000000
129109  -39.108  36.977  1.659 0.0000000000
128384  -39.812  36.803  1.035 0.0000000000
128396  -39.846  36.927  0.427 0.0000000000
128398  -41.452  36.450  0.353 0.0000000000
131020  -39.370  41.089  -0.942 0.0000000000
130398  -39.105  39.841  -1.771 0.0000000000
129787  -39.436  38.961  -1.891 0.0000000000
129793  -41.026  38.743  -3.112 0.0000000000
129131  -41.024  38.163  -2.601 0.0000000000
129127  -41.069  37.324  -1.532 0.0000000000
128419  -41.577  36.999  -1.411 0.0000000000
128411  -43.249  36.236  -0.345 0.0000000000
128423  -44.757  36.131  -0.929 0.0000000000
128438  -44.523  36.740  -2.665 0.0000000000
128435  -48.135  36.147  -2.650 0.0000000000
128461  -46.730  36.291  -5.455 0.0000000000
128450  -46.668  36.344  -4.386 0.0000000000
128442  -48.184  36.051  -3.182 0.0000000000
126997  -50.246  33.985  -3.765 0.0000000000
126345  -50.053  33.510  -4.070 0.0000000000
125597  -49.764  32.856  -3.857 0.0000000000
125646  -49.328  32.855  -6.569 0.0000000000
127761  -49.048  35.299  -8.609 0.0000000000
127047  -49.466  34.877  -8.767 0.0000000000
127048  -49.574  34.493  -8.895 0.0000000000
117535  -45.527  22.629  13.760 0.0000000000
118350  -46.075  23.129  13.364 0.0000000000
118339  -47.114  23.243  14.053 0.0000000000
118340  -47.654  23.291  14.213 0.0000000000
118341  -48.663  23.573  14.285 0.0000000000
121666  -45.780  26.863  10.687 0.0000000000
120846  -46.583  26.164  11.098 0.0000000000
120020  -47.365  25.081  12.099 0.0000000000
120837  -47.991  25.966  12.129 0.0000000000
120001  -47.802  25.118  12.621 0.0000000000
119180  -48.141  24.749  13.250 0.0000000000
119158  -49.122  24.293  14.111 0.0000000000
119160  -49.994  23.850  14.451 0.0000000000
118354  -50.914  24.002  14.222 0.0000000000
119169  -51.231  24.546  13.690 0.0000000000
119182  -52.189  24.159  12.436 0.0000000000
123958  -43.563  30.884  8.753 0.0000000000
123938  -44.053  31.249  9.585 0.0000000000
124644  -44.269  31.523  10.155 0.0000000000
128360  -44.434  36.513  3.158 0.0000000000
128361  -45.431  36.531  3.132 0.0000000000
127643  -44.868  36.073  3.637 0.0000000000
126938  -44.813  34.867  4.437 0.0000000000
126232  -44.882  34.432  4.775 0.0000000000
127635  -48.684  36.380  4.896 0.0000000000
127617  -47.376  35.479  5.134 0.0000000000
126929  -48.132  35.053  6.098 0.0000000000
126928  -47.607  34.952  5.749 0.0000000000
127616  -46.893  35.378  4.912 0.0000000000
126927  -46.705  34.943  5.160 0.0000000000
126223  -46.145  34.094  5.462 0.0000000000
126222  -45.135  34.024  5.181 0.0000000000
125427  -45.667  33.466  5.770 0.0000000000
125402  -45.824  32.138  7.338 0.0000000000
124670  -46.165  31.991  7.958 0.0000000000
124656  -45.142  31.483  8.950 0.0000000000
124645  -45.077  31.581  9.923 0.0000000000
124633  -44.939  31.953  10.753 0.0000000000
125362  -45.405  32.434  11.829 0.0000000000
125345  -46.060  32.393  12.214 0.0000000000
124601  -46.743  32.049  12.561 0.0000000000
123900  -47.376  31.324  12.356 0.0000000000
123227  -49.433  29.684  12.429 0.0000000000
126160  -50.086  34.169  11.309 0.0000000000
126147  -50.315  33.427  11.954 0.0000000000
124604  -50.127  31.786  12.477 0.0000000000
124620  -50.867  31.640  11.880 0.0000000000
121644  -51.157  27.674  13.095 0.0000000000
120838  -52.065  26.411  11.836 0.0000000000
120022  -52.164  25.689  12.119 0.0000000000
118394  -53.306  23.783  9.180 0.0000000000
119212  -53.535  24.205  8.688 0.0000000000
119233  -54.367  24.450  7.208 0.0000000000
120863  -53.492  25.517  8.167 0.0000000000
120051  -54.258  24.997  7.096 0.0000000000
120077  -54.306  24.420  6.776 0.0000000000
119260  -53.994  24.080  6.474 0.0000000000
120866  -52.171  26.674  6.872 0.0000000000
120890  -51.998  26.025  6.001 0.0000000000
119231  -52.106  24.116  7.015 0.0000000000
117606  -50.742  22.682  7.274 0.0000000000
118419  -49.240  23.470  7.715 0.0000000000
124682  -49.317  31.638  6.430 0.0000000000
123969  -48.855  30.951  6.622 0.0000000000
123270  -48.416  29.703  6.669 0.0000000000
120886  -48.465  26.508  5.372 0.0000000000
120884  -46.424  26.252  4.874 0.0000000000
120906  -46.766  26.614  4.706 0.0000000000
119226  -46.789  24.293  7.406 0.0000000000
114940  -49.999  19.629  14.980 0.0000000000
115799  -50.283  19.705  14.713 0.0000000000
117570  -53.360  22.854  9.228 0.0000000000
118343  -50.435  23.349  14.470 0.0000000000
118368  -47.104  23.746  13.302 0.0000000000
118379  -44.555  23.185  12.000 0.0000000000
118381  -46.065  23.597  12.534 0.0000000000
118413  -43.589  23.413  7.174 0.0000000000
119165  -47.975  24.427  13.403 0.0000000000
119202  -44.402  24.802  10.973 0.0000000000
119203  -44.884  24.595  11.142 0.0000000000
119211  -53.187  24.199  9.359 0.0000000000
119215  -54.109  24.172  7.773 0.0000000000
119234  -54.437  24.016  7.126 0.0000000000
119990  -48.885  25.401  13.377 0.0000000000
120021  -47.889  25.424  12.467 0.0000000000
120030  -45.865  25.340  11.100 0.0000000000
120050  -50.340  24.727  7.135 0.0000000000
120052  -54.422  24.525  6.962 0.0000000000
120074  -51.733  25.411  6.321 0.0000000000
120834  -43.003  26.924  10.821 0.0000000000
120835  -46.545  25.873  11.189 0.0000000000
120839  -52.265  25.775  11.770 0.0000000000
120841  -42.810  26.084  10.836 0.0000000000
120883  -45.895  26.272  4.691 0.0000000000
121635  -50.027  27.204  13.400 0.0000000000
121663  -43.302  27.088  10.781 0.0000000000
122516  -46.805  28.732  4.781 0.0000000000
122537  -45.806  27.867  3.761 0.0000000000
123919  -51.251  29.986  11.449 0.0000000000
123928  -51.248  30.140  11.214 0.0000000000
123947  -43.252  30.887  9.242 0.0000000000
123948  -43.850  31.039  9.136 0.0000000000
124024  -47.122  29.280  1.310 0.0000000000
124029  -51.552  30.844  0.583 0.0000000000
124038  -51.654  30.869  0.120 0.0000000000
124047  -51.641  31.047  -0.156 0.0000000000
124634  -45.607  32.009  10.500 0.0000000000
124636  -51.427  31.995  10.401 0.0000000000
124736  -47.865  31.056  2.739 0.0000000000
124752  -50.068  30.893  1.695 0.0000000000
124755  -52.256  31.848  1.073 0.0000000000
124767  -52.262  31.643  0.680 0.0000000000
124782  -52.229  31.492  0.289 0.0000000000
125374  -44.915  32.230  11.420 0.0000000000
125417  -47.285  33.646  6.854 0.0000000000
125469  -52.058  32.644  1.908 0.0000000000
125487  -51.905  32.248  1.711 0.0000000000
125664  -48.964  32.845  -7.970 0.0000000000
126177  -51.451  33.370  10.224 0.0000000000
126186  -51.183  34.184  9.716 0.0000000000
126193  -48.835  34.222  8.374 0.0000000000
126210  -47.021  33.742  6.411 0.0000000000
126212  -48.007  34.301  6.977 0.0000000000
126265  -52.442  33.076  0.472 0.0000000000
126285  -52.449  32.415  0.032 0.0000000000
126866  -50.526  34.186  10.965 0.0000000000
126878  -50.314  34.423  10.619 0.0000000000
126907  -48.946  34.730  7.582 0.0000000000
126925  -45.266  34.568  4.747 0.0000000000
126939  -45.690  35.020  4.522 0.0000000000
126946  -52.218  33.301  2.089 0.0000000000
126951  -52.286  33.347  1.780 0.0000000000
127018  -49.941  33.870  -5.153 0.0000000000
127589  -50.613  35.225  8.363 0.0000000000
127600  -50.070  35.435  8.052 0.0000000000
127620  -51.039  36.102  6.084 0.0000000000
127621  -51.228  35.898  5.622 0.0000000000
127654  -49.201  36.203  2.056 0.0000000000
127691  -48.203  35.916  -3.665 0.0000000000
128330  -50.764  36.233  6.127 0.0000000000
128338  -51.086  36.101  5.289 0.0000000000
128350  -50.706  36.392  4.805 0.0000000000
128351  -50.970  36.215  5.108 0.0000000000
128409  -41.297  36.791  -0.760 0.0000000000
129106  -36.621  38.333  1.228 0.0000000000
129112  -36.680  38.696  0.794 0.0000000000
129119  -37.426  38.730  -0.173 0.0000000000
129130  -40.390  38.466  -2.333 0.0000000000
129133  -43.018  37.200  -2.571 0.0000000000
129137  -41.379  38.527  -3.171 0.0000000000
129756  -35.466  38.226  2.874 0.0000000000
129763  -35.539  38.682  2.351 0.0000000000
129764  -36.098  38.567  1.690 0.0000000000
129781  -38.337  38.951  -1.069 0.0000000000
129788  -40.044  38.728  -2.224 0.0000000000
129791  -39.920  39.261  -2.380 0.0000000000
129796  -40.929  39.261  -3.282 0.0000000000
129808  -42.936  39.278  -5.075 0.0000000000
130381  -34.954  39.421  3.031 0.0000000000
130382  -35.268  39.516  2.526 0.0000000000
130389  -36.449  39.792  0.809 0.0000000000
130394  -37.934  39.849  -0.898 0.0000000000
130402  -39.606  39.851  -2.226 0.0000000000
130407  -41.220  39.833  -3.607 0.0000000000
130422  -43.146  39.913  -5.331 0.0000000000
131005  -35.162  39.895  2.809 0.0000000000
131009  -35.840  40.156  1.745 0.0000000000
131013  -36.776  40.286  0.630 0.0000000000
131015  -38.269  41.141  0.032 0.0000000000
131018  -37.816  40.324  -0.457 0.0000000000
131029  -39.989  40.305  -2.330 0.0000000000
131656  -37.012  41.751  4.194 0.0000000000
131662  -38.045  41.737  3.278 0.0000000000
131668  -38.198  41.629  2.540 0.0000000000
131670  -39.842  41.858  2.233 0.0000000000
131682  -37.765  41.280  1.101 0.0000000000
131691  -38.793  41.367  0.040 0.0000000000
131703  -39.865  41.335  -0.947 0.0000000000
