#!ascii label  , from subject 3507 vox2ras=TkReg
918
109354  51.727  10.596  13.369 0.0000000000
109495  49.805  10.675  1.641 0.0000000000
116189  48.889  17.282  -6.665 0.0000000000
105507  50.035  7.103  -9.358 0.0000000000
107312  49.702  7.916  7.852 0.0000000000
114436  46.922  15.236  -0.927 0.0000000000
108503  50.893  9.630  -6.047 0.0000000000
112704  41.687  13.246  -3.661 0.0000000000
108385  44.399  9.602  2.185 0.0000000000
111584  52.071  12.923  8.483 0.0000000000
110565  55.107  12.339  4.874 0.0000000000
116997  47.172  18.244  -4.193 0.0000000000
112731  44.634  13.901  -7.537 0.0000000000
111726  46.486  12.477  -5.428 0.0000000000
111774  48.493  12.775  -10.573 0.0000000000
115285  42.905  15.990  -2.379 0.0000000000
110526  49.004  11.773  8.873 0.0000000000
112573  53.352  13.411  11.051 0.0000000000
108349  51.886  9.228  6.484 0.0000000000
116993  50.931  17.901  -4.533 0.0000000000
116971  50.160  18.733  -3.178 0.0000000000
117010  48.423  18.216  -5.655 0.0000000000
115338  44.799  16.035  -6.459 0.0000000000
115365  46.032  16.106  -8.135 0.0000000000
108397  47.201  9.624  1.916 0.0000000000
110657  44.999  11.382  -2.265 0.0000000000
109569  48.107  10.575  -2.262 0.0000000000
107490  51.866  9.306  -9.772 0.0000000000
110742  51.192  12.038  -8.928 0.0000000000
108538  49.210  9.963  -10.342 0.0000000000
108529  47.139  9.595  -9.386 0.0000000000
105509  47.780  6.701  -9.348 0.0000000000
104456  46.385  4.592  -5.875 0.0000000000
106295  48.078  7.713  12.997 0.0000000000
108327  50.849  9.425  10.435 0.0000000000
114470  48.387  16.048  -4.168 0.0000000000
109511  51.656  10.257  0.921 0.0000000000
108463  49.762  9.165  -2.409 0.0000000000
106432  51.612  7.345  -2.639 0.0000000000
107467  53.406  8.424  -7.779 0.0000000000
110593  43.158  11.376  3.208 0.0000000000
109449  45.076  9.829  5.700 0.0000000000
109446  47.534  10.635  5.720 0.0000000000
110580  49.833  11.039  4.519 0.0000000000
109399  53.550  11.310  9.205 0.0000000000
112596  54.768  13.036  6.642 0.0000000000
111616  52.825  12.387  3.965 0.0000000000
111643  54.570  12.866  2.761 0.0000000000
106284  46.598  7.211  14.317 0.0000000000
116963  47.657  18.557  -1.825 0.0000000000
116149  45.385  17.573  -2.596 0.0000000000
115315  43.625  15.928  -4.681 0.0000000000
112712  43.158  13.609  -5.646 0.0000000000
108497  43.997  10.119  -5.198 0.0000000000
112660  44.588  13.205  0.151 0.0000000000
113582  46.230  14.523  -3.354 0.0000000000
114481  47.290  15.207  -5.944 0.0000000000
110694  49.570  11.343  -4.958 0.0000000000
112740  49.413  13.715  -8.633 0.0000000000
115376  48.013  16.039  -9.659 0.0000000000
111767  46.179  13.082  -9.143 0.0000000000
109629  45.493  10.589  -7.603 0.0000000000
114437  42.436  15.810  -1.366 0.0000000000
115273  43.482  16.631  -1.559 0.0000000000
112574  52.611  13.354  11.554 0.0000000000
110503  53.503  12.066  12.088 0.0000000000
116166  49.946  17.543  -5.411 0.0000000000
116994  50.275  18.065  -5.032 0.0000000000
117022  48.788  17.901  -6.557 0.0000000000
116206  47.037  17.200  -7.476 0.0000000000
116205  47.753  17.291  -7.775 0.0000000000
109496  48.921  10.436  1.915 0.0000000000
109535  47.443  10.008  -0.198 0.0000000000
109534  48.578  10.305  -0.097 0.0000000000
106524  51.190  8.330  -10.224 0.0000000000
107499  50.676  9.140  -10.297 0.0000000000
106516  49.517  7.539  -10.036 0.0000000000
106517  48.322  7.736  -10.057 0.0000000000
105508  48.876  6.835  -9.447 0.0000000000
105479  48.298  6.071  -7.425 0.0000000000
105478  49.243  6.433  -7.765 0.0000000000
106309  47.722  7.210  11.648 0.0000000000
115292  49.341  16.364  -2.969 0.0000000000
114452  47.654  15.652  -2.609 0.0000000000
108413  52.956  9.533  0.216 0.0000000000
107376  51.587  8.180  -0.663 0.0000000000
106409  53.367  8.155  -0.995 0.0000000000
106469  54.342  7.543  -5.683 0.0000000000
107466  54.611  8.400  -8.075 0.0000000000
107488  53.800  8.209  -9.257 0.0000000000
111578  49.996  12.153  8.572 0.0000000000
110547  48.522  11.525  7.241 0.0000000000
110546  49.434  11.714  7.020 0.0000000000
109456  48.522  10.573  4.746 0.0000000000
111602  50.982  11.887  6.176 0.0000000000
107302  49.683  8.248  9.426 0.0000000000
108335  51.685  10.017  9.843 0.0000000000
108341  51.497  9.453  8.697 0.0000000000
109443  53.940  10.712  5.528 0.0000000000
109432  54.048  11.183  6.485 0.0000000000
111606  54.874  12.691  6.129 0.0000000000
111607  53.832  13.197  5.775 0.0000000000
112616  54.963  13.145  4.711 0.0000000000
111629  53.848  12.747  3.353 0.0000000000
112615  55.237  12.921  4.260 0.0000000000
110603  56.038  12.045  1.958 0.0000000000
116983  48.115  18.477  -3.603 0.0000000000
116972  48.999  18.621  -2.907 0.0000000000
116984  47.084  18.256  -3.145 0.0000000000
116141  46.524  18.140  -1.939 0.0000000000
116158  46.044  17.822  -3.591 0.0000000000
116160  44.156  16.755  -3.398 0.0000000000
116168  45.316  17.339  -4.345 0.0000000000
114493  44.538  15.309  -6.748 0.0000000000
114484  43.787  15.291  -5.796 0.0000000000
112722  43.678  13.564  -6.384 0.0000000000
110725  43.569  11.909  -6.182 0.0000000000
110724  44.091  11.984  -6.723 0.0000000000
109483  43.750  10.413  2.057 0.0000000000
111658  43.982  12.413  1.697 0.0000000000
110634  43.882  10.974  0.758 0.0000000000
110685  45.721  11.755  -3.793 0.0000000000
112685  45.240  13.177  -3.022 0.0000000000
112702  45.852  13.305  -4.671 0.0000000000
114472  46.912  14.933  -5.086 0.0000000000
113608  46.635  13.888  -6.150 0.0000000000
107416  50.492  8.791  -3.740 0.0000000000
109586  49.864  10.236  -3.803 0.0000000000
109611  50.834  11.072  -5.716 0.0000000000
111772  50.183  12.912  -10.272 0.0000000000
112727  50.936  13.177  -8.314 0.0000000000
113635  50.157  14.030  -9.831 0.0000000000
113625  48.885  14.646  -9.197 0.0000000000
113647  48.403  14.579  -10.508 0.0000000000
113638  47.518  15.158  -10.158 0.0000000000
112752  47.341  13.454  -10.223 0.0000000000
106507  46.211  7.300  -8.166 0.0000000000
108520  46.100  9.427  -8.049 0.0000000000
106499  45.733  7.245  -7.536 0.0000000000
107457  45.271  8.210  -6.540 0.0000000000
113552  46.012  14.759  0.678 0.0000000000
114446  42.125  14.995  -2.112 0.0000000000
113576  42.178  14.739  -3.048 0.0000000000
110517  47.727  11.204  9.711 0.0000000000
111563  49.994  12.227  11.168 0.0000000000
111569  50.975  12.687  10.452 0.0000000000
111575  53.106  13.321  9.537 0.0000000000
107314  51.118  8.764  6.975 0.0000000000
116981  50.334  18.487  -4.156 0.0000000000
116996  48.298  18.407  -4.652 0.0000000000
117011  47.371  18.131  -5.232 0.0000000000
116179  45.492  17.184  -5.335 0.0000000000
116193  45.935  17.127  -6.072 0.0000000000
115350  45.617  16.105  -7.554 0.0000000000
113618  45.168  14.815  -7.851 0.0000000000
108398  46.232  9.360  1.663 0.0000000000
109517  44.482  10.368  0.221 0.0000000000
108438  45.771  9.730  -0.016 0.0000000000
109571  45.920  10.799  -2.706 0.0000000000
110683  47.256  11.060  -4.048 0.0000000000
108518  51.179  10.099  -8.057 0.0000000000
109627  51.257  11.025  -6.959 0.0000000000
108527  50.933  10.513  -9.478 0.0000000000
109648  50.257  11.055  -10.031 0.0000000000
109650  48.711  10.855  -10.390 0.0000000000
110744  47.499  11.740  -10.149 0.0000000000
108528  47.733  9.712  -9.939 0.0000000000
106518  47.371  7.568  -9.407 0.0000000000
104495  46.482  5.509  -8.106 0.0000000000
104471  47.615  5.674  -6.096 0.0000000000
108303  50.452  9.689  13.311 0.0000000000
108309  51.088  9.979  12.201 0.0000000000
107291  49.537  8.731  11.891 0.0000000000
107296  49.326  8.287  10.612 0.0000000000
106324  49.140  7.797  8.964 0.0000000000
115300  51.210  16.944  -3.355 0.0000000000
115311  50.017  16.884  -4.785 0.0000000000
115312  48.852  16.406  -5.090 0.0000000000
109512  50.871  10.297  0.942 0.0000000000
108452  49.534  9.639  -0.739 0.0000000000
107377  50.491  8.877  -0.354 0.0000000000
106433  50.816  7.866  -2.631 0.0000000000
106458  51.512  7.949  -4.957 0.0000000000
106430  53.944  7.272  -2.739 0.0000000000
106457  52.494  7.268  -4.563 0.0000000000
106486  51.954  8.314  -6.661 0.0000000000
107479  52.608  8.928  -8.654 0.0000000000
106522  52.576  8.321  -9.878 0.0000000000
105505  52.128  7.351  -9.411 0.0000000000
105460  50.798  6.385  -7.334 0.0000000000
109460  43.555  10.035  3.937 0.0000000000
108364  45.233  9.465  4.246 0.0000000000
110549  47.014  11.006  7.459 0.0000000000
109447  46.773  10.377  5.821 0.0000000000
108371  45.827  9.348  3.486 0.0000000000
108369  47.475  9.881  3.799 0.0000000000
109480  48.805  10.363  2.976 0.0000000000
109479  49.705  10.768  2.715 0.0000000000
109376  52.588  11.112  11.207 0.0000000000
110513  54.210  12.669  10.345 0.0000000000
112585  54.162  13.295  8.863 0.0000000000
109422  53.140  10.551  7.738 0.0000000000
111589  54.702  12.774  8.030 0.0000000000
111591  53.262  13.172  7.730 0.0000000000
111601  51.783  12.166  5.967 0.0000000000
110578  51.603  11.661  4.134 0.0000000000
110607  51.047  11.362  2.754 0.0000000000
110620  51.935  11.403  1.838 0.0000000000
111657  53.323  11.913  1.599 0.0000000000
111668  54.205  12.200  0.838 0.0000000000
111642  55.546  12.420  2.732 0.0000000000
112647  55.642  12.972  1.708 0.0000000000
107284  49.013  8.778  14.122 0.0000000000
106296  47.384  7.390  13.413 0.0000000000
105265  45.393  6.348  14.032 0.0000000000
117829  49.433  19.043  -1.273 0.0000000000
116951  46.856  18.775  -0.620 0.0000000000
116151  43.831  16.629  -2.718 0.0000000000
115294  43.000  16.012  -3.182 0.0000000000
114464  42.733  15.179  -4.033 0.0000000000
115327  44.525  16.348  -5.593 0.0000000000
114474  43.244  15.230  -4.913 0.0000000000
112713  42.663  13.638  -4.934 0.0000000000
113561  45.635  14.214  -0.792 0.0000000000
111690  44.481  12.407  -1.264 0.0000000000
112678  45.220  13.487  -2.108 0.0000000000
113574  46.247  14.640  -2.339 0.0000000000
114463  46.847  15.118  -4.060 0.0000000000
114471  47.702  15.661  -4.820 0.0000000000
115325  48.099  16.090  -6.621 0.0000000000
109568  48.933  10.320  -2.037 0.0000000000
110682  48.281  11.016  -4.133 0.0000000000
110710  47.987  11.629  -5.793 0.0000000000
111734  51.200  12.337  -7.149 0.0000000000
111736  49.765  12.330  -6.707 0.0000000000
111738  47.839  12.455  -6.733 0.0000000000
113616  47.863  14.517  -7.829 0.0000000000
114500  48.217  15.634  -8.160 0.0000000000
115347  48.167  16.551  -8.061 0.0000000000
115363  47.350  16.480  -8.815 0.0000000000
113628  45.957  14.839  -8.756 0.0000000000
111759  45.221  13.143  -8.202 0.0000000000
110745  46.802  11.807  -9.538 0.0000000000
110738  45.711  11.723  -8.379 0.0000000000
109630  44.983  11.293  -7.366 0.0000000000
108506  45.007  9.386  -6.239 0.0000000000
103424  45.752  4.372  -4.278 0.0000000000
116135  43.117  16.844  -0.628 0.0000000000
116134  43.827  17.104  -0.967 0.0000000000
110476  52.851  11.574  13.492 0.0000000000
111551  53.512  12.596  12.660 0.0000000000
109353  52.322  11.089  12.938 0.0000000000
116175  49.241  17.569  -6.198 0.0000000000
116176  48.980  17.811  -6.449 0.0000000000
116190  48.498  17.450  -7.040 0.0000000000
109514  49.130  10.477  0.831 0.0000000000
106515  50.615  7.655  -9.913 0.0000000000
105493  49.513  6.633  -8.642 0.0000000000
114435  47.850  15.789  -0.519 0.0000000000
114443  47.683  15.671  -1.585 0.0000000000
114451  48.431  16.093  -2.263 0.0000000000
108412  53.482  10.042  0.098 0.0000000000
108434  53.268  9.141  -0.276 0.0000000000
108433  53.724  9.730  -0.324 0.0000000000
107452  55.382  8.264  -7.260 0.0000000000
107476  55.232  7.943  -8.495 0.0000000000
107477  54.630  8.110  -8.757 0.0000000000
111719  41.764  12.701  -4.051 0.0000000000
111585  50.939  12.504  7.981 0.0000000000
111586  50.071  12.025  7.578 0.0000000000
111594  50.074  11.891  7.047 0.0000000000
110545  50.026  11.755  6.660 0.0000000000
111593  50.760  12.101  6.849 0.0000000000
107306  50.519  8.657  8.802 0.0000000000
108342  50.991  9.064  8.879 0.0000000000
107310  51.047  8.870  8.051 0.0000000000
109442  54.525  11.264  5.153 0.0000000000
109431  54.465  11.487  5.862 0.0000000000
110566  54.856  12.104  5.518 0.0000000000
112603  54.942  13.039  5.621 0.0000000000
112602  55.183  12.948  4.904 0.0000000000
111613  55.230  12.654  4.583 0.0000000000
116159  44.941  17.287  -3.458 0.0000000000
113609  44.471  14.529  -7.125 0.0000000000
112721  44.155  13.938  -6.944 0.0000000000
111741  43.727  12.636  -6.482 0.0000000000
111740  44.195  13.022  -7.074 0.0000000000
110623  43.716  11.323  1.593 0.0000000000
109518  44.093  10.490  0.785 0.0000000000
110698  46.101  11.796  -4.359 0.0000000000
111717  45.824  12.448  -4.473 0.0000000000
111727  45.984  12.820  -4.991 0.0000000000
112701  46.213  13.723  -5.154 0.0000000000
107441  50.740  9.218  -5.326 0.0000000000
108495  50.652  9.972  -5.253 0.0000000000
108504  50.965  10.411  -6.082 0.0000000000
111773  49.376  12.873  -10.517 0.0000000000
112760  50.350  13.627  -10.053 0.0000000000
112761  49.693  13.717  -10.369 0.0000000000
113646  49.204  14.527  -10.309 0.0000000000
112762  48.837  13.745  -10.584 0.0000000000
112763  47.740  13.682  -10.503 0.0000000000
111775  47.802  12.575  -10.440 0.0000000000
105497  45.928  6.321  -7.835 0.0000000000
105480  45.399  6.290  -7.255 0.0000000000
105464  45.111  6.588  -6.758 0.0000000000
114445  42.486  15.626  -1.839 0.0000000000
114455  42.174  14.900  -2.600 0.0000000000
114454  42.428  15.264  -2.947 0.0000000000
110505  48.992  11.647  10.826 0.0000000000
112566  53.702  13.141  11.374 0.0000000000
111568  51.880  13.162  11.044 0.0000000000
112580  52.718  13.382  10.726 0.0000000000
111576  52.271  13.142  9.813 0.0000000000
112579  53.373  13.407  10.095 0.0000000000
116157  51.285  17.609  -4.075 0.0000000000
116980  51.169  18.159  -4.074 0.0000000000
116995  49.373  18.365  -4.987 0.0000000000
116178  46.553  17.604  -5.717 0.0000000000
116177  47.561  17.877  -6.173 0.0000000000
115336  46.455  16.936  -7.144 0.0000000000
115349  46.349  16.632  -7.715 0.0000000000
108418  45.971  9.468  0.735 0.0000000000
108437  46.514  9.689  0.128 0.0000000000
109553  47.242  10.236  -1.418 0.0000000000
109570  46.994  10.469  -2.474 0.0000000000
109589  46.757  10.830  -3.301 0.0000000000
109588  47.779  10.789  -3.260 0.0000000000
108517  51.851  9.463  -8.738 0.0000000000
108526  51.420  9.850  -9.260 0.0000000000
107500  49.689  9.105  -10.393 0.0000000000
108537  50.074  10.040  -10.248 0.0000000000
109649  49.526  10.967  -10.321 0.0000000000
108539  48.420  9.847  -10.262 0.0000000000
105510  47.079  6.737  -9.020 0.0000000000
105495  47.143  5.995  -8.723 0.0000000000
104494  47.044  5.307  -8.179 0.0000000000
105463  48.372  6.142  -6.505 0.0000000000
104485  47.487  5.519  -7.003 0.0000000000
107287  49.266  8.680  13.100 0.0000000000
108311  49.933  9.222  12.744 0.0000000000
107288  48.737  8.152  12.536 0.0000000000
107297  48.715  7.910  10.949 0.0000000000
106317  48.564  7.613  10.423 0.0000000000
106316  49.053  7.865  9.789 0.0000000000
105310  47.979  7.117  9.673 0.0000000000
114461  48.444  16.067  -3.274 0.0000000000
115301  50.243  16.657  -3.701 0.0000000000
115302  49.256  16.390  -4.012 0.0000000000
109493  51.387  10.845  1.411 0.0000000000
108416  50.509  9.907  0.459 0.0000000000
108415  51.081  9.616  0.524 0.0000000000
106421  51.966  7.487  -1.633 0.0000000000
107390  51.271  7.783  -1.413 0.0000000000
106445  51.240  7.763  -3.741 0.0000000000
106419  54.192  8.132  -1.556 0.0000000000
106443  54.126  7.154  -3.902 0.0000000000
106484  53.972  7.954  -6.530 0.0000000000
106470  53.301  7.490  -5.732 0.0000000000
106485  53.031  7.950  -6.767 0.0000000000
106471  52.257  7.769  -5.793 0.0000000000
106497  52.571  8.350  -7.276 0.0000000000
107468  52.256  8.716  -7.757 0.0000000000
105503  53.538  7.605  -9.409 0.0000000000
106512  53.220  8.032  -9.634 0.0000000000
106513  52.497  7.857  -9.844 0.0000000000
105491  51.692  6.851  -8.815 0.0000000000
109437  44.666  10.082  6.483 0.0000000000
109450  43.879  9.840  5.200 0.0000000000
108365  44.312  9.572  4.121 0.0000000000
108356  44.779  9.622  4.876 0.0000000000
110527  48.062  11.461  8.950 0.0000000000
110538  46.793  10.932  8.203 0.0000000000
110537  47.513  11.291  8.188 0.0000000000
110560  47.850  11.138  6.560 0.0000000000
109434  47.199  10.754  6.336 0.0000000000
109458  46.956  10.121  5.123 0.0000000000
108363  46.234  9.683  4.575 0.0000000000
108370  46.745  9.611  3.648 0.0000000000
108361  47.560  10.056  4.295 0.0000000000
110581  49.215  10.880  4.948 0.0000000000
109466  48.645  10.412  3.874 0.0000000000
109465  49.378  10.707  3.675 0.0000000000
110592  50.164  11.069  3.620 0.0000000000
108317  50.691  9.590  11.534 0.0000000000
109377  51.925  10.586  11.481 0.0000000000
108326  51.398  10.089  10.925 0.0000000000
109400  52.864  10.786  9.586 0.0000000000
109387  53.460  11.418  9.960 0.0000000000
110525  53.974  11.794  9.720 0.0000000000
111574  54.467  12.970  9.549 0.0000000000
110534  54.241  11.781  8.934 0.0000000000
108346  51.725  9.365  7.570 0.0000000000
108348  52.508  9.888  7.071 0.0000000000
111598  54.769  12.711  7.105 0.0000000000
110555  54.402  11.725  7.237 0.0000000000
112590  54.652  13.051  7.559 0.0000000000
112591  54.193  13.325  7.955 0.0000000000
112597  54.394  13.284  7.097 0.0000000000
111600  52.996  12.827  6.483 0.0000000000
111599  53.855  13.335  6.778 0.0000000000
111609  52.137  12.050  4.768 0.0000000000
111617  52.187  11.986  4.156 0.0000000000
110591  50.934  11.369  3.518 0.0000000000
110590  51.638  11.616  3.302 0.0000000000
110606  51.767  11.561  2.557 0.0000000000
110589  52.329  11.930  3.122 0.0000000000
111645  53.233  12.107  2.023 0.0000000000
111644  53.870  12.570  2.360 0.0000000000
111656  53.891  12.258  1.408 0.0000000000
111655  54.609  12.819  1.796 0.0000000000
109463  55.311  11.223  2.868 0.0000000000
111653  55.989  12.536  1.753 0.0000000000
112657  55.739  13.155  0.717 0.0000000000
108295  49.602  9.330  14.636 0.0000000000
106260  47.052  7.655  14.742 0.0000000000
106283  47.354  7.620  14.225 0.0000000000
105277  46.382  6.771  13.597 0.0000000000
105264  46.087  6.791  14.166 0.0000000000
116962  48.632  18.727  -1.835 0.0000000000
116949  48.694  18.932  -1.133 0.0000000000
117816  48.806  19.338  -0.555 0.0000000000
117817  47.653  19.340  -0.257 0.0000000000
116950  47.892  18.791  -1.033 0.0000000000
116142  45.872  17.939  -1.562 0.0000000000
116143  44.753  17.384  -1.735 0.0000000000
116144  43.982  16.797  -1.950 0.0000000000
116150  44.474  17.085  -2.656 0.0000000000
115303  44.098  16.625  -3.919 0.0000000000
116161  43.712  16.513  -3.195 0.0000000000
115304  43.605  16.336  -3.711 0.0000000000
115305  43.046  15.765  -3.835 0.0000000000
115316  43.157  15.549  -4.361 0.0000000000
115326  45.372  16.831  -5.930 0.0000000000
116180  44.765  16.893  -4.778 0.0000000000
113600  43.508  14.349  -5.958 0.0000000000
114485  43.378  15.049  -5.357 0.0000000000
113601  43.176  14.543  -5.314 0.0000000000
111718  42.267  12.764  -4.630 0.0000000000
111729  42.738  12.773  -5.304 0.0000000000
109613  43.790  10.999  -5.793 0.0000000000
111647  43.621  12.294  2.668 0.0000000000
111669  44.200  12.490  0.615 0.0000000000
112650  44.585  13.368  1.206 0.0000000000
112649  45.046  13.795  0.548 0.0000000000
113553  45.564  14.270  0.210 0.0000000000
112659  45.095  13.718  -0.314 0.0000000000
109556  44.645  11.248  -1.304 0.0000000000
110645  44.407  11.690  -0.911 0.0000000000
110658  44.634  11.652  -1.737 0.0000000000
113575  45.672  13.997  -2.697 0.0000000000
113568  45.659  14.145  -1.750 0.0000000000
114453  46.881  15.177  -2.984 0.0000000000
114482  46.945  14.850  -5.560 0.0000000000
115313  48.122  16.044  -5.732 0.0000000000
109551  49.033  10.130  -0.990 0.0000000000
108464  49.474  9.623  -1.861 0.0000000000
109601  49.503  10.950  -4.300 0.0000000000
109587  49.167  10.675  -3.377 0.0000000000
110681  49.071  11.103  -4.310 0.0000000000
110695  48.625  11.345  -4.941 0.0000000000
110709  49.042  11.646  -5.686 0.0000000000
110736  51.388  12.021  -8.261 0.0000000000
110719  51.286  11.802  -6.773 0.0000000000
111745  51.292  12.703  -8.045 0.0000000000
112728  50.274  13.201  -8.154 0.0000000000
111747  50.080  12.763  -7.391 0.0000000000
112729  49.517  13.080  -7.928 0.0000000000
111749  48.577  12.599  -7.241 0.0000000000
112730  48.476  13.246  -7.839 0.0000000000
112719  47.462  13.512  -7.234 0.0000000000
112741  48.545  14.233  -8.516 0.0000000000
113637  48.802  15.164  -9.533 0.0000000000
113626  48.390  15.083  -8.568 0.0000000000
114507  48.387  15.685  -8.887 0.0000000000
115348  48.246  16.170  -8.074 0.0000000000
115362  48.016  16.318  -8.979 0.0000000000
116215  47.990  16.712  -8.367 0.0000000000
115377  47.542  16.099  -9.403 0.0000000000
113639  46.927  14.830  -9.828 0.0000000000
113627  46.598  15.300  -9.311 0.0000000000
113640  46.372  14.541  -9.319 0.0000000000
112742  45.750  13.952  -8.792 0.0000000000
111758  45.700  13.075  -8.661 0.0000000000
109643  47.298  10.702  -9.716 0.0000000000
109635  46.691  10.594  -9.141 0.0000000000
109636  46.157  10.552  -8.463 0.0000000000
110731  45.201  11.631  -7.754 0.0000000000
109621  45.287  9.830  -6.919 0.0000000000
106473  44.676  7.252  -5.658 0.0000000000
107458  44.907  8.239  -5.862 0.0000000000
103445  45.956  4.366  -6.426 0.0000000000
103438  45.774  4.325  -5.347 0.0000000000
115275  42.296  16.043  -0.709 0.0000000000
115274  42.773  16.291  -1.191 0.0000000000
115284  43.398  16.395  -2.120 0.0000000000
111561  51.834  13.106  12.079 0.0000000000
112568  52.575  13.297  12.447 0.0000000000
112558  53.479  13.052  12.285 0.0000000000
111560  53.691  12.680  11.673 0.0000000000
116165  50.653  17.535  -4.734 0.0000000000
117008  49.712  17.873  -5.684 0.0000000000
117009  49.235  18.043  -5.973 0.0000000000
117023  48.444  17.969  -6.494 0.0000000000
116191  47.705  17.689  -7.054 0.0000000000
116217  47.144  16.869  -8.176 0.0000000000
109515  48.044  10.094  1.067 0.0000000000
109552  48.268  10.386  -1.157 0.0000000000
107498  51.743  9.047  -10.110 0.0000000000
108535  51.523  9.528  -9.837 0.0000000000
106525  50.147  8.296  -10.285 0.0000000000
106527  48.609  8.436  -10.318 0.0000000000
106526  49.167  8.294  -10.365 0.0000000000
105494  48.145  6.122  -8.501 0.0000000000
105462  49.357  6.373  -6.815 0.0000000000
106303  47.574  7.300  12.545 0.0000000000
106302  48.237  7.617  12.102 0.0000000000
105291  47.054  6.882  12.102 0.0000000000
115291  50.286  16.571  -2.636 0.0000000000
115283  49.234  16.350  -1.894 0.0000000000
109510  52.532  10.340  0.747 0.0000000000
108414  51.951  9.519  0.542 0.0000000000
107359  52.133  8.841  0.092 0.0000000000
107375  52.787  8.584  -0.409 0.0000000000
106420  53.144  7.505  -1.650 0.0000000000
106455  54.736  7.386  -4.701 0.0000000000
106483  54.890  7.981  -6.518 0.0000000000
107453  54.381  8.285  -7.261 0.0000000000
107478  53.706  8.562  -8.800 0.0000000000
107487  54.290  8.011  -9.171 0.0000000000
109424  45.393  10.435  7.413 0.0000000000
110536  48.326  11.569  8.103 0.0000000000
110535  49.224  11.793  7.909 0.0000000000
110571  48.195  11.005  5.935 0.0000000000
109445  48.148  10.703  5.377 0.0000000000
110570  48.842  11.047  5.589 0.0000000000
110569  49.706  11.246  5.435 0.0000000000
110556  50.999  11.727  5.714 0.0000000000
107301  50.289  8.737  9.958 0.0000000000
108336  50.967  9.206  9.430 0.0000000000
108340  52.260  10.227  9.084 0.0000000000
109411  53.018  10.637  8.690 0.0000000000
109444  53.450  10.477  5.996 0.0000000000
109433  53.280  10.501  6.745 0.0000000000
110554  54.682  12.065  6.581 0.0000000000
112604  54.466  13.272  6.228 0.0000000000
112617  54.522  13.176  5.388 0.0000000000
111615  54.096  12.970  4.550 0.0000000000
111630  53.079  12.321  2.847 0.0000000000
111614  54.763  13.136  4.219 0.0000000000
111628  54.622  13.019  3.663 0.0000000000
112639  55.034  12.970  3.106 0.0000000000
110604  55.694  11.759  2.488 0.0000000000
110616  56.389  11.988  1.312 0.0000000000
116982  49.256  18.576  -3.968 0.0000000000
116973  47.904  18.532  -2.607 0.0000000000
116974  47.050  18.311  -2.249 0.0000000000
116148  46.319  17.994  -2.523 0.0000000000
116169  44.544  16.913  -4.071 0.0000000000
115314  44.160  16.529  -4.469 0.0000000000
114483  44.381  15.771  -6.162 0.0000000000
114494  44.078  15.091  -6.357 0.0000000000
113610  43.989  14.606  -6.496 0.0000000000
111728  43.279  12.713  -5.928 0.0000000000
109623  44.004  11.453  -6.353 0.0000000000
110609  43.484  11.287  2.415 0.0000000000
111659  43.705  11.841  2.104 0.0000000000
110622  43.905  11.763  0.933 0.0000000000
111679  44.345  12.435  -0.363 0.0000000000
110670  45.296  11.584  -2.939 0.0000000000
110671  44.804  11.847  -2.395 0.0000000000
111709  45.325  12.398  -3.530 0.0000000000
112693  45.482  13.138  -3.965 0.0000000000
113583  45.752  13.783  -3.611 0.0000000000
113590  46.237  14.203  -4.472 0.0000000000
113599  46.671  14.403  -5.661 0.0000000000
113607  47.095  14.374  -6.603 0.0000000000
107402  50.201  8.632  -2.673 0.0000000000
108476  49.841  9.660  -3.073 0.0000000000
108487  50.279  9.794  -4.175 0.0000000000
109600  50.097  10.733  -4.575 0.0000000000
110693  50.281  11.362  -5.418 0.0000000000
111763  51.181  12.795  -9.278 0.0000000000
112737  51.275  13.046  -8.580 0.0000000000
112750  50.756  13.479  -9.428 0.0000000000
112739  50.426  13.650  -8.890 0.0000000000
113624  49.698  14.124  -9.312 0.0000000000
113636  49.413  14.636  -9.841 0.0000000000
114516  49.031  15.033  -10.111 0.0000000000
114517  48.525  15.500  -9.799 0.0000000000
114518  47.699  15.610  -10.004 0.0000000000
113648  47.627  14.769  -10.328 0.0000000000
112764  47.308  14.369  -10.225 0.0000000000
112753  47.030  13.743  -10.015 0.0000000000
107481  46.432  8.385  -8.453 0.0000000000
108519  46.582  9.504  -8.762 0.0000000000
107482  46.009  8.276  -7.764 0.0000000000
108512  45.711  9.222  -7.355 0.0000000000
108505  45.447  8.973  -6.802 0.0000000000
106488  45.326  7.278  -6.961 0.0000000000
106489  45.051  7.279  -6.334 0.0000000000
114428  46.730  15.265  0.154 0.0000000000
113585  41.819  14.050  -3.207 0.0000000000
113584  42.220  14.450  -3.500 0.0000000000
110516  48.620  11.547  9.801 0.0000000000
111570  49.787  12.114  9.849 0.0000000000
111562  50.977  12.702  11.617 0.0000000000
111577  50.992  12.623  9.194 0.0000000000
107311  50.267  8.262  7.579 0.0000000000
106337  49.983  7.857  6.730 0.0000000000
107315  50.569  8.215  6.478 0.0000000000
108353  52.017  9.095  5.860 0.0000000000
108352  52.687  9.669  5.759 0.0000000000
108351  53.350  10.189  5.509 0.0000000000
109454  54.124  10.576  4.873 0.0000000000
110576  54.915  11.764  4.710 0.0000000000
116970  51.155  18.591  -3.237 0.0000000000
116167  46.293  17.791  -4.759 0.0000000000
116192  46.696  17.337  -6.649 0.0000000000
115337  45.635  16.607  -6.693 0.0000000000
115351  45.140  15.939  -6.991 0.0000000000
114502  45.208  15.547  -7.453 0.0000000000
108399  45.276  9.424  1.434 0.0000000000
108420  44.580  9.963  0.701 0.0000000000
108419  45.090  9.724  0.498 0.0000000000
109537  45.320  10.145  -0.624 0.0000000000
109555  45.125  10.850  -1.732 0.0000000000
109536  46.414  9.864  -0.679 0.0000000000
109554  46.145  10.272  -1.654 0.0000000000
110669  45.893  11.279  -3.327 0.0000000000
110684  46.380  11.323  -3.838 0.0000000000
110697  46.692  11.589  -4.730 0.0000000000
108510  51.013  9.994  -6.860 0.0000000000
109640  51.164  11.087  -8.610 0.0000000000
109641  50.955  11.136  -9.193 0.0000000000
108536  50.930  10.028  -9.898 0.0000000000
109647  50.665  11.160  -9.614 0.0000000000
110743  50.886  12.082  -9.461 0.0000000000
110749  50.466  12.063  -9.919 0.0000000000
110750  49.820  11.988  -10.262 0.0000000000
110751  49.029  11.879  -10.510 0.0000000000
110752  48.212  11.759  -10.479 0.0000000000
109642  47.926  10.752  -10.237 0.0000000000
107502  48.201  8.858  -10.207 0.0000000000
107491  47.582  8.624  -9.731 0.0000000000
107492  46.971  8.496  -9.092 0.0000000000
106506  46.730  7.430  -8.813 0.0000000000
105496  46.518  6.364  -8.433 0.0000000000
104487  46.307  4.940  -7.647 0.0000000000
104472  46.743  4.853  -6.529 0.0000000000
104493  47.489  5.528  -7.791 0.0000000000
104455  47.087  5.226  -5.535 0.0000000000
109366  51.114  10.077  12.926 0.0000000000
109365  51.705  10.502  12.381 0.0000000000
108310  50.570  9.637  12.456 0.0000000000
108318  50.144  9.285  12.034 0.0000000000
107295  50.111  9.002  10.987 0.0000000000
107292  48.784  8.063  11.552 0.0000000000
107307  49.764  8.100  8.453 0.0000000000
116156  51.685  17.627  -3.313 0.0000000000
115310  50.844  17.035  -4.232 0.0000000000
115323  49.463  16.986  -5.777 0.0000000000
115333  49.079  17.090  -6.416 0.0000000000
109513  50.051  10.362  0.725 0.0000000000
109533  49.393  10.155  -0.045 0.0000000000
107378  49.927  9.268  -0.545 0.0000000000
107392  49.793  8.953  -1.116 0.0000000000
107360  51.322  8.948  0.141 0.0000000000
107391  50.497  8.164  -1.540 0.0000000000
107415  50.946  8.432  -4.477 0.0000000000
107428  51.013  8.638  -5.192 0.0000000000
106408  53.810  8.424  -1.054 0.0000000000
105413  52.713  6.902  -3.165 0.0000000000
106456  53.710  7.186  -4.714 0.0000000000
105434  53.251  7.030  -4.140 0.0000000000
106444  52.206  7.089  -3.398 0.0000000000
106472  51.504  8.339  -5.791 0.0000000000
107456  51.249  9.004  -6.657 0.0000000000
107469  51.470  9.248  -7.502 0.0000000000
107480  51.838  9.239  -8.226 0.0000000000
108525  52.187  9.295  -9.131 0.0000000000
107489  52.584  8.792  -9.538 0.0000000000
107497  52.301  8.617  -9.983 0.0000000000
106523  52.060  8.317  -10.087 0.0000000000
106514  51.633  7.753  -9.877 0.0000000000
105506  51.130  7.239  -9.361 0.0000000000
105492  50.649  6.796  -8.697 0.0000000000
105476  51.312  6.518  -7.950 0.0000000000
109469  43.105  10.669  3.687 0.0000000000
109468  43.458  10.433  2.992 0.0000000000
108373  43.967  9.707  3.174 0.0000000000
108372  44.818  9.346  3.276 0.0000000000
110529  46.610  10.794  8.917 0.0000000000
109423  46.252  10.680  7.423 0.0000000000
109436  45.663  10.299  6.580 0.0000000000
110548  47.723  11.314  7.407 0.0000000000
109435  46.588  10.626  6.617 0.0000000000
109448  46.013  10.075  5.775 0.0000000000
108355  45.550  9.714  5.071 0.0000000000
108384  45.490  9.271  2.445 0.0000000000
108383  46.480  9.405  2.679 0.0000000000
108382  47.352  9.706  2.953 0.0000000000
109467  47.992  10.188  4.153 0.0000000000
109481  48.069  10.047  3.350 0.0000000000
109497  48.068  10.028  2.353 0.0000000000
109364  52.408  11.112  12.030 0.0000000000
110504  53.115  11.556  11.630 0.0000000000
110515  53.157  11.443  11.036 0.0000000000
109389  52.154  10.569  10.656 0.0000000000
109388  52.929  11.134  10.468 0.0000000000
111567  54.107  12.886  10.829 0.0000000000
111566  54.371  12.984  10.134 0.0000000000
112586  53.634  13.357  9.284 0.0000000000
112592  53.709  13.337  8.555 0.0000000000
108345  52.335  10.033  8.133 0.0000000000
109410  53.673  11.266  8.328 0.0000000000
109421  53.810  11.221  7.419 0.0000000000
110544  54.351  11.767  8.025 0.0000000000
110533  54.567  12.351  8.527 0.0000000000
111592  51.961  12.659  7.253 0.0000000000
110567  51.321  11.664  5.046 0.0000000000
111608  52.982  12.587  5.266 0.0000000000
110579  50.733  11.346  4.348 0.0000000000
110608  50.439  11.157  2.961 0.0000000000
109478  50.441  11.040  2.247 0.0000000000
109494  50.612  10.751  1.505 0.0000000000
109492  52.190  10.959  1.240 0.0000000000
110619  52.774  11.603  1.610 0.0000000000
110632  52.977  11.194  0.981 0.0000000000
110631  53.715  11.696  0.778 0.0000000000
109508  54.087  11.434  0.296 0.0000000000
110575  55.246  12.148  4.266 0.0000000000
112628  55.213  12.778  3.423 0.0000000000
112638  55.325  12.781  2.539 0.0000000000
111641  55.825  12.236  2.237 0.0000000000
111654  55.620  12.684  2.165 0.0000000000
112648  55.112  13.015  2.228 0.0000000000
112658  55.216  13.049  1.415 0.0000000000
111667  54.805  12.755  0.594 0.0000000000
109355  51.039  10.204  13.813 0.0000000000
108304  49.719  9.283  13.689 0.0000000000
107285  48.505  8.232  13.528 0.0000000000
107276  48.136  8.242  14.592 0.0000000000
106282  47.884  7.837  13.765 0.0000000000
106285  45.914  6.964  14.568 0.0000000000
104260  44.985  5.849  13.360 0.0000000000
116964  46.859  18.413  -1.432 0.0000000000
116965  46.247  18.324  -0.907 0.0000000000
115293  43.368  16.335  -2.905 0.0000000000
112703  42.160  13.582  -4.108 0.0000000000
114473  43.622  15.586  -5.179 0.0000000000
113592  42.680  14.461  -4.477 0.0000000000
110712  42.998  11.788  -5.437 0.0000000000
111646  43.965  12.780  2.276 0.0000000000
113560  46.180  14.742  -0.334 0.0000000000
110633  44.130  11.520  0.039 0.0000000000
112670  44.642  13.129  -0.789 0.0000000000
111701  44.664  12.376  -2.047 0.0000000000
112679  44.761  13.030  -1.644 0.0000000000
112669  45.150  13.636  -1.231 0.0000000000
113567  46.255  14.695  -1.344 0.0000000000
114444  46.930  15.182  -1.956 0.0000000000
114462  47.644  15.633  -3.646 0.0000000000
115324  48.770  16.596  -6.150 0.0000000000
115334  48.591  16.821  -6.989 0.0000000000
108477  49.397  10.148  -2.570 0.0000000000
110696  47.663  11.330  -4.861 0.0000000000
110711  47.156  11.724  -5.416 0.0000000000
109620  51.145  10.942  -6.333 0.0000000000
109610  50.914  11.502  -6.155 0.0000000000
111723  50.361  11.992  -6.262 0.0000000000
111746  50.820  12.797  -7.606 0.0000000000
111735  50.571  12.306  -6.730 0.0000000000
110721  49.851  12.061  -6.276 0.0000000000
110723  48.613  11.894  -6.316 0.0000000000
111739  47.025  12.496  -6.201 0.0000000000
112720  46.831  13.195  -6.417 0.0000000000
114492  47.711  15.387  -7.170 0.0000000000
115335  48.207  16.162  -7.557 0.0000000000
116204  48.066  17.052  -7.990 0.0000000000
116216  47.747  16.791  -8.344 0.0000000000
115364  46.598  16.334  -8.584 0.0000000000
114519  47.016  15.691  -9.532 0.0000000000
114509  46.523  15.725  -9.023 0.0000000000
114510  46.130  15.730  -8.541 0.0000000000
113617  45.567  15.070  -8.245 0.0000000000
113629  45.449  14.546  -8.304 0.0000000000
111751  44.816  13.084  -7.785 0.0000000000
111765  47.252  12.868  -10.075 0.0000000000
111766  46.602  12.968  -9.538 0.0000000000
110737  46.303  11.413  -8.911 0.0000000000
111757  46.199  12.351  -9.037 0.0000000000
111750  45.193  12.452  -8.040 0.0000000000
110732  44.662  12.037  -7.398 0.0000000000
109622  44.635  10.875  -6.690 0.0000000000
109612  44.439  10.158  -5.823 0.0000000000
105477  50.256  6.551  -7.940 0.0000000000
105461  50.071  6.426  -7.204 0.0000000000
104438  46.606  4.839  -4.749 0.0000000000
104473  46.308  4.492  -6.421 0.0000000000
105276  46.904  7.099  13.467 0.0000000000
105412  53.167  6.880  -3.112 0.0000000000
105421  53.517  7.005  -3.600 0.0000000000
105422  52.885  6.936  -3.667 0.0000000000
105433  53.655  7.075  -4.088 0.0000000000
106297  46.922  7.215  13.823 0.0000000000
106308  48.322  7.578  11.242 0.0000000000
106325  48.478  7.442  9.509 0.0000000000
106410  52.561  7.880  -0.999 0.0000000000
106422  51.173  7.609  -1.940 0.0000000000
106431  52.666  7.058  -2.561 0.0000000000
106446  50.669  8.252  -3.207 0.0000000000
106487  51.403  8.618  -6.245 0.0000000000
106498  52.142  8.488  -7.248 0.0000000000
107290  50.101  9.161  11.597 0.0000000000
107305  51.008  8.996  8.606 0.0000000000
107361  50.835  9.177  0.162 0.0000000000
107374  53.605  8.819  -0.671 0.0000000000
107389  54.101  8.705  -1.060 0.0000000000
107403  49.800  8.816  -1.931 0.0000000000
107429  50.599  9.125  -4.710 0.0000000000
107440  50.979  8.933  -5.858 0.0000000000
107454  53.734  8.220  -7.099 0.0000000000
107455  51.775  8.698  -7.201 0.0000000000
107470  45.608  8.184  -7.150 0.0000000000
107501  48.858  9.050  -10.404 0.0000000000
108316  51.347  10.151  11.702 0.0000000000
108334  52.292  10.391  9.632 0.0000000000
108354  46.041  9.846  5.192 0.0000000000
108362  47.111  9.901  4.389 0.0000000000
108386  43.819  9.962  2.588 0.0000000000
108400  44.586  9.761  1.196 0.0000000000
108417  46.919  9.626  0.867 0.0000000000
108435  50.565  9.433  0.175 0.0000000000
108436  50.053  9.683  -0.043 0.0000000000
108439  45.302  9.867  -0.045 0.0000000000
108494  50.781  9.448  -5.612 0.0000000000
108511  51.143  10.660  -6.540 0.0000000000
109401  52.393  10.557  10.037 0.0000000000
109455  49.116  10.708  4.355 0.0000000000
109457  47.682  10.303  4.835 0.0000000000
109459  46.397  10.007  5.307 0.0000000000
109482  44.109  10.030  1.509 0.0000000000
109498  44.260  10.157  0.936 0.0000000000
109499  43.898  10.539  1.261 0.0000000000
109509  53.469  10.670  0.371 0.0000000000
109516  45.014  9.962  -0.014 0.0000000000
109532  53.731  10.313  -0.015 0.0000000000
109538  44.569  10.896  -0.766 0.0000000000
109572  45.304  11.113  -2.434 0.0000000000
109590  46.243  11.046  -3.292 0.0000000000
109619  51.094  11.380  -6.376 0.0000000000
109628  51.220  10.895  -6.585 0.0000000000
109634  51.282  11.268  -7.865 0.0000000000
110491  53.394  12.012  13.075 0.0000000000
110492  52.961  11.585  12.553 0.0000000000
110514  53.794  12.007  10.780 0.0000000000
110524  54.346  12.466  9.620 0.0000000000
110528  47.277  11.112  8.949 0.0000000000
110543  54.662  12.287  7.598 0.0000000000
110557  50.356  11.644  6.059 0.0000000000
110558  49.503  11.470  6.211 0.0000000000
110559  48.704  11.348  6.429 0.0000000000
110561  47.257  11.011  6.878 0.0000000000
110568  50.501  11.412  5.205 0.0000000000
110577  52.132  11.891  3.738 0.0000000000
110605  52.519  11.815  2.337 0.0000000000
110618  53.342  11.730  1.285 0.0000000000
110621  51.158  11.254  2.016 0.0000000000
110630  54.295  12.033  0.505 0.0000000000
110706  51.020  11.730  -6.397 0.0000000000
110707  50.643  11.725  -6.151 0.0000000000
110708  49.959  11.817  -5.871 0.0000000000
110720  51.031  12.044  -6.582 0.0000000000
110722  49.380  11.956  -6.286 0.0000000000
110730  51.453  11.924  -7.471 0.0000000000
111582  54.551  12.836  8.898 0.0000000000
111583  53.040  13.196  8.913 0.0000000000
111590  53.982  13.401  7.384 0.0000000000
111605  55.072  12.713  5.265 0.0000000000
111627  55.318  12.505  3.808 0.0000000000
111700  44.935  12.374  -2.757 0.0000000000
111716  46.215  12.049  -4.783 0.0000000000
111724  50.139  12.115  -6.338 0.0000000000
111725  47.257  12.101  -5.955 0.0000000000
111737  48.890  12.243  -6.821 0.0000000000
111748  49.225  12.635  -7.383 0.0000000000
111756  51.332  12.705  -8.685 0.0000000000
111764  50.790  12.889  -9.842 0.0000000000
112567  53.199  13.320  11.933 0.0000000000
112571  54.307  13.160  9.815 0.0000000000
112572  54.025  13.294  10.456 0.0000000000
112577  54.381  13.111  9.215 0.0000000000
112578  54.083  13.368  9.646 0.0000000000
112584  54.507  13.066  8.431 0.0000000000
112629  55.070  13.113  3.917 0.0000000000
112686  44.908  12.904  -2.329 0.0000000000
112710  46.403  13.479  -5.711 0.0000000000
112711  46.101  13.149  -5.236 0.0000000000
112726  51.175  13.109  -8.373 0.0000000000
112738  51.063  13.315  -8.767 0.0000000000
112743  45.285  13.935  -8.272 0.0000000000
112749  51.261  13.154  -8.973 0.0000000000
112751  50.136  13.985  -9.527 0.0000000000
112754  46.261  13.896  -9.313 0.0000000000
113591  45.808  13.608  -4.176 0.0000000000
113598  46.966  14.684  -6.085 0.0000000000
113645  49.849  14.202  -10.114 0.0000000000
113649  47.288  14.680  -10.162 0.0000000000
114499  48.266  16.095  -8.347 0.0000000000
114501  45.637  15.489  -8.099 0.0000000000
114508  48.381  15.533  -8.574 0.0000000000
114528  48.728  15.064  -10.259 0.0000000000
114529  48.163  15.241  -10.316 0.0000000000
114530  47.762  15.247  -10.259 0.0000000000
115328  43.873  15.810  -5.315 0.0000000000
115378  46.962  16.178  -9.171 0.0000000000
116979  51.591  17.931  -3.738 0.0000000000
