#!ascii label  , from subject 3507 vox2ras=TkReg
844
122818  49.003  25.218  6.327 0.0000000000
126973  52.058  30.528  7.287 0.0000000000
117750  52.946  19.409  5.450 0.0000000000
120229  44.106  22.590  5.298 0.0000000000
118615  46.263  20.771  2.807 0.0000000000
124612  52.402  27.643  1.341 0.0000000000
126229  47.410  30.133  6.567 0.0000000000
127040  49.496  30.551  0.862 0.0000000000
116085  48.481  17.830  4.448 0.0000000000
116139  51.820  17.678  -1.261 0.0000000000
123657  53.949  26.626  5.807 0.0000000000
119409  52.434  21.948  7.473 0.0000000000
120177  54.479  23.282  10.265 0.0000000000
118548  49.258  20.019  9.630 0.0000000000
129511  51.726  32.713  -6.058 0.0000000000
127047  54.202  29.847  0.488 0.0000000000
118641  49.115  20.355  0.762 0.0000000000
121948  46.619  23.813  5.888 0.0000000000
119460  45.137  21.360  4.448 0.0000000000
119419  47.695  21.992  6.055 0.0000000000
123676  50.635  26.682  4.678 0.0000000000
123679  47.364  25.951  4.624 0.0000000000
127865  46.220  31.635  3.915 0.0000000000
114393  46.047  15.997  4.259 0.0000000000
115253  47.879  16.267  1.118 0.0000000000
114421  45.859  14.765  1.678 0.0000000000
125588  52.078  28.261  -6.428 0.0000000000
125482  53.495  28.639  6.590 0.0000000000
121906  54.478  24.837  8.692 0.0000000000
124521  52.842  27.400  9.785 0.0000000000
120163  47.818  22.176  11.811 0.0000000000
119346  50.016  21.641  12.143 0.0000000000
117695  47.606  19.630  11.532 0.0000000000
116866  47.151  18.826  8.693 0.0000000000
127836  50.724  31.776  4.781 0.0000000000
127915  52.017  31.260  1.028 0.0000000000
127858  53.102  31.390  4.157 0.0000000000
125500  54.266  28.371  4.309 0.0000000000
119431  54.150  20.825  5.323 0.0000000000
118585  50.698  20.847  3.563 0.0000000000
118612  52.107  20.278  2.258 0.0000000000
119496  44.144  21.079  2.078 0.0000000000
118645  44.913  20.398  0.794 0.0000000000
124676  53.871  27.260  -1.471 0.0000000000
124656  49.763  28.180  -0.222 0.0000000000
126987  49.478  30.994  6.726 0.0000000000
124529  50.888  27.600  9.182 0.0000000000
130152  46.799  34.010  -1.487 0.0000000000
128727  48.048  32.364  -3.018 0.0000000000
127863  48.201  31.312  3.897 0.0000000000
116897  50.530  18.572  4.553 0.0000000000
116937  52.174  18.720  1.239 0.0000000000
116121  51.013  17.438  0.682 0.0000000000
115282  50.115  16.631  -1.520 0.0000000000
122816  51.370  25.663  6.716 0.0000000000
121022  51.124  23.334  7.921 0.0000000000
121927  52.930  24.358  8.261 0.0000000000
119403  54.312  21.676  8.314 0.0000000000
117720  54.234  20.240  8.465 0.0000000000
121886  51.531  23.885  11.211 0.0000000000
118533  52.049  20.988  10.637 0.0000000000
118561  51.562  20.013  7.845 0.0000000000
117741  49.104  19.020  6.545 0.0000000000
116065  46.572  17.781  6.401 0.0000000000
128026  50.138  31.683  -7.176 0.0000000000
127110  53.075  30.025  -4.986 0.0000000000
127952  52.798  31.099  -2.285 0.0000000000
126272  54.267  28.753  -1.843 0.0000000000
124592  54.493  27.349  1.472 0.0000000000
123673  53.671  26.815  4.025 0.0000000000
119435  49.306  21.369  5.408 0.0000000000
119492  48.185  20.791  1.937 0.0000000000
117818  46.659  19.311  0.002 0.0000000000
117814  51.162  19.197  -0.744 0.0000000000
122820  47.665  24.640  6.086 0.0000000000
120216  47.170  22.626  6.163 0.0000000000
121027  48.407  23.448  6.782 0.0000000000
122822  49.700  25.900  5.840 0.0000000000
123678  48.385  26.337  4.559 0.0000000000
122824  48.293  25.409  5.710 0.0000000000
122825  47.217  25.176  5.449 0.0000000000
114395  44.395  15.011  4.410 0.0000000000
114403  45.325  14.953  3.313 0.0000000000
113528  44.477  14.125  3.244 0.0000000000
116941  43.843  18.481  0.455 0.0000000000
126211  52.847  29.492  7.632 0.0000000000
124535  53.683  27.627  8.202 0.0000000000
125451  52.285  29.023  8.690 0.0000000000
119350  45.878  20.964  12.362 0.0000000000
119349  46.944  21.013  12.433 0.0000000000
127817  51.672  31.557  5.681 0.0000000000
127859  52.420  31.829  4.090 0.0000000000
127816  52.358  31.200  5.821 0.0000000000
126246  53.279  29.429  5.898 0.0000000000
118573  54.067  20.262  4.956 0.0000000000
119469  53.228  20.755  3.729 0.0000000000
117768  53.368  19.952  3.681 0.0000000000
119441  42.734  21.823  5.120 0.0000000000
119461  44.130  21.364  4.465 0.0000000000
119476  45.631  20.938  3.528 0.0000000000
119486  44.841  20.929  2.784 0.0000000000
119485  45.801  20.828  2.679 0.0000000000
118632  44.495  20.855  1.347 0.0000000000
119494  46.112  20.899  1.925 0.0000000000
124630  52.661  27.707  0.428 0.0000000000
124678  51.944  27.908  -1.375 0.0000000000
124632  50.437  28.095  0.685 0.0000000000
121036  44.495  23.437  5.354 0.0000000000
121037  43.475  23.377  5.327 0.0000000000
126228  48.374  30.422  6.669 0.0000000000
125463  49.000  29.103  7.574 0.0000000000
125464  47.938  28.598  7.580 0.0000000000
127808  46.582  31.328  5.547 0.0000000000
127864  47.129  31.495  3.967 0.0000000000
127821  47.952  31.620  5.254 0.0000000000
127820  48.944  31.672  5.364 0.0000000000
116898  49.401  18.193  4.341 0.0000000000
116103  50.277  17.901  2.841 0.0000000000
116104  49.598  17.479  2.532 0.0000000000
114427  47.321  15.720  0.664 0.0000000000
115261  48.870  16.476  0.414 0.0000000000
114442  48.380  16.040  -1.286 0.0000000000
122814  53.228  25.991  6.401 0.0000000000
121938  52.085  24.735  7.801 0.0000000000
121936  53.654  25.393  7.515 0.0000000000
120977  54.538  24.029  9.986 0.0000000000
120997  54.728  23.928  9.233 0.0000000000
119396  54.730  22.032  9.320 0.0000000000
118557  54.593  20.748  7.634 0.0000000000
118542  54.571  21.457  9.407 0.0000000000
122774  50.269  25.994  9.574 0.0000000000
123610  51.408  25.965  10.123 0.0000000000
121896  50.648  24.224  10.738 0.0000000000
118523  49.835  20.764  11.561 0.0000000000
119365  51.292  21.320  11.390 0.0000000000
118546  50.989  20.535  9.704 0.0000000000
118553  52.079  20.402  8.954 0.0000000000
117721  50.461  20.055  8.319 0.0000000000
117731  49.717  19.524  7.394 0.0000000000
117723  48.737  19.505  8.308 0.0000000000
116056  45.587  17.734  8.463 0.0000000000
116060  46.110  17.949  7.630 0.0000000000
129533  51.245  33.186  -7.057 0.0000000000
128006  51.927  31.549  -6.710 0.0000000000
128757  52.406  31.604  -5.699 0.0000000000
127072  48.462  30.586  -1.412 0.0000000000
127954  49.105  31.242  -3.082 0.0000000000
127060  50.039  30.445  -0.811 0.0000000000
127914  53.070  31.529  1.090 0.0000000000
127939  52.751  31.157  -1.154 0.0000000000
127058  53.914  30.501  -0.425 0.0000000000
127068  53.906  29.957  -1.583 0.0000000000
127057  54.241  29.486  -0.557 0.0000000000
125511  54.721  27.896  -0.068 0.0000000000
126266  54.481  29.032  1.311 0.0000000000
124572  54.210  27.422  5.038 0.0000000000
124575  54.320  27.457  3.894 0.0000000000
123664  53.484  26.647  4.862 0.0000000000
123665  52.566  26.551  5.067 0.0000000000
120208  51.679  22.633  7.900 0.0000000000
119417  50.141  21.893  6.487 0.0000000000
119434  50.678  21.395  5.375 0.0000000000
118627  49.899  20.527  1.602 0.0000000000
119481  49.584  20.752  2.479 0.0000000000
118628  48.639  20.664  1.356 0.0000000000
118643  46.938  20.425  0.820 0.0000000000
117802  48.404  19.899  0.203 0.0000000000
116948  51.949  18.403  -0.630 0.0000000000
117799  51.873  19.046  0.160 0.0000000000
117826  51.633  18.741  -1.556 0.0000000000
121035  45.549  23.424  5.503 0.0000000000
119439  44.651  21.887  5.013 0.0000000000
120227  46.282  22.549  5.723 0.0000000000
119437  46.868  21.715  5.529 0.0000000000
119458  47.265  21.090  4.626 0.0000000000
124584  51.782  27.297  3.042 0.0000000000
121951  46.126  24.198  5.500 0.0000000000
115229  47.122  16.680  4.111 0.0000000000
115244  48.167  16.809  2.710 0.0000000000
115246  46.966  15.925  2.763 0.0000000000
114419  47.101  15.760  1.747 0.0000000000
124569  54.220  27.130  6.125 0.0000000000
122790  54.384  25.715  7.852 0.0000000000
123631  54.324  26.676  7.920 0.0000000000
122773  54.030  26.167  9.268 0.0000000000
121893  53.701  24.926  10.428 0.0000000000
120972  48.813  23.117  10.951 0.0000000000
120161  49.951  22.607  11.660 0.0000000000
120152  48.707  21.951  12.183 0.0000000000
118505  48.938  20.783  12.153 0.0000000000
117708  48.306  19.708  10.805 0.0000000000
117717  47.777  19.285  9.136 0.0000000000
117709  47.388  19.183  10.430 0.0000000000
116855  45.474  18.188  10.133 0.0000000000
116050  44.407  17.208  9.165 0.0000000000
129499  50.654  33.266  -5.365 0.0000000000
127885  50.335  31.246  2.893 0.0000000000
127916  51.026  30.911  0.925 0.0000000000
127884  51.466  31.543  3.046 0.0000000000
127902  53.086  31.563  2.401 0.0000000000
127032  53.611  30.594  2.942 0.0000000000
126263  54.262  29.396  2.529 0.0000000000
126261  53.796  29.726  3.777 0.0000000000
125498  53.781  28.448  5.585 0.0000000000
119415  52.814  21.471  6.309 0.0000000000
119433  52.022  21.424  5.323 0.0000000000
119454  52.473  21.194  4.356 0.0000000000
118598  52.059  20.707  2.906 0.0000000000
118626  51.127  20.096  1.407 0.0000000000
116156  51.685  17.627  -3.313 0.0000000000
116970  51.155  18.591  -3.237 0.0000000000
118618  42.322  20.531  2.510 0.0000000000
119477  44.531  21.019  3.687 0.0000000000
119487  43.862  20.937  2.943 0.0000000000
118634  42.631  20.317  1.773 0.0000000000
117789  43.030  19.929  1.201 0.0000000000
117806  44.393  19.511  0.590 0.0000000000
116940  44.921  18.730  0.128 0.0000000000
124700  52.279  27.472  -2.355 0.0000000000
124701  50.961  27.661  -2.248 0.0000000000
126975  50.674  30.547  7.387 0.0000000000
126204  51.039  29.314  8.359 0.0000000000
125454  49.962  28.729  8.164 0.0000000000
124537  49.781  27.660  8.647 0.0000000000
122775  49.565  25.455  9.551 0.0000000000
121908  48.268  24.484  9.622 0.0000000000
120982  47.371  23.330  10.323 0.0000000000
129480  47.540  33.212  -2.518 0.0000000000
127073  47.545  30.867  -1.394 0.0000000000
127052  48.018  30.479  0.260 0.0000000000
127886  48.904  30.876  2.670 0.0000000000
127837  49.707  31.678  4.722 0.0000000000
127804  50.127  31.489  6.215 0.0000000000
117761  52.006  19.048  4.447 0.0000000000
116916  52.407  18.964  2.886 0.0000000000
116917  51.738  18.530  2.656 0.0000000000
116120  51.609  17.860  1.039 0.0000000000
116129  51.834  17.750  0.006 0.0000000000
115251  49.340  16.958  1.229 0.0000000000
116131  50.575  17.084  -0.291 0.0000000000
115289  51.618  17.302  -1.909 0.0000000000
122817  50.125  25.440  6.553 0.0000000000
121940  49.794  24.459  7.213 0.0000000000
122806  51.210  25.133  7.315 0.0000000000
121928  51.984  24.025  8.238 0.0000000000
120207  52.472  22.465  8.102 0.0000000000
121926  53.955  24.880  8.144 0.0000000000
120203  54.045  22.768  8.662 0.0000000000
119404  53.432  22.085  8.113 0.0000000000
119407  54.366  21.082  6.971 0.0000000000
118563  54.602  20.518  6.543 0.0000000000
117736  54.083  19.669  6.887 0.0000000000
123617  52.127  27.367  9.704 0.0000000000
121894  52.634  24.943  10.825 0.0000000000
120967  53.098  23.459  11.173 0.0000000000
120160  50.817  22.646  11.682 0.0000000000
119363  52.628  22.195  11.366 0.0000000000
119383  53.549  22.200  10.743 0.0000000000
118552  53.074  20.480  9.170 0.0000000000
117728  53.175  19.847  7.495 0.0000000000
117752  51.041  19.052  5.613 0.0000000000
116875  49.556  18.921  6.065 0.0000000000
116888  48.380  18.217  5.255 0.0000000000
117724  47.967  19.141  8.026 0.0000000000
116877  47.438  18.258  6.210 0.0000000000
116074  47.509  17.817  5.382 0.0000000000
115218  46.072  16.657  4.996 0.0000000000
127131  50.451  30.548  -6.941 0.0000000000
126301  52.356  29.305  -6.070 0.0000000000
126292  53.306  28.969  -4.638 0.0000000000
127940  51.890  30.908  -0.972 0.0000000000
127973  52.096  31.453  -4.528 0.0000000000
127961  53.333  30.708  -3.435 0.0000000000
127091  53.558  29.877  -3.548 0.0000000000
125528  54.485  28.070  -2.787 0.0000000000
124674  54.399  27.613  -1.285 0.0000000000
124628  54.159  27.221  -0.036 0.0000000000
124611  53.462  27.279  1.128 0.0000000000
125507  54.635  28.114  2.027 0.0000000000
124582  53.844  26.970  2.731 0.0000000000
124583  52.948  27.168  3.138 0.0000000000
123675  51.653  26.770  4.485 0.0000000000
123666  51.530  26.462  5.330 0.0000000000
120214  49.316  22.442  6.807 0.0000000000
119418  48.780  21.883  6.200 0.0000000000
119474  47.580  20.882  3.616 0.0000000000
119456  49.827  20.892  4.183 0.0000000000
119473  48.668  20.859  3.425 0.0000000000
119493  47.140  20.819  1.937 0.0000000000
118630  46.513  20.788  1.288 0.0000000000
117804  46.366  19.883  0.460 0.0000000000
118624  52.392  19.519  1.967 0.0000000000
117787  51.557  19.551  1.005 0.0000000000
117801  49.563  19.819  0.159 0.0000000000
117828  50.524  19.122  -1.472 0.0000000000
117816  48.806  19.338  -0.555 0.0000000000
112640  44.337  13.282  2.115 0.0000000000
112649  45.046  13.795  0.548 0.0000000000
122819  48.201  24.908  6.176 0.0000000000
121946  48.160  24.168  6.574 0.0000000000
121945  48.914  24.650  6.707 0.0000000000
122823  49.110  25.689  5.843 0.0000000000
114404  44.602  14.616  3.718 0.0000000000
126212  52.408  30.015  7.569 0.0000000000
126201  52.641  29.519  7.975 0.0000000000
126202  52.319  29.556  8.186 0.0000000000
127794  51.380  31.088  6.854 0.0000000000
127802  51.792  31.207  6.450 0.0000000000
126984  52.073  30.840  6.828 0.0000000000
126983  52.514  30.393  6.901 0.0000000000
117759  53.537  19.812  4.385 0.0000000000
118596  53.470  20.131  3.839 0.0000000000
119440  43.671  21.862  5.040 0.0000000000
118601  46.175  20.789  3.135 0.0000000000
119495  45.132  21.040  1.956 0.0000000000
124631  51.551  27.985  0.607 0.0000000000
124613  51.253  27.859  1.484 0.0000000000
120230  43.133  22.562  5.329 0.0000000000
126989  47.802  30.873  6.171 0.0000000000
126217  48.197  29.594  7.048 0.0000000000
127822  46.980  31.625  5.192 0.0000000000
127807  47.376  31.294  5.646 0.0000000000
127806  48.323  31.361  5.798 0.0000000000
116084  49.084  17.993  4.115 0.0000000000
116094  49.391  17.847  3.585 0.0000000000
114435  47.850  15.789  -0.519 0.0000000000
122813  53.701  26.254  6.246 0.0000000000
122804  53.141  25.608  7.097 0.0000000000
122803  53.944  25.843  6.977 0.0000000000
120195  54.784  23.096  9.651 0.0000000000
119382  54.523  22.519  10.175 0.0000000000
122768  50.154  24.863  10.155 0.0000000000
120979  49.880  23.710  10.801 0.0000000000
118535  49.910  20.520  10.531 0.0000000000
118547  49.920  20.262  9.384 0.0000000000
117722  49.727  19.924  8.548 0.0000000000
117715  49.373  19.998  9.285 0.0000000000
116057  44.800  17.121  8.056 0.0000000000
129512  51.130  33.564  -6.099 0.0000000000
129523  51.480  33.001  -6.579 0.0000000000
128758  52.096  32.150  -6.267 0.0000000000
128746  52.142  31.904  -5.412 0.0000000000
127061  49.125  30.391  -0.719 0.0000000000
127071  49.317  30.507  -1.597 0.0000000000
127050  49.769  30.423  0.041 0.0000000000
127048  53.837  30.893  0.722 0.0000000000
127925  53.339  31.137  -0.198 0.0000000000
126268  54.530  28.749  0.210 0.0000000000
123658  53.305  26.371  5.713 0.0000000000
119410  51.137  22.167  7.162 0.0000000000
119416  51.534  21.676  6.384 0.0000000000
119490  49.700  20.706  2.074 0.0000000000
118642  47.992  20.421  0.759 0.0000000000
116959  51.694  18.495  -1.975 0.0000000000
121034  46.357  23.392  5.808 0.0000000000
120217  46.661  22.979  6.015 0.0000000000
120226  46.851  22.196  5.904 0.0000000000
119420  47.132  22.076  5.978 0.0000000000
124578  50.732  26.968  3.957 0.0000000000
124585  50.754  27.308  3.188 0.0000000000
124579  50.104  26.868  4.146 0.0000000000
123687  48.402  26.775  3.858 0.0000000000
121947  47.101  24.215  6.019 0.0000000000
121950  46.658  24.642  5.534 0.0000000000
115230  46.429  16.424  4.415 0.0000000000
115238  46.877  16.047  3.267 0.0000000000
114402  46.170  15.751  3.769 0.0000000000
114413  45.832  14.836  2.164 0.0000000000
114412  46.578  15.574  2.581 0.0000000000
114420  46.300  15.098  1.377 0.0000000000
113544  45.912  14.748  1.180 0.0000000000
125589  51.343  28.282  -6.811 0.0000000000
125606  50.729  27.853  -6.947 0.0000000000
124570  53.947  27.768  6.356 0.0000000000
124551  54.214  27.146  7.028 0.0000000000
124552  53.762  27.826  7.228 0.0000000000
124526  53.141  27.996  9.230 0.0000000000
123616  53.847  26.830  9.054 0.0000000000
122764  53.664  26.145  9.818 0.0000000000
120162  48.928  22.529  11.579 0.0000000000
118506  47.734  20.231  12.171 0.0000000000
118525  48.071  19.943  11.672 0.0000000000
118524  48.761  20.206  11.383 0.0000000000
117694  48.178  19.849  11.388 0.0000000000
116841  45.918  18.677  10.978 0.0000000000
116042  45.155  17.901  9.857 0.0000000000
116043  44.764  17.731  9.912 0.0000000000
127861  50.580  31.567  3.928 0.0000000000
127883  52.379  31.740  3.185 0.0000000000
127882  53.042  31.657  3.360 0.0000000000
127029  53.406  30.456  4.346 0.0000000000
119414  53.886  21.205  6.165 0.0000000000
119432  53.219  21.262  5.244 0.0000000000
118597  53.069  20.361  3.334 0.0000000000
118613  51.113  20.547  2.199 0.0000000000
118603  42.927  20.836  3.119 0.0000000000
119438  45.697  21.821  5.191 0.0000000000
118617  43.196  20.857  2.267 0.0000000000
118633  43.541  20.637  1.543 0.0000000000
118646  43.910  20.234  0.917 0.0000000000
124698  54.107  27.230  -2.138 0.0000000000
124677  53.101  27.559  -1.474 0.0000000000
124679  50.545  28.079  -1.121 0.0000000000
124680  49.105  28.067  -1.220 0.0000000000
126976  49.986  30.530  7.222 0.0000000000
126215  50.282  29.726  7.766 0.0000000000
125462  49.627  29.420  7.663 0.0000000000
125455  48.957  28.296  8.063 0.0000000000
123620  49.648  26.648  9.087 0.0000000000
122776  48.381  25.405  9.238 0.0000000000
120981  48.309  23.590  10.339 0.0000000000
130161  48.065  34.169  -2.519 0.0000000000
129472  47.125  33.655  -1.925 0.0000000000
127942  46.606  31.466  -1.370 0.0000000000
127063  47.367  30.640  -0.464 0.0000000000
127062  48.225  30.470  -0.616 0.0000000000
127033  48.467  30.630  1.709 0.0000000000
127862  49.413  31.394  3.852 0.0000000000
127805  49.221  31.490  6.040 0.0000000000
127819  49.920  31.705  5.473 0.0000000000
126986  50.358  31.067  6.867 0.0000000000
116896  51.307  18.870  4.834 0.0000000000
116906  51.723  18.801  3.762 0.0000000000
116111  50.795  17.726  1.768 0.0000000000
116928  51.302  18.015  1.803 0.0000000000
116110  51.414  17.956  1.543 0.0000000000
116105  48.948  17.110  2.204 0.0000000000
115252  48.771  16.786  1.545 0.0000000000
115271  48.802  16.243  -0.693 0.0000000000
115270  50.014  16.805  -0.363 0.0000000000
115281  51.023  17.055  -1.211 0.0000000000
115290  51.102  16.864  -2.249 0.0000000000
115291  50.286  16.571  -2.636 0.0000000000
122807  50.525  24.854  7.264 0.0000000000
120205  52.326  22.892  8.337 0.0000000000
121016  52.644  23.500  8.453 0.0000000000
120202  54.637  22.880  9.020 0.0000000000
121014  54.422  23.809  8.743 0.0000000000
119408  53.598  21.479  7.258 0.0000000000
117726  54.491  20.359  8.098 0.0000000000
117735  54.569  20.077  7.242 0.0000000000
117748  54.516  19.962  6.406 0.0000000000
125453  50.949  28.496  8.749 0.0000000000
125442  51.726  28.220  9.196 0.0000000000
123618  51.709  27.082  9.697 0.0000000000
121895  51.674  24.686  10.790 0.0000000000
122766  51.889  25.561  10.487 0.0000000000
121885  52.391  24.114  11.148 0.0000000000
120151  49.533  22.078  12.096 0.0000000000
120150  50.373  22.134  11.953 0.0000000000
119386  51.608  21.082  10.984 0.0000000000
119364  51.765  21.810  11.578 0.0000000000
119385  52.006  21.300  11.095 0.0000000000
119384  52.757  21.573  10.888 0.0000000000
118544  53.078  20.970  10.068 0.0000000000
118560  52.191  20.137  8.050 0.0000000000
117729  52.163  19.794  7.305 0.0000000000
117737  53.120  19.609  6.529 0.0000000000
117738  51.950  19.489  6.407 0.0000000000
117740  49.631  19.206  6.572 0.0000000000
116874  50.089  19.097  6.087 0.0000000000
116887  49.497  18.570  5.361 0.0000000000
116876  48.548  18.744  6.384 0.0000000000
116872  46.796  18.223  7.088 0.0000000000
116878  46.928  18.106  6.570 0.0000000000
116064  47.154  17.994  5.984 0.0000000000
116075  46.353  17.012  5.244 0.0000000000
128759  49.625  32.518  -7.159 0.0000000000
128761  48.326  32.675  -6.653 0.0000000000
128008  48.838  31.812  -6.752 0.0000000000
127147  50.655  31.272  -7.133 0.0000000000
127111  52.643  30.264  -5.691 0.0000000000
127129  52.123  30.475  -6.396 0.0000000000
126300  52.848  29.123  -5.359 0.0000000000
127927  51.576  30.869  0.033 0.0000000000
127953  51.997  30.976  -2.035 0.0000000000
127962  52.791  31.095  -3.391 0.0000000000
127972  52.892  31.166  -4.283 0.0000000000
127951  53.407  30.790  -2.458 0.0000000000
126273  53.916  29.418  -2.206 0.0000000000
127080  53.686  30.007  -2.666 0.0000000000
126277  53.999  28.887  -2.824 0.0000000000
126276  54.393  28.366  -2.438 0.0000000000
125527  54.541  27.900  -2.264 0.0000000000
125519  54.555  27.952  -1.484 0.0000000000
124609  54.473  27.448  0.478 0.0000000000
124627  54.382  27.498  -0.339 0.0000000000
124610  54.161  27.054  0.848 0.0000000000
124593  54.056  26.954  1.829 0.0000000000
126260  54.217  29.096  3.506 0.0000000000
125504  54.554  28.235  3.188 0.0000000000
123672  54.095  26.985  3.603 0.0000000000
123684  53.751  26.896  3.388 0.0000000000
123685  53.354  26.903  3.674 0.0000000000
124576  52.291  27.078  3.507 0.0000000000
123674  52.745  26.843  4.071 0.0000000000
123659  52.436  26.245  5.893 0.0000000000
123660  51.482  26.100  6.106 0.0000000000
123661  50.832  25.901  6.280 0.0000000000
121023  50.241  23.521  7.616 0.0000000000
121024  49.384  23.600  7.303 0.0000000000
120210  49.720  22.898  7.333 0.0000000000
119457  48.442  21.022  4.480 0.0000000000
119455  51.261  21.131  4.388 0.0000000000
119482  48.819  20.840  2.569 0.0000000000
119483  47.847  20.821  2.679 0.0000000000
118629  47.557  20.704  1.314 0.0000000000
117803  47.335  19.882  0.376 0.0000000000
116939  45.515  19.128  0.122 0.0000000000
116952  45.791  18.666  -0.314 0.0000000000
116926  52.291  18.810  1.983 0.0000000000
117777  52.507  19.319  2.314 0.0000000000
117786  52.209  19.185  1.393 0.0000000000
117800  50.802  19.605  0.331 0.0000000000
117815  50.063  19.392  -0.594 0.0000000000
116971  50.160  18.733  -3.178 0.0000000000
116960  50.938  18.943  -2.337 0.0000000000
121029  46.914  23.409  6.109 0.0000000000
121028  47.646  23.417  6.452 0.0000000000
120215  48.279  22.660  6.543 0.0000000000
123677  49.453  26.669  4.441 0.0000000000
123668  49.217  26.154  5.282 0.0000000000
123669  48.368  25.855  5.213 0.0000000000
123670  47.814  25.606  5.257 0.0000000000
114394  45.490  15.878  4.548 0.0000000000
113527  44.984  14.388  2.859 0.0000000000
125461  53.303  28.717  7.524 0.0000000000
125450  52.925  28.878  8.366 0.0000000000
125440  52.699  28.627  8.924 0.0000000000
124520  52.959  27.619  9.643 0.0000000000
119366  47.172  21.617  12.135 0.0000000000
117678  47.002  19.697  12.021 0.0000000000
127835  51.618  31.784  4.844 0.0000000000
127860  51.579  31.781  3.997 0.0000000000
127834  52.392  31.590  4.961 0.0000000000
127833  52.995  31.094  5.114 0.0000000000
127018  53.170  30.265  5.359 0.0000000000
127815  52.776  30.759  5.758 0.0000000000
126225  53.029  29.689  6.886 0.0000000000
119452  53.874  20.627  4.654 0.0000000000
119453  53.454  20.924  4.285 0.0000000000
118583  53.593  20.409  4.158 0.0000000000
118611  52.586  19.801  2.441 0.0000000000
119459  46.184  21.259  4.562 0.0000000000
118631  45.499  20.885  1.271 0.0000000000
124653  52.875  27.741  -0.525 0.0000000000
124654  51.745  28.063  -0.336 0.0000000000
124655  50.793  28.170  -0.076 0.0000000000
121953  43.763  24.173  5.092 0.0000000000
126227  48.922  30.690  6.777 0.0000000000
126216  49.214  30.109  7.227 0.0000000000
127840  46.565  31.727  4.636 0.0000000000
127839  47.561  31.630  4.659 0.0000000000
127838  48.625  31.615  4.678 0.0000000000
126988  48.677  31.029  6.379 0.0000000000
116907  50.610  18.274  3.445 0.0000000000
116093  50.041  18.047  3.378 0.0000000000
115262  48.187  16.028  0.111 0.0000000000
115283  49.234  16.350  -1.894 0.0000000000
122815  52.336  25.829  6.591 0.0000000000
122805  52.211  25.393  7.263 0.0000000000
121937  53.056  25.104  7.733 0.0000000000
121892  54.423  25.088  9.482 0.0000000000
118550  54.622  20.997  8.773 0.0000000000
117719  54.418  20.496  8.591 0.0000000000
123619  50.902  26.514  9.623 0.0000000000
122767  50.838  25.406  10.144 0.0000000000
118504  49.833  21.132  12.125 0.0000000000
118503  50.295  21.392  12.016 0.0000000000
118522  50.511  21.181  11.699 0.0000000000
118534  51.031  20.869  10.850 0.0000000000
118545  52.058  20.676  9.926 0.0000000000
118554  51.027  20.235  8.542 0.0000000000
117730  50.903  19.812  7.562 0.0000000000
117732  48.730  19.169  7.207 0.0000000000
116868  45.901  18.032  8.650 0.0000000000
116867  46.332  18.275  8.304 0.0000000000
116055  45.988  18.008  8.153 0.0000000000
130210  49.965  34.174  -7.125 0.0000000000
129534  50.576  33.589  -7.219 0.0000000000
128772  51.001  32.680  -7.301 0.0000000000
127146  51.026  31.477  -7.187 0.0000000000
128005  52.450  31.262  -6.050 0.0000000000
127988  52.843  31.124  -5.176 0.0000000000
127084  48.578  30.806  -2.148 0.0000000000
127966  48.731  31.687  -3.207 0.0000000000
127083  49.473  30.794  -2.617 0.0000000000
127926  52.504  31.203  -0.028 0.0000000000
127938  53.452  30.934  -1.362 0.0000000000
127067  54.238  29.190  -1.199 0.0000000000
126270  54.480  28.498  -0.821 0.0000000000
125509  54.810  27.989  0.906 0.0000000000
123663  54.049  26.916  4.528 0.0000000000
120209  50.606  22.703  7.502 0.0000000000
119411  50.468  22.270  7.081 0.0000000000
118614  50.247  20.666  2.346 0.0000000000
118600  50.185  20.755  2.953 0.0000000000
119491  49.136  20.807  1.963 0.0000000000
116938  52.064  18.423  0.588 0.0000000000
117798  52.150  18.848  0.830 0.0000000000
117813  51.635  18.761  -1.105 0.0000000000
120228  45.140  22.592  5.348 0.0000000000
119475  46.581  20.905  3.724 0.0000000000
124595  52.100  27.512  2.256 0.0000000000
124597  49.834  27.593  2.453 0.0000000000
123686  48.977  26.972  3.774 0.0000000000
122826  46.172  24.924  5.124 0.0000000000
121952  44.895  24.405  5.067 0.0000000000
127841  45.617  31.751  4.572 0.0000000000
127823  45.964  31.606  5.250 0.0000000000
127001  45.998  31.154  5.712 0.0000000000
116096  47.739  16.967  3.740 0.0000000000
116095  48.346  17.200  3.360 0.0000000000
115237  47.510  16.674  3.520 0.0000000000
115245  47.426  16.191  2.396 0.0000000000
114411  47.040  15.829  2.255 0.0000000000
114428  46.730  15.265  0.154 0.0000000000
123650  54.246  26.465  6.935 0.0000000000
122772  54.349  25.925  8.752 0.0000000000
123615  54.188  26.553  8.556 0.0000000000
120978  53.855  23.824  10.593 0.0000000000
120980  49.166  23.610  10.573 0.0000000000
120971  49.540  23.140  11.190 0.0000000000
119347  49.191  21.469  12.257 0.0000000000
119348  48.081  21.325  12.404 0.0000000000
118536  49.126  20.072  10.237 0.0000000000
117716  48.689  19.719  9.564 0.0000000000
116861  47.052  18.878  9.767 0.0000000000
116854  46.569  18.770  10.475 0.0000000000
116862  46.403  18.481  9.440 0.0000000000
116863  45.825  18.065  9.107 0.0000000000
116049  45.223  17.771  9.474 0.0000000000
115196  44.061  16.918  8.940 0.0000000000
127905  50.109  30.830  1.690 0.0000000000
127917  50.245  30.652  0.719 0.0000000000
127904  51.257  31.256  1.966 0.0000000000
127903  52.282  31.524  2.134 0.0000000000
127039  53.543  31.057  1.751 0.0000000000
127038  53.984  30.172  1.715 0.0000000000
127031  53.929  30.079  2.375 0.0000000000
126264  53.985  29.724  3.172 0.0000000000
126256  54.030  29.125  4.079 0.0000000000
126257  53.647  29.272  4.751 0.0000000000
125501  53.965  28.497  4.911 0.0000000000
125497  54.205  28.071  5.099 0.0000000000
119471  51.760  20.960  3.584 0.0000000000
119470  52.778  20.902  3.622 0.0000000000
118599  51.032  20.766  2.892 0.0000000000
118640  50.200  20.068  0.858 0.0000000000
116147  51.935  17.748  -2.467 0.0000000000
116969  51.702  18.142  -3.221 0.0000000000
118635  41.784  19.950  2.067 0.0000000000
119478  43.561  20.967  3.821 0.0000000000
117790  42.202  19.420  1.471 0.0000000000
124614  50.101  27.883  1.552 0.0000000000
126974  51.395  30.642  7.344 0.0000000000
126203  51.704  29.504  8.335 0.0000000000
126214  51.142  30.036  7.909 0.0000000000
126205  50.564  29.070  8.268 0.0000000000
124536  50.414  28.116  8.684 0.0000000000
124530  50.316  27.114  9.148 0.0000000000
121898  48.832  23.966  10.116 0.0000000000
120179  48.071  22.850  10.989 0.0000000000
120180  47.111  22.590  10.887 0.0000000000
128720  47.542  32.318  -2.545 0.0000000000
128716  46.447  32.222  -1.672 0.0000000000
127957  47.149  31.616  -1.906 0.0000000000
127956  47.764  31.481  -2.293 0.0000000000
127085  48.054  30.857  -1.860 0.0000000000
127051  48.893  30.371  0.136 0.0000000000
127888  46.716  31.366  3.309 0.0000000000
127042  47.830  30.602  1.142 0.0000000000
127906  49.158  30.605  1.602 0.0000000000
127818  50.844  31.713  5.579 0.0000000000
127803  51.019  31.415  6.416 0.0000000000
117760  52.695  19.305  4.445 0.0000000000
117769  52.890  19.537  3.363 0.0000000000
117770  52.408  19.148  3.871 0.0000000000
116918  51.110  18.121  2.344 0.0000000000
116927  51.776  18.312  1.619 0.0000000000
116113  49.145  17.043  1.712 0.0000000000
116112  49.729  17.181  1.405 0.0000000000
115260  49.518  16.886  0.748 0.0000000000
116122  50.363  17.101  0.289 0.0000000000
116130  51.164  17.307  -0.445 0.0000000000
116140  51.436  17.349  -1.109 0.0000000000
115299  51.635  17.265  -2.698 0.0000000000
121944  49.458  24.956  6.724 0.0000000000
121939  51.036  24.254  7.759 0.0000000000
121929  51.484  23.736  8.090 0.0000000000
121017  51.841  23.328  8.265 0.0000000000
121015  53.612  23.672  8.557 0.0000000000
120204  53.071  22.738  8.477 0.0000000000
119405  52.861  22.270  8.082 0.0000000000
119413  54.440  20.896  6.131 0.0000000000
119430  54.536  20.653  5.903 0.0000000000
118572  54.449  20.297  5.776 0.0000000000
117749  54.041  19.710  5.713 0.0000000000
125452  51.664  28.845  8.781 0.0000000000
124527  52.447  27.717  9.548 0.0000000000
123608  52.625  26.960  10.006 0.0000000000
123609  51.913  26.358  10.144 0.0000000000
122765  52.786  25.883  10.457 0.0000000000
121884  53.172  24.268  10.910 0.0000000000
120178  53.853  22.998  10.712 0.0000000000
120970  50.451  23.323  11.330 0.0000000000
121887  50.987  23.672  11.257 0.0000000000
120969  51.282  23.239  11.508 0.0000000000
120149  51.076  22.168  11.805 0.0000000000
120159  51.739  22.532  11.658 0.0000000000
120968  52.133  23.352  11.469 0.0000000000
120158  52.675  22.789  11.427 0.0000000000
120157  53.267  22.774  11.112 0.0000000000
119398  53.659  21.484  10.295 0.0000000000
118551  54.079  20.510  9.107 0.0000000000
118558  53.798  20.195  8.611 0.0000000000
118559  53.109  20.183  8.348 0.0000000000
117727  54.073  19.861  7.929 0.0000000000
117751  51.757  19.147  5.349 0.0000000000
116885  51.164  18.983  5.323 0.0000000000
117739  50.703  19.264  6.305 0.0000000000
116886  50.499  18.895  5.516 0.0000000000
116899  48.754  18.092  4.675 0.0000000000
116870  48.215  18.922  7.101 0.0000000000
116871  47.546  18.708  7.403 0.0000000000
116889  47.756  18.142  5.594 0.0000000000
116073  48.122  17.969  5.024 0.0000000000
116086  47.366  17.033  4.331 0.0000000000
116087  46.723  16.815  4.667 0.0000000000
115231  45.785  16.275  4.767 0.0000000000
126317  51.678  29.457  -6.571 0.0000000000
127130  51.290  30.785  -6.915 0.0000000000
125572  52.654  28.099  -5.795 0.0000000000
125571  53.224  27.990  -5.096 0.0000000000
125558  53.737  27.913  -4.354 0.0000000000
128736  51.369  32.141  -5.042 0.0000000000
127049  50.649  30.600  0.018 0.0000000000
127059  50.967  30.654  -0.872 0.0000000000
128735  51.890  31.835  -5.032 0.0000000000
127989  52.540  31.438  -4.868 0.0000000000
127971  53.243  30.607  -4.251 0.0000000000
127100  53.363  29.856  -4.325 0.0000000000
126283  53.689  28.883  -3.838 0.0000000000
125542  54.202  27.812  -3.456 0.0000000000
125541  54.413  27.572  -2.845 0.0000000000
124675  54.209  27.389  -1.399 0.0000000000
125513  54.514  27.772  -0.814 0.0000000000
124651  54.151  27.310  -0.793 0.0000000000
124652  53.733  27.353  -0.673 0.0000000000
124629  53.616  27.323  0.211 0.0000000000
124594  53.219  27.296  2.086 0.0000000000
124581  54.363  27.246  2.736 0.0000000000
124577  51.659  27.043  3.723 0.0000000000
123667  50.362  26.227  5.605 0.0000000000
121941  48.905  24.083  7.057 0.0000000000
120211  48.963  23.070  7.050 0.0000000000
119436  48.042  21.428  5.460 0.0000000000
119472  49.509  20.794  3.150 0.0000000000
119484  46.686  20.794  2.783 0.0000000000
118644  45.926  20.450  0.797 0.0000000000
117805  45.418  19.686  0.429 0.0000000000
118625  52.087  19.760  1.720 0.0000000000
118639  50.772  19.872  0.897 0.0000000000
117827  51.397  18.915  -1.566 0.0000000000
116961  49.818  18.882  -2.181 0.0000000000
117817  47.653  19.340  -0.257 0.0000000000
112630  44.283  13.535  2.736 0.0000000000
113538  44.815  13.987  2.394 0.0000000000
113546  44.807  13.747  1.809 0.0000000000
113545  45.449  14.361  1.442 0.0000000000
112641  43.970  13.048  2.608 0.0000000000
113520  44.194  14.379  3.903 0.0000000000
113537  45.307  14.480  2.455 0.0000000000
114434  48.341  16.015  -0.821 0.0000000000
115236  48.001  16.899  3.201 0.0000000000
115269  50.711  17.079  -0.598 0.0000000000
115272  48.285  15.994  -0.360 0.0000000000
115280  51.535  17.352  -1.397 0.0000000000
116853  47.005  18.914  10.254 0.0000000000
116905  52.440  19.084  3.442 0.0000000000
116908  49.862  18.110  3.680 0.0000000000
117677  47.454  19.820  11.971 0.0000000000
117733  48.099  19.001  7.433 0.0000000000
117788  51.056  19.780  0.918 0.0000000000
117819  45.945  19.359  0.157 0.0000000000
118532  52.466  21.218  10.684 0.0000000000
118543  54.218  21.124  9.639 0.0000000000
118555  50.263  20.147  8.690 0.0000000000
118584  53.397  20.628  3.863 0.0000000000
118586  50.050  20.772  3.446 0.0000000000
118602  45.866  20.781  3.077 0.0000000000
118616  46.027  20.760  2.891 0.0000000000
119344  51.260  21.959  11.802 0.0000000000
119345  50.825  21.688  11.858 0.0000000000
119362  53.047  22.475  11.223 0.0000000000
119397  54.387  21.744  9.979 0.0000000000
120148  51.444  22.118  11.737 0.0000000000
120213  50.030  22.392  7.097 0.0000000000
121025  48.837  23.601  7.051 0.0000000000
121942  48.570  23.828  6.892 0.0000000000
122763  54.153  25.811  9.341 0.0000000000
123607  53.254  27.230  9.729 0.0000000000
123632  54.057  26.903  8.458 0.0000000000
123683  54.071  26.977  3.124 0.0000000000
124528  51.700  27.677  9.451 0.0000000000
124534  54.041  27.285  7.606 0.0000000000
124573  54.139  27.722  5.623 0.0000000000
124650  54.316  27.498  -0.912 0.0000000000
124697  54.372  27.548  -1.842 0.0000000000
124722  54.320  27.398  -2.477 0.0000000000
124771  50.407  27.749  -6.914 0.0000000000
125441  52.340  28.442  9.136 0.0000000000
125443  51.313  28.010  9.173 0.0000000000
125590  50.517  28.272  -6.842 0.0000000000
125605  50.976  27.842  -7.007 0.0000000000
126213  51.845  30.106  7.829 0.0000000000
126226  52.711  29.940  7.278 0.0000000000
126972  52.320  30.339  7.266 0.0000000000
126982  52.803  30.153  6.702 0.0000000000
126985  50.960  31.040  7.029 0.0000000000
126999  52.869  30.247  6.259 0.0000000000
127000  52.536  30.746  6.240 0.0000000000
127041  48.655  30.512  0.955 0.0000000000
127074  46.952  30.896  -0.942 0.0000000000
127148  50.218  31.113  -7.067 0.0000000000
127793  51.739  30.905  6.968 0.0000000000
127801  52.246  30.921  6.454 0.0000000000
127941  47.262  31.339  -1.754 0.0000000000
127955  48.629  31.248  -2.729 0.0000000000
127967  48.272  31.683  -2.835 0.0000000000
127987  53.173  30.469  -4.689 0.0000000000
128007  49.587  32.076  -7.056 0.0000000000
128024  51.328  31.847  -7.152 0.0000000000
128025  50.720  31.962  -7.277 0.0000000000
128721  47.026  32.255  -2.102 0.0000000000
128745  52.465  31.542  -5.452 0.0000000000
128747  51.442  32.734  -5.652 0.0000000000
128760  49.271  32.691  -7.031 0.0000000000
128771  51.614  32.467  -6.928 0.0000000000
128773  50.016  32.719  -7.321 0.0000000000
129481  47.033  32.826  -2.144 0.0000000000
129524  50.986  33.780  -6.740 0.0000000000
129535  49.750  33.741  -7.178 0.0000000000
130209  50.173  34.042  -7.189 0.0000000000
