#!ascii label  , from subject 3507 vox2ras=TkReg
1223
61934  34.905  -31.859  34.653 0.0000000000
85788  44.630  -11.105  14.392 0.0000000000
74192  37.184  -21.537  23.582 0.0000000000
56769  11.726  -35.653  43.213 0.0000000000
64644  28.204  -28.813  35.255 0.0000000000
79003  38.657  -17.249  21.652 0.0000000000
60549  19.191  -32.317  36.779 0.0000000000
55585  16.413  -36.618  39.567 0.0000000000
63299  23.571  -30.653  33.195 0.0000000000
86807  49.476  -10.659  13.081 0.0000000000
67092  33.010  -27.448  33.932 0.0000000000
68396  37.318  -26.827  28.394 0.0000000000
65931  38.580  -28.760  33.712 0.0000000000
91190  47.258  -6.206  11.659 0.0000000000
90086  50.135  -7.855  8.116 0.0000000000
84713  41.710  -12.151  16.989 0.0000000000
81373  46.801  -15.782  17.195 0.0000000000
79067  42.257  -17.725  18.063 0.0000000000
74202  42.670  -21.558  22.154 0.0000000000
56852  33.168  -35.552  37.626 0.0000000000
51810  11.659  -39.220  47.396 0.0000000000
52931  8.497  -38.384  50.525 0.0000000000
54100  7.037  -37.120  55.784 0.0000000000
60560  31.267  -31.524  35.555 0.0000000000
56911  28.119  -35.038  34.448 0.0000000000
76518  32.529  -20.099  27.715 0.0000000000
74104  38.913  -21.783  28.161 0.0000000000
93571  51.973  -4.347  6.408 0.0000000000
85793  47.093  -11.190  13.548 0.0000000000
83658  48.039  -13.267  15.160 0.0000000000
65901  34.611  -29.225  34.834 0.0000000000
65946  35.565  -28.661  32.883 0.0000000000
63286  37.387  -30.377  34.345 0.0000000000
88909  44.048  -8.388  14.933 0.0000000000
91166  46.517  -6.693  14.078 0.0000000000
88940  45.699  -8.555  12.004 0.0000000000
87877  47.110  -9.217  10.825 0.0000000000
50549  8.205  -40.627  56.166 0.0000000000
81377  42.506  -15.448  17.227 0.0000000000
80252  40.323  -16.269  18.646 0.0000000000
76621  37.910  -19.821  21.877 0.0000000000
75424  40.419  -20.342  20.612 0.0000000000
74204  40.426  -22.159  22.357 0.0000000000
74150  40.666  -21.778  25.211 0.0000000000
56801  13.856  -35.532  41.244 0.0000000000
54288  15.531  -37.522  41.447 0.0000000000
54249  13.288  -37.901  43.030 0.0000000000
52999  13.414  -39.065  45.220 0.0000000000
54233  11.326  -37.073  44.785 0.0000000000
56671  8.505  -35.991  48.963 0.0000000000
54114  7.133  -37.671  53.133 0.0000000000
61938  30.030  -31.408  35.119 0.0000000000
59348  30.435  -33.688  33.912 0.0000000000
60624  28.441  -31.682  32.714 0.0000000000
58122  23.117  -34.152  35.309 0.0000000000
60565  25.017  -32.295  36.111 0.0000000000
69499  39.897  -25.907  30.153 0.0000000000
71784  38.036  -24.056  27.511 0.0000000000
79015  39.863  -16.057  21.653 0.0000000000
81301  37.390  -15.489  23.206 0.0000000000
78988  35.623  -17.652  23.704 0.0000000000
56885  19.956  -34.930  36.474 0.0000000000
55582  19.504  -36.704  39.313 0.0000000000
58070  17.532  -34.507  38.050 0.0000000000
59265  15.515  -33.439  40.353 0.0000000000
59230  13.259  -33.374  42.284 0.0000000000
65938  25.757  -28.203  32.812 0.0000000000
65905  23.120  -28.283  35.483 0.0000000000
61954  21.573  -31.866  35.089 0.0000000000
69476  33.916  -24.981  32.868 0.0000000000
70650  34.556  -24.475  29.703 0.0000000000
67153  34.146  -27.406  30.208 0.0000000000
68348  37.661  -27.358  31.470 0.0000000000
92414  50.320  -5.237  9.158 0.0000000000
91206  48.375  -6.839  9.442 0.0000000000
87874  49.656  -9.930  10.193 0.0000000000
84745  42.926  -11.877  15.556 0.0000000000
83640  45.409  -13.738  15.704 0.0000000000
82485  44.225  -14.873  16.565 0.0000000000
80247  44.904  -17.166  17.603 0.0000000000
77822  45.520  -18.654  19.488 0.0000000000
77827  40.288  -18.498  19.545 0.0000000000
76642  42.509  -19.677  19.891 0.0000000000
59332  33.980  -33.443  35.875 0.0000000000
60557  36.757  -33.147  36.547 0.0000000000
86775  42.875  -9.597  16.696 0.0000000000
57964  10.544  -34.466  45.533 0.0000000000
55425  9.609  -37.082  47.162 0.0000000000
52943  9.817  -38.625  49.216 0.0000000000
51755  10.020  -39.418  50.853 0.0000000000
51735  8.711  -39.831  52.704 0.0000000000
50571  7.384  -39.751  54.552 0.0000000000
52874  6.442  -38.217  56.630 0.0000000000
52869  5.832  -38.158  57.577 0.0000000000
61936  32.682  -31.638  35.219 0.0000000000
58115  32.244  -34.252  35.886 0.0000000000
56878  31.298  -35.859  36.371 0.0000000000
61961  26.057  -31.985  33.240 0.0000000000
75377  34.627  -20.020  24.724 0.0000000000
71787  34.809  -23.276  27.506 0.0000000000
74118  35.236  -21.791  26.726 0.0000000000
75354  37.024  -21.265  25.700 0.0000000000
61907  39.264  -31.136  36.549 0.0000000000
92470  52.918  -5.067  3.644 0.0000000000
91217  51.101  -6.602  7.054 0.0000000000
91233  52.783  -6.803  5.393 0.0000000000
86799  45.794  -10.919  13.669 0.0000000000
84749  47.463  -11.981  14.295 0.0000000000
84751  46.181  -11.974  14.395 0.0000000000
64642  34.730  -29.717  34.695 0.0000000000
64658  35.194  -29.571  34.283 0.0000000000
63273  36.652  -30.878  34.442 0.0000000000
86801  44.282  -10.223  14.067 0.0000000000
88929  44.737  -8.571  13.247 0.0000000000
87835  45.037  -9.675  13.078 0.0000000000
86824  46.088  -10.176  12.639 0.0000000000
50539  7.198  -40.481  56.901 0.0000000000
81345  40.400  -14.612  19.361 0.0000000000
81337  40.289  -15.193  20.611 0.0000000000
75398  37.375  -20.902  22.795 0.0000000000
75397  38.667  -21.002  22.027 0.0000000000
74206  38.350  -21.703  22.763 0.0000000000
72996  40.288  -22.603  23.743 0.0000000000
74172  39.054  -22.369  24.327 0.0000000000
56786  12.660  -35.608  42.213 0.0000000000
55529  13.197  -36.343  41.941 0.0000000000
55506  12.190  -36.480  43.067 0.0000000000
55484  12.029  -36.900  43.732 0.0000000000
55485  11.383  -36.550  44.128 0.0000000000
64643  28.857  -29.666  35.506 0.0000000000
61950  29.447  -31.044  33.887 0.0000000000
64671  28.461  -29.600  33.348 0.0000000000
58081  22.786  -34.642  37.283 0.0000000000
72896  34.313  -21.794  31.582 0.0000000000
69509  40.386  -25.306  29.804 0.0000000000
80190  36.039  -16.565  23.566 0.0000000000
80173  35.897  -15.859  24.358 0.0000000000
58104  19.613  -34.165  36.407 0.0000000000
56862  19.205  -35.188  37.068 0.0000000000
59293  18.042  -33.141  37.628 0.0000000000
59264  16.217  -32.890  40.030 0.0000000000
60473  15.486  -32.450  40.964 0.0000000000
59249  14.350  -33.390  41.351 0.0000000000
67064  24.356  -26.760  35.847 0.0000000000
63243  20.146  -30.286  36.835 0.0000000000
63259  21.174  -30.495  36.231 0.0000000000
61943  20.431  -31.998  35.995 0.0000000000
59341  20.880  -33.475  35.491 0.0000000000
69491  33.372  -26.063  31.302 0.0000000000
67128  33.309  -27.573  32.064 0.0000000000
65932  37.798  -28.888  33.270 0.0000000000
67125  36.545  -28.256  32.181 0.0000000000
67123  38.099  -27.736  32.612 0.0000000000
68324  39.283  -26.790  33.046 0.0000000000
67106  39.212  -27.520  33.664 0.0000000000
91177  47.186  -6.091  12.673 0.0000000000
91198  48.876  -5.814  9.859 0.0000000000
91199  48.143  -6.210  10.240 0.0000000000
86837  48.155  -10.383  11.639 0.0000000000
87875  48.676  -9.703  10.292 0.0000000000
86835  49.858  -10.585  11.607 0.0000000000
84725  42.388  -12.186  16.120 0.0000000000
83642  43.532  -13.135  15.749 0.0000000000
83624  42.219  -13.264  16.655 0.0000000000
80269  42.161  -16.335  17.441 0.0000000000
80268  43.177  -16.370  17.285 0.0000000000
80248  43.802  -17.166  17.598 0.0000000000
79044  44.986  -18.236  18.744 0.0000000000
79045  44.053  -18.330  18.587 0.0000000000
79016  39.180  -17.229  21.128 0.0000000000
79030  39.515  -16.781  20.651 0.0000000000
77816  39.786  -18.706  20.119 0.0000000000
74218  41.676  -21.487  21.558 0.0000000000
75423  41.352  -20.366  20.457 0.0000000000
75409  42.822  -20.826  21.357 0.0000000000
76631  44.657  -20.135  21.183 0.0000000000
58094  33.891  -34.492  37.003 0.0000000000
59300  35.333  -34.088  37.443 0.0000000000
85750  41.692  -11.097  17.788 0.0000000000
86776  42.397  -10.294  17.283 0.0000000000
86789  43.004  -10.088  15.627 0.0000000000
55584  17.401  -37.014  39.383 0.0000000000
54319  17.039  -37.241  39.974 0.0000000000
51822  12.781  -39.568  46.577 0.0000000000
51821  13.750  -39.530  46.664 0.0000000000
51808  13.354  -39.990  47.733 0.0000000000
50626  11.996  -39.804  48.408 0.0000000000
57946  10.053  -34.711  46.728 0.0000000000
56707  9.839  -35.505  46.314 0.0000000000
56688  9.378  -35.480  47.467 0.0000000000
55393  8.061  -36.894  49.965 0.0000000000
54175  8.981  -37.523  48.910 0.0000000000
54161  8.907  -38.008  49.677 0.0000000000
51769  10.003  -39.071  49.905 0.0000000000
51756  9.062  -39.074  51.082 0.0000000000
51742  9.591  -39.555  51.542 0.0000000000
51757  8.472  -39.095  51.585 0.0000000000
54108  7.092  -37.618  54.064 0.0000000000
52893  7.084  -38.451  53.541 0.0000000000
52887  6.901  -38.453  54.615 0.0000000000
51723  6.693  -38.976  55.593 0.0000000000
54101  6.693  -37.642  56.190 0.0000000000
61912  31.897  -31.161  35.869 0.0000000000
61911  32.755  -30.526  36.055 0.0000000000
61937  32.205  -31.795  35.243 0.0000000000
60584  32.419  -32.616  35.199 0.0000000000
60585  31.713  -32.633  34.978 0.0000000000
58133  29.608  -34.702  34.037 0.0000000000
58117  30.639  -34.838  34.773 0.0000000000
56897  28.977  -35.654  35.068 0.0000000000
64673  24.007  -29.568  32.898 0.0000000000
63310  25.777  -30.576  32.183 0.0000000000
61962  25.281  -31.779  33.237 0.0000000000
59317  25.764  -33.285  35.774 0.0000000000
82483  46.335  -15.120  16.694 0.0000000000
82499  47.933  -14.634  16.273 0.0000000000
82481  48.451  -15.303  16.883 0.0000000000
78920  33.144  -17.918  27.179 0.0000000000
77746  34.061  -18.382  25.388 0.0000000000
76561  33.308  -19.693  26.008 0.0000000000
68398  35.142  -26.132  28.428 0.0000000000
70662  34.750  -24.523  28.897 0.0000000000
69553  35.591  -25.178  27.714 0.0000000000
72927  38.464  -22.576  27.893 0.0000000000
72938  36.723  -22.567  27.161 0.0000000000
74116  37.445  -21.684  27.227 0.0000000000
75326  36.569  -21.282  26.195 0.0000000000
75302  37.926  -21.001  27.001 0.0000000000
75324  38.784  -20.526  26.761 0.0000000000
60555  38.595  -31.873  36.679 0.0000000000
94679  52.503  -3.813  4.852 0.0000000000
91211  50.082  -6.667  8.110 0.0000000000
91210  50.586  -6.066  7.776 0.0000000000
91218  50.657  -7.232  7.563 0.0000000000
90109  52.694  -7.717  6.363 0.0000000000
88986  54.442  -8.077  6.746 0.0000000000
61884  18.731  -30.770  37.654 0.0000000000
60533  17.811  -32.323  38.168 0.0000000000
86808  48.509  -10.745  13.096 0.0000000000
86796  49.465  -10.832  13.841 0.0000000000
85784  48.683  -11.282  14.101 0.0000000000
67073  34.117  -28.274  34.610 0.0000000000
67111  34.543  -28.230  33.186 0.0000000000
65919  34.815  -28.717  34.065 0.0000000000
64670  36.618  -29.474  33.670 0.0000000000
64656  37.687  -29.864  34.037 0.0000000000
90022  46.507  -6.656  15.546 0.0000000000
90045  45.173  -7.547  14.030 0.0000000000
90054  45.841  -7.192  12.611 0.0000000000
90066  46.043  -7.627  11.758 0.0000000000
90074  46.977  -7.658  10.637 0.0000000000
88939  46.199  -8.543  11.421 0.0000000000
87846  46.941  -10.056  11.870 0.0000000000
50559  8.144  -40.442  55.166 0.0000000000
83616  41.052  -13.070  18.251 0.0000000000
82487  41.572  -14.264  17.476 0.0000000000
82469  40.780  -13.900  18.737 0.0000000000
81359  40.801  -15.070  18.223 0.0000000000
79068  41.062  -17.659  18.382 0.0000000000
77784  38.083  -18.517  21.598 0.0000000000
76633  39.267  -19.885  20.909 0.0000000000
75413  38.762  -20.261  21.404 0.0000000000
74219  40.707  -21.672  21.677 0.0000000000
74203  41.489  -22.012  22.337 0.0000000000
74169  42.021  -22.316  24.223 0.0000000000
74149  41.712  -21.861  25.077 0.0000000000
55613  32.678  -36.336  38.134 0.0000000000
55568  15.129  -36.176  40.312 0.0000000000
54302  16.305  -37.243  40.544 0.0000000000
54289  14.363  -37.110  41.327 0.0000000000
54270  14.704  -37.916  42.172 0.0000000000
53032  14.514  -38.533  43.690 0.0000000000
53000  12.529  -38.803  45.499 0.0000000000
53001  11.758  -38.455  45.845 0.0000000000
57902  9.254  -34.556  48.945 0.0000000000
56632  7.963  -36.084  50.491 0.0000000000
55380  7.609  -36.848  51.044 0.0000000000
54137  7.477  -37.797  51.602 0.0000000000
55354  7.276  -36.994  52.643 0.0000000000
55339  7.786  -36.174  54.009 0.0000000000
55333  7.885  -36.049  54.913 0.0000000000
60587  30.383  -31.435  35.317 0.0000000000
60586  31.015  -32.336  34.699 0.0000000000
60597  30.377  -32.437  34.158 0.0000000000
60609  29.661  -32.653  33.353 0.0000000000
59365  28.009  -33.397  33.118 0.0000000000
60601  23.307  -32.979  34.070 0.0000000000
61952  24.684  -32.216  33.937 0.0000000000
59338  23.972  -33.354  35.343 0.0000000000
80245  47.225  -16.888  17.939 0.0000000000
75273  32.870  -20.645  29.023 0.0000000000
68375  38.862  -26.433  29.281 0.0000000000
69530  38.381  -25.779  28.191 0.0000000000
69510  39.521  -25.691  29.055 0.0000000000
70649  39.718  -24.488  28.626 0.0000000000
93563  52.248  -4.080  7.507 0.0000000000
50528  6.009  -40.054  57.807 0.0000000000
78983  40.186  -15.595  22.675 0.0000000000
78984  39.286  -16.058  22.318 0.0000000000
78985  38.350  -16.538  22.307 0.0000000000
79005  36.952  -17.881  22.380 0.0000000000
77786  36.579  -18.767  22.733 0.0000000000
76607  36.112  -19.485  23.317 0.0000000000
56860  21.346  -35.721  37.061 0.0000000000
56828  20.784  -35.858  39.144 0.0000000000
55617  20.085  -36.313  37.863 0.0000000000
56845  18.194  -36.263  38.140 0.0000000000
56847  16.605  -35.591  38.974 0.0000000000
59278  17.149  -32.885  39.002 0.0000000000
58056  16.143  -34.613  39.206 0.0000000000
58057  15.590  -34.566  39.775 0.0000000000
58042  14.514  -34.509  40.805 0.0000000000
58029  13.243  -34.324  41.872 0.0000000000
58012  12.387  -34.525  42.517 0.0000000000
65921  26.889  -27.785  34.012 0.0000000000
67077  25.483  -27.048  34.755 0.0000000000
65922  24.255  -27.965  33.652 0.0000000000
64674  23.440  -29.506  33.627 0.0000000000
64626  22.252  -28.780  36.373 0.0000000000
64662  22.517  -30.250  35.013 0.0000000000
61965  22.678  -31.754  33.885 0.0000000000
59355  22.128  -33.589  34.794 0.0000000000
56900  21.633  -34.890  35.785 0.0000000000
70632  34.624  -23.824  31.967 0.0000000000
71753  34.450  -23.294  31.241 0.0000000000
69500  34.293  -24.827  31.121 0.0000000000
68378  34.292  -26.311  29.633 0.0000000000
67169  35.083  -27.361  29.401 0.0000000000
67127  34.357  -28.040  32.206 0.0000000000
67151  36.060  -27.861  30.648 0.0000000000
67167  36.945  -27.600  30.067 0.0000000000
68347  38.461  -26.925  31.147 0.0000000000
69474  39.984  -26.007  32.183 0.0000000000
92406  50.255  -4.864  10.090 0.0000000000
91205  48.996  -6.344  8.973 0.0000000000
90087  49.550  -8.015  8.558 0.0000000000
88946  48.011  -8.677  9.938 0.0000000000
88957  48.708  -8.750  9.452 0.0000000000
85777  44.160  -11.596  14.871 0.0000000000
84742  45.490  -12.341  14.809 0.0000000000
83662  44.221  -12.881  15.396 0.0000000000
82502  44.845  -14.304  16.134 0.0000000000
82484  45.308  -15.046  16.577 0.0000000000
82486  42.989  -14.456  16.743 0.0000000000
81375  44.777  -15.677  16.960 0.0000000000
80266  45.371  -16.446  17.272 0.0000000000
79063  46.526  -17.653  18.359 0.0000000000
77821  46.511  -18.516  19.574 0.0000000000
80220  39.760  -15.882  20.482 0.0000000000
79047  40.016  -17.491  19.352 0.0000000000
77838  41.445  -18.338  18.607 0.0000000000
76644  40.799  -19.655  19.950 0.0000000000
76655  41.369  -19.170  19.424 0.0000000000
77824  43.072  -18.803  18.920 0.0000000000
77813  43.906  -19.218  19.737 0.0000000000
60582  34.420  -32.668  35.218 0.0000000000
61933  36.208  -31.941  34.642 0.0000000000
59313  35.584  -33.579  36.458 0.0000000000
59299  36.268  -33.673  37.331 0.0000000000
88901  43.680  -8.707  15.755 0.0000000000
86802  43.587  -10.131  14.766 0.0000000000
59211  11.850  -33.871  43.732 0.0000000000
59169  11.184  -33.842  45.179 0.0000000000
57982  11.127  -34.493  44.454 0.0000000000
56729  10.528  -35.414  44.992 0.0000000000
54220  10.207  -37.026  46.114 0.0000000000
52984  10.777  -38.223  46.949 0.0000000000
54192  9.100  -37.069  48.178 0.0000000000
54191  9.640  -37.547  47.879 0.0000000000
52954  10.744  -38.693  48.015 0.0000000000
51780  11.059  -39.342  48.817 0.0000000000
50605  11.369  -39.954  49.939 0.0000000000
50579  8.885  -40.091  53.220 0.0000000000
51745  7.467  -38.724  52.409 0.0000000000
51729  7.881  -39.822  53.625 0.0000000000
50570  8.006  -40.066  54.157 0.0000000000
50560  7.420  -39.957  55.089 0.0000000000
50551  6.749  -39.696  56.410 0.0000000000
51710  6.436  -39.297  56.866 0.0000000000
54093  6.419  -37.232  57.124 0.0000000000
52872  6.150  -38.219  57.276 0.0000000000
51694  5.851  -38.757  57.724 0.0000000000
63253  34.188  -29.861  35.280 0.0000000000
63254  33.585  -30.110  35.738 0.0000000000
61935  33.571  -31.317  34.942 0.0000000000
60583  33.348  -32.643  35.234 0.0000000000
59333  32.910  -33.760  35.845 0.0000000000
58096  32.508  -34.888  36.448 0.0000000000
59335  31.439  -33.731  34.816 0.0000000000
58116  31.650  -34.819  35.640 0.0000000000
56877  31.971  -35.664  36.721 0.0000000000
64680  27.197  -29.483  32.300 0.0000000000
60626  27.163  -31.960  32.771 0.0000000000
59366  27.265  -33.213  33.408 0.0000000000
60599  25.454  -32.490  34.310 0.0000000000
59337  26.270  -33.700  34.930 0.0000000000
56899  27.114  -35.033  35.531 0.0000000000
83659  46.979  -13.216  15.193 0.0000000000
78951  34.655  -17.578  25.040 0.0000000000
76595  35.044  -19.474  24.309 0.0000000000
75375  35.888  -20.999  24.042 0.0000000000
72915  34.104  -22.885  29.732 0.0000000000
72916  33.683  -22.296  29.213 0.0000000000
72942  33.613  -22.047  27.842 0.0000000000
70680  36.477  -24.404  27.270 0.0000000000
72940  34.636  -22.401  27.218 0.0000000000
74132  33.865  -21.450  26.799 0.0000000000
75328  34.690  -21.142  25.977 0.0000000000
74155  35.863  -21.237  24.885 0.0000000000
74174  36.923  -21.568  24.379 0.0000000000
74152  38.493  -21.761  25.244 0.0000000000
61932  37.404  -31.666  35.087 0.0000000000
61931  38.193  -31.250  35.417 0.0000000000
64640  39.129  -29.736  34.828 0.0000000000
64622  40.235  -29.551  35.952 0.0000000000
65915  39.704  -28.634  34.732 0.0000000000
93618  53.556  -3.942  2.601 0.0000000000
93556  51.627  -4.744  7.792 0.0000000000
93564  51.575  -4.923  6.939 0.0000000000
90097  51.585  -7.747  7.090 0.0000000000
91225  51.832  -6.984  6.313 0.0000000000
93583  51.873  -5.447  5.647 0.0000000000
91251  53.277  -6.527  4.726 0.0000000000
91250  53.836  -6.470  4.276 0.0000000000
85787  45.497  -11.470  14.241 0.0000000000
63274  35.246  -30.780  34.417 0.0000000000
64641  35.774  -30.321  34.319 0.0000000000
86812  44.835  -10.075  13.464 0.0000000000
86800  45.089  -10.672  13.824 0.0000000000
86811  45.523  -10.256  13.173 0.0000000000
51701  6.642  -40.288  57.369 0.0000000000
74207  37.735  -21.605  23.134 0.0000000000
74191  38.160  -22.024  23.545 0.0000000000
56787  12.108  -35.426  42.746 0.0000000000
55530  12.642  -36.434  42.437 0.0000000000
55507  11.669  -36.258  43.501 0.0000000000
56770  11.320  -35.605  43.644 0.0000000000
64659  28.709  -29.573  34.410 0.0000000000
56842  22.248  -35.115  37.757 0.0000000000
59305  22.812  -34.045  38.016 0.0000000000
72895  34.607  -22.165  32.034 0.0000000000
59306  19.206  -33.256  36.672 0.0000000000
59307  18.585  -33.506  37.079 0.0000000000
60550  18.685  -32.507  37.227 0.0000000000
61899  19.641  -30.883  36.771 0.0000000000
61919  20.068  -31.477  36.410 0.0000000000
61920  19.500  -31.932  36.656 0.0000000000
60569  19.701  -32.550  36.357 0.0000000000
68340  32.565  -26.803  32.386 0.0000000000
67113  32.826  -27.301  33.045 0.0000000000
67108  37.592  -28.380  32.784 0.0000000000
67107  38.540  -27.925  33.196 0.0000000000
67089  39.054  -28.115  33.830 0.0000000000
91176  47.971  -5.618  12.177 0.0000000000
91189  48.022  -5.755  11.162 0.0000000000
91200  47.393  -6.629  10.736 0.0000000000
86821  48.705  -10.644  12.319 0.0000000000
86836  48.901  -10.419  11.407 0.0000000000
86820  49.564  -10.648  12.346 0.0000000000
86819  50.480  -10.573  12.495 0.0000000000
50568  10.217  -40.683  54.507 0.0000000000
83643  42.777  -12.974  16.028 0.0000000000
80249  42.719  -17.114  17.617 0.0000000000
79066  43.291  -17.917  18.118 0.0000000000
79017  38.876  -17.884  21.185 0.0000000000
74217  42.264  -21.232  21.501 0.0000000000
75410  41.894  -20.887  21.050 0.0000000000
75395  43.469  -21.088  21.914 0.0000000000
58076  33.609  -35.024  37.491 0.0000000000
58075  34.356  -34.640  37.520 0.0000000000
58064  34.034  -35.082  38.038 0.0000000000
85761  42.058  -11.179  16.651 0.0000000000
51823  12.056  -39.259  46.865 0.0000000000
51809  12.380  -39.731  47.605 0.0000000000
56687  9.727  -35.192  46.966 0.0000000000
54148  8.024  -37.782  50.558 0.0000000000
54162  8.453  -37.586  49.746 0.0000000000
54147  8.599  -38.080  50.126 0.0000000000
52930  9.121  -38.616  50.166 0.0000000000
52915  8.697  -38.692  50.723 0.0000000000
52916  8.162  -38.608  51.171 0.0000000000
54103  7.127  -37.439  54.987 0.0000000000
52880  6.805  -37.973  55.480 0.0000000000
61913  31.316  -31.184  36.267 0.0000000000
60559  31.872  -31.889  35.194 0.0000000000
56910  28.569  -35.153  34.440 0.0000000000
58118  29.821  -35.337  34.740 0.0000000000
56880  29.191  -36.006  36.330 0.0000000000
56898  27.811  -35.294  35.118 0.0000000000
63298  24.486  -30.695  32.622 0.0000000000
61963  24.158  -31.716  33.240 0.0000000000
82482  47.371  -15.225  16.820 0.0000000000
81372  47.847  -16.058  17.497 0.0000000000
76517  32.451  -19.859  28.063 0.0000000000
78912  32.996  -18.062  28.138 0.0000000000
77719  32.760  -18.803  27.508 0.0000000000
77730  33.259  -18.566  26.294 0.0000000000
76538  32.755  -19.821  26.980 0.0000000000
68397  36.137  -26.536  28.127 0.0000000000
69533  35.106  -25.272  28.265 0.0000000000
69532  35.830  -25.729  27.776 0.0000000000
74105  38.249  -21.740  27.699 0.0000000000
72928  37.701  -22.525  27.481 0.0000000000
75303  37.009  -21.405  26.719 0.0000000000
75286  38.246  -21.182  27.411 0.0000000000
75301  38.657  -20.698  27.363 0.0000000000
94673  52.434  -3.666  5.897 0.0000000000
90098  50.946  -8.220  7.760 0.0000000000
63216  18.908  -29.650  38.092 0.0000000000
63231  18.654  -30.359  37.956 0.0000000000
63217  18.461  -29.963  38.525 0.0000000000
63230  19.162  -30.072  37.543 0.0000000000
86809  47.483  -10.873  13.198 0.0000000000
86797  48.231  -11.015  13.680 0.0000000000
86798  47.701  -11.125  13.631 0.0000000000
84740  47.571  -12.446  14.603 0.0000000000
85774  48.267  -11.887  14.325 0.0000000000
65902  34.417  -28.857  34.797 0.0000000000
64657  36.314  -29.893  34.050 0.0000000000
64669  37.198  -29.489  33.593 0.0000000000
90034  45.040  -7.573  15.002 0.0000000000
90046  44.590  -8.020  14.372 0.0000000000
88928  45.170  -8.548  12.603 0.0000000000
90055  45.105  -7.723  13.051 0.0000000000
90067  45.489  -7.881  12.339 0.0000000000
87863  46.044  -9.171  11.829 0.0000000000
86810  46.438  -10.780  13.196 0.0000000000
87847  46.322  -9.784  12.098 0.0000000000
86823  46.804  -10.392  12.515 0.0000000000
86822  47.696  -10.515  12.252 0.0000000000
81360  40.258  -15.621  18.797 0.0000000000
80251  40.900  -16.322  18.123 0.0000000000
77785  37.316  -18.729  22.082 0.0000000000
76634  38.584  -19.284  21.244 0.0000000000
74205  39.400  -21.800  22.252 0.0000000000
75396  39.251  -21.294  21.862 0.0000000000
74220  40.036  -21.756  21.841 0.0000000000
74187  42.305  -22.112  23.198 0.0000000000
74188  41.046  -22.472  23.393 0.0000000000
74171  40.113  -22.288  24.657 0.0000000000
74170  40.954  -22.362  24.423 0.0000000000
75350  41.317  -21.123  25.735 0.0000000000
84703  41.251  -12.246  18.799 0.0000000000
55549  14.256  -36.135  41.025 0.0000000000
54304  14.714  -36.513  40.764 0.0000000000
54271  13.416  -37.466  42.342 0.0000000000
53048  13.574  -38.060  42.933 0.0000000000
53047  14.110  -38.274  42.870 0.0000000000
53033  13.484  -38.384  43.564 0.0000000000
54232  12.088  -37.711  44.554 0.0000000000
54218  11.863  -38.139  45.384 0.0000000000
54219  11.055  -37.548  45.676 0.0000000000
56620  8.003  -35.758  51.409 0.0000000000
55368  7.373  -37.168  51.825 0.0000000000
55367  7.571  -36.392  52.058 0.0000000000
61915  29.696  -30.715  36.230 0.0000000000
61914  30.065  -31.030  35.790 0.0000000000
60562  30.122  -30.839  36.483 0.0000000000
61960  28.964  -31.246  32.913 0.0000000000
61959  29.427  -31.819  33.313 0.0000000000
59364  28.949  -33.720  33.221 0.0000000000
60610  28.677  -32.416  32.847 0.0000000000
58136  23.061  -33.879  34.861 0.0000000000
59352  24.071  -33.199  34.920 0.0000000000
59339  23.620  -33.801  35.679 0.0000000000
75260  32.988  -20.104  29.517 0.0000000000
75272  33.194  -21.058  29.507 0.0000000000
68358  39.301  -26.294  29.747 0.0000000000
69511  38.815  -26.154  28.768 0.0000000000
70640  41.205  -24.641  30.151 0.0000000000
70648  40.410  -24.615  29.261 0.0000000000
71759  40.929  -23.667  29.495 0.0000000000
50518  5.639  -39.523  57.740 0.0000000000
80188  37.923  -15.760  22.804 0.0000000000
79004  37.751  -17.615  22.013 0.0000000000
78986  37.282  -16.874  22.552 0.0000000000
78969  35.629  -16.992  23.851 0.0000000000
78987  36.168  -17.508  23.087 0.0000000000
77770  36.070  -18.563  23.176 0.0000000000
76623  36.625  -19.512  22.911 0.0000000000
77771  35.562  -18.511  23.761 0.0000000000
56844  20.797  -36.075  37.930 0.0000000000
56861  20.245  -35.796  37.095 0.0000000000
58084  18.002  -34.947  37.790 0.0000000000
56863  18.327  -35.595  37.701 0.0000000000
56864  17.836  -35.200  37.956 0.0000000000
56846  17.470  -35.663  38.284 0.0000000000
58071  16.780  -34.630  38.600 0.0000000000
61886  17.700  -31.784  38.545 0.0000000000
60514  17.011  -32.354  39.291 0.0000000000
59279  16.553  -33.445  39.273 0.0000000000
59280  15.909  -34.006  39.613 0.0000000000
58041  15.069  -34.517  40.308 0.0000000000
59266  14.841  -33.954  40.677 0.0000000000
59229  13.895  -32.860  42.079 0.0000000000
59250  13.637  -33.901  41.667 0.0000000000
67062  26.402  -26.996  35.429 0.0000000000
67063  25.444  -26.570  35.903 0.0000000000
67079  23.882  -27.495  35.214 0.0000000000
67096  24.192  -27.557  34.584 0.0000000000
65923  23.740  -28.248  34.116 0.0000000000
64661  22.947  -29.578  34.774 0.0000000000
63278  21.631  -31.054  35.544 0.0000000000
63258  21.834  -30.262  35.844 0.0000000000
63290  22.001  -31.268  34.936 0.0000000000
63289  22.477  -30.826  34.396 0.0000000000
61953  22.119  -31.869  34.464 0.0000000000
60602  22.526  -32.716  34.228 0.0000000000
60603  21.789  -32.698  34.742 0.0000000000
58103  20.415  -34.167  35.943 0.0000000000
58125  20.952  -34.133  35.584 0.0000000000
56884  20.976  -35.141  36.158 0.0000000000
56883  21.880  -35.255  36.314 0.0000000000
69489  34.389  -24.490  32.336 0.0000000000
69490  33.821  -25.273  31.734 0.0000000000
67154  33.617  -26.987  30.506 0.0000000000
69502  33.655  -26.357  30.712 0.0000000000
67170  34.332  -26.947  29.578 0.0000000000
67152  35.087  -27.809  30.355 0.0000000000
67110  35.181  -28.583  33.067 0.0000000000
67126  35.461  -28.365  32.387 0.0000000000
67136  37.086  -27.785  31.741 0.0000000000
67137  36.224  -28.011  31.564 0.0000000000
67150  36.954  -27.645  31.021 0.0000000000
68360  37.763  -27.254  30.555 0.0000000000
68336  39.202  -26.541  31.750 0.0000000000
91154  46.865  -6.363  14.783 0.0000000000
91187  49.515  -5.158  10.444 0.0000000000
91212  49.482  -7.089  8.453 0.0000000000
90080  48.879  -7.691  8.906 0.0000000000
88947  47.323  -8.528  10.388 0.0000000000
87889  49.271  -9.381  9.645 0.0000000000
88956  49.498  -8.737  9.063 0.0000000000
85778  43.378  -11.142  15.210 0.0000000000
84743  44.555  -12.323  15.078 0.0000000000
84744  43.644  -12.245  15.317 0.0000000000
82503  43.843  -13.997  16.194 0.0000000000
83641  44.468  -13.525  15.736 0.0000000000
80267  44.281  -16.419  17.240 0.0000000000
81376  43.660  -15.542  17.026 0.0000000000
80246  46.002  -17.117  17.697 0.0000000000
79043  45.980  -18.119  18.920 0.0000000000
80211  40.409  -15.587  21.586 0.0000000000
80212  39.790  -16.078  21.167 0.0000000000
79048  39.910  -18.270  19.801 0.0000000000
79046  40.590  -17.892  18.836 0.0000000000
77826  40.871  -18.410  18.983 0.0000000000
75425  39.836  -20.202  20.800 0.0000000000
76645  39.902  -19.562  20.353 0.0000000000
75422  42.396  -20.231  20.503 0.0000000000
76643  41.765  -19.771  19.888 0.0000000000
76654  42.244  -19.303  19.386 0.0000000000
76653  42.891  -19.373  19.566 0.0000000000
77814  43.302  -19.290  19.582 0.0000000000
76641  43.307  -19.699  20.191 0.0000000000
59331  34.953  -33.326  35.974 0.0000000000
59330  35.419  -33.314  35.986 0.0000000000
58062  35.340  -34.565  38.313 0.0000000000
59288  35.865  -34.089  38.038 0.0000000000
87818  43.827  -8.442  16.517 0.0000000000
87819  43.473  -8.996  15.984 0.0000000000
85779  42.581  -11.153  15.820 0.0000000000
85789  43.988  -10.827  14.665 0.0000000000
55581  20.156  -36.490  38.970 0.0000000000
51835  14.071  -39.216  45.698 0.0000000000
59189  12.095  -33.018  44.167 0.0000000000
59148  10.881  -33.523  46.367 0.0000000000
59191  11.355  -33.983  44.680 0.0000000000
55442  9.711  -36.507  46.641 0.0000000000
55463  10.203  -36.289  45.654 0.0000000000
54206  10.216  -37.563  46.757 0.0000000000
56670  8.921  -35.558  48.356 0.0000000000
55406  8.801  -36.576  48.494 0.0000000000
52956  9.561  -38.152  48.895 0.0000000000
54174  9.580  -37.902  48.530 0.0000000000
52955  10.113  -38.396  48.448 0.0000000000
52969  10.412  -38.203  47.566 0.0000000000
51796  10.740  -38.946  48.490 0.0000000000
51781  10.417  -39.011  49.052 0.0000000000
51754  10.651  -39.598  50.273 0.0000000000
51743  8.835  -39.539  52.086 0.0000000000
50587  9.902  -39.862  52.273 0.0000000000
50588  9.082  -39.862  52.569 0.0000000000
54124  7.269  -37.727  52.311 0.0000000000
52904  7.477  -38.396  52.015 0.0000000000
52898  7.244  -38.348  52.707 0.0000000000
51730  7.324  -39.438  53.890 0.0000000000
52881  6.654  -38.480  55.904 0.0000000000
51717  6.708  -39.274  56.024 0.0000000000
54092  6.736  -36.535  56.936 0.0000000000
54088  6.571  -36.294  57.294 0.0000000000
54089  6.212  -36.874  57.522 0.0000000000
52870  5.487  -38.168  57.600 0.0000000000
61910  33.264  -30.451  35.685 0.0000000000
59334  32.074  -33.661  35.366 0.0000000000
59316  33.072  -34.347  36.407 0.0000000000
60596  30.746  -33.046  34.198 0.0000000000
59347  30.890  -33.706  34.352 0.0000000000
56895  30.792  -35.567  35.647 0.0000000000
58097  31.868  -35.333  36.270 0.0000000000
56854  31.630  -36.291  37.241 0.0000000000
56855  30.689  -36.584  37.202 0.0000000000
65937  26.564  -28.109  33.155 0.0000000000
65936  27.410  -28.348  33.538 0.0000000000
65948  26.409  -28.754  32.460 0.0000000000
61975  26.315  -31.529  32.628 0.0000000000
63309  26.751  -30.522  32.158 0.0000000000
60612  26.628  -32.514  33.318 0.0000000000
61940  24.927  -32.217  35.435 0.0000000000
61951  25.045  -32.147  34.567 0.0000000000
60589  25.140  -32.478  35.260 0.0000000000
58099  26.013  -33.902  36.002 0.0000000000
58098  26.503  -34.730  36.010 0.0000000000
58121  26.410  -34.279  35.425 0.0000000000
83660  45.949  -13.150  15.224 0.0000000000
83639  46.409  -13.859  15.704 0.0000000000
80148  35.073  -16.546  25.346 0.0000000000
78933  34.427  -17.115  25.839 0.0000000000
76577  34.082  -19.564  25.180 0.0000000000
77762  34.452  -19.066  24.804 0.0000000000
76596  34.544  -19.539  24.747 0.0000000000
75376  35.419  -20.716  24.426 0.0000000000
70641  34.438  -24.260  30.576 0.0000000000
72904  34.036  -22.381  30.763 0.0000000000
71761  34.391  -23.622  29.814 0.0000000000
71774  34.535  -23.737  28.492 0.0000000000
71762  34.177  -23.142  29.097 0.0000000000
71775  34.117  -22.999  28.295 0.0000000000
72930  33.455  -21.953  28.310 0.0000000000
72929  33.766  -22.422  28.109 0.0000000000
70678  37.978  -24.628  27.572 0.0000000000
70679  37.371  -24.653  27.402 0.0000000000
72939  35.600  -22.542  27.084 0.0000000000
74119  34.202  -21.846  26.974 0.0000000000
74131  34.401  -21.460  26.503 0.0000000000
74130  34.966  -21.456  26.331 0.0000000000
75355  36.129  -21.285  25.532 0.0000000000
74154  36.552  -21.405  24.991 0.0000000000
74153  37.441  -21.580  25.131 0.0000000000
75353  38.038  -21.111  25.865 0.0000000000
75323  39.839  -20.361  26.473 0.0000000000
60580  36.999  -32.485  35.516 0.0000000000
61893  38.972  -31.578  36.803 0.0000000000
61908  38.667  -31.439  36.110 0.0000000000
63252  39.204  -30.871  36.137 0.0000000000
63271  38.983  -30.453  35.385 0.0000000000
67072  39.927  -28.132  34.922 0.0000000000
93606  52.870  -4.275  3.667 0.0000000000
94694  53.195  -3.513  3.470 0.0000000000
93605  53.191  -4.605  3.106 0.0000000000
92469  53.669  -5.667  3.281 0.0000000000
92413  51.048  -4.639  9.605 0.0000000000
92428  51.136  -5.501  7.423 0.0000000000
92433  51.379  -5.890  6.500 0.0000000000
90119  53.184  -7.468  5.847 0.0000000000
91224  52.359  -7.083  5.945 0.0000000000
92443  51.886  -6.055  5.663 0.0000000000
92442  52.278  -5.979  5.064 0.0000000000
85786  46.493  -11.448  13.869 0.0000000000
84750  46.963  -12.012  14.293 0.0000000000
87827  43.905  -9.316  14.306 0.0000000000
88918  44.319  -8.612  13.943 0.0000000000
87836  44.495  -9.376  13.506 0.0000000000
87849  44.952  -9.131  12.954 0.0000000000
87848  45.564  -9.443  12.500 0.0000000000
82459  40.921  -13.698  20.029 0.0000000000
81346  40.052  -15.269  19.859 0.0000000000
76622  37.075  -19.659  22.561 0.0000000000
74189  39.947  -22.524  23.036 0.0000000000
74190  39.036  -22.331  23.209 0.0000000000
72982  39.906  -22.560  24.152 0.0000000000
56802  13.222  -35.306  41.719 0.0000000000
55550  13.710  -36.254  41.411 0.0000000000
54272  12.668  -37.044  42.726 0.0000000000
54250  12.672  -37.581  43.309 0.0000000000
56606  8.199  -35.655  52.497 0.0000000000
61939  29.667  -30.903  34.982 0.0000000000
63287  29.149  -30.345  34.713 0.0000000000
63296  28.973  -30.340  33.627 0.0000000000
63307  28.488  -30.394  32.773 0.0000000000
58100  23.189  -34.474  36.209 0.0000000000
59319  23.603  -33.760  36.509 0.0000000000
58080  23.258  -34.178  36.836 0.0000000000
74084  33.778  -21.343  30.489 0.0000000000
69488  39.990  -25.983  31.147 0.0000000000
69498  40.663  -25.499  30.578 0.0000000000
80189  36.712  -16.049  23.225 0.0000000000
80172  36.572  -15.525  23.761 0.0000000000
56886  19.447  -34.668  36.670 0.0000000000
58082  19.043  -34.223  36.866 0.0000000000
58083  18.264  -34.407  37.422 0.0000000000
58069  17.816  -33.851  37.886 0.0000000000
60494  16.581  -32.351  39.820 0.0000000000
60495  16.067  -32.199  40.483 0.0000000000
59248  15.091  -32.892  41.070 0.0000000000
63242  20.795  -30.150  36.718 0.0000000000
64628  21.179  -29.839  36.725 0.0000000000
63260  20.565  -30.694  36.459 0.0000000000
61918  20.668  -31.077  36.211 0.0000000000
61942  20.895  -31.637  35.791 0.0000000000
60591  21.183  -32.610  35.288 0.0000000000
60592  20.600  -32.530  35.715 0.0000000000
59321  19.811  -33.471  36.220 0.0000000000
69477  33.054  -25.728  32.374 0.0000000000
68339  32.816  -26.756  31.760 0.0000000000
67139  34.189  -27.845  31.147 0.0000000000
65933  36.599  -29.103  33.216 0.0000000000
65945  36.091  -28.689  32.731 0.0000000000
67109  36.868  -28.513  32.584 0.0000000000
67124  37.458  -27.918  32.236 0.0000000000
68338  37.599  -27.519  31.921 0.0000000000
68337  38.231  -27.173  32.180 0.0000000000
68325  38.524  -27.345  32.772 0.0000000000
68313  39.526  -27.137  33.817 0.0000000000
91178  46.477  -6.597  13.121 0.0000000000
91164  47.830  -5.581  13.224 0.0000000000
91188  48.816  -5.483  10.763 0.0000000000
87861  47.450  -9.915  11.320 0.0000000000
87876  47.741  -9.407  10.560 0.0000000000
87860  48.158  -10.022  11.010 0.0000000000
86845  49.423  -10.293  10.830 0.0000000000
86844  50.179  -10.436  10.867 0.0000000000
84724  42.979  -12.527  15.660 0.0000000000
82504  43.032  -13.596  16.236 0.0000000000
79065  44.431  -17.801  18.086 0.0000000000
77823  44.414  -18.707  19.265 0.0000000000
79002  39.559  -16.226  21.979 0.0000000000
79031  39.524  -17.895  20.261 0.0000000000
77828  40.071  -18.642  19.843 0.0000000000
75411  40.962  -21.019  21.059 0.0000000000
75421  43.238  -20.230  20.903 0.0000000000
76632  43.881  -20.032  20.856 0.0000000000
59314  34.571  -33.993  36.762 0.0000000000
59301  34.805  -34.324  37.359 0.0000000000
58074  34.899  -34.523  37.777 0.0000000000
86751  42.809  -10.460  19.038 0.0000000000
86765  42.552  -10.311  18.376 0.0000000000
86790  42.517  -10.450  16.365 0.0000000000
55602  18.787  -36.668  38.454 0.0000000000
55583  18.363  -37.006  39.529 0.0000000000
54317  18.095  -37.200  40.065 0.0000000000
51836  13.329  -39.355  45.893 0.0000000000
50636  12.775  -40.069  47.982 0.0000000000
57920  10.485  -34.071  47.141 0.0000000000
57945  10.406  -34.293  46.364 0.0000000000
57965  10.141  -34.818  46.088 0.0000000000
56708  9.558  -35.756  46.853 0.0000000000
55443  9.386  -36.074  47.090 0.0000000000
54176  8.420  -37.188  49.414 0.0000000000
55407  8.438  -36.698  49.200 0.0000000000
52944  9.309  -38.290  49.405 0.0000000000
52929  9.551  -38.678  49.660 0.0000000000
51770  9.560  -39.047  50.505 0.0000000000
50595  10.146  -39.692  51.462 0.0000000000
51722  6.948  -39.343  55.075 0.0000000000
52888  6.756  -38.672  55.340 0.0000000000
59363  29.837  -33.613  33.559 0.0000000000
58132  30.451  -34.307  34.202 0.0000000000
56896  29.963  -35.759  35.395 0.0000000000
56879  30.245  -36.203  36.337 0.0000000000
65939  24.610  -28.340  32.987 0.0000000000
65949  25.536  -28.875  32.356 0.0000000000
64682  25.354  -29.660  32.162 0.0000000000
63297  25.218  -30.946  32.456 0.0000000000
60545  25.132  -32.672  36.515 0.0000000000
60564  25.318  -32.818  35.943 0.0000000000
59302  25.421  -33.153  36.847 0.0000000000
82501  45.856  -14.453  16.166 0.0000000000
82500  46.884  -14.533  16.252 0.0000000000
78911  33.374  -17.228  27.802 0.0000000000
78919  33.568  -17.311  26.878 0.0000000000
78934  33.795  -17.728  26.093 0.0000000000
77747  33.609  -19.148  25.648 0.0000000000
75358  33.742  -20.085  25.635 0.0000000000
69512  34.501  -25.420  29.592 0.0000000000
70681  35.333  -24.452  27.685 0.0000000000
71772  38.726  -23.574  27.944 0.0000000000
71785  37.225  -23.555  27.304 0.0000000000
74117  36.352  -21.852  26.962 0.0000000000
75304  36.162  -21.545  26.547 0.0000000000
75325  37.565  -21.105  26.388 0.0000000000
60539  37.666  -33.105  37.622 0.0000000000
60556  37.908  -32.289  36.389 0.0000000000
60538  38.859  -32.206  37.392 0.0000000000
93595  52.512  -4.646  4.221 0.0000000000
91204  49.716  -5.995  8.694 0.0000000000
92422  50.306  -5.736  8.433 0.0000000000
90108  53.684  -7.804  6.217 0.0000000000
90118  53.727  -7.387  5.593 0.0000000000
90107  54.495  -7.667  6.156 0.0000000000
61900  19.050  -31.362  37.116 0.0000000000
61901  18.565  -31.861  37.579 0.0000000000
61885  18.259  -31.269  38.114 0.0000000000
64615  20.822  -29.374  37.243 0.0000000000
64616  20.179  -29.654  37.288 0.0000000000
63244  19.503  -30.467  37.048 0.0000000000
87826  49.889  -10.693  13.465 0.0000000000
85783  49.244  -11.159  14.182 0.0000000000
85785  47.605  -11.505  13.966 0.0000000000
67074  33.200  -27.518  35.012 0.0000000000
67091  33.860  -27.872  33.980 0.0000000000
65935  34.895  -28.577  33.538 0.0000000000
65934  35.505  -28.885  33.355 0.0000000000
65918  35.446  -29.275  34.011 0.0000000000
65917  36.262  -29.445  33.736 0.0000000000
64668  38.028  -29.351  33.707 0.0000000000
64655  38.673  -29.512  34.260 0.0000000000
90033  45.986  -6.963  14.668 0.0000000000
90044  45.824  -7.076  13.568 0.0000000000
90056  44.733  -8.099  13.681 0.0000000000
91191  46.499  -6.671  12.127 0.0000000000
90065  46.724  -7.053  11.285 0.0000000000
90075  46.466  -7.865  11.123 0.0000000000
88948  46.708  -8.558  10.870 0.0000000000
87862  46.623  -9.375  11.390 0.0000000000
50558  9.192  -40.679  55.330 0.0000000000
84714  41.308  -12.163  17.910 0.0000000000
83625  41.461  -13.001  17.373 0.0000000000
81378  41.548  -15.653  17.612 0.0000000000
80270  41.567  -16.327  17.683 0.0000000000
80250  41.750  -16.935  17.795 0.0000000000
77800  38.636  -18.328  21.261 0.0000000000
75412  39.708  -20.989  21.378 0.0000000000
72995  40.715  -22.569  24.014 0.0000000000
74148  42.769  -21.836  24.903 0.0000000000
56838  33.048  -35.956  37.986 0.0000000000
56837  33.638  -35.665  38.199 0.0000000000
55596  33.272  -36.332  38.631 0.0000000000
55586  15.664  -36.118  39.849 0.0000000000
55567  15.747  -36.708  40.160 0.0000000000
54303  15.281  -37.003  40.694 0.0000000000
54290  13.620  -36.859  41.672 0.0000000000
53034  12.778  -38.156  43.944 0.0000000000
53018  13.029  -38.647  44.509 0.0000000000
52982  12.111  -38.952  46.266 0.0000000000
52983  11.378  -38.601  46.577 0.0000000000
56649  8.697  -35.222  49.392 0.0000000000
56650  8.223  -35.974  49.699 0.0000000000
54149  7.645  -37.563  51.132 0.0000000000
54136  7.757  -38.038  51.162 0.0000000000
55381  7.512  -37.337  51.396 0.0000000000
55353  7.706  -36.278  53.045 0.0000000000
55340  7.327  -36.901  53.570 0.0000000000
55334  7.441  -36.803  54.503 0.0000000000
55331  7.441  -36.580  55.355 0.0000000000
60561  30.608  -31.212  35.960 0.0000000000
61949  29.907  -31.702  34.084 0.0000000000
58149  29.386  -34.106  33.594 0.0000000000
58134  28.364  -34.584  33.876 0.0000000000
61964  23.331  -31.647  33.502 0.0000000000
60600  24.161  -32.823  34.332 0.0000000000
61917  24.738  -32.391  35.604 0.0000000000
59318  24.073  -33.256  36.024 0.0000000000
60566  24.623  -32.626  36.326 0.0000000000
60546  24.956  -32.612  37.065 0.0000000000
80264  47.066  -16.284  17.500 0.0000000000
76498  32.834  -19.617  29.071 0.0000000000
75287  32.642  -20.851  27.998 0.0000000000
69531  37.027  -25.712  27.561 0.0000000000
68395  38.312  -26.548  28.736 0.0000000000
69529  39.120  -25.005  28.318 0.0000000000
70659  39.154  -24.263  28.195 0.0000000000
71771  39.508  -23.560  28.420 0.0000000000
72926  39.169  -22.670  28.312 0.0000000000
88968  50.771  -8.839  8.487 0.0000000000
88981  51.219  -8.700  8.054 0.0000000000
79001  40.492  -15.604  22.458 0.0000000000
75399  36.705  -20.104  23.034 0.0000000000
75385  36.944  -21.137  23.297 0.0000000000
56843  21.678  -35.549  38.153 0.0000000000
55601  19.705  -36.562  38.418 0.0000000000
55618  19.270  -36.221  37.675 0.0000000000
55603  17.845  -36.690  38.658 0.0000000000
55604  17.135  -36.370  38.944 0.0000000000
60532  18.278  -32.204  37.720 0.0000000000
59294  17.390  -33.294  38.393 0.0000000000
59295  16.981  -33.950  38.486 0.0000000000
56830  15.890  -35.506  39.483 0.0000000000
56831  15.334  -35.375  40.004 0.0000000000
56815  14.789  -35.313  40.446 0.0000000000
56816  14.311  -35.336  40.906 0.0000000000
58028  13.844  -34.600  41.319 0.0000000000
58013  11.999  -34.807  42.842 0.0000000000
65920  27.612  -28.167  34.512 0.0000000000
65904  27.075  -27.522  34.946 0.0000000000
67076  26.276  -27.341  34.436 0.0000000000
67094  25.512  -27.463  33.929 0.0000000000
67078  24.635  -27.090  35.030 0.0000000000
67095  24.620  -27.542  34.012 0.0000000000
67116  25.034  -27.720  33.509 0.0000000000
65940  23.862  -28.843  33.325 0.0000000000
64645  22.426  -28.953  35.864 0.0000000000
64627  21.822  -29.180  36.551 0.0000000000
64646  22.304  -29.835  35.566 0.0000000000
63288  23.037  -30.312  33.855 0.0000000000
63300  22.930  -31.032  33.631 0.0000000000
60616  23.073  -32.315  33.783 0.0000000000
58137  22.635  -34.043  35.004 0.0000000000
59340  21.486  -33.350  35.089 0.0000000000
58138  22.179  -34.186  35.143 0.0000000000
58123  22.380  -34.648  35.627 0.0000000000
58101  22.546  -35.001  36.477 0.0000000000
56859  22.164  -35.368  37.148 0.0000000000
71752  34.621  -22.861  31.880 0.0000000000
71744  34.667  -23.235  32.018 0.0000000000
69501  33.994  -25.784  30.649 0.0000000000
68377  34.696  -26.574  29.090 0.0000000000
67189  35.399  -26.880  28.675 0.0000000000
67188  36.129  -27.301  28.798 0.0000000000
67112  33.614  -27.772  33.080 0.0000000000
67138  35.220  -28.035  31.375 0.0000000000
67168  36.014  -27.707  29.676 0.0000000000
67187  36.885  -27.460  29.201 0.0000000000
68376  37.871  -27.094  29.444 0.0000000000
68359  38.641  -26.817  30.129 0.0000000000
68346  39.290  -26.463  30.677 0.0000000000
91197  49.602  -5.494  9.533 0.0000000000
88969  50.028  -8.513  8.641 0.0000000000
90073  47.675  -7.469  9.979 0.0000000000
90081  48.260  -7.906  9.440 0.0000000000
85776  44.864  -11.774  14.700 0.0000000000
83661  44.997  -13.016  15.309 0.0000000000
81374  45.829  -15.736  17.037 0.0000000000
80265  46.393  -16.407  17.385 0.0000000000
79062  47.477  -17.604  18.729 0.0000000000
79064  45.486  -17.750  18.166 0.0000000000
79042  46.867  -18.020  19.112 0.0000000000
80229  39.958  -16.245  19.230 0.0000000000
79069  40.372  -16.830  18.661 0.0000000000
77837  42.046  -18.348  18.401 0.0000000000
77799  39.135  -18.646  20.735 0.0000000000
77815  40.247  -19.029  19.865 0.0000000000
76656  40.709  -18.967  19.546 0.0000000000
77825  41.842  -18.779  18.890 0.0000000000
77836  42.667  -18.253  18.298 0.0000000000
77812  44.953  -19.127  20.061 0.0000000000
76640  44.351  -19.657  20.461 0.0000000000
60581  35.723  -32.972  35.553 0.0000000000
59312  36.196  -33.491  36.626 0.0000000000
60540  36.922  -33.395  37.323 0.0000000000
88900  43.831  -8.364  15.834 0.0000000000
87828  43.534  -9.265  15.130 0.0000000000
55564  19.073  -36.667  40.042 0.0000000000
59210  12.233  -33.500  43.422 0.0000000000
57996  12.051  -34.172  43.076 0.0000000000
57997  11.659  -34.536  43.419 0.0000000000
57981  11.475  -34.202  44.074 0.0000000000
57998  11.217  -35.038  43.900 0.0000000000
56750  10.966  -35.588  44.260 0.0000000000
55462  10.869  -36.428  44.878 0.0000000000
54205  10.873  -37.973  46.490 0.0000000000
57922  9.477  -34.840  48.149 0.0000000000
55426  9.212  -36.517  47.599 0.0000000000
52968  11.061  -38.696  47.437 0.0000000000
51795  11.328  -39.239  48.127 0.0000000000
50627  11.456  -39.582  48.599 0.0000000000
50615  11.467  -39.776  49.087 0.0000000000
51768  10.840  -39.473  49.515 0.0000000000
50569  9.080  -40.491  54.288 0.0000000000
52903  7.777  -38.617  51.671 0.0000000000
51744  7.912  -39.018  52.071 0.0000000000
51736  8.076  -39.703  52.956 0.0000000000
51737  7.413  -39.020  52.895 0.0000000000
50580  8.209  -39.937  53.497 0.0000000000
50550  7.239  -40.087  56.011 0.0000000000
51716  7.051  -39.708  55.563 0.0000000000
50540  6.778  -39.957  56.686 0.0000000000
51709  6.558  -39.976  57.122 0.0000000000
51702  6.148  -39.527  57.527 0.0000000000
55328  7.306  -36.266  56.085 0.0000000000
54096  6.897  -36.800  56.442 0.0000000000
54097  6.600  -37.278  56.714 0.0000000000
69475  34.569  -24.326  33.356 0.0000000000
63275  34.272  -30.736  34.745 0.0000000000
59315  33.616  -34.112  36.456 0.0000000000
58095  33.275  -34.664  36.835 0.0000000000
58077  33.007  -35.190  37.156 0.0000000000
56853  32.523  -35.850  37.378 0.0000000000
64660  28.088  -28.876  34.000 0.0000000000
64672  27.830  -29.006  32.998 0.0000000000
64679  28.022  -29.739  32.624 0.0000000000
64681  26.170  -29.633  32.081 0.0000000000
63308  27.686  -30.435  32.366 0.0000000000
60625  27.911  -31.871  32.626 0.0000000000
60611  27.591  -32.593  32.945 0.0000000000
58135  27.609  -34.599  34.190 0.0000000000
60613  25.927  -32.304  33.681 0.0000000000
60588  25.666  -32.959  35.076 0.0000000000
60598  26.128  -32.878  34.224 0.0000000000
59336  26.817  -33.991  34.344 0.0000000000
58120  27.010  -34.598  34.823 0.0000000000
56881  28.114  -35.767  36.214 0.0000000000
84741  46.511  -12.550  14.737 0.0000000000
83638  47.449  -13.934  15.718 0.0000000000
80147  35.414  -15.599  25.783 0.0000000000
80174  35.294  -16.920  24.559 0.0000000000
78970  35.242  -17.661  24.244 0.0000000000
78952  34.217  -17.685  25.574 0.0000000000
77761  34.766  -18.386  24.634 0.0000000000
76608  35.614  -19.383  23.826 0.0000000000
75387  35.675  -20.021  23.862 0.0000000000
75386  36.329  -20.845  23.585 0.0000000000
72903  34.445  -22.702  31.500 0.0000000000
72905  33.723  -21.894  30.077 0.0000000000
74094  33.489  -21.455  29.749 0.0000000000
74095  33.241  -21.483  29.138 0.0000000000
74106  33.049  -21.462  28.465 0.0000000000
69551  36.773  -25.000  27.355 0.0000000000
71786  35.998  -23.494  27.170 0.0000000000
72941  33.934  -22.189  27.511 0.0000000000
74120  33.386  -21.536  27.451 0.0000000000
75305  32.879  -20.633  27.276 0.0000000000
75329  33.600  -20.798  26.357 0.0000000000
75357  34.413  -20.562  25.298 0.0000000000
75327  35.578  -21.333  26.124 0.0000000000
75356  35.321  -21.129  25.250 0.0000000000
74156  35.543  -21.089  24.763 0.0000000000
74176  35.715  -21.083  24.584 0.0000000000
74175  36.112  -21.214  24.307 0.0000000000
74193  36.583  -21.390  23.915 0.0000000000
74173  37.828  -21.952  24.386 0.0000000000
74151  39.615  -21.781  25.280 0.0000000000
75352  39.133  -20.981  25.889 0.0000000000
75351  40.235  -21.013  25.801 0.0000000000
63272  37.832  -30.811  34.880 0.0000000000
61909  37.982  -31.780  35.706 0.0000000000
63285  38.249  -30.189  34.596 0.0000000000
63284  38.759  -29.967  34.778 0.0000000000
64654  39.340  -29.225  34.609 0.0000000000
61892  39.601  -31.353  37.174 0.0000000000
63251  39.917  -30.451  36.484 0.0000000000
63270  39.744  -29.993  35.741 0.0000000000
64639  39.761  -29.427  35.209 0.0000000000
65916  39.208  -28.677  34.219 0.0000000000
67088  39.682  -27.733  34.369 0.0000000000
92421  51.091  -4.997  8.494 0.0000000000
93555  52.116  -4.256  8.415 0.0000000000
90096  52.203  -7.898  6.826 0.0000000000
90110  52.066  -7.604  6.633 0.0000000000
93572  51.722  -5.273  6.040 0.0000000000
93582  52.013  -4.980  5.254 0.0000000000
92457  52.907  -5.845  4.356 0.0000000000
91232  53.728  -6.910  4.988 0.0000000000
92456  53.528  -6.071  3.879 0.0000000000
51794  11.848  -39.520  47.878 0.0000000000
52917  7.682  -38.320  51.496 0.0000000000
54300  17.888  -37.196  40.274 0.0000000000
54318  17.707  -37.250  39.969 0.0000000000
55569  14.601  -35.917  40.636 0.0000000000
55595  33.730  -36.023  38.728 0.0000000000
55600  20.336  -36.344  38.455 0.0000000000
55619  18.630  -36.289  37.916 0.0000000000
56730  10.160  -35.281  45.656 0.0000000000
56829  20.122  -36.319  39.444 0.0000000000
56901  21.308  -34.727  35.744 0.0000000000
58102  21.042  -34.518  35.726 0.0000000000
58119  27.755  -34.896  34.458 0.0000000000
58124  21.539  -34.232  35.361 0.0000000000
58150  29.087  -34.312  33.635 0.0000000000
59190  11.671  -33.585  44.407 0.0000000000
59320  20.225  -33.104  35.910 0.0000000000
59349  28.189  -34.009  33.414 0.0000000000
59350  27.439  -34.056  33.799 0.0000000000
59351  26.728  -33.421  33.971 0.0000000000
59353  23.555  -33.533  34.822 0.0000000000
59354  22.860  -33.539  34.521 0.0000000000
60513  17.417  -32.327  38.785 0.0000000000
60558  36.099  -33.372  36.238 0.0000000000
60568  20.195  -32.336  36.077 0.0000000000
60579  37.600  -32.089  35.646 0.0000000000
60590  24.398  -32.865  35.344 0.0000000000
60614  24.207  -32.328  33.694 0.0000000000
60615  23.700  -32.352  33.658 0.0000000000
61916  24.865  -32.292  35.878 0.0000000000
61941  24.742  -32.374  34.906 0.0000000000
61973  28.169  -31.161  32.555 0.0000000000
61974  27.336  -31.273  32.422 0.0000000000
61976  25.634  -31.235  32.531 0.0000000000
63229  19.767  -29.880  37.269 0.0000000000
63277  22.167  -30.619  35.240 0.0000000000
63311  25.076  -30.294  32.259 0.0000000000
64683  24.668  -29.570  32.409 0.0000000000
65900  40.091  -28.523  35.239 0.0000000000
65947  27.134  -28.644  32.790 0.0000000000
65950  24.987  -29.047  32.352 0.0000000000
67075  32.678  -27.094  34.513 0.0000000000
67090  34.464  -28.321  33.902 0.0000000000
67093  26.135  -27.688  33.663 0.0000000000
67114  25.994  -27.908  33.212 0.0000000000
67115  25.500  -27.829  33.316 0.0000000000
67129  32.698  -27.115  32.417 0.0000000000
67140  33.469  -27.306  31.037 0.0000000000
68326  32.461  -26.784  32.907 0.0000000000
68349  33.343  -26.714  30.920 0.0000000000
68361  33.919  -26.559  30.177 0.0000000000
68362  33.650  -26.675  30.581 0.0000000000
68374  39.256  -26.148  29.342 0.0000000000
69478  32.607  -26.408  32.518 0.0000000000
69513  34.169  -26.013  29.992 0.0000000000
69552  36.158  -25.128  27.423 0.0000000000
70660  38.503  -24.643  27.873 0.0000000000
70661  37.888  -25.115  27.660 0.0000000000
71773  38.055  -23.250  27.603 0.0000000000
71788  34.221  -22.690  27.686 0.0000000000
72917  33.366  -21.806  28.789 0.0000000000
72980  40.723  -22.489  24.255 0.0000000000
72981  40.455  -22.521  24.228 0.0000000000
72997  39.633  -22.548  23.682 0.0000000000
75288  32.583  -20.368  27.697 0.0000000000
75306  32.644  -20.188  27.426 0.0000000000
76482  33.100  -19.573  29.807 0.0000000000
76539  32.576  -19.935  27.525 0.0000000000
76578  33.670  -19.626  25.605 0.0000000000
77729  33.686  -18.206  25.912 0.0000000000
77745  34.470  -18.101  25.002 0.0000000000
78935  33.389  -17.841  26.583 0.0000000000
85775  47.724  -11.958  14.300 0.0000000000
85792  47.459  -11.163  13.610 0.0000000000
88910  43.711  -8.746  15.533 0.0000000000
90035  44.532  -7.963  14.841 0.0000000000
91234  52.204  -6.733  5.818 0.0000000000
94688  52.777  -3.857  4.040 0.0000000000
94695  52.924  -3.884  3.714 0.0000000000
