#!ascii label  , from subject 3507 vox2ras=TkReg
358
25066  35.440  -63.600  -5.089 0.0000000000
19680  46.552  -68.412  -6.698 0.0000000000
19648  35.699  -68.105  -4.260 0.0000000000
21814  40.410  -66.947  -7.590 0.0000000000
15510  41.199  -72.495  -5.740 0.0000000000
17585  38.370  -70.694  -5.321 0.0000000000
16608  38.539  -71.792  -9.482 0.0000000000
20755  43.362  -67.584  -7.508 0.0000000000
25107  43.159  -63.755  -8.986 0.0000000000
22794  36.779  -65.681  -2.735 0.0000000000
20688  39.487  -67.731  -3.405 0.0000000000
18639  41.390  -69.631  -4.936 0.0000000000
17582  43.865  -71.327  -5.066 0.0000000000
12489  42.168  -75.463  -5.549 0.0000000000
27186  34.887  -61.501  -1.865 0.0000000000
22758  33.787  -64.842  -0.491 0.0000000000
20684  32.617  -67.494  -2.039 0.0000000000
26198  39.946  -62.730  -9.264 0.0000000000
17649  36.703  -70.559  -8.388 0.0000000000
20753  45.334  -67.555  -7.356 0.0000000000
21831  45.064  -66.016  -8.147 0.0000000000
20680  36.491  -67.013  -2.748 0.0000000000
19635  37.523  -68.558  -3.402 0.0000000000
16511  40.106  -71.622  -5.252 0.0000000000
17532  40.606  -70.552  -3.629 0.0000000000
17553  41.598  -71.040  -4.038 0.0000000000
17583  42.866  -71.065  -4.951 0.0000000000
15470  42.277  -73.015  -4.317 0.0000000000
13487  44.385  -74.327  -4.509 0.0000000000
22739  32.875  -65.927  0.972 0.0000000000
21708  33.083  -66.435  -1.273 0.0000000000
20649  32.386  -67.464  0.270 0.0000000000
22900  39.419  -66.234  -7.451 0.0000000000
24037  40.780  -64.779  -8.711 0.0000000000
26212  44.271  -62.506  -10.419 0.0000000000
26214  42.951  -61.956  -10.294 0.0000000000
18641  36.032  -69.502  -6.125 0.0000000000
18618  37.326  -69.764  -4.859 0.0000000000
17609  37.572  -70.508  -6.131 0.0000000000
17628  38.430  -71.125  -7.182 0.0000000000
16584  40.069  -71.844  -7.767 0.0000000000
20756  42.307  -67.778  -7.556 0.0000000000
24036  41.868  -64.638  -8.671 0.0000000000
22925  43.461  -65.197  -8.286 0.0000000000
24033  44.901  -64.434  -8.902 0.0000000000
20718  48.432  -68.472  -6.504 0.0000000000
23939  36.187  -64.785  -3.289 0.0000000000
22851  38.364  -66.128  -5.240 0.0000000000
21784  39.357  -67.263  -6.105 0.0000000000
18584  39.698  -69.360  -3.256 0.0000000000
20719  40.301  -68.402  -4.547 0.0000000000
19701  40.982  -68.679  -6.541 0.0000000000
19684  42.726  -69.288  -6.651 0.0000000000
18635  44.492  -69.628  -6.270 0.0000000000
18612  45.238  -70.198  -5.811 0.0000000000
14517  41.493  -74.337  -6.067 0.0000000000
14486  42.977  -73.928  -4.301 0.0000000000
16484  45.554  -72.223  -4.681 0.0000000000
17579  46.936  -70.733  -5.297 0.0000000000
28461  34.859  -60.986  -4.742 0.0000000000
26129  34.829  -62.188  -3.314 0.0000000000
24955  34.646  -63.544  -0.730 0.0000000000
24977  35.014  -64.077  -2.083 0.0000000000
22796  35.236  -65.095  -1.953 0.0000000000
20682  34.404  -66.722  -2.655 0.0000000000
19638  34.191  -67.825  -3.970 0.0000000000
18587  32.315  -69.008  -3.704 0.0000000000
19668  33.962  -68.502  -4.891 0.0000000000
25129  41.587  -63.177  -9.303 0.0000000000
26150  35.219  -62.698  -5.350 0.0000000000
26162  35.565  -62.805  -6.212 0.0000000000
25080  35.719  -63.656  -5.804 0.0000000000
20733  46.093  -67.924  -7.087 0.0000000000
20752  46.114  -67.359  -7.390 0.0000000000
19637  36.172  -67.829  -3.670 0.0000000000
20690  37.056  -67.986  -3.203 0.0000000000
16532  40.703  -71.946  -6.081 0.0000000000
16489  40.713  -71.845  -4.324 0.0000000000
15494  41.297  -72.596  -4.972 0.0000000000
16488  41.567  -72.026  -4.012 0.0000000000
15471  41.597  -72.515  -4.444 0.0000000000
13518  43.237  -75.250  -6.324 0.0000000000
21688  32.618  -66.559  0.575 0.0000000000
22899  40.138  -66.321  -7.843 0.0000000000
22929  39.550  -65.552  -8.052 0.0000000000
22928  40.283  -65.752  -8.218 0.0000000000
27336  43.756  -61.710  -10.864 0.0000000000
18640  36.502  -69.784  -6.127 0.0000000000
17630  36.474  -70.130  -7.029 0.0000000000
16588  37.211  -70.926  -8.886 0.0000000000
17648  37.389  -70.806  -8.326 0.0000000000
16586  38.742  -71.485  -8.429 0.0000000000
16560  38.951  -71.344  -7.604 0.0000000000
16607  39.218  -71.899  -8.912 0.0000000000
21833  43.098  -66.013  -8.045 0.0000000000
21811  43.717  -66.768  -7.794 0.0000000000
22924  44.460  -65.202  -8.414 0.0000000000
24063  45.618  -64.032  -9.374 0.0000000000
25125  45.263  -63.476  -9.842 0.0000000000
22819  36.687  -65.281  -2.992 0.0000000000
23952  37.034  -65.253  -4.205 0.0000000000
22818  37.365  -65.597  -3.234 0.0000000000
21762  39.191  -67.167  -5.334 0.0000000000
20720  39.717  -67.789  -4.821 0.0000000000
17586  37.712  -70.132  -4.961 0.0000000000
18594  38.218  -69.853  -3.938 0.0000000000
17555  38.627  -70.381  -4.178 0.0000000000
18582  41.006  -70.261  -3.748 0.0000000000
18583  40.462  -69.668  -3.566 0.0000000000
19664  40.757  -68.965  -4.251 0.0000000000
19702  40.459  -68.552  -6.022 0.0000000000
19686  40.915  -69.067  -5.321 0.0000000000
19700  41.943  -68.695  -7.101 0.0000000000
19685  41.695  -69.401  -6.282 0.0000000000
17551  43.196  -71.538  -4.756 0.0000000000
18636  43.477  -69.838  -6.165 0.0000000000
18613  44.206  -70.410  -5.675 0.0000000000
17581  44.961  -71.018  -5.355 0.0000000000
10753  39.548  -77.324  -9.700 0.0000000000
11570  41.361  -76.249  -7.226 0.0000000000
11586  40.483  -76.512  -8.349 0.0000000000
12521  41.049  -75.886  -7.203 0.0000000000
13519  41.764  -75.246  -5.817 0.0000000000
14487  42.324  -74.008  -4.655 0.0000000000
13489  42.719  -74.808  -4.663 0.0000000000
14483  45.617  -73.488  -4.505 0.0000000000
14484  44.759  -73.642  -4.362 0.0000000000
15466  46.145  -72.691  -4.597 0.0000000000
16506  46.311  -71.207  -5.209 0.0000000000
16483  46.562  -71.715  -4.972 0.0000000000
28424  34.890  -60.527  -3.474 0.0000000000
27216  34.789  -61.364  -2.908 0.0000000000
26096  34.911  -62.280  -2.409 0.0000000000
23862  33.739  -64.424  0.316 0.0000000000
24941  34.215  -63.652  0.218 0.0000000000
24978  34.887  -63.696  -1.657 0.0000000000
23888  34.606  -64.359  -1.166 0.0000000000
22772  34.714  -64.916  -1.538 0.0000000000
20664  32.985  -66.886  -1.771 0.0000000000
21723  34.193  -66.252  -2.027 0.0000000000
20683  33.421  -66.922  -2.320 0.0000000000
20693  34.517  -67.331  -3.391 0.0000000000
20694  33.541  -67.383  -3.042 0.0000000000
17535  31.517  -70.496  -3.259 0.0000000000
18599  32.066  -69.503  -4.014 0.0000000000
18597  33.289  -68.872  -4.952 0.0000000000
24035  42.849  -64.493  -8.575 0.0000000000
25108  42.232  -63.827  -8.971 0.0000000000
25128  42.532  -63.066  -9.320 0.0000000000
27338  42.220  -61.393  -10.564 0.0000000000
19697  44.811  -68.100  -7.105 0.0000000000
21810  44.694  -66.768  -7.803 0.0000000000
21720  37.269  -66.343  -2.689 0.0000000000
21719  38.015  -66.703  -2.797 0.0000000000
20677  39.028  -67.743  -2.976 0.0000000000
16512  39.142  -71.170  -5.572 0.0000000000
16490  39.563  -71.100  -4.359 0.0000000000
16464  40.213  -71.045  -3.772 0.0000000000
17531  41.043  -70.773  -3.687 0.0000000000
18616  41.663  -70.202  -4.630 0.0000000000
18615  42.314  -70.441  -5.181 0.0000000000
17584  42.202  -70.856  -4.598 0.0000000000
17552  42.600  -71.506  -4.506 0.0000000000
16486  43.534  -72.146  -4.517 0.0000000000
12473  43.178  -75.245  -4.830 0.0000000000
12487  43.262  -75.374  -5.432 0.0000000000
13516  44.552  -74.652  -5.341 0.0000000000
22759  33.340  -65.299  -0.247 0.0000000000
22774  33.433  -65.762  -0.957 0.0000000000
22760  32.801  -66.069  -0.043 0.0000000000
21709  32.661  -66.794  -0.788 0.0000000000
20665  32.503  -67.307  -1.274 0.0000000000
24038  39.570  -64.723  -8.421 0.0000000000
25110  40.270  -63.951  -8.963 0.0000000000
25127  43.432  -63.112  -9.497 0.0000000000
26213  43.404  -62.122  -10.353 0.0000000000
27364  43.664  -61.239  -11.283 0.0000000000
19665  36.227  -69.036  -5.061 0.0000000000
18596  37.041  -69.229  -4.429 0.0000000000
18619  36.736  -69.494  -5.159 0.0000000000
17610  37.026  -70.027  -5.755 0.0000000000
17629  37.641  -70.791  -7.466 0.0000000000
17608  38.342  -70.954  -6.379 0.0000000000
16534  39.045  -71.262  -6.718 0.0000000000
16559  39.660  -71.539  -7.297 0.0000000000
21813  41.623  -67.004  -7.815 0.0000000000
21835  41.052  -66.297  -8.073 0.0000000000
21834  42.083  -66.138  -8.041 0.0000000000
22926  42.489  -65.297  -8.290 0.0000000000
24034  43.807  -64.462  -8.698 0.0000000000
21832  44.075  -65.985  -8.114 0.0000000000
25106  44.072  -63.775  -9.191 0.0000000000
25126  44.322  -63.169  -9.854 0.0000000000
25149  44.959  -63.006  -10.278 0.0000000000
19663  47.762  -68.743  -6.380 0.0000000000
23954  35.703  -64.336  -4.119 0.0000000000
25065  35.879  -64.138  -5.492 0.0000000000
23953  36.343  -64.833  -4.184 0.0000000000
22873  39.098  -66.756  -6.286 0.0000000000
21815  39.583  -67.158  -6.807 0.0000000000
19633  39.737  -68.499  -3.199 0.0000000000
17533  39.913  -70.330  -3.499 0.0000000000
19632  40.221  -68.830  -3.453 0.0000000000
20704  39.939  -67.926  -3.994 0.0000000000
20758  40.138  -67.931  -6.593 0.0000000000
20757  41.158  -67.943  -7.393 0.0000000000
19699  43.027  -68.457  -7.189 0.0000000000
18637  42.477  -69.971  -5.938 0.0000000000
19683  43.753  -69.056  -6.743 0.0000000000
19698  44.011  -68.243  -7.157 0.0000000000
19682  44.709  -68.798  -6.730 0.0000000000
18634  45.487  -69.375  -6.308 0.0000000000
18633  46.440  -69.110  -6.279 0.0000000000
15539  40.354  -72.562  -8.282 0.0000000000
14531  41.219  -74.151  -6.839 0.0000000000
15509  41.544  -73.350  -5.703 0.0000000000
15493  41.813  -73.312  -4.819 0.0000000000
15469  43.210  -73.051  -4.241 0.0000000000
16509  44.208  -71.926  -4.729 0.0000000000
13488  43.534  -74.605  -4.495 0.0000000000
15468  44.215  -73.023  -4.293 0.0000000000
16508  44.825  -71.760  -4.898 0.0000000000
17580  45.924  -70.783  -5.443 0.0000000000
18611  46.275  -69.953  -5.785 0.0000000000
18632  47.094  -68.843  -6.338 0.0000000000
18610  47.485  -69.574  -5.813 0.0000000000
29749  35.340  -59.454  -6.025 0.0000000000
28460  35.094  -60.157  -5.175 0.0000000000
27245  35.077  -61.619  -5.386 0.0000000000
26144  35.052  -62.656  -4.579 0.0000000000
26128  34.958  -62.887  -3.637 0.0000000000
26018  34.450  -62.681  0.743 0.0000000000
26063  34.887  -62.604  -1.389 0.0000000000
25009  34.948  -63.052  -2.130 0.0000000000
25008  35.040  -63.642  -2.355 0.0000000000
25038  35.199  -63.603  -3.071 0.0000000000
23913  35.859  -64.641  -2.813 0.0000000000
22795  36.019  -65.236  -2.530 0.0000000000
21707  33.822  -65.918  -1.482 0.0000000000
21722  35.226  -65.970  -2.236 0.0000000000
21721  36.273  -66.161  -2.503 0.0000000000
20681  35.464  -66.776  -2.768 0.0000000000
20692  35.647  -67.510  -3.477 0.0000000000
20705  35.212  -67.801  -4.024 0.0000000000
19651  32.902  -68.525  -3.906 0.0000000000
19650  33.539  -68.376  -4.352 0.0000000000
19667  34.766  -68.465  -5.041 0.0000000000
25109  41.251  -63.959  -9.053 0.0000000000
26197  40.883  -62.551  -9.581 0.0000000000
26195  42.825  -62.373  -9.954 0.0000000000
26196  41.839  -62.478  -9.756 0.0000000000
11607  40.054  -76.667  -8.976 0.0000000000
12474  42.805  -75.259  -4.863 0.0000000000
12488  42.623  -75.427  -5.340 0.0000000000
12502  43.234  -75.402  -5.878 0.0000000000
12503  42.672  -75.693  -6.193 0.0000000000
12520  41.578  -75.935  -6.619 0.0000000000
13486  45.112  -74.069  -4.610 0.0000000000
13490  42.261  -74.578  -4.865 0.0000000000
13504  45.196  -74.182  -4.812 0.0000000000
13505  44.871  -74.416  -4.873 0.0000000000
13506  44.010  -75.003  -4.922 0.0000000000
13507  42.580  -75.191  -4.949 0.0000000000
13508  42.251  -75.054  -5.146 0.0000000000
13517  43.795  -75.051  -5.774 0.0000000000
14485  43.855  -73.804  -4.276 0.0000000000
14505  41.858  -74.310  -5.225 0.0000000000
14532  40.923  -73.834  -7.762 0.0000000000
15467  45.212  -72.942  -4.344 0.0000000000
15523  41.375  -73.683  -6.352 0.0000000000
16463  40.938  -71.248  -3.749 0.0000000000
16465  39.750  -70.806  -3.795 0.0000000000
16485  44.609  -72.377  -4.543 0.0000000000
16487  42.424  -72.174  -4.256 0.0000000000
16491  38.914  -70.851  -4.828 0.0000000000
16507  45.707  -71.492  -5.103 0.0000000000
16510  40.782  -72.118  -5.201 0.0000000000
16533  39.865  -71.511  -6.337 0.0000000000
16561  38.326  -71.157  -7.839 0.0000000000
16585  39.565  -71.732  -8.188 0.0000000000
16587  37.900  -71.178  -8.562 0.0000000000
17534  39.238  -70.061  -3.502 0.0000000000
17550  46.867  -71.153  -4.981 0.0000000000
17554  39.393  -70.590  -3.797 0.0000000000
17556  38.055  -69.982  -4.292 0.0000000000
17558  31.695  -70.202  -4.301 0.0000000000
17587  37.214  -69.860  -5.189 0.0000000000
18575  39.314  -68.833  -3.022 0.0000000000
18592  41.278  -70.099  -4.086 0.0000000000
18593  40.947  -69.545  -3.905 0.0000000000
18598  32.544  -69.194  -4.485 0.0000000000
18614  43.190  -70.536  -5.520 0.0000000000
18617  41.192  -69.548  -4.475 0.0000000000
18620  35.809  -69.151  -5.605 0.0000000000
18638  41.692  -69.831  -5.406 0.0000000000
18651  36.188  -69.740  -6.548 0.0000000000
19624  39.252  -68.273  -2.967 0.0000000000
19625  38.538  -68.359  -2.937 0.0000000000
19626  38.017  -67.964  -2.821 0.0000000000
19634  38.170  -68.875  -3.217 0.0000000000
19636  36.621  -68.161  -3.672 0.0000000000
19639  33.534  -67.900  -3.683 0.0000000000
19645  40.599  -69.042  -3.760 0.0000000000
19647  36.601  -68.802  -4.382 0.0000000000
19649  34.596  -68.053  -4.386 0.0000000000
19662  48.516  -69.093  -6.165 0.0000000000
19666  35.695  -68.700  -5.057 0.0000000000
19679  47.208  -68.353  -6.661 0.0000000000
19681  45.640  -68.463  -6.790 0.0000000000
20656  32.359  -67.428  -0.499 0.0000000000
20679  37.463  -67.463  -2.799 0.0000000000
20687  39.970  -68.267  -3.566 0.0000000000
20691  36.594  -67.667  -3.212 0.0000000000
20695  32.861  -67.610  -2.655 0.0000000000
20703  40.356  -68.508  -3.867 0.0000000000
20706  34.839  -67.677  -3.867 0.0000000000
20734  40.125  -68.268  -5.487 0.0000000000
20735  39.623  -67.681  -5.762 0.0000000000
20754  44.327  -67.493  -7.470 0.0000000000
20759  39.644  -67.511  -6.332 0.0000000000
21695  32.950  -66.160  -0.610 0.0000000000
21696  32.575  -66.729  -0.196 0.0000000000
21706  34.570  -65.528  -1.729 0.0000000000
21724  33.510  -66.471  -1.787 0.0000000000
21741  37.941  -66.137  -2.980 0.0000000000
21809  45.652  -66.764  -7.747 0.0000000000
21812  42.712  -66.861  -7.797 0.0000000000
21836  40.480  -66.318  -7.935 0.0000000000
22748  33.224  -65.240  0.714 0.0000000000
22749  32.922  -65.792  0.388 0.0000000000
22773  34.037  -65.099  -1.029 0.0000000000
22850  38.804  -66.580  -5.592 0.0000000000
22927  41.443  -65.492  -8.381 0.0000000000
23861  34.006  -64.123  0.043 0.0000000000
23870  34.094  -64.333  -0.387 0.0000000000
23871  33.718  -64.701  -0.217 0.0000000000
23887  34.981  -64.440  -1.802 0.0000000000
23914  35.406  -64.362  -2.428 0.0000000000
23938  36.752  -65.177  -3.518 0.0000000000
23940  35.591  -64.239  -3.268 0.0000000000
23970  36.485  -64.740  -5.221 0.0000000000
23971  35.897  -64.426  -4.848 0.0000000000
24064  44.842  -63.756  -9.394 0.0000000000
24942  33.963  -63.966  0.666 0.0000000000
25054  35.250  -63.595  -3.973 0.0000000000
25130  40.669  -63.292  -9.249 0.0000000000
25131  40.056  -63.366  -9.110 0.0000000000
26095  34.925  -62.966  -2.825 0.0000000000
26145  34.837  -62.201  -4.025 0.0000000000
26193  44.097  -62.811  -10.130 0.0000000000
26194  43.709  -62.696  -10.044 0.0000000000
27236  34.892  -61.861  -4.540 0.0000000000
27237  34.746  -61.365  -4.019 0.0000000000
27246  34.868  -61.452  -4.681 0.0000000000
27315  42.618  -61.827  -10.325 0.0000000000
27316  42.046  -61.855  -10.212 0.0000000000
27337  42.931  -61.596  -10.611 0.0000000000
28449  34.958  -60.388  -4.346 0.0000000000
