#!ascii label  , from subject 3376 vox2ras=TkReg
1410
82725  -40.742  -2.455  14.615 0.0000000000
81912  -51.939  -3.132  5.374 0.0000000000
87120  -49.229  1.555  20.380 0.0000000000
81841  -48.183  -3.316  11.563 0.0000000000
75919  -48.355  -10.014  15.624 0.0000000000
88918  -46.673  4.383  8.143 0.0000000000
91704  -47.958  7.598  11.847 0.0000000000
93355  -38.730  9.783  12.042 0.0000000000
74073  -40.756  -12.557  17.940 0.0000000000
81854  -43.057  -3.337  10.601 0.0000000000
84587  -45.874  -0.482  8.104 0.0000000000
86322  -42.800  1.622  11.073 0.0000000000
89679  -50.481  6.424  23.834 0.0000000000
89742  -51.673  5.842  16.631 0.0000000000
90678  -47.911  6.350  18.760 0.0000000000
90757  -42.226  6.236  12.539 0.0000000000
94018  -43.029  10.410  17.013 0.0000000000
85537  -52.455  0.360  3.959 0.0000000000
80900  -41.432  -5.010  19.894 0.0000000000
83620  -44.155  -1.469  16.861 0.0000000000
80935  -52.872  -4.535  14.370 0.0000000000
78424  -48.176  -7.129  12.755 0.0000000000
78418  -42.215  -7.019  12.840 0.0000000000
75912  -41.791  -10.567  15.158 0.0000000000
85511  -51.545  0.959  6.247 0.0000000000
89908  -52.304  6.231  4.602 0.0000000000
88864  -46.777  4.452  14.448 0.0000000000
90793  -51.340  6.533  10.500 0.0000000000
90861  -48.898  7.511  5.731 0.0000000000
89884  -43.642  5.567  6.232 0.0000000000
89879  -38.755  5.935  6.267 0.0000000000
82739  -40.722  -2.629  12.278 0.0000000000
84569  -42.254  -0.849  10.306 0.0000000000
84545  -41.107  -0.564  12.559 0.0000000000
92451  -49.282  9.148  23.823 0.0000000000
90643  -50.395  7.000  20.682 0.0000000000
92483  -46.406  8.367  20.965 0.0000000000
90675  -44.325  7.373  18.629 0.0000000000
83735  -52.446  -1.015  5.106 0.0000000000
80843  -42.576  -4.034  24.249 0.0000000000
80889  -44.601  -4.233  21.621 0.0000000000
76802  -48.297  -8.939  13.716 0.0000000000
78421  -45.448  -7.636  12.141 0.0000000000
76799  -45.348  -9.525  13.473 0.0000000000
75005  -42.187  -11.671  16.578 0.0000000000
78386  -37.237  -7.547  15.941 0.0000000000
80053  -37.451  -5.556  17.910 0.0000000000
79184  -36.569  -6.735  18.761 0.0000000000
82774  -48.956  -2.173  10.516 0.0000000000
86355  -45.961  1.775  7.635 0.0000000000
85499  -49.432  0.388  7.095 0.0000000000
87227  -48.191  2.576  6.275 0.0000000000
87240  -52.573  3.495  5.160 0.0000000000
88938  -49.218  4.688  5.987 0.0000000000
85418  -46.403  -0.026  18.320 0.0000000000
87154  -44.864  2.569  16.485 0.0000000000
88009  -47.016  3.114  17.821 0.0000000000
90731  -50.748  7.021  14.663 0.0000000000
89761  -51.389  5.838  13.594 0.0000000000
91707  -51.067  7.735  11.380 0.0000000000
92577  -50.832  8.453  7.532 0.0000000000
91749  -48.555  7.710  8.688 0.0000000000
89887  -46.274  5.985  5.940 0.0000000000
90803  -45.768  6.642  9.546 0.0000000000
90737  -39.691  6.978  13.272 0.0000000000
89806  -40.588  5.389  10.381 0.0000000000
90770  -37.746  6.799  10.501 0.0000000000
91747  -36.849  7.962  6.226 0.0000000000
93373  -37.729  9.689  8.917 0.0000000000
81857  -45.603  -3.400  10.263 0.0000000000
82772  -47.470  -2.569  9.818 0.0000000000
82769  -44.195  -2.133  9.693 0.0000000000
85476  -43.749  0.541  9.129 0.0000000000
88062  -44.606  3.214  9.660 0.0000000000
87964  -50.085  3.477  22.008 0.0000000000
88829  -49.872  3.819  19.097 0.0000000000
89705  -52.353  6.188  20.588 0.0000000000
90691  -50.296  6.810  17.368 0.0000000000
90715  -48.348  6.722  15.448 0.0000000000
90760  -45.552  6.983  12.645 0.0000000000
90712  -44.446  6.002  15.763 0.0000000000
90697  -41.937  7.281  16.295 0.0000000000
94033  -41.261  10.416  14.974 0.0000000000
86406  -50.936  1.782  3.656 0.0000000000
81804  -40.965  -3.560  17.451 0.0000000000
82720  -42.631  -2.197  15.619 0.0000000000
81799  -43.377  -3.479  18.278 0.0000000000
82698  -45.921  -2.327  19.193 0.0000000000
84492  -47.922  -0.490  21.266 0.0000000000
86259  -45.824  1.333  20.746 0.0000000000
87106  -47.273  2.354  21.778 0.0000000000
81827  -49.999  -3.965  13.332 0.0000000000
80091  -50.301  -5.021  14.039 0.0000000000
80120  -47.905  -4.880  11.765 0.0000000000
80117  -45.105  -5.527  11.182 0.0000000000
80114  -42.453  -5.380  11.808 0.0000000000
75883  -47.305  -10.533  17.150 0.0000000000
74975  -43.710  -11.695  18.607 0.0000000000
75007  -44.057  -11.430  16.796 0.0000000000
75915  -44.709  -10.937  15.639 0.0000000000
76796  -42.323  -9.119  13.925 0.0000000000
80925  -39.097  -4.227  15.292 0.0000000000
82795  -52.990  -2.215  7.680 0.0000000000
83686  -49.348  -1.522  9.049 0.0000000000
84593  -52.009  -0.698  8.338 0.0000000000
83708  -53.711  -1.127  6.768 0.0000000000
85525  -54.353  0.659  5.255 0.0000000000
88131  -54.003  3.437  3.682 0.0000000000
89960  -51.838  5.493  3.062 0.0000000000
85439  -42.935  0.860  14.044 0.0000000000
88039  -44.178  3.335  12.790 0.0000000000
88896  -46.538  4.967  10.637 0.0000000000
88859  -49.064  4.775  15.151 0.0000000000
89758  -48.901  5.476  13.025 0.0000000000
89831  -48.721  5.747  9.439 0.0000000000
90847  -50.716  6.976  6.755 0.0000000000
91782  -52.138  7.821  4.301 0.0000000000
89941  -49.427  5.936  3.374 0.0000000000
89827  -43.381  5.867  9.392 0.0000000000
89882  -41.644  5.474  6.284 0.0000000000
90892  -39.380  7.274  1.931 0.0000000000
91778  -37.232  8.156  2.248 0.0000000000
92593  -35.873  8.974  4.364 0.0000000000
82732  -40.520  -2.623  13.094 0.0000000000
84556  -40.800  -1.204  12.365 0.0000000000
83630  -40.754  -1.737  13.581 0.0000000000
92469  -47.573  8.523  22.055 0.0000000000
93300  -45.153  10.035  20.065 0.0000000000
82820  -52.256  -2.347  5.126 0.0000000000
76776  -48.162  -9.692  14.548 0.0000000000
76800  -46.459  -9.412  13.407 0.0000000000
75930  -46.840  -10.174  14.234 0.0000000000
77578  -36.589  -8.652  16.413 0.0000000000
78379  -36.519  -7.523  16.752 0.0000000000
82742  -48.710  -2.565  11.776 0.0000000000
82758  -48.563  -2.475  10.965 0.0000000000
88079  -45.857  3.181  7.790 0.0000000000
87217  -47.133  2.497  6.838 0.0000000000
88081  -47.207  3.615  6.897 0.0000000000
88090  -48.790  3.636  6.090 0.0000000000
88936  -48.067  4.340  6.756 0.0000000000
86272  -47.790  0.798  19.067 0.0000000000
86291  -46.394  1.831  18.122 0.0000000000
87146  -48.206  2.246  18.813 0.0000000000
91676  -49.431  7.444  13.185 0.0000000000
91694  -50.859  7.628  12.370 0.0000000000
91706  -50.066  7.701  11.522 0.0000000000
91728  -50.319  8.254  9.649 0.0000000000
91726  -48.509  7.613  10.260 0.0000000000
90819  -47.728  7.423  9.021 0.0000000000
90790  -47.337  7.422  10.533 0.0000000000
92529  -38.778  8.672  12.936 0.0000000000
90754  -38.669  6.651  11.928 0.0000000000
92536  -38.175  8.619  11.887 0.0000000000
92549  -37.487  8.559  9.651 0.0000000000
94076  -38.674  10.252  10.171 0.0000000000
81856  -44.752  -3.433  10.460 0.0000000000
82756  -45.039  -2.985  10.245 0.0000000000
82754  -43.499  -2.485  10.103 0.0000000000
85466  -42.125  0.216  10.877 0.0000000000
85475  -42.939  0.372  9.898 0.0000000000
86332  -43.003  1.357  10.420 0.0000000000
86340  -44.042  1.531  9.019 0.0000000000
87193  -43.806  2.780  10.607 0.0000000000
88791  -50.720  5.327  23.191 0.0000000000
88804  -51.472  4.729  21.855 0.0000000000
89681  -51.760  6.187  22.349 0.0000000000
90667  -49.173  6.513  19.799 0.0000000000
90668  -50.333  7.018  19.495 0.0000000000
90679  -49.214  6.495  18.590 0.0000000000
90703  -49.339  6.693  16.439 0.0000000000
90702  -48.161  6.528  16.484 0.0000000000
90713  -45.845  6.294  15.572 0.0000000000
90700  -45.615  6.113  16.708 0.0000000000
92506  -43.536  8.819  18.247 0.0000000000
91649  -42.976  7.518  17.474 0.0000000000
92509  -42.405  8.768  17.270 0.0000000000
92513  -41.154  8.756  16.066 0.0000000000
94025  -42.085  10.339  15.962 0.0000000000
85547  -51.602  1.357  3.677 0.0000000000
81797  -41.649  -3.840  18.103 0.0000000000
81805  -42.062  -3.531  17.415 0.0000000000
80909  -43.102  -3.898  18.919 0.0000000000
82671  -45.345  -3.190  22.215 0.0000000000
81788  -45.591  -3.427  20.728 0.0000000000
81795  -46.350  -2.675  21.278 0.0000000000
83599  -47.275  -1.573  20.034 0.0000000000
84491  -47.022  -0.706  21.525 0.0000000000
87116  -44.150  2.973  20.406 0.0000000000
87119  -46.873  1.792  21.548 0.0000000000
88799  -46.242  4.389  21.986 0.0000000000
88800  -47.326  4.442  22.244 0.0000000000
89690  -46.750  5.323  22.457 0.0000000000
81829  -51.011  -3.907  13.298 0.0000000000
80942  -50.954  -4.315  14.017 0.0000000000
79235  -49.982  -6.040  14.064 0.0000000000
79234  -49.226  -6.134  13.449 0.0000000000
80089  -48.997  -5.445  13.095 0.0000000000
79248  -47.898  -6.253  12.385 0.0000000000
80119  -47.028  -5.301  11.568 0.0000000000
78445  -46.637  -6.908  11.828 0.0000000000
78419  -43.374  -7.418  12.541 0.0000000000
78442  -44.109  -6.923  11.893 0.0000000000
79246  -42.600  -6.385  12.263 0.0000000000
74974  -42.920  -11.977  18.788 0.0000000000
75006  -43.165  -11.673  16.717 0.0000000000
75020  -43.403  -11.317  15.971 0.0000000000
75898  -44.973  -11.067  16.308 0.0000000000
75914  -43.665  -10.912  15.355 0.0000000000
76786  -43.187  -10.123  14.325 0.0000000000
75925  -42.315  -10.249  14.745 0.0000000000
80919  -39.048  -4.111  16.224 0.0000000000
80918  -38.377  -4.602  16.665 0.0000000000
81879  -51.793  -3.092  8.570 0.0000000000
83683  -46.315  -1.369  8.482 0.0000000000
83670  -47.785  -1.940  9.455 0.0000000000
84589  -47.729  -0.900  8.205 0.0000000000
85500  -50.696  0.480  6.745 0.0000000000
84604  -50.297  -0.311  7.631 0.0000000000
85501  -52.003  0.358  7.028 0.0000000000
84595  -53.293  -0.658  7.691 0.0000000000
85503  -53.469  0.495  6.927 0.0000000000
84609  -54.115  -0.081  6.359 0.0000000000
86374  -53.777  1.457  6.405 0.0000000000
88105  -52.280  4.279  4.977 0.0000000000
88107  -54.010  3.733  5.230 0.0000000000
88962  -53.670  4.490  4.376 0.0000000000
88995  -53.013  4.287  3.501 0.0000000000
89927  -53.306  5.842  3.852 0.0000000000
83619  -43.566  -1.480  16.125 0.0000000000
84529  -42.748  -1.025  15.002 0.0000000000
84531  -44.118  -0.168  16.011 0.0000000000
88024  -45.321  3.645  15.185 0.0000000000
87163  -44.044  2.797  14.737 0.0000000000
88870  -45.467  4.211  13.650 0.0000000000
88894  -45.097  4.150  11.794 0.0000000000
88871  -46.842  4.786  13.196 0.0000000000
88842  -50.506  4.896  17.804 0.0000000000
88846  -49.542  4.721  17.128 0.0000000000
88847  -50.622  4.987  16.613 0.0000000000
89796  -51.118  6.210  11.835 0.0000000000
89759  -49.865  5.395  13.109 0.0000000000
89795  -50.382  5.912  11.617 0.0000000000
89793  -48.436  5.674  11.080 0.0000000000
89832  -49.863  6.368  9.653 0.0000000000
90833  -49.927  6.669  7.683 0.0000000000
90821  -51.103  7.072  8.976 0.0000000000
91760  -50.266  8.535  6.882 0.0000000000
92596  -51.550  8.297  5.907 0.0000000000
91780  -50.484  7.986  4.911 0.0000000000
90881  -50.704  7.631  4.127 0.0000000000
90880  -49.313  7.340  4.492 0.0000000000
89940  -48.004  5.956  3.104 0.0000000000
90879  -47.902  6.762  3.950 0.0000000000
89886  -45.450  5.723  6.042 0.0000000000
89923  -45.355  6.314  4.115 0.0000000000
90758  -43.453  6.289  12.577 0.0000000000
90775  -43.953  6.329  11.363 0.0000000000
89790  -43.076  6.147  10.928 0.0000000000
89843  -39.689  5.535  8.421 0.0000000000
89844  -40.665  5.512  8.435 0.0000000000
89880  -39.689  5.733  6.339 0.0000000000
89918  -40.741  6.205  4.122 0.0000000000
90858  -39.390  6.165  4.667 0.0000000000
90870  -38.573  7.302  2.930 0.0000000000
90856  -37.609  7.603  4.010 0.0000000000
92576  -37.218  9.410  6.191 0.0000000000
91758  -36.696  8.362  5.051 0.0000000000
93397  -36.174  9.422  5.006 0.0000000000
92584  -35.719  9.219  5.432 0.0000000000
81853  -42.240  -3.488  10.857 0.0000000000
82753  -42.566  -2.558  10.525 0.0000000000
83643  -41.488  -1.744  11.335 0.0000000000
85465  -41.609  -0.409  11.312 0.0000000000
85457  -42.068  0.577  12.081 0.0000000000
90613  -50.950  7.483  23.329 0.0000000000
91605  -49.567  8.130  22.819 0.0000000000
90641  -47.755  7.127  21.154 0.0000000000
90665  -46.388  7.088  19.929 0.0000000000
90676  -45.302  6.751  18.800 0.0000000000
91637  -45.694  7.945  20.025 0.0000000000
93318  -44.359  9.496  18.874 0.0000000000
84644  -52.757  -0.349  4.540 0.0000000000
80040  -42.077  -4.796  21.909 0.0000000000
80894  -43.809  -4.351  20.771 0.0000000000
80858  -43.975  -4.198  23.309 0.0000000000
77621  -47.851  -8.214  12.924 0.0000000000
78422  -46.333  -7.598  12.133 0.0000000000
76806  -46.641  -8.894  12.889 0.0000000000
77607  -45.608  -8.915  12.907 0.0000000000
77605  -43.720  -8.600  13.206 0.0000000000
74989  -40.932  -12.203  17.074 0.0000000000
75897  -40.274  -11.033  15.847 0.0000000000
79212  -37.586  -6.500  15.751 0.0000000000
80060  -37.138  -5.714  17.018 0.0000000000
80059  -36.792  -6.126  17.236 0.0000000000
79185  -37.117  -6.071  18.444 0.0000000000
85496  -46.219  1.028  7.616 0.0000000000
85487  -47.378  -0.210  7.743 0.0000000000
86357  -47.567  1.374  7.102 0.0000000000
86358  -48.521  1.335  6.688 0.0000000000
86370  -49.949  2.107  6.289 0.0000000000
86372  -52.121  1.836  5.953 0.0000000000
87229  -50.334  2.866  5.557 0.0000000000
88092  -50.845  3.967  5.087 0.0000000000
88949  -51.248  5.092  5.191 0.0000000000
84527  -45.343  -0.406  17.569 0.0000000000
85432  -44.367  0.577  16.377 0.0000000000
86289  -45.072  1.101  17.390 0.0000000000
87155  -45.698  2.618  17.051 0.0000000000
88849  -46.624  3.770  16.387 0.0000000000
90706  -51.490  6.215  16.028 0.0000000000
89748  -51.321  5.524  15.233 0.0000000000
90733  -51.696  6.643  14.094 0.0000000000
90763  -51.830  6.780  12.246 0.0000000000
90794  -51.786  7.068  10.776 0.0000000000
91742  -51.346  7.714  9.056 0.0000000000
91729  -51.117  8.306  9.627 0.0000000000
91740  -50.034  8.394  8.705 0.0000000000
90845  -48.847  7.591  6.840 0.0000000000
90860  -48.032  7.004  5.082 0.0000000000
90831  -48.079  7.337  7.790 0.0000000000
90830  -46.688  6.411  7.113 0.0000000000
89848  -44.711  5.677  8.003 0.0000000000
90756  -41.035  6.172  12.842 0.0000000000
89771  -41.533  5.883  12.040 0.0000000000
89787  -39.942  5.618  11.383 0.0000000000
89804  -38.726  5.725  10.189 0.0000000000
89841  -37.922  6.116  8.300 0.0000000000
90828  -37.043  6.487  7.125 0.0000000000
90814  -37.258  6.831  8.144 0.0000000000
92557  -37.250  8.837  8.354 0.0000000000
93380  -37.555  9.755  7.779 0.0000000000
80985  -46.923  -4.020  10.710 0.0000000000
81870  -47.524  -2.913  10.277 0.0000000000
81868  -46.245  -3.131  9.817 0.0000000000
83668  -45.782  -1.948  8.939 0.0000000000
83682  -45.395  -1.045  8.602 0.0000000000
83665  -43.176  -1.454  9.787 0.0000000000
84577  -43.676  -0.501  9.322 0.0000000000
84586  -45.094  -0.188  8.509 0.0000000000
86347  -44.803  1.583  8.469 0.0000000000
87208  -45.067  2.442  8.426 0.0000000000
88064  -45.829  3.894  8.908 0.0000000000
87109  -49.663  2.478  21.356 0.0000000000
87989  -49.232  2.955  19.400 0.0000000000
87991  -50.642  3.921  20.372 0.0000000000
88817  -51.566  4.818  20.541 0.0000000000
89732  -52.190  5.819  18.504 0.0000000000
90629  -51.355  6.986  21.390 0.0000000000
90670  -51.967  6.935  18.834 0.0000000000
90693  -51.679  6.338  17.213 0.0000000000
90704  -50.337  6.714  16.398 0.0000000000
90730  -49.788  6.998  14.672 0.0000000000
91674  -47.528  7.420  13.211 0.0000000000
91702  -46.558  7.382  12.328 0.0000000000
90743  -46.314  7.045  13.452 0.0000000000
90742  -45.258  6.685  13.541 0.0000000000
90725  -43.694  6.364  14.656 0.0000000000
90699  -44.378  6.099  16.835 0.0000000000
90711  -43.270  6.139  15.679 0.0000000000
90724  -42.537  6.397  14.682 0.0000000000
90722  -40.605  7.266  14.827 0.0000000000
92522  -39.834  8.820  14.634 0.0000000000
93337  -39.680  9.861  13.976 0.0000000000
82718  -40.961  -2.620  15.436 0.0000000000
82726  -41.297  -2.174  14.910 0.0000000000
82710  -42.144  -2.640  16.174 0.0000000000
82711  -42.963  -2.617  16.353 0.0000000000
82702  -44.266  -2.587  17.576 0.0000000000
80902  -43.991  -3.742  19.616 0.0000000000
81801  -44.813  -2.951  18.819 0.0000000000
83613  -44.826  -1.525  17.512 0.0000000000
83615  -46.151  -1.279  18.365 0.0000000000
84517  -47.777  -0.584  19.380 0.0000000000
85407  -48.523  -0.022  20.161 0.0000000000
85393  -45.352  0.509  20.493 0.0000000000
85394  -46.475  0.279  21.004 0.0000000000
85388  -47.691  0.787  21.584 0.0000000000
86250  -49.009  1.354  21.732 0.0000000000
87963  -49.091  3.324  22.439 0.0000000000
88801  -48.600  4.617  22.798 0.0000000000
89678  -49.291  5.910  23.712 0.0000000000
81832  -49.289  -3.183  12.551 0.0000000000
81842  -48.727  -3.196  12.223 0.0000000000
80080  -51.374  -5.135  14.823 0.0000000000
80933  -51.294  -4.699  14.480 0.0000000000
80941  -50.150  -4.385  13.605 0.0000000000
80948  -49.158  -4.023  12.529 0.0000000000
80966  -47.523  -4.213  11.327 0.0000000000
80965  -46.553  -4.664  11.021 0.0000000000
80964  -45.607  -4.768  10.954 0.0000000000
80962  -43.845  -4.740  11.161 0.0000000000
78443  -45.006  -6.971  11.776 0.0000000000
80116  -44.231  -5.483  11.385 0.0000000000
80961  -42.978  -4.650  11.289 0.0000000000
80959  -41.280  -4.107  11.594 0.0000000000
74967  -45.908  -10.949  19.067 0.0000000000
74991  -42.901  -11.967  17.661 0.0000000000
74992  -43.848  -11.562  17.651 0.0000000000
75870  -46.162  -10.814  18.200 0.0000000000
75881  -45.733  -10.961  17.443 0.0000000000
75900  -46.489  -10.702  16.350 0.0000000000
75917  -46.660  -10.474  15.304 0.0000000000
75937  -45.031  -10.038  13.934 0.0000000000
76797  -43.366  -9.588  13.863 0.0000000000
77604  -42.832  -8.589  13.501 0.0000000000
81822  -39.672  -3.722  14.882 0.0000000000
81818  -39.640  -3.584  15.767 0.0000000000
80915  -40.293  -3.912  17.636 0.0000000000
80907  -40.637  -4.308  18.473 0.0000000000
80046  -41.049  -5.393  20.692 0.0000000000
81016  -50.764  -4.667  7.661 0.0000000000
81890  -52.084  -3.423  7.572 0.0000000000
81891  -52.625  -2.814  7.107 0.0000000000
82773  -48.233  -2.309  10.223 0.0000000000
83671  -48.738  -1.920  9.747 0.0000000000
84603  -49.291  -0.368  7.683 0.0000000000
84592  -50.980  -0.768  8.436 0.0000000000
83688  -51.518  -1.132  9.108 0.0000000000
83690  -53.020  -1.116  8.050 0.0000000000
82808  -53.402  -1.657  7.235 0.0000000000
82822  -53.384  -1.619  6.483 0.0000000000
83721  -53.036  -0.965  5.467 0.0000000000
84630  -53.694  -0.512  5.215 0.0000000000
85539  -54.093  0.624  3.942 0.0000000000
87232  -53.740  2.713  5.944 0.0000000000
87253  -54.621  2.345  4.341 0.0000000000
86409  -53.795  1.764  3.602 0.0000000000
87266  -52.320  2.949  3.427 0.0000000000
88130  -51.616  3.589  3.291 0.0000000000
88129  -50.780  3.962  3.253 0.0000000000
84533  -41.648  -0.873  14.288 0.0000000000
85438  -42.434  0.491  13.679 0.0000000000
86303  -42.831  1.446  13.333 0.0000000000
86297  -43.552  1.493  15.076 0.0000000000
87165  -43.459  2.459  13.649 0.0000000000
88046  -43.537  2.798  11.960 0.0000000000
88047  -44.357  3.553  11.704 0.0000000000
88056  -45.105  3.863  10.333 0.0000000000
88904  -46.419  4.728  9.734 0.0000000000
88840  -48.659  3.785  18.267 0.0000000000
88851  -48.665  4.538  16.295 0.0000000000
88858  -47.772  4.525  15.374 0.0000000000
88867  -50.057  5.319  14.402 0.0000000000
89752  -49.300  5.285  13.711 0.0000000000
88865  -48.230  5.085  14.048 0.0000000000
88885  -47.766  5.450  12.084 0.0000000000
89810  -47.143  5.271  10.011 0.0000000000
89850  -47.211  5.086  8.506 0.0000000000
89870  -48.395  5.345  7.550 0.0000000000
89891  -51.880  6.518  5.360 0.0000000000
91752  -51.359  7.789  7.335 0.0000000000
91762  -51.991  7.686  6.034 0.0000000000
90883  -52.358  7.278  4.567 0.0000000000
90904  -52.163  7.119  4.123 0.0000000000
89942  -50.963  6.056  3.101 0.0000000000
89925  -46.638  6.360  4.297 0.0000000000
90789  -46.199  7.120  10.869 0.0000000000
90802  -44.368  6.255  9.301 0.0000000000
89847  -43.904  5.736  8.464 0.0000000000
89807  -41.661  5.540  10.366 0.0000000000
89846  -42.768  5.602  8.424 0.0000000000
89883  -42.664  5.427  6.256 0.0000000000
89919  -41.648  6.336  4.099 0.0000000000
90893  -40.432  7.207  2.044 0.0000000000
89952  -39.635  6.539  1.077 0.0000000000
90855  -36.958  7.944  4.472 0.0000000000
92607  -36.526  8.386  2.912 0.0000000000
94799  -40.069  11.372  11.630 0.0000000000
94813  -39.878  11.149  10.167 0.0000000000
94085  -39.220  10.744  9.314 0.0000000000
94102  -38.977  10.895  7.889 0.0000000000
94110  -38.077  10.911  6.920 0.0000000000
82729  -40.490  -2.577  13.889 0.0000000000
83626  -40.794  -2.054  14.112 0.0000000000
76777  -48.684  -9.662  15.101 0.0000000000
75918  -47.751  -10.161  15.167 0.0000000000
75931  -47.620  -9.867  14.238 0.0000000000
82741  -48.177  -2.823  11.183 0.0000000000
88080  -46.507  3.495  7.453 0.0000000000
88926  -46.994  4.169  7.460 0.0000000000
88089  -47.944  3.736  6.516 0.0000000000
88919  -47.219  4.664  7.842 0.0000000000
86273  -48.649  0.857  19.922 0.0000000000
86286  -47.644  1.538  18.818 0.0000000000
87131  -48.242  1.507  19.213 0.0000000000
91692  -48.702  7.527  12.472 0.0000000000
91693  -49.782  7.602  12.401 0.0000000000
91705  -48.975  7.649  11.663 0.0000000000
91717  -49.223  7.777  10.827 0.0000000000
91716  -48.133  7.653  10.973 0.0000000000
90791  -47.934  7.517  10.416 0.0000000000
91715  -47.185  7.508  11.328 0.0000000000
93347  -38.950  9.531  12.930 0.0000000000
93362  -38.315  9.566  11.016 0.0000000000
94070  -38.983  10.186  10.990 0.0000000000
81855  -43.912  -3.407  10.399 0.0000000000
86331  -42.598  1.058  10.870 0.0000000000
85467  -42.650  0.777  10.492 0.0000000000
87199  -43.386  1.870  10.196 0.0000000000
87192  -43.341  2.267  10.860 0.0000000000
88792  -51.485  5.388  22.674 0.0000000000
89680  -51.378  6.285  23.136 0.0000000000
90689  -48.028  6.346  17.592 0.0000000000
90701  -46.893  6.377  16.588 0.0000000000
90688  -46.727  6.200  17.723 0.0000000000
93321  -43.331  9.548  17.891 0.0000000000
92510  -42.952  8.820  17.789 0.0000000000
93320  -42.798  9.736  17.334 0.0000000000
93325  -42.200  9.460  16.848 0.0000000000
94026  -42.535  10.321  16.482 0.0000000000
84643  -51.804  -0.579  4.089 0.0000000000
84642  -50.837  -0.730  4.103 0.0000000000
85536  -51.345  0.567  3.982 0.0000000000
85548  -52.208  1.179  3.678 0.0000000000
80908  -42.058  -4.260  18.877 0.0000000000
80901  -42.851  -4.439  19.832 0.0000000000
82683  -45.706  -2.538  21.644 0.0000000000
81790  -46.191  -2.624  21.558 0.0000000000
82684  -46.596  -2.264  21.545 0.0000000000
83584  -46.436  -1.596  21.495 0.0000000000
80943  -51.723  -4.263  13.618 0.0000000000
79249  -48.585  -6.185  12.909 0.0000000000
79264  -47.179  -6.267  11.884 0.0000000000
78423  -47.293  -7.274  12.285 0.0000000000
79245  -41.797  -6.305  12.584 0.0000000000
74063  -42.223  -12.288  18.900 0.0000000000
75019  -42.478  -11.288  15.851 0.0000000000
75913  -42.766  -10.824  15.269 0.0000000000
75926  -43.042  -10.426  14.739 0.0000000000
80077  -38.493  -5.564  15.046 0.0000000000
80924  -38.390  -4.753  15.647 0.0000000000
80923  -37.865  -5.036  16.170 0.0000000000
83675  -52.250  -1.760  9.077 0.0000000000
83684  -47.287  -1.473  8.654 0.0000000000
84588  -46.823  -0.801  8.020 0.0000000000
85510  -50.874  1.083  6.247 0.0000000000
85502  -52.904  0.522  7.277 0.0000000000
85513  -53.224  1.030  6.727 0.0000000000
88951  -52.865  5.142  4.842 0.0000000000
88952  -53.452  4.793  4.664 0.0000000000
89909  -53.164  5.703  4.313 0.0000000000
89910  -53.470  5.240  4.203 0.0000000000
84525  -43.908  -0.812  16.303 0.0000000000
88863  -45.789  4.094  14.816 0.0000000000
88028  -45.104  3.731  14.489 0.0000000000
89735  -51.337  5.346  17.158 0.0000000000
89741  -51.285  5.462  16.143 0.0000000000
89814  -51.002  6.248  11.161 0.0000000000
89813  -50.332  6.138  10.674 0.0000000000
90792  -50.824  6.387  9.984 0.0000000000
90806  -50.771  6.591  9.425 0.0000000000
91769  -49.661  7.946  6.350 0.0000000000
91770  -50.520  8.263  5.902 0.0000000000
91779  -49.779  7.826  5.449 0.0000000000
89885  -44.576  5.638  6.172 0.0000000000
89904  -44.944  5.860  5.081 0.0000000000
89903  -44.059  5.844  5.122 0.0000000000
89902  -43.130  5.688  5.096 0.0000000000
90774  -42.853  6.196  11.763 0.0000000000
89861  -39.228  5.610  7.391 0.0000000000
89898  -39.273  5.960  5.432 0.0000000000
90857  -38.533  6.390  4.742 0.0000000000
90842  -38.164  6.183  5.866 0.0000000000
93392  -37.218  10.004  6.174 0.0000000000
92585  -36.702  9.262  5.447 0.0000000000
82752  -41.820  -2.590  11.017 0.0000000000
82740  -41.188  -2.602  11.599 0.0000000000
84557  -41.159  -0.917  11.675 0.0000000000
85456  -41.592  -0.138  11.859 0.0000000000
85447  -41.639  0.072  12.754 0.0000000000
91590  -50.135  8.296  23.547 0.0000000000
91589  -49.148  8.600  22.967 0.0000000000
92468  -46.710  8.844  21.650 0.0000000000
91603  -47.401  8.198  21.736 0.0000000000
91617  -46.842  7.858  21.150 0.0000000000
90640  -46.807  7.392  20.666 0.0000000000
91616  -46.231  8.099  20.601 0.0000000000
94005  -44.992  10.452  19.454 0.0000000000
93308  -44.747  9.630  19.528 0.0000000000
82833  -51.718  -2.375  4.589 0.0000000000
83734  -52.078  -1.345  4.380 0.0000000000
80886  -42.306  -4.536  22.699 0.0000000000
80887  -42.749  -4.574  22.304 0.0000000000
80857  -43.413  -4.230  23.663 0.0000000000
77609  -48.161  -8.626  13.426 0.0000000000
76807  -47.100  -8.904  12.912 0.0000000000
77606  -44.695  -8.932  12.943 0.0000000000
77585  -37.994  -8.410  15.739 0.0000000000
78387  -38.394  -7.451  15.360 0.0000000000
79211  -36.995  -6.736  16.129 0.0000000000
78385  -36.777  -7.069  16.322 0.0000000000
79191  -36.581  -6.505  17.672 0.0000000000
85497  -47.100  0.708  7.525 0.0000000000
86356  -46.689  1.635  7.331 0.0000000000
87218  -47.792  1.899  6.633 0.0000000000
86369  -49.056  1.937  6.154 0.0000000000
86359  -49.654  1.252  6.561 0.0000000000
86371  -50.951  1.849  5.951 0.0000000000
87228  -49.273  2.781  5.848 0.0000000000
88091  -49.721  3.798  5.568 0.0000000000
88939  -50.238  4.968  5.493 0.0000000000
85423  -45.679  0.138  17.882 0.0000000000
85422  -45.287  0.565  17.509 0.0000000000
86284  -46.119  0.515  18.255 0.0000000000
87152  -46.494  2.571  17.732 0.0000000000
87151  -45.880  2.166  17.662 0.0000000000
88015  -46.469  3.269  17.017 0.0000000000
88021  -46.186  3.561  16.259 0.0000000000
88016  -47.223  3.601  17.348 0.0000000000
90718  -51.209  6.621  15.324 0.0000000000
90719  -51.634  6.350  15.041 0.0000000000
91662  -51.470  7.051  14.009 0.0000000000
91695  -51.576  7.291  12.283 0.0000000000
91708  -51.698  7.381  11.210 0.0000000000
91720  -51.865  7.773  10.208 0.0000000000
91719  -51.277  8.110  10.369 0.0000000000
91739  -49.345  7.967  9.086 0.0000000000
91750  -49.173  8.101  8.114 0.0000000000
91759  -49.482  8.154  7.253 0.0000000000
90832  -48.905  7.794  7.508 0.0000000000
90818  -46.801  6.766  8.596 0.0000000000
90829  -45.831  5.979  7.362 0.0000000000
90817  -45.487  6.179  8.228 0.0000000000
90738  -40.417  6.845  13.767 0.0000000000
90755  -39.677  6.408  12.596 0.0000000000
90771  -38.333  6.225  11.027 0.0000000000
90786  -38.078  6.199  10.039 0.0000000000
89822  -38.468  5.941  9.275 0.0000000000
90800  -37.968  6.430  9.231 0.0000000000
90815  -37.722  6.581  8.729 0.0000000000
90799  -37.577  6.921  9.129 0.0000000000
93367  -37.760  9.324  9.687 0.0000000000
94092  -38.013  10.347  8.081 0.0000000000
81858  -46.621  -3.571  10.267 0.0000000000
82770  -45.302  -2.540  9.736 0.0000000000
83667  -44.639  -1.352  9.153 0.0000000000
83653  -42.061  -1.720  10.665 0.0000000000
83654  -42.816  -1.688  10.105 0.0000000000
84578  -44.388  -0.268  8.854 0.0000000000
85484  -44.549  0.655  8.603 0.0000000000
85485  -45.493  0.709  8.065 0.0000000000
87207  -44.534  2.387  9.056 0.0000000000
88071  -44.923  3.084  8.943 0.0000000000
88072  -45.449  3.290  8.461 0.0000000000
88063  -45.366  3.738  9.399 0.0000000000
87978  -50.158  3.188  20.900 0.0000000000
88805  -52.076  5.455  21.267 0.0000000000
89704  -52.189  5.600  20.102 0.0000000000
89722  -51.844  5.365  19.329 0.0000000000
89723  -52.409  6.290  19.322 0.0000000000
90628  -50.634  7.156  21.908 0.0000000000
90680  -50.319  6.972  18.379 0.0000000000
90669  -51.312  7.213  19.185 0.0000000000
90681  -51.189  7.083  18.169 0.0000000000
90682  -51.689  6.730  18.024 0.0000000000
90692  -51.084  6.767  17.267 0.0000000000
90705  -51.088  6.570  16.296 0.0000000000
90716  -49.511  6.777  15.497 0.0000000000
90729  -48.661  6.964  14.592 0.0000000000
91659  -49.056  7.179  13.882 0.0000000000
91658  -48.007  7.350  13.847 0.0000000000
91657  -47.306  7.265  13.657 0.0000000000
90728  -47.329  6.994  14.320 0.0000000000
90727  -46.118  6.649  14.474 0.0000000000
90726  -44.897  6.467  14.595 0.0000000000
90741  -44.124  6.503  13.595 0.0000000000
90687  -45.449  6.293  17.812 0.0000000000
90686  -44.274  6.570  17.883 0.0000000000
91648  -42.270  7.785  17.034 0.0000000000
90698  -43.151  6.660  16.787 0.0000000000
90710  -42.201  6.654  15.664 0.0000000000
90723  -41.413  6.721  14.740 0.0000000000
90709  -41.268  7.362  15.546 0.0000000000
93328  -40.942  9.801  15.332 0.0000000000
92516  -40.567  8.793  15.406 0.0000000000
93338  -40.329  9.587  14.760 0.0000000000
94046  -40.771  10.669  14.265 0.0000000000
86395  -50.379  1.071  3.939 0.0000000000
86405  -49.815  1.868  3.772 0.0000000000
81811  -40.541  -3.196  16.318 0.0000000000
82709  -41.381  -2.725  16.036 0.0000000000
81812  -41.607  -3.150  16.689 0.0000000000
81806  -42.956  -3.368  17.504 0.0000000000
81813  -42.528  -3.122  16.797 0.0000000000
81814  -43.249  -2.987  16.957 0.0000000000
82712  -43.718  -2.328  16.841 0.0000000000
81807  -43.789  -3.069  17.639 0.0000000000
80895  -44.953  -3.878  20.586 0.0000000000
81793  -45.414  -3.240  19.764 0.0000000000
82697  -45.389  -2.675  18.970 0.0000000000
82703  -44.951  -2.392  18.081 0.0000000000
82704  -45.538  -2.231  18.613 0.0000000000
83614  -45.625  -1.621  18.206 0.0000000000
83610  -45.835  -1.957  18.740 0.0000000000
83586  -47.682  -1.090  20.637 0.0000000000
84502  -47.612  -0.966  19.718 0.0000000000
84503  -48.070  -0.633  20.177 0.0000000000
84504  -48.416  -0.235  20.762 0.0000000000
87117  -44.856  2.313  20.465 0.0000000000
86258  -45.097  1.389  20.423 0.0000000000
86248  -47.340  1.472  21.642 0.0000000000
86249  -48.060  1.414  21.834 0.0000000000
85389  -48.379  0.576  21.658 0.0000000000
87107  -48.481  2.313  22.062 0.0000000000
87108  -49.240  2.466  21.872 0.0000000000
89691  -47.561  5.103  22.885 0.0000000000
89677  -48.198  5.708  23.374 0.0000000000
88789  -48.959  5.352  23.337 0.0000000000
89669  -48.764  6.306  23.841 0.0000000000
81835  -51.210  -3.681  12.728 0.0000000000
81828  -50.447  -3.921  13.347 0.0000000000
81834  -50.663  -3.499  12.957 0.0000000000
81833  -49.901  -3.533  12.927 0.0000000000
79223  -50.800  -5.991  14.557 0.0000000000
79236  -50.457  -5.504  14.283 0.0000000000
80079  -50.845  -5.050  14.408 0.0000000000
80090  -49.603  -5.117  13.539 0.0000000000
80101  -48.460  -5.129  12.475 0.0000000000
80967  -48.417  -4.122  11.896 0.0000000000
80118  -46.031  -5.462  11.253 0.0000000000
80963  -44.707  -4.779  11.025 0.0000000000
78444  -45.896  -6.999  11.677 0.0000000000
79259  -43.085  -6.006  11.886 0.0000000000
79260  -43.763  -6.191  11.813 0.0000000000
80115  -43.385  -5.420  11.545 0.0000000000
80960  -42.043  -4.342  11.282 0.0000000000
80113  -41.909  -4.919  11.822 0.0000000000
74965  -44.457  -11.562  19.404 0.0000000000
74966  -45.289  -11.286  19.206 0.0000000000
74990  -41.873  -12.108  17.246 0.0000000000
74993  -44.705  -11.320  17.594 0.0000000000
74977  -45.458  -11.111  18.322 0.0000000000
74994  -45.314  -11.122  17.524 0.0000000000
75869  -45.666  -11.000  17.877 0.0000000000
75009  -45.372  -11.067  17.091 0.0000000000
75899  -45.530  -10.953  16.567 0.0000000000
75916  -45.680  -10.673  15.491 0.0000000000
75929  -45.826  -10.204  14.422 0.0000000000
75928  -44.891  -10.482  14.647 0.0000000000
76785  -42.598  -9.841  14.313 0.0000000000
77603  -42.055  -8.302  13.734 0.0000000000
80932  -39.315  -4.547  14.429 0.0000000000
80087  -39.571  -5.377  13.896 0.0000000000
81825  -39.791  -3.882  14.168 0.0000000000
80914  -39.453  -4.243  17.403 0.0000000000
80912  -37.622  -5.302  17.378 0.0000000000
80054  -38.109  -5.322  18.370 0.0000000000
80044  -39.519  -5.636  19.838 0.0000000000
80045  -40.365  -5.546  20.261 0.0000000000
80039  -41.399  -5.191  21.433 0.0000000000
81017  -51.421  -4.008  8.114 0.0000000000
81880  -52.524  -2.774  7.994 0.0000000000
82757  -47.896  -2.683  10.600 0.0000000000
83685  -48.257  -1.503  8.849 0.0000000000
85498  -48.226  0.212  7.448 0.0000000000
85488  -47.993  -0.429  7.899 0.0000000000
84605  -51.459  -0.268  7.633 0.0000000000
83689  -52.374  -1.343  8.647 0.0000000000
83697  -53.482  -1.069  7.544 0.0000000000
82807  -53.089  -2.196  6.720 0.0000000000
82821  -52.725  -1.762  5.737 0.0000000000
83722  -53.560  -1.177  5.947 0.0000000000
85514  -54.237  0.504  6.059 0.0000000000
84618  -54.254  -0.080  5.642 0.0000000000
84631  -54.282  0.035  4.775 0.0000000000
84645  -53.883  -0.095  4.292 0.0000000000
85540  -54.322  0.737  4.454 0.0000000000
87231  -52.814  2.654  5.596 0.0000000000
88115  -54.129  3.692  4.294 0.0000000000
88108  -54.442  3.048  4.739 0.0000000000
88116  -54.573  3.040  3.958 0.0000000000
86410  -54.267  2.133  3.635 0.0000000000
87268  -54.111  2.643  3.484 0.0000000000
86408  -52.799  1.914  3.548 0.0000000000
87275  -53.632  3.121  3.427 0.0000000000
88994  -52.529  4.502  3.318 0.0000000000
88137  -52.151  3.914  3.274 0.0000000000
88136  -51.547  4.246  3.149 0.0000000000
88978  -51.207  4.957  3.002 0.0000000000
83622  -41.638  -1.870  14.891 0.0000000000
83623  -42.171  -1.503  14.944 0.0000000000
84535  -42.943  -0.027  14.699 0.0000000000
84534  -42.272  -0.438  14.482 0.0000000000
85434  -42.791  0.292  14.323 0.0000000000
86302  -42.514  0.952  13.105 0.0000000000
86294  -44.663  1.404  16.819 0.0000000000
86298  -44.116  1.672  15.924 0.0000000000
88027  -44.354  3.283  13.887 0.0000000000
87166  -43.836  2.717  14.208 0.0000000000
88026  -43.883  2.989  13.299 0.0000000000
88038  -43.610  2.773  12.871 0.0000000000
88895  -45.729  4.441  11.180 0.0000000000
88903  -45.827  4.361  10.119 0.0000000000
88006  -49.442  3.444  19.076 0.0000000000
88005  -48.747  3.058  18.764 0.0000000000
88841  -49.441  4.120  18.390 0.0000000000
89755  -51.412  5.708  14.426 0.0000000000
89747  -50.925  5.354  14.821 0.0000000000
89754  -50.671  5.478  14.229 0.0000000000
89775  -49.630  5.639  12.276 0.0000000000
88872  -47.847  5.333  12.742 0.0000000000
89774  -48.544  5.638  12.043 0.0000000000
89812  -49.181  5.836  10.406 0.0000000000
89811  -48.116  5.585  10.196 0.0000000000
89830  -47.655  5.486  9.324 0.0000000000
89851  -48.090  5.582  8.518 0.0000000000
90846  -49.886  6.429  6.968 0.0000000000
92569  -51.358  7.972  8.909 0.0000000000
91741  -51.080  7.686  8.409 0.0000000000
92568  -51.234  8.039  8.380 0.0000000000
92589  -51.838  7.980  6.355 0.0000000000
91772  -52.137  8.065  5.236 0.0000000000
90862  -52.200  7.187  5.324 0.0000000000
91791  -51.970  7.606  3.998 0.0000000000
90902  -50.114  6.829  3.703 0.0000000000
88977  -50.094  5.049  2.995 0.0000000000
88976  -48.761  5.110  3.077 0.0000000000
90843  -47.127  6.454  5.671 0.0000000000
90859  -47.180  6.497  4.559 0.0000000000
89906  -46.504  6.247  4.945 0.0000000000
90876  -45.002  6.959  3.195 0.0000000000
90877  -45.843  6.811  3.360 0.0000000000
90777  -45.969  7.310  11.983 0.0000000000
90776  -45.154  6.870  11.647 0.0000000000
90787  -43.957  6.354  10.288 0.0000000000
90801  -43.749  6.214  9.791 0.0000000000
89828  -43.889  5.966  9.073 0.0000000000
89788  -41.093  5.562  11.303 0.0000000000
89825  -41.161  5.436  9.413 0.0000000000
89863  -41.164  5.554  7.408 0.0000000000
89845  -41.695  5.469  8.431 0.0000000000
89864  -42.192  5.388  7.390 0.0000000000
89901  -42.137  5.647  5.106 0.0000000000
89900  -41.134  5.710  5.134 0.0000000000
90871  -39.762  6.636  3.470 0.0000000000
90910  -39.984  7.241  0.952 0.0000000000
90909  -39.240  6.965  1.416 0.0000000000
90908  -38.839  6.883  1.560 0.0000000000
90869  -37.798  7.823  2.491 0.0000000000
90891  -38.478  7.165  1.885 0.0000000000
90890  -37.450  7.389  2.020 0.0000000000
91789  -36.977  7.775  2.098 0.0000000000
90827  -36.723  7.027  6.431 0.0000000000
90840  -36.953  7.515  5.307 0.0000000000
92594  -36.322  8.800  4.468 0.0000000000
92601  -36.441  8.561  3.516 0.0000000000
92600  -36.170  8.396  3.293 0.0000000000
91776  -35.657  8.113  3.699 0.0000000000
94821  -40.330  11.613  9.353 0.0000000000
94820  -39.862  11.144  9.332 0.0000000000
94828  -40.412  11.653  8.543 0.0000000000
94836  -39.457  11.474  7.534 0.0000000000
94101  -38.571  10.908  7.406 0.0000000000
83633  -40.693  -1.837  12.716 0.0000000000
84537  -40.956  -1.150  13.524 0.0000000000
92450  -47.979  9.018  22.556 0.0000000000
92449  -47.177  9.114  22.272 0.0000000000
92482  -45.889  8.730  20.560 0.0000000000
93290  -46.123  9.657  21.009 0.0000000000
94001  -45.827  10.548  20.279 0.0000000000
94006  -45.459  10.863  19.416 0.0000000000
82834  -52.262  -1.792  4.883 0.0000000000
81764  -41.959  -3.128  24.222 0.0000000000
81751  -42.966  -4.003  24.345 0.0000000000
76791  -49.281  -9.064  14.712 0.0000000000
76789  -48.024  -9.447  13.972 0.0000000000
76801  -47.606  -9.153  13.442 0.0000000000
75939  -47.246  -9.751  13.751 0.0000000000
76788  -46.222  -9.913  13.974 0.0000000000
76787  -45.860  -9.774  13.860 0.0000000000
78380  -36.905  -8.073  16.260 0.0000000000
82733  -49.116  -2.686  12.341 0.0000000000
82743  -49.551  -2.380  11.988 0.0000000000
82759  -49.405  -2.251  11.180 0.0000000000
87216  -46.265  2.511  7.455 0.0000000000
87226  -47.566  3.088  6.547 0.0000000000
88937  -48.489  4.396  6.468 0.0000000000
85405  -47.564  0.270  18.806 0.0000000000
86285  -46.898  0.877  18.567 0.0000000000
87145  -47.228  2.267  18.319 0.0000000000
88003  -47.454  2.953  18.092 0.0000000000
91660  -50.133  7.297  13.947 0.0000000000
91661  -51.050  7.285  13.986 0.0000000000
91677  -50.516  7.535  13.225 0.0000000000
91718  -50.259  7.998  10.619 0.0000000000
91727  -49.362  7.924  9.981 0.0000000000
91738  -48.547  7.660  9.481 0.0000000000
90805  -47.825  7.416  9.906 0.0000000000
90804  -46.973  6.997  9.766 0.0000000000
91670  -39.392  7.636  13.575 0.0000000000
91688  -39.352  7.108  13.046 0.0000000000
91687  -38.762  7.513  12.639 0.0000000000
91701  -37.879  7.403  11.343 0.0000000000
91713  -37.502  7.379  9.886 0.0000000000
92543  -37.781  8.669  10.699 0.0000000000
92550  -37.751  9.031  10.057 0.0000000000
93368  -38.051  9.575  10.079 0.0000000000
82755  -44.455  -2.820  10.123 0.0000000000
85474  -42.470  -0.243  10.100 0.0000000000
86339  -43.453  1.367  9.714 0.0000000000
87200  -43.897  2.374  9.931 0.0000000000
88803  -50.789  4.502  22.534 0.0000000000
87965  -50.802  4.136  21.996 0.0000000000
88793  -51.841  5.590  22.009 0.0000000000
89692  -52.118  6.209  21.576 0.0000000000
90642  -49.225  6.850  21.016 0.0000000000
90690  -49.255  6.615  17.466 0.0000000000
90714  -47.092  6.661  15.482 0.0000000000
91641  -43.859  8.077  18.502 0.0000000000
90685  -43.568  7.217  17.894 0.0000000000
91645  -43.274  7.985  18.025 0.0000000000
91644  -42.734  8.142  17.558 0.0000000000
90696  -41.478  7.620  16.049 0.0000000000
92514  -41.807  8.729  16.717 0.0000000000
93324  -41.669  9.684  16.220 0.0000000000
94034  -41.681  10.362  15.484 0.0000000000
81798  -42.547  -3.737  18.171 0.0000000000
81786  -45.261  -3.595  22.098 0.0000000000
80896  -45.432  -3.598  21.104 0.0000000000
81789  -45.748  -3.153  21.500 0.0000000000
81794  -46.095  -3.001  20.670 0.0000000000
82693  -46.163  -2.746  19.896 0.0000000000
82699  -46.564  -2.195  19.739 0.0000000000
82694  -46.762  -2.376  20.724 0.0000000000
83585  -47.227  -1.514  21.264 0.0000000000
87977  -45.247  3.072  21.089 0.0000000000
87118  -46.161  2.301  21.238 0.0000000000
87105  -46.520  2.904  21.576 0.0000000000
87961  -46.863  3.522  21.770 0.0000000000
87962  -47.962  3.427  22.114 0.0000000000
80100  -47.718  -5.564  11.983 0.0000000000
79263  -46.391  -6.220  11.546 0.0000000000
79262  -45.504  -6.261  11.432 0.0000000000
78420  -44.526  -7.601  12.227 0.0000000000
78441  -43.611  -6.788  12.070 0.0000000000
79247  -43.278  -6.566  12.111 0.0000000000
80099  -42.107  -5.860  12.231 0.0000000000
75008  -44.877  -11.171  16.784 0.0000000000
75021  -44.260  -11.234  16.102 0.0000000000
75927  -43.851  -10.467  14.584 0.0000000000
80078  -39.057  -5.507  14.487 0.0000000000
80931  -38.765  -4.862  14.907 0.0000000000
82785  -52.502  -2.109  8.758 0.0000000000
83669  -46.849  -1.993  9.140 0.0000000000
84594  -52.800  -0.681  8.029 0.0000000000
84606  -52.486  -0.130  7.745 0.0000000000
84607  -53.195  -0.117  7.566 0.0000000000
84608  -53.767  -0.353  7.067 0.0000000000
84617  -54.017  -0.642  6.174 0.0000000000
85504  -53.920  0.373  6.647 0.0000000000
86361  -53.744  0.785  6.604 0.0000000000
87239  -52.021  3.608  5.010 0.0000000000
87241  -53.355  3.386  5.417 0.0000000000
88106  -53.179  4.191  5.070 0.0000000000
88979  -53.681  4.283  3.927 0.0000000000
88996  -53.411  4.169  3.704 0.0000000000
89928  -53.500  5.069  3.882 0.0000000000
89944  -53.073  5.386  3.502 0.0000000000
89961  -52.484  5.236  3.244 0.0000000000
83624  -43.067  -1.561  15.377 0.0000000000
84530  -43.355  -0.513  15.314 0.0000000000
85435  -43.260  0.589  14.730 0.0000000000
88019  -44.966  3.209  15.715 0.0000000000
87160  -44.331  2.697  15.545 0.0000000000
88023  -44.601  3.340  14.957 0.0000000000
88869  -44.703  3.750  13.232 0.0000000000
88882  -44.882  4.008  12.596 0.0000000000
88883  -45.804  4.502  12.383 0.0000000000
88884  -46.931  5.137  11.858 0.0000000000
88852  -49.828  4.874  15.966 0.0000000000
89777  -51.408  6.091  12.631 0.0000000000
89760  -50.683  5.589  13.322 0.0000000000
89776  -50.551  5.743  12.463 0.0000000000
89794  -49.441  5.804  11.350 0.0000000000
89852  -49.205  6.067  8.428 0.0000000000
90820  -50.255  6.720  8.731 0.0000000000
90834  -50.617  7.350  8.015 0.0000000000
92578  -51.386  8.212  7.173 0.0000000000
92587  -51.103  8.501  6.538 0.0000000000
92595  -51.102  8.364  5.919 0.0000000000
91781  -51.464  8.013  4.504 0.0000000000
90882  -51.396  7.706  4.057 0.0000000000
90901  -48.667  6.609  3.559 0.0000000000
89905  -45.784  5.933  5.029 0.0000000000
90759  -44.574  6.595  12.558 0.0000000000
89791  -43.581  6.251  10.684 0.0000000000
89809  -43.386  6.143  10.217 0.0000000000
89824  -40.132  5.391  9.398 0.0000000000
89862  -40.184  5.687  7.422 0.0000000000
89881  -40.642  5.655  6.304 0.0000000000
89899  -40.076  5.896  5.055 0.0000000000
91748  -37.099  8.664  6.572 0.0000000000
92575  -36.973  8.765  5.874 0.0000000000
93396  -35.920  9.383  4.851 0.0000000000
93390  -36.069  9.626  5.157 0.0000000000
83642  -40.931  -1.805  11.960 0.0000000000
84568  -41.641  -0.872  10.922 0.0000000000
86321  -42.497  1.202  11.594 0.0000000000
90612  -50.288  7.997  22.992 0.0000000000
90627  -49.473  7.524  22.222 0.0000000000
91604  -48.393  8.156  22.220 0.0000000000
90626  -48.319  7.600  21.811 0.0000000000
90666  -47.815  6.574  19.959 0.0000000000
90677  -46.570  6.442  18.848 0.0000000000
90664  -45.171  7.443  19.346 0.0000000000
90663  -44.665  7.703  19.104 0.0000000000
92500  -45.165  8.719  19.809 0.0000000000
91636  -44.901  8.072  19.435 0.0000000000
91642  -44.377  8.091  18.946 0.0000000000
92507  -44.135  8.811  18.649 0.0000000000
93317  -43.888  9.765  18.342 0.0000000000
94019  -43.687  10.581  17.509 0.0000000000
80893  -42.469  -4.818  21.099 0.0000000000
80888  -43.647  -4.452  21.915 0.0000000000
80875  -44.395  -4.218  22.614 0.0000000000
81767  -43.806  -4.039  23.616 0.0000000000
81777  -44.236  -3.835  23.224 0.0000000000
81778  -44.840  -3.779  22.526 0.0000000000
77622  -48.432  -7.661  13.133 0.0000000000
77620  -46.785  -8.330  12.560 0.0000000000
77619  -45.907  -8.257  12.542 0.0000000000
77608  -46.265  -8.770  12.858 0.0000000000
77618  -45.056  -8.306  12.511 0.0000000000
77617  -44.255  -8.198  12.660 0.0000000000
78407  -43.103  -8.097  13.130 0.0000000000
74074  -41.619  -12.398  18.019 0.0000000000
74988  -40.000  -12.208  17.058 0.0000000000
75003  -40.173  -11.583  16.414 0.0000000000
75004  -41.113  -11.584  16.255 0.0000000000
80068  -37.508  -5.654  16.266 0.0000000000
79202  -37.130  -6.185  16.340 0.0000000000
80052  -36.941  -5.938  17.545 0.0000000000
85486  -46.451  0.125  7.724 0.0000000000
86360  -50.394  1.359  6.396 0.0000000000
87230  -51.640  2.937  5.247 0.0000000000
88093  -51.648  3.829  4.987 0.0000000000
88104  -51.597  4.461  5.012 0.0000000000
89907  -51.723  5.847  5.136 0.0000000000
84526  -44.662  -0.477  16.954 0.0000000000
85428  -45.221  0.050  17.306 0.0000000000
85427  -44.870  0.524  17.044 0.0000000000
86290  -45.741  1.143  17.927 0.0000000000
87150  -45.214  1.885  17.325 0.0000000000
88014  -45.666  3.150  16.484 0.0000000000
88857  -46.491  4.034  15.644 0.0000000000
89749  -51.708  5.906  15.635 0.0000000000
89756  -51.858  6.011  14.726 0.0000000000
89762  -51.791  6.197  13.856 0.0000000000
91678  -51.414  7.247  13.326 0.0000000000
90745  -51.845  6.801  13.164 0.0000000000
89778  -51.763  6.341  13.102 0.0000000000
90762  -51.624  6.532  11.880 0.0000000000
90779  -51.835  6.872  11.462 0.0000000000
90807  -51.306  6.754  9.736 0.0000000000
90808  -51.658  7.194  10.075 0.0000000000
92552  -51.732  8.031  9.602 0.0000000000
92559  -51.290  8.163  9.184 0.0000000000
92558  -50.715  8.303  9.119 0.0000000000
92567  -50.696  8.302  8.445 0.0000000000
91751  -50.062  8.532  7.816 0.0000000000
90844  -47.982  6.964  6.377 0.0000000000
89868  -45.912  5.852  6.760 0.0000000000
89867  -45.189  5.666  7.164 0.0000000000
89866  -44.209  5.568  7.267 0.0000000000
90739  -41.753  6.440  13.706 0.0000000000
89770  -40.641  5.746  12.116 0.0000000000
90772  -39.106  6.050  11.629 0.0000000000
89786  -39.105  5.737  10.940 0.0000000000
89805  -39.590  5.483  10.296 0.0000000000
89823  -39.198  5.537  9.353 0.0000000000
89842  -38.786  5.654  8.380 0.0000000000
89860  -38.379  5.818  7.366 0.0000000000
89878  -38.056  6.063  6.531 0.0000000000
89840  -37.455  6.341  7.728 0.0000000000
90813  -36.745  7.066  7.272 0.0000000000
91725  -37.348  7.727  8.801 0.0000000000
91737  -37.028  7.956  7.466 0.0000000000
92566  -37.267  9.116  7.192 0.0000000000
93386  -37.482  9.936  6.807 0.0000000000
81859  -47.541  -3.332  10.723 0.0000000000
81869  -47.078  -3.134  9.922 0.0000000000
82771  -46.471  -2.598  9.486 0.0000000000
82768  -43.677  -1.981  9.789 0.0000000000
83666  -43.671  -1.439  9.610 0.0000000000
84576  -42.913  -0.838  9.724 0.0000000000
83681  -44.867  -0.712  8.776 0.0000000000
86348  -45.391  1.715  7.984 0.0000000000
87215  -45.585  2.505  7.877 0.0000000000
88073  -46.030  3.837  8.232 0.0000000000
87132  -48.872  2.187  19.522 0.0000000000
87121  -49.527  2.423  20.404 0.0000000000
87990  -49.839  3.369  19.795 0.0000000000
87979  -50.829  3.979  21.331 0.0000000000
88830  -50.612  4.519  19.234 0.0000000000
89731  -51.433  5.347  18.282 0.0000000000
89736  -51.880  5.833  17.653 0.0000000000
90614  -51.409  6.785  22.392 0.0000000000
90615  -51.780  6.620  21.785 0.0000000000
90630  -51.981  6.819  20.974 0.0000000000
90644  -51.349  7.148  20.299 0.0000000000
90645  -52.097  7.001  19.897 0.0000000000
89724  -52.272  6.610  18.785 0.0000000000
90683  -52.020  6.366  18.023 0.0000000000
90717  -50.491  6.769  15.470 0.0000000000
91675  -48.385  7.437  13.201 0.0000000000
91691  -47.763  7.528  12.590 0.0000000000
91703  -47.153  7.462  12.081 0.0000000000
91690  -47.047  7.398  12.703 0.0000000000
91689  -46.597  7.326  12.799 0.0000000000
90761  -46.199  7.275  12.712 0.0000000000
90740  -42.956  6.311  13.631 0.0000000000
89739  -43.748  6.060  16.447 0.0000000000
89746  -43.761  5.850  16.069 0.0000000000
91671  -39.956  7.488  14.373 0.0000000000
91651  -40.762  7.981  15.518 0.0000000000
91656  -40.188  7.951  15.006 0.0000000000
91655  -39.584  8.074  14.371 0.0000000000
92521  -39.120  8.718  13.833 0.0000000000
93336  -39.142  9.468  13.477 0.0000000000
93348  -39.248  10.098  13.104 0.0000000000
81819  -40.203  -3.040  15.253 0.0000000000
82719  -41.756  -2.257  15.414 0.0000000000
82721  -43.257  -2.107  15.994 0.0000000000
80910  -43.653  -3.565  18.868 0.0000000000
80903  -44.796  -3.584  19.807 0.0000000000
81792  -44.645  -3.352  19.325 0.0000000000
81800  -44.120  -3.293  18.647 0.0000000000
81808  -44.406  -2.875  18.123 0.0000000000
82713  -44.388  -2.099  17.353 0.0000000000
84519  -45.271  -0.962  17.657 0.0000000000
84520  -45.969  -0.744  18.084 0.0000000000
84515  -46.689  -0.600  18.395 0.0000000000
83611  -46.397  -1.633  18.932 0.0000000000
84516  -47.201  -0.903  18.959 0.0000000000
85419  -47.142  -0.144  18.536 0.0000000000
85420  -47.635  -0.300  18.926 0.0000000000
85406  -48.187  -0.019  19.351 0.0000000000
84490  -46.007  -0.633  20.906 0.0000000000
85395  -47.392  0.144  21.462 0.0000000000
86260  -46.833  1.145  21.314 0.0000000000
85396  -47.984  0.134  21.646 0.0000000000
84485  -48.504  0.249  21.448 0.0000000000
85390  -48.809  0.482  21.361 0.0000000000
86261  -49.270  0.875  20.949 0.0000000000
86251  -49.291  1.980  21.536 0.0000000000
88802  -49.884  4.335  22.848 0.0000000000
88790  -49.709  5.280  23.368 0.0000000000
90602  -48.598  7.021  24.233 0.0000000000
82735  -50.452  -3.062  12.588 0.0000000000
82734  -49.755  -2.828  12.472 0.0000000000
80949  -49.639  -4.257  13.195 0.0000000000
80102  -49.166  -4.772  12.985 0.0000000000
80984  -46.091  -4.106  10.600 0.0000000000
80983  -45.175  -4.074  10.714 0.0000000000
80982  -44.300  -4.107  10.714 0.0000000000
80981  -43.456  -4.060  10.823 0.0000000000
79261  -44.610  -6.237  11.555 0.0000000000
80980  -42.675  -3.989  10.951 0.0000000000
80979  -42.284  -3.989  10.921 0.0000000000
81840  -41.496  -3.450  11.263 0.0000000000
81839  -40.882  -3.462  11.838 0.0000000000
81831  -40.486  -3.505  12.617 0.0000000000
81823  -40.170  -3.193  14.393 0.0000000000
75902  -48.133  -10.198  16.170 0.0000000000
74957  -45.996  -11.122  19.847 0.0000000000
75849  -46.463  -10.674  19.500 0.0000000000
74075  -42.336  -12.229  18.123 0.0000000000
74976  -44.584  -11.426  18.468 0.0000000000
74978  -45.945  -10.886  18.626 0.0000000000
75858  -46.258  -10.743  18.875 0.0000000000
75871  -47.055  -10.521  18.093 0.0000000000
75882  -46.378  -10.779  17.322 0.0000000000
75901  -47.385  -10.476  16.167 0.0000000000
75936  -44.277  -10.101  14.032 0.0000000000
76798  -44.383  -9.512  13.524 0.0000000000
78406  -42.507  -7.775  13.244 0.0000000000
76784  -41.523  -9.376  14.519 0.0000000000
76795  -41.804  -8.790  14.030 0.0000000000
77597  -41.437  -8.315  14.063 0.0000000000
81810  -39.746  -3.735  16.572 0.0000000000
80917  -37.721  -5.124  16.863 0.0000000000
80913  -38.261  -4.933  17.736 0.0000000000
80899  -40.113  -5.103  19.440 0.0000000000
80892  -41.610  -5.205  20.768 0.0000000000
80033  -41.602  -4.749  22.415 0.0000000000
80872  -42.055  -4.400  23.237 0.0000000000
80032  -40.579  -5.292  22.020 0.0000000000
80871  -41.322  -4.411  23.513 0.0000000000
80855  -41.952  -4.097  23.946 0.0000000000
81029  -51.511  -4.075  7.056 0.0000000000
81903  -52.109  -3.408  6.510 0.0000000000
81904  -52.530  -2.657  6.132 0.0000000000
83672  -49.896  -1.882  10.217 0.0000000000
84590  -48.670  -0.831  8.174 0.0000000000
83687  -50.491  -1.269  9.245 0.0000000000
82786  -52.770  -1.524  8.333 0.0000000000
82796  -53.101  -1.593  7.976 0.0000000000
81913  -52.377  -2.481  5.552 0.0000000000
84629  -52.911  -0.632  5.119 0.0000000000
85538  -53.410  0.343  3.918 0.0000000000
86373  -53.111  1.775  6.226 0.0000000000
87233  -54.252  2.372  5.907 0.0000000000
88094  -54.153  3.004  5.732 0.0000000000
88095  -54.296  2.937  5.430 0.0000000000
86382  -54.459  1.513  4.817 0.0000000000
86397  -54.358  1.586  3.958 0.0000000000
85550  -53.741  0.977  3.775 0.0000000000
85549  -53.108  1.062  3.713 0.0000000000
86407  -51.857  1.971  3.455 0.0000000000
87274  -52.998  3.267  3.399 0.0000000000
87265  -51.282  2.840  3.367 0.0000000000
87264  -50.189  2.873  3.487 0.0000000000
83631  -41.065  -1.237  13.785 0.0000000000
84538  -41.349  -0.591  13.653 0.0000000000
84539  -41.921  -0.027  13.847 0.0000000000
85437  -41.869  0.160  13.392 0.0000000000
85448  -42.156  0.631  12.930 0.0000000000
86312  -42.531  1.236  12.516 0.0000000000
87184  -42.625  1.575  12.047 0.0000000000
85431  -43.757  0.604  15.592 0.0000000000
87159  -43.871  2.207  15.188 0.0000000000
87162  -43.562  2.255  14.552 0.0000000000
86300  -43.160  1.554  14.268 0.0000000000
87177  -43.075  2.163  12.661 0.0000000000
87185  -42.848  1.988  11.771 0.0000000000
88054  -43.790  3.031  11.117 0.0000000000
88055  -44.294  3.320  10.603 0.0000000000
88048  -44.933  3.858  11.123 0.0000000000
88910  -45.980  4.193  9.444 0.0000000000
88911  -46.361  4.387  8.935 0.0000000000
87147  -48.607  2.486  19.028 0.0000000000
88004  -47.950  2.888  18.303 0.0000000000
88010  -47.710  3.437  17.792 0.0000000000
88845  -48.396  4.071  17.517 0.0000000000
88844  -47.681  3.814  17.317 0.0000000000
88850  -47.383  4.065  16.641 0.0000000000
88853  -50.734  5.130  15.677 0.0000000000
88860  -50.185  5.210  15.005 0.0000000000
89753  -49.993  5.371  13.880 0.0000000000
88866  -49.476  5.134  14.379 0.0000000000
89792  -47.480  5.409  10.901 0.0000000000
89829  -46.845  5.049  9.203 0.0000000000
89869  -47.658  5.112  7.897 0.0000000000
89888  -48.818  5.242  6.681 0.0000000000
89890  -51.057  6.097  5.697 0.0000000000
92579  -51.652  8.008  6.755 0.0000000000
91753  -51.711  7.819  6.569 0.0000000000
91761  -51.601  7.488  6.544 0.0000000000
90848  -51.790  6.961  6.058 0.0000000000
89926  -52.893  6.587  4.106 0.0000000000
89943  -52.398  6.211  3.491 0.0000000000
90903  -51.485  7.192  3.760 0.0000000000
89924  -46.139  6.299  4.185 0.0000000000
90788  -44.884  6.593  10.492 0.0000000000
90816  -44.619  5.954  8.543 0.0000000000
89789  -42.174  5.823  11.339 0.0000000000
89808  -42.661  5.809  10.283 0.0000000000
89826  -42.219  5.625  9.394 0.0000000000
89865  -43.226  5.540  7.368 0.0000000000
89920  -42.636  6.353  4.061 0.0000000000
90873  -42.135  6.882  3.006 0.0000000000
90872  -41.061  6.868  3.085 0.0000000000
90894  -41.536  7.376  2.105 0.0000000000
90911  -40.829  7.172  1.491 0.0000000000
89934  -38.027  6.465  2.105 0.0000000000
90841  -37.432  6.476  5.853 0.0000000000
91768  -37.406  8.343  2.936 0.0000000000
91767  -36.880  8.334  3.781 0.0000000000
91777  -36.887  8.448  2.853 0.0000000000
92592  -35.424  8.586  5.081 0.0000000000
94765  -43.883  11.408  16.668 0.0000000000
94047  -41.665  10.896  14.775 0.0000000000
94782  -41.265  11.336  13.774 0.0000000000
94057  -40.365  10.963  13.262 0.0000000000
94065  -40.036  10.982  12.726 0.0000000000
94064  -39.455  10.792  12.146 0.0000000000
95522  -40.931  12.229  10.184 0.0000000000
94807  -39.848  11.307  11.034 0.0000000000
94071  -39.432  10.714  10.996 0.0000000000
94077  -39.383  10.657  10.168 0.0000000000
94084  -38.401  10.277  9.201 0.0000000000
94827  -39.781  11.246  8.484 0.0000000000
94094  -39.111  10.834  8.443 0.0000000000
94093  -38.587  10.561  8.268 0.0000000000
94100  -37.845  10.460  7.253 0.0000000000
75022  -44.721  -11.129  16.211 0.0000000000
75938  -45.515  -9.904  13.908 0.0000000000
75940  -47.628  -9.579  13.833 0.0000000000
76753  -47.881  -10.229  17.261 0.0000000000
79192  -36.966  -5.966  17.906 0.0000000000
79201  -36.765  -6.517  16.752 0.0000000000
80016  -40.882  -4.781  22.849 0.0000000000
80017  -41.465  -4.584  23.001 0.0000000000
80034  -42.184  -4.632  22.326 0.0000000000
80842  -41.764  -3.782  24.308 0.0000000000
80844  -43.073  -4.130  24.169 0.0000000000
80856  -42.714  -4.291  23.837 0.0000000000
80873  -42.853  -4.476  23.166 0.0000000000
80874  -43.583  -4.436  22.903 0.0000000000
80876  -44.985  -4.025  22.142 0.0000000000
80890  -45.232  -3.799  21.539 0.0000000000
81750  -42.505  -3.784  24.269 0.0000000000
81765  -42.571  -3.302  24.052 0.0000000000
81766  -43.369  -3.891  24.022 0.0000000000
81803  -40.192  -3.719  17.087 0.0000000000
82654  -44.806  -3.445  22.584 0.0000000000
82692  -45.712  -2.764  19.451 0.0000000000
83600  -47.667  -1.073  20.141 0.0000000000
83627  -41.306  -1.536  14.345 0.0000000000
83628  -41.836  -1.073  14.529 0.0000000000
83655  -43.367  -1.817  9.868 0.0000000000
84484  -48.279  0.063  21.482 0.0000000000
84493  -48.481  0.014  21.225 0.0000000000
84521  -46.542  -1.072  18.439 0.0000000000
84544  -40.737  -1.090  13.088 0.0000000000
84646  -54.234  0.230  4.275 0.0000000000
85397  -48.764  0.264  20.745 0.0000000000
85495  -45.742  1.297  7.784 0.0000000000
85512  -52.552  1.008  6.540 0.0000000000
86262  -49.414  1.711  21.108 0.0000000000
86271  -47.425  0.628  18.785 0.0000000000
86313  -42.779  1.668  12.711 0.0000000000
86362  -54.039  0.910  6.386 0.0000000000
86375  -54.312  1.406  5.793 0.0000000000
86396  -54.040  1.223  3.789 0.0000000000
87133  -49.372  2.711  19.774 0.0000000000
87156  -46.132  2.660  17.354 0.0000000000
87176  -42.745  1.754  12.337 0.0000000000
87242  -54.479  2.300  5.203 0.0000000000
87267  -53.343  2.611  3.425 0.0000000000
87269  -54.454  2.469  3.768 0.0000000000
87273  -52.523  3.486  3.403 0.0000000000
88011  -48.273  3.480  18.148 0.0000000000
88013  -45.259  3.155  16.153 0.0000000000
88020  -45.666  3.538  15.827 0.0000000000
88132  -54.381  2.897  3.660 0.0000000000
88138  -52.724  3.850  3.440 0.0000000000
88139  -53.315  3.669  3.548 0.0000000000
88818  -52.160  5.481  20.653 0.0000000000
88856  -45.814  3.853  15.363 0.0000000000
88861  -50.822  5.245  15.187 0.0000000000
88927  -47.672  4.497  7.192 0.0000000000
88928  -48.261  4.766  6.918 0.0000000000
88950  -52.031  5.188  4.967 0.0000000000
88993  -51.956  4.747  3.125 0.0000000000
89671  -50.287  6.931  24.419 0.0000000000
89733  -52.284  6.302  18.525 0.0000000000
89737  -52.183  6.078  18.080 0.0000000000
89740  -44.083  5.878  16.274 0.0000000000
89745  -43.437  6.106  16.254 0.0000000000
89772  -42.036  6.101  11.931 0.0000000000
89773  -47.817  5.508  11.604 0.0000000000
89849  -46.746  4.748  8.708 0.0000000000
89859  -37.675  6.136  7.166 0.0000000000
89945  -53.310  4.755  3.651 0.0000000000
89962  -52.951  4.828  3.409 0.0000000000
89963  -53.173  4.555  3.564 0.0000000000
90671  -52.096  6.633  18.449 0.0000000000
90674  -43.737  7.621  18.274 0.0000000000
90694  -51.973  6.143  17.769 0.0000000000
90708  -40.698  7.621  15.233 0.0000000000
90732  -51.382  6.842  14.517 0.0000000000
90744  -46.932  7.142  13.657 0.0000000000
90773  -42.308  6.138  11.882 0.0000000000
90778  -51.538  6.579  11.257 0.0000000000
90785  -37.715  6.695  9.791 0.0000000000
90822  -51.466  7.284  9.531 0.0000000000
90925  -40.544  7.090  0.886 0.0000000000
91618  -47.705  7.741  21.620 0.0000000000
91638  -46.365  7.661  20.455 0.0000000000
91647  -41.573  7.977  16.405 0.0000000000
91652  -41.167  7.985  15.910 0.0000000000
91669  -38.959  7.992  13.170 0.0000000000
91672  -46.462  7.250  13.046 0.0000000000
91673  -46.859  7.267  13.217 0.0000000000
91700  -37.605  7.327  10.594 0.0000000000
91714  -46.576  7.388  11.713 0.0000000000
91730  -51.666  7.717  9.642 0.0000000000
91736  -36.762  7.456  6.873 0.0000000000
91771  -51.227  8.205  5.375 0.0000000000
91790  -51.775  7.763  4.048 0.0000000000
92499  -44.594  8.770  19.210 0.0000000000
92512  -40.894  9.189  15.728 0.0000000000
92517  -40.911  8.373  15.733 0.0000000000
92520  -38.950  9.091  13.327 0.0000000000
92530  -39.044  8.235  13.400 0.0000000000
92542  -37.502  7.855  10.498 0.0000000000
92551  -51.605  8.201  9.805 0.0000000000
92560  -51.468  7.959  9.181 0.0000000000
92588  -51.612  8.195  6.444 0.0000000000
92597  -51.913  8.094  5.996 0.0000000000
92606  -36.371  8.223  2.823 0.0000000000
93301  -45.646  9.558  20.540 0.0000000000
93309  -45.288  9.324  20.105 0.0000000000
93323  -41.173  9.433  15.850 0.0000000000
93329  -41.354  9.807  15.732 0.0000000000
93356  -39.055  10.068  12.580 0.0000000000
93374  -37.964  9.740  9.512 0.0000000000
94000  -45.349  10.462  19.796 0.0000000000
94027  -43.269  10.880  16.578 0.0000000000
94045  -40.107  10.536  13.718 0.0000000000
94056  -39.760  10.570  13.196 0.0000000000
94063  -39.106  10.374  11.537 0.0000000000
94083  -38.175  10.255  8.642 0.0000000000
94733  -45.866  11.291  19.459 0.0000000000
94783  -41.651  11.401  14.141 0.0000000000
94808  -40.448  11.770  11.066 0.0000000000
95541  -40.693  11.972  8.729 0.0000000000
