#!ascii label  , from subject 3376 vox2ras=TkReg
1271
94722  -46.453  11.461  20.623 0.0000000000
105844  -40.093  26.606  3.353 0.0000000000
101347  -42.330  20.785  13.745 0.0000000000
100668  -50.171  19.868  6.892 0.0000000000
103600  -44.349  23.266  -1.889 0.0000000000
102791  -46.148  22.442  4.468 0.0000000000
99155  -46.682  17.291  1.404 0.0000000000
100626  -44.527  19.455  8.350 0.0000000000
89689  -45.743  5.367  21.876 0.0000000000
95339  -46.043  12.415  25.144 0.0000000000
109018  -40.767  31.419  9.954 0.0000000000
108438  -44.848  30.147  4.758 0.0000000000
107882  -47.034  28.899  -1.243 0.0000000000
98265  -46.275  16.115  15.734 0.0000000000
103467  -42.209  23.384  9.809 0.0000000000
102084  -48.615  22.099  11.000 0.0000000000
97605  -48.929  15.587  12.550 0.0000000000
96953  -46.360  14.256  9.131 0.0000000000
96970  -41.120  13.783  6.766 0.0000000000
94016  -45.143  10.879  19.014 0.0000000000
102218  -45.214  21.461  -4.336 0.0000000000
100777  -45.837  19.236  -1.471 0.0000000000
99982  -43.439  18.309  -1.559 0.0000000000
100737  -43.474  18.998  2.023 0.0000000000
92448  -45.797  8.613  23.439 0.0000000000
94672  -42.959  12.285  24.501 0.0000000000
108976  -38.427  31.975  12.434 0.0000000000
107834  -47.249  29.411  2.048 0.0000000000
96887  -43.496  14.724  16.454 0.0000000000
99020  -43.486  17.597  13.048 0.0000000000
105817  -38.566  26.777  6.299 0.0000000000
103516  -41.527  23.659  6.287 0.0000000000
102794  -49.049  22.256  4.363 0.0000000000
104306  -48.234  24.474  8.031 0.0000000000
102099  -49.859  21.147  8.824 0.0000000000
100589  -49.914  18.831  11.597 0.0000000000
99099  -51.156  16.811  9.138 0.0000000000
96933  -47.586  15.103  11.225 0.0000000000
99097  -49.074  16.568  8.895 0.0000000000
98338  -43.103  16.147  9.327 0.0000000000
104386  -41.544  24.734  0.943 0.0000000000
103547  -42.872  23.314  4.557 0.0000000000
102157  -43.232  21.573  1.580 0.0000000000
101493  -47.822  19.780  1.963 0.0000000000
100723  -49.168  19.455  3.633 0.0000000000
101409  -47.667  20.095  7.466 0.0000000000
100697  -45.749  19.327  4.354 0.0000000000
101443  -42.448  20.240  5.599 0.0000000000
89677  -48.198  5.708  23.374 0.0000000000
92421  -48.554  9.182  25.270 0.0000000000
95378  -47.527  12.723  23.282 0.0000000000
109000  -34.894  31.438  10.721 0.0000000000
108386  -37.150  30.748  8.389 0.0000000000
108417  -39.525  30.146  5.458 0.0000000000
107801  -41.411  29.229  2.938 0.0000000000
107193  -44.076  28.088  -0.029 0.0000000000
105184  -46.193  25.291  -2.151 0.0000000000
105937  -44.559  26.300  -4.577 0.0000000000
107901  -44.686  29.670  -2.973 0.0000000000
95418  -43.597  12.983  21.094 0.0000000000
96833  -46.454  14.415  20.180 0.0000000000
96844  -48.243  14.709  19.030 0.0000000000
104242  -43.583  25.337  13.104 0.0000000000
103501  -45.007  23.009  7.857 0.0000000000
105039  -46.565  25.874  11.447 0.0000000000
101356  -44.358  21.175  11.976 0.0000000000
99792  -47.069  18.356  12.324 0.0000000000
98281  -48.286  16.444  15.020 0.0000000000
96182  -47.741  13.362  16.946 0.0000000000
96185  -46.213  13.190  15.190 0.0000000000
95495  -43.636  13.008  13.564 0.0000000000
95516  -42.390  12.882  11.265 0.0000000000
99094  -46.169  16.950  8.988 0.0000000000
96984  -44.769  13.735  6.634 0.0000000000
94829  -40.792  12.008  8.335 0.0000000000
93983  -47.354  10.727  22.640 0.0000000000
93996  -46.220  10.239  21.064 0.0000000000
94721  -46.119  11.240  19.941 0.0000000000
102203  -43.688  21.347  -3.559 0.0000000000
100795  -44.633  19.914  -3.436 0.0000000000
101529  -42.499  19.858  -2.171 0.0000000000
99973  -42.361  18.528  -0.666 0.0000000000
99788  -43.165  18.942  12.795 0.0000000000
105834  -39.487  26.813  4.650 0.0000000000
102125  -49.655  21.163  5.333 0.0000000000
102105  -49.129  22.246  7.119 0.0000000000
102107  -50.367  20.632  8.090 0.0000000000
100610  -50.591  18.951  9.628 0.0000000000
100632  -50.532  18.712  8.443 0.0000000000
99105  -50.453  16.567  8.479 0.0000000000
100631  -49.940  18.820  7.975 0.0000000000
104394  -43.013  24.501  -0.932 0.0000000000
103577  -42.106  23.101  1.348 0.0000000000
102835  -43.466  21.775  -0.319 0.0000000000
99976  -46.243  17.749  -0.340 0.0000000000
100756  -46.614  19.265  0.819 0.0000000000
100757  -47.417  18.880  1.407 0.0000000000
101494  -48.934  20.091  2.263 0.0000000000
99936  -48.434  18.723  2.699 0.0000000000
100721  -47.605  19.067  3.788 0.0000000000
99912  -46.621  18.315  3.070 0.0000000000
101480  -42.339  20.073  3.731 0.0000000000
93955  -45.652  10.678  24.467 0.0000000000
92435  -46.615  8.548  24.049 0.0000000000
93938  -46.933  10.888  25.113 0.0000000000
93939  -48.091  10.982  25.177 0.0000000000
95356  -47.201  12.758  24.421 0.0000000000
109004  -39.224  31.513  10.747 0.0000000000
109003  -38.133  31.563  10.678 0.0000000000
109029  -38.801  31.377  8.779 0.0000000000
108402  -38.587  30.408  6.570 0.0000000000
109042  -40.197  31.334  7.957 0.0000000000
109065  -44.056  30.995  6.321 0.0000000000
108419  -42.761  30.813  5.536 0.0000000000
108467  -43.363  30.069  3.100 0.0000000000
107168  -42.549  28.692  1.595 0.0000000000
107831  -44.172  29.601  1.780 0.0000000000
107846  -47.678  28.851  1.171 0.0000000000
107196  -47.035  27.697  0.003 0.0000000000
105912  -47.230  26.824  -1.675 0.0000000000
105939  -46.352  25.662  -3.330 0.0000000000
106584  -46.193  27.218  -3.289 0.0000000000
107250  -44.413  27.782  -3.976 0.0000000000
107902  -45.595  29.567  -2.445 0.0000000000
96163  -39.153  13.250  16.963 0.0000000000
94747  -39.626  11.835  19.408 0.0000000000
95458  -41.000  12.726  18.500 0.0000000000
95416  -41.992  12.561  20.854 0.0000000000
96147  -42.139  13.122  18.291 0.0000000000
97551  -45.140  15.387  16.592 0.0000000000
96855  -44.820  14.650  17.769 0.0000000000
96856  -45.779  15.067  17.953 0.0000000000
96842  -47.046  14.729  19.439 0.0000000000
97540  -47.464  15.252  18.024 0.0000000000
104268  -40.715  25.376  11.174 0.0000000000
105034  -41.092  26.188  12.464 0.0000000000
104253  -42.467  26.073  11.901 0.0000000000
102789  -44.161  22.483  4.067 0.0000000000
103533  -43.767  22.934  5.499 0.0000000000
103520  -46.073  22.968  6.603 0.0000000000
103471  -48.550  23.895  9.638 0.0000000000
104275  -47.540  25.452  10.330 0.0000000000
103453  -47.918  24.023  11.326 0.0000000000
102717  -45.928  23.398  12.006 0.0000000000
101370  -46.741  21.604  10.838 0.0000000000
100584  -45.891  20.003  11.203 0.0000000000
101359  -47.908  20.407  11.064 0.0000000000
98313  -49.434  16.585  12.732 0.0000000000
99795  -49.001  17.938  13.023 0.0000000000
98299  -48.831  16.415  13.878 0.0000000000
96890  -48.430  14.650  16.048 0.0000000000
96889  -48.309  14.385  15.334 0.0000000000
96181  -47.308  13.282  16.286 0.0000000000
96910  -47.619  14.314  13.793 0.0000000000
96942  -46.559  14.608  10.204 0.0000000000
96919  -45.940  14.442  12.283 0.0000000000
96230  -44.454  14.001  11.303 0.0000000000
95506  -42.698  12.992  12.278 0.0000000000
96237  -43.620  13.552  10.209 0.0000000000
100649  -45.542  19.834  7.793 0.0000000000
99865  -46.791  18.797  8.744 0.0000000000
99864  -45.681  18.805  8.795 0.0000000000
97644  -42.801  14.797  8.028 0.0000000000
97645  -43.913  14.831  7.750 0.0000000000
96982  -42.759  13.701  6.369 0.0000000000
95566  -42.790  12.889  7.059 0.0000000000
96282  -41.989  13.216  6.176 0.0000000000
95551  -40.366  12.289  7.085 0.0000000000
91591  -50.653  8.210  24.297 0.0000000000
94020  -44.256  10.689  17.947 0.0000000000
102859  -45.422  22.162  -2.942 0.0000000000
102188  -45.175  20.512  -1.954 0.0000000000
101531  -45.479  20.148  -2.910 0.0000000000
99984  -45.552  18.459  -2.042 0.0000000000
99163  -44.954  17.463  -0.066 0.0000000000
99932  -44.687  18.333  1.938 0.0000000000
99962  -43.681  17.740  0.206 0.0000000000
91602  -45.376  7.006  22.249 0.0000000000
93289  -44.352  8.598  22.093 0.0000000000
94673  -44.104  12.176  24.600 0.0000000000
108992  -41.223  31.822  11.953 0.0000000000
107805  -45.949  29.867  3.468 0.0000000000
109141  -46.865  30.851  0.906 0.0000000000
108523  -47.050  30.116  -0.732 0.0000000000
96873  -42.501  14.296  17.085 0.0000000000
97583  -43.625  15.550  14.929 0.0000000000
98277  -44.659  16.174  14.642 0.0000000000
103481  -41.249  23.181  8.623 0.0000000000
102779  -47.931  22.899  4.955 0.0000000000
103521  -47.172  23.367  6.466 0.0000000000
103523  -48.316  23.653  6.219 0.0000000000
102744  -48.795  22.860  9.208 0.0000000000
102735  -49.262  22.363  10.198 0.0000000000
101361  -49.240  19.868  11.419 0.0000000000
101374  -50.093  19.833  10.845 0.0000000000
99063  -50.556  17.443  10.990 0.0000000000
97617  -49.671  16.071  11.298 0.0000000000
97604  -48.615  15.440  11.818 0.0000000000
97624  -49.137  15.710  10.195 0.0000000000
97638  -48.803  15.898  9.290 0.0000000000
97649  -47.349  15.179  8.587 0.0000000000
99842  -43.712  18.077  9.345 0.0000000000
102701  -41.458  22.176  13.699 0.0000000000
105145  -40.857  25.553  2.163 0.0000000000
104360  -41.132  24.397  3.824 0.0000000000
103565  -41.721  23.726  2.759 0.0000000000
102803  -43.216  22.612  3.018 0.0000000000
102142  -44.675  21.523  2.967 0.0000000000
101514  -44.572  20.445  0.367 0.0000000000
101490  -45.286  20.257  1.845 0.0000000000
102144  -46.926  21.392  3.115 0.0000000000
102146  -48.684  21.545  3.026 0.0000000000
102134  -49.511  20.820  4.325 0.0000000000
101450  -49.358  20.571  5.405 0.0000000000
101410  -48.923  20.009  7.301 0.0000000000
101449  -48.582  20.256  5.469 0.0000000000
101447  -46.509  19.923  5.771 0.0000000000
101406  -45.074  20.216  6.966 0.0000000000
100718  -44.686  19.117  3.280 0.0000000000
101465  -44.263  20.048  4.987 0.0000000000
91588  -46.565  7.325  23.417 0.0000000000
90601  -47.781  7.332  24.079 0.0000000000
90603  -49.855  7.316  24.663 0.0000000000
92438  -49.480  9.334  24.734 0.0000000000
93984  -47.862  10.872  23.590 0.0000000000
95404  -47.522  12.543  22.231 0.0000000000
108375  -34.913  30.594  9.362 0.0000000000
109014  -36.405  31.229  9.593 0.0000000000
107743  -36.291  29.346  7.799 0.0000000000
107747  -37.379  29.384  6.909 0.0000000000
107123  -38.700  28.524  5.649 0.0000000000
107135  -39.555  28.479  4.477 0.0000000000
109032  -42.282  31.484  9.033 0.0000000000
108418  -40.995  30.891  5.653 0.0000000000
107787  -40.569  29.415  3.876 0.0000000000
106513  -40.397  27.509  2.993 0.0000000000
105880  -41.651  26.861  1.060 0.0000000000
105893  -42.523  26.330  0.022 0.0000000000
105167  -43.693  25.577  -0.979 0.0000000000
107180  -45.742  28.641  0.593 0.0000000000
105896  -45.738  26.634  -1.012 0.0000000000
104405  -45.434  24.520  -2.195 0.0000000000
104444  -45.912  23.641  -3.928 0.0000000000
104443  -44.838  23.909  -4.507 0.0000000000
105212  -42.939  25.354  -3.768 0.0000000000
106583  -43.592  27.627  -3.517 0.0000000000
109199  -45.494  30.967  -2.429 0.0000000000
95375  -43.374  13.028  23.122 0.0000000000
95403  -44.672  13.319  22.456 0.0000000000
96168  -43.288  13.710  18.232 0.0000000000
96140  -44.916  13.634  20.101 0.0000000000
96123  -45.951  13.691  22.143 0.0000000000
96824  -47.170  14.150  21.881 0.0000000000
96135  -47.811  13.895  21.544 0.0000000000
95429  -47.720  13.290  20.108 0.0000000000
102711  -42.893  22.849  13.442 0.0000000000
103531  -41.824  23.759  5.413 0.0000000000
103500  -43.126  22.932  6.788 0.0000000000
103483  -43.701  23.076  8.943 0.0000000000
103486  -46.447  23.908  8.269 0.0000000000
103470  -45.381  24.204  9.754 0.0000000000
104272  -44.919  25.236  11.359 0.0000000000
104244  -45.398  25.530  12.585 0.0000000000
102713  -44.513  23.586  12.868 0.0000000000
101351  -43.407  20.965  12.977 0.0000000000
100579  -44.290  19.378  12.006 0.0000000000
99040  -45.281  18.009  12.558 0.0000000000
98297  -46.761  16.681  14.599 0.0000000000
99807  -48.740  18.795  12.254 0.0000000000
99043  -47.816  17.705  13.403 0.0000000000
98266  -47.081  16.143  15.714 0.0000000000
97571  -48.068  15.573  16.317 0.0000000000
96170  -48.377  14.427  18.171 0.0000000000
95444  -47.554  13.097  18.935 0.0000000000
95460  -46.651  12.558  17.737 0.0000000000
95468  -45.524  12.365  16.766 0.0000000000
95473  -44.648  12.308  15.694 0.0000000000
96909  -46.988  14.204  13.075 0.0000000000
96195  -45.300  13.344  14.090 0.0000000000
94785  -43.065  11.904  15.153 0.0000000000
94784  -42.482  11.728  14.676 0.0000000000
94801  -41.256  11.782  12.777 0.0000000000
99866  -47.987  18.674  8.732 0.0000000000
99095  -47.218  16.789  8.845 0.0000000000
97648  -46.944  15.038  7.741 0.0000000000
98339  -44.273  16.177  9.074 0.0000000000
97634  -45.780  15.469  7.960 0.0000000000
96975  -46.325  13.664  6.967 0.0000000000
95534  -43.123  12.896  8.670 0.0000000000
95532  -41.609  12.363  9.268 0.0000000000
94710  -46.921  11.658  21.905 0.0000000000
93997  -46.632  10.599  21.587 0.0000000000
94002  -46.228  10.710  20.894 0.0000000000
102202  -42.632  21.391  -2.728 0.0000000000
101538  -43.251  20.379  -2.625 0.0000000000
101537  -42.340  20.580  -2.259 0.0000000000
99786  -42.381  18.929  13.217 0.0000000000
101350  -42.763  20.311  13.392 0.0000000000
105121  -39.724  26.100  4.502 0.0000000000
105113  -40.047  25.516  4.883 0.0000000000
105122  -40.095  25.589  4.024 0.0000000000
101429  -49.798  20.358  6.547 0.0000000000
102115  -50.240  20.625  7.156 0.0000000000
101430  -50.341  19.954  7.067 0.0000000000
101412  -50.593  19.915  7.748 0.0000000000
100654  -50.276  19.540  7.532 0.0000000000
104403  -43.313  23.920  -1.410 0.0000000000
102834  -43.073  22.329  -0.241 0.0000000000
102842  -43.463  22.672  -1.202 0.0000000000
99165  -46.622  17.333  0.700 0.0000000000
99965  -46.733  17.853  0.256 0.0000000000
99166  -47.135  17.506  1.208 0.0000000000
99953  -47.834  18.568  2.167 0.0000000000
99935  -47.388  18.093  2.332 0.0000000000
99934  -46.421  17.851  2.400 0.0000000000
94659  -45.807  11.766  25.115 0.0000000000
93937  -46.228  11.321  25.022 0.0000000000
94660  -46.471  11.812  25.071 0.0000000000
94661  -47.173  11.803  24.882 0.0000000000
95355  -46.434  13.027  24.795 0.0000000000
109005  -40.401  31.524  10.888 0.0000000000
109017  -39.582  31.424  9.818 0.0000000000
109030  -39.891  31.388  8.860 0.0000000000
109067  -46.032  30.584  6.134 0.0000000000
109066  -45.200  30.591  6.331 0.0000000000
108420  -44.277  30.503  5.512 0.0000000000
108437  -43.351  30.460  4.442 0.0000000000
108455  -44.042  30.151  3.600 0.0000000000
107817  -43.799  29.831  2.774 0.0000000000
107804  -44.730  29.928  3.322 0.0000000000
107847  -48.059  28.922  0.245 0.0000000000
106550  -47.597  27.954  -0.484 0.0000000000
107212  -47.462  27.890  -1.149 0.0000000000
106585  -46.829  27.374  -2.268 0.0000000000
107230  -46.716  28.007  -2.024 0.0000000000
107229  -46.056  28.231  -2.707 0.0000000000
107210  -46.472  28.718  -1.886 0.0000000000
96177  -39.674  13.703  16.733 0.0000000000
95457  -40.455  12.680  18.200 0.0000000000
96165  -40.509  13.213  17.552 0.0000000000
95440  -41.617  12.659  18.847 0.0000000000
97568  -45.622  15.776  16.078 0.0000000000
97552  -45.698  15.488  17.014 0.0000000000
97538  -46.200  15.447  17.433 0.0000000000
97539  -46.723  15.345  17.690 0.0000000000
97553  -46.622  15.614  17.015 0.0000000000
103466  -41.091  23.628  9.784 0.0000000000
103448  -41.960  24.309  10.674 0.0000000000
104269  -41.719  25.319  11.208 0.0000000000
104270  -42.775  25.327  11.295 0.0000000000
103549  -45.423  22.706  4.878 0.0000000000
103534  -45.062  22.832  5.602 0.0000000000
103550  -46.078  22.683  4.943 0.0000000000
102727  -48.401  23.132  11.033 0.0000000000
103454  -48.488  24.166  10.690 0.0000000000
102726  -47.383  23.249  11.210 0.0000000000
102083  -47.582  22.329  10.861 0.0000000000
101358  -46.831  20.679  10.943 0.0000000000
101371  -47.791  21.362  10.793 0.0000000000
98300  -49.138  16.889  13.385 0.0000000000
97597  -48.775  15.554  13.903 0.0000000000
96899  -48.584  14.863  14.820 0.0000000000
96911  -48.454  14.847  13.812 0.0000000000
96898  -48.079  14.307  14.723 0.0000000000
96941  -45.823  14.273  10.285 0.0000000000
96940  -45.068  14.172  10.384 0.0000000000
96238  -44.342  13.962  10.307 0.0000000000
96951  -45.010  13.992  9.674 0.0000000000
100627  -45.551  19.412  8.395 0.0000000000
99863  -44.623  18.867  8.915 0.0000000000
96960  -41.912  14.351  7.619 0.0000000000
96961  -43.117  14.525  7.116 0.0000000000
96971  -42.372  14.082  6.608 0.0000000000
96981  -41.721  13.546  6.378 0.0000000000
96281  -40.841  13.359  6.221 0.0000000000
96269  -40.784  13.587  6.440 0.0000000000
92451  -49.282  9.148  23.823 0.0000000000
94015  -44.609  10.575  18.593 0.0000000000
102860  -45.675  22.110  -3.671 0.0000000000
102205  -45.566  21.365  -3.274 0.0000000000
100797  -45.348  20.462  -3.776 0.0000000000
99988  -44.113  18.719  -2.198 0.0000000000
99989  -44.906  18.738  -2.686 0.0000000000
99180  -44.346  18.070  -1.563 0.0000000000
99172  -45.056  17.653  -0.916 0.0000000000
99162  -44.237  17.551  -0.576 0.0000000000
99974  -43.379  17.932  -0.655 0.0000000000
99960  -41.368  18.631  0.203 0.0000000000
93288  -43.848  8.906  21.962 0.0000000000
93954  -44.373  11.238  24.152 0.0000000000
108978  -40.730  32.000  12.690 0.0000000000
109119  -46.933  30.721  2.046 0.0000000000
109660  -46.504  31.393  1.281 0.0000000000
109659  -45.843  31.901  1.658 0.0000000000
98294  -43.589  16.871  13.599 0.0000000000
98276  -43.637  16.177  14.234 0.0000000000
98295  -44.642  16.797  13.861 0.0000000000
106473  -37.543  27.598  6.816 0.0000000000
103498  -41.397  23.206  7.382 0.0000000000
102793  -48.425  22.598  4.213 0.0000000000
103537  -48.185  23.402  5.647 0.0000000000
102780  -48.669  22.836  5.264 0.0000000000
102106  -49.816  21.411  7.599 0.0000000000
102098  -49.282  22.116  8.316 0.0000000000
102091  -49.609  21.405  10.011 0.0000000000
101381  -50.051  20.578  9.650 0.0000000000
99849  -50.977  17.824  9.279 0.0000000000
99824  -50.615  18.145  10.358 0.0000000000
99079  -51.057  17.238  10.074 0.0000000000
98324  -50.789  16.914  10.638 0.0000000000
98332  -50.715  16.433  10.062 0.0000000000
97625  -50.046  15.900  10.206 0.0000000000
97626  -50.531  16.024  9.639 0.0000000000
99098  -49.820  16.585  8.597 0.0000000000
98345  -50.111  16.156  8.664 0.0000000000
98344  -49.079  16.282  8.963 0.0000000000
97650  -47.994  15.701  9.010 0.0000000000
98343  -48.209  16.109  8.757 0.0000000000
104378  -41.217  24.644  1.919 0.0000000000
103576  -41.668  23.826  1.711 0.0000000000
102817  -42.682  22.346  2.046 0.0000000000
102818  -43.644  21.899  2.603 0.0000000000
102804  -44.185  22.187  3.549 0.0000000000
102158  -44.151  21.157  2.090 0.0000000000
101523  -45.463  19.867  -1.409 0.0000000000
101522  -44.698  20.421  -0.587 0.0000000000
101516  -45.686  19.448  -0.920 0.0000000000
101505  -47.132  19.589  1.443 0.0000000000
101504  -46.217  19.761  1.353 0.0000000000
101492  -46.825  20.172  1.920 0.0000000000
102160  -46.321  20.763  2.536 0.0000000000
102161  -47.411  20.750  2.518 0.0000000000
102145  -47.909  21.423  3.093 0.0000000000
102162  -48.408  20.789  2.541 0.0000000000
100741  -49.267  19.425  2.760 0.0000000000
101495  -49.403  20.399  2.802 0.0000000000
101482  -49.555  20.101  3.513 0.0000000000
101468  -49.234  20.065  4.449 0.0000000000
101467  -48.591  19.898  4.751 0.0000000000
100698  -46.641  19.274  4.508 0.0000000000
100684  -47.046  19.720  5.281 0.0000000000
100683  -46.520  19.652  5.196 0.0000000000
101425  -45.666  20.162  6.450 0.0000000000
100753  -43.531  18.414  1.491 0.0000000000
100738  -44.265  18.901  2.624 0.0000000000
101463  -42.368  20.303  4.648 0.0000000000
101464  -43.491  20.170  4.703 0.0000000000
92447  -45.220  8.193  22.735 0.0000000000
91587  -45.817  7.465  22.958 0.0000000000
91577  -46.308  7.905  23.624 0.0000000000
92436  -47.583  8.998  24.824 0.0000000000
92437  -48.281  8.639  25.026 0.0000000000
91580  -49.214  7.907  24.935 0.0000000000
91564  -49.381  8.624  25.167 0.0000000000
91565  -49.659  8.619  25.133 0.0000000000
92422  -49.343  9.251  25.123 0.0000000000
94675  -47.568  11.765  24.366 0.0000000000
93957  -48.349  10.858  24.477 0.0000000000
94692  -47.628  11.688  23.677 0.0000000000
94691  -47.433  11.638  22.882 0.0000000000
95377  -47.488  12.194  23.036 0.0000000000
108986  -34.280  31.406  11.620 0.0000000000
108972  -33.571  31.387  12.448 0.0000000000
109012  -34.571  31.014  9.971 0.0000000000
109573  -37.818  32.260  13.146 0.0000000000
109582  -37.536  32.021  12.345 0.0000000000
109015  -37.461  31.415  9.679 0.0000000000
109027  -36.989  31.103  8.877 0.0000000000
108385  -36.393  30.352  8.437 0.0000000000
107746  -36.888  29.340  7.399 0.0000000000
108394  -37.465  30.367  7.593 0.0000000000
108416  -38.840  29.877  5.800 0.0000000000
107758  -38.453  29.392  5.907 0.0000000000
107773  -39.012  29.304  5.469 0.0000000000
107124  -39.172  28.496  5.158 0.0000000000
107774  -39.444  29.282  4.945 0.0000000000
109054  -41.511  31.408  6.908 0.0000000000
109063  -42.186  31.244  6.288 0.0000000000
108453  -41.759  29.790  3.350 0.0000000000
108436  -41.640  30.309  4.206 0.0000000000
107788  -41.226  29.579  3.521 0.0000000000
107149  -40.383  28.429  3.387 0.0000000000
107150  -40.960  28.703  2.911 0.0000000000
105857  -40.967  27.006  2.177 0.0000000000
107159  -41.462  28.522  2.271 0.0000000000
107178  -42.879  28.337  1.026 0.0000000000
106547  -42.663  27.699  0.712 0.0000000000
106548  -43.459  27.637  0.070 0.0000000000
105894  -43.338  26.604  -0.446 0.0000000000
107833  -46.500  29.413  2.128 0.0000000000
107832  -45.375  29.583  2.021 0.0000000000
107845  -46.739  28.843  1.431 0.0000000000
105897  -46.697  26.518  -0.977 0.0000000000
106560  -46.433  27.118  -0.450 0.0000000000
105910  -45.977  26.057  -1.563 0.0000000000
105183  -45.142  25.261  -1.647 0.0000000000
104424  -45.768  24.038  -2.984 0.0000000000
105200  -46.275  24.869  -2.907 0.0000000000
105938  -45.872  26.327  -3.974 0.0000000000
105225  -45.174  24.167  -4.540 0.0000000000
105214  -45.138  24.896  -4.755 0.0000000000
104442  -44.153  24.129  -4.388 0.0000000000
105213  -43.907  25.249  -4.457 0.0000000000
107228  -45.160  28.790  -3.408 0.0000000000
106605  -43.984  27.347  -4.160 0.0000000000
107227  -44.029  28.505  -3.537 0.0000000000
107226  -43.457  27.956  -3.133 0.0000000000
107900  -44.042  29.364  -2.925 0.0000000000
109182  -46.427  30.876  -1.275 0.0000000000
95400  -41.816  12.697  22.019 0.0000000000
95417  -42.756  12.733  21.101 0.0000000000
95401  -42.970  12.959  22.121 0.0000000000
95376  -44.311  13.259  23.053 0.0000000000
95402  -44.158  13.137  22.001 0.0000000000
96886  -42.531  14.649  16.158 0.0000000000
96853  -43.123  14.237  17.439 0.0000000000
96874  -43.615  14.546  17.071 0.0000000000
96841  -45.870  14.492  19.203 0.0000000000
96150  -44.871  13.827  19.280 0.0000000000
96141  -45.678  13.997  20.160 0.0000000000
96132  -45.158  13.635  20.896 0.0000000000
96133  -46.100  13.973  21.115 0.0000000000
96124  -46.796  13.911  22.271 0.0000000000
96828  -46.713  14.373  20.770 0.0000000000
96843  -47.908  14.675  19.617 0.0000000000
96835  -47.657  14.311  20.879 0.0000000000
96142  -48.070  14.066  20.492 0.0000000000
95420  -47.770  13.341  21.277 0.0000000000
96152  -48.221  14.122  19.176 0.0000000000
105022  -41.889  25.942  13.036 0.0000000000
103428  -42.431  23.987  12.927 0.0000000000
103557  -41.896  23.732  3.728 0.0000000000
103546  -41.930  23.775  4.596 0.0000000000
103519  -44.709  22.848  6.695 0.0000000000
103518  -43.437  22.986  6.222 0.0000000000
102764  -43.886  22.814  7.035 0.0000000000
102742  -43.218  22.847  8.220 0.0000000000
103484  -44.666  23.252  8.791 0.0000000000
103504  -47.675  24.113  7.112 0.0000000000
103503  -46.884  23.761  7.484 0.0000000000
104318  -47.521  24.408  7.787 0.0000000000
105050  -47.168  25.905  10.717 0.0000000000
104288  -46.194  24.841  9.606 0.0000000000
104273  -46.000  25.310  10.792 0.0000000000
103451  -45.011  24.512  10.553 0.0000000000
104255  -44.485  25.975  12.293 0.0000000000
104256  -45.846  25.787  11.948 0.0000000000
102071  -45.440  22.314  11.650 0.0000000000
102716  -45.116  23.239  12.502 0.0000000000
102070  -44.505  22.220  12.424 0.0000000000
102067  -43.939  22.109  13.011 0.0000000000
101355  -43.861  20.580  12.299 0.0000000000
100583  -44.737  20.013  11.672 0.0000000000
99791  -46.100  18.548  12.097 0.0000000000
99041  -46.238  18.023  12.678 0.0000000000
99022  -45.747  17.425  13.336 0.0000000000
99042  -46.977  17.742  12.982 0.0000000000
100588  -49.545  19.356  11.560 0.0000000000
100587  -48.740  19.441  11.692 0.0000000000
99025  -48.522  17.037  14.059 0.0000000000
99044  -48.518  17.584  13.500 0.0000000000
99014  -48.100  16.963  14.749 0.0000000000
99013  -47.865  16.989  14.799 0.0000000000
98267  -47.766  16.181  15.711 0.0000000000
96188  -48.283  13.914  16.463 0.0000000000
96183  -48.436  14.100  17.164 0.0000000000
96169  -48.092  13.622  18.039 0.0000000000
95461  -47.344  12.925  17.913 0.0000000000
95443  -46.578  12.283  18.692 0.0000000000
95470  -47.124  12.899  17.330 0.0000000000
96186  -46.754  13.238  15.685 0.0000000000
95475  -46.149  12.795  16.223 0.0000000000
95474  -45.687  12.740  15.670 0.0000000000
95467  -45.133  12.302  16.185 0.0000000000
97615  -48.442  15.438  11.159 0.0000000000
96921  -47.965  14.896  12.359 0.0000000000
96920  -46.972  14.593  12.162 0.0000000000
96221  -45.366  13.981  12.938 0.0000000000
96207  -44.773  13.445  13.543 0.0000000000
95472  -44.086  12.380  15.247 0.0000000000
95484  -43.560  12.427  14.710 0.0000000000
95483  -43.032  12.467  14.153 0.0000000000
95493  -42.134  12.463  12.859 0.0000000000
95505  -41.685  12.354  12.235 0.0000000000
94800  -40.631  11.610  12.222 0.0000000000
95504  -41.235  12.258  11.723 0.0000000000
101390  -48.193  19.915  7.734 0.0000000000
100630  -49.019  19.400  7.980 0.0000000000
100629  -47.724  19.614  8.231 0.0000000000
99845  -47.016  17.825  8.962 0.0000000000
98342  -47.281  15.866  8.399 0.0000000000
97635  -46.665  15.388  7.935 0.0000000000
99092  -43.957  17.098  9.409 0.0000000000
96963  -44.826  14.531  6.812 0.0000000000
97646  -45.082  14.911  7.169 0.0000000000
97654  -45.653  14.442  6.663 0.0000000000
97655  -46.441  14.311  6.877 0.0000000000
96272  -45.526  13.381  7.187 0.0000000000
96259  -44.514  13.405  8.096 0.0000000000
96271  -44.456  13.312  7.296 0.0000000000
95553  -42.159  12.513  7.511 0.0000000000
95543  -42.293  12.463  8.392 0.0000000000
95531  -40.805  12.113  9.308 0.0000000000
94814  -40.355  11.697  10.175 0.0000000000
93269  -48.269  9.974  23.414 0.0000000000
93268  -47.173  9.679  22.291 0.0000000000
92467  -46.089  9.163  20.918 0.0000000000
102211  -44.481  21.276  -4.181 0.0000000000
101546  -44.637  20.518  -3.832 0.0000000000
101539  -44.108  20.405  -3.338 0.0000000000
100789  -43.101  19.477  -2.285 0.0000000000
100783  -43.410  18.936  -2.111 0.0000000000
100775  -41.940  18.951  -0.977 0.0000000000
99019  -42.644  18.040  13.108 0.0000000000
99038  -43.452  18.284  12.719 0.0000000000
105826  -38.847  27.108  5.765 0.0000000000
105103  -39.403  26.003  5.607 0.0000000000
104341  -41.063  24.303  5.458 0.0000000000
102781  -49.337  22.076  5.228 0.0000000000
102767  -49.122  22.470  5.873 0.0000000000
102114  -49.461  21.547  6.347 0.0000000000
101392  -50.207  20.574  8.994 0.0000000000
101393  -50.526  19.995  8.876 0.0000000000
99869  -50.725  17.231  8.711 0.0000000000
99106  -50.741  16.439  8.566 0.0000000000
99868  -50.034  17.484  8.546 0.0000000000
99848  -49.603  16.894  8.688 0.0000000000
104387  -42.162  24.644  0.104 0.0000000000
103585  -41.871  23.931  0.818 0.0000000000
103586  -42.383  23.423  0.096 0.0000000000
102826  -42.583  22.292  0.889 0.0000000000
102171  -43.263  21.599  0.516 0.0000000000
99975  -46.045  18.111  -0.969 0.0000000000
100767  -45.922  18.998  -0.110 0.0000000000
99964  -46.396  18.156  -0.194 0.0000000000
100768  -46.721  18.514  0.474 0.0000000000
101506  -47.492  19.429  1.622 0.0000000000
100740  -48.242  19.168  2.153 0.0000000000
99937  -49.084  18.938  3.115 0.0000000000
100722  -48.445  19.288  3.755 0.0000000000
99913  -47.664  18.483  3.152 0.0000000000
100720  -46.680  18.818  3.778 0.0000000000
100719  -45.681  18.871  3.640 0.0000000000
100716  -42.351  19.680  2.780 0.0000000000
89676  -47.310  5.705  23.017 0.0000000000
93267  -45.573  9.597  23.677 0.0000000000
93242  -46.406  9.528  24.321 0.0000000000
93243  -47.052  9.925  25.047 0.0000000000
93231  -47.902  9.955  25.358 0.0000000000
93232  -48.737  10.060  25.227 0.0000000000
96103  -47.236  13.283  23.597 0.0000000000
108987  -35.414  31.708  11.744 0.0000000000
108990  -38.837  31.668  11.641 0.0000000000
108989  -37.770  31.775  11.616 0.0000000000
109016  -38.484  31.445  9.716 0.0000000000
109040  -38.215  31.065  8.001 0.0000000000
108395  -38.291  30.774  7.457 0.0000000000
109041  -39.007  31.244  7.734 0.0000000000
109052  -39.583  31.131  7.088 0.0000000000
108403  -39.946  30.816  6.383 0.0000000000
109057  -45.134  31.174  7.142 0.0000000000
107802  -42.003  29.634  2.859 0.0000000000
107160  -42.054  29.050  2.124 0.0000000000
107816  -42.613  29.535  2.451 0.0000000000
107169  -43.430  29.192  1.471 0.0000000000
107179  -43.937  28.781  0.733 0.0000000000
107181  -46.922  28.271  0.682 0.0000000000
107182  -47.623  28.254  0.342 0.0000000000
106561  -47.173  27.134  -0.578 0.0000000000
105911  -46.755  26.197  -1.752 0.0000000000
105201  -46.513  25.511  -2.763 0.0000000000
105923  -46.703  26.440  -2.715 0.0000000000
105922  -46.330  26.665  -3.388 0.0000000000
106607  -45.531  27.408  -3.923 0.0000000000
106606  -44.864  27.250  -4.223 0.0000000000
107252  -45.571  27.968  -3.531 0.0000000000
96869  -38.627  14.224  16.028 0.0000000000
96176  -38.628  13.426  16.656 0.0000000000
95455  -38.648  12.752  17.377 0.0000000000
95456  -39.596  12.686  17.830 0.0000000000
94709  -41.593  12.447  21.328 0.0000000000
95425  -41.620  12.376  19.931 0.0000000000
95441  -42.212  12.684  19.330 0.0000000000
95426  -42.777  12.759  19.935 0.0000000000
97567  -44.548  15.261  16.205 0.0000000000
96888  -44.109  14.811  16.668 0.0000000000
96875  -44.635  14.946  17.057 0.0000000000
96857  -46.797  14.976  18.491 0.0000000000
96858  -47.670  15.086  18.765 0.0000000000
97541  -47.912  15.261  18.293 0.0000000000
104252  -41.441  26.021  11.817 0.0000000000
105035  -42.150  26.344  12.603 0.0000000000
105036  -43.135  26.491  12.604 0.0000000000
103548  -44.021  22.696  4.576 0.0000000000
104291  -48.088  24.327  8.971 0.0000000000
104290  -47.613  24.732  9.283 0.0000000000
104276  -48.280  24.745  9.922 0.0000000000
104259  -48.127  24.981  10.706 0.0000000000
103436  -47.472  24.766  11.740 0.0000000000
104245  -46.159  25.394  12.381 0.0000000000
103452  -47.228  24.003  11.640 0.0000000000
102072  -46.098  22.862  11.571 0.0000000000
102081  -45.933  21.892  11.219 0.0000000000
101357  -45.718  21.162  11.229 0.0000000000
100585  -46.961  19.764  11.272 0.0000000000
99805  -47.043  18.954  11.679 0.0000000000
99062  -49.819  17.472  11.967 0.0000000000
99808  -49.397  18.313  12.251 0.0000000000
99045  -49.171  17.413  13.137 0.0000000000
99026  -48.940  16.982  13.630 0.0000000000
97586  -48.649  15.634  15.047 0.0000000000
96187  -47.951  13.749  15.754 0.0000000000
96198  -47.396  13.778  14.828 0.0000000000
96197  -46.674  13.474  14.764 0.0000000000
96943  -47.333  15.042  10.223 0.0000000000
96931  -45.968  14.466  11.171 0.0000000000
96918  -45.490  14.372  11.774 0.0000000000
96206  -44.238  13.510  12.965 0.0000000000
95507  -43.121  13.062  12.950 0.0000000000
96219  -43.732  13.473  12.307 0.0000000000
96229  -43.703  13.661  11.181 0.0000000000
96236  -42.923  13.128  10.319 0.0000000000
100650  -46.488  19.794  7.909 0.0000000000
100651  -47.095  19.778  8.035 0.0000000000
100628  -46.542  19.421  8.392 0.0000000000
99844  -45.896  17.935  8.944 0.0000000000
97632  -43.477  15.413  8.607 0.0000000000
96972  -43.519  14.144  6.605 0.0000000000
96983  -43.854  13.771  6.604 0.0000000000
96270  -43.553  13.078  7.184 0.0000000000
96283  -43.059  13.289  6.575 0.0000000000
95565  -42.108  12.797  6.672 0.0000000000
95552  -41.254  12.262  7.284 0.0000000000
94837  -40.418  11.765  7.781 0.0000000000
95564  -41.170  12.712  6.409 0.0000000000
95563  -40.118  12.814  6.502 0.0000000000
90604  -50.640  7.456  24.440 0.0000000000
103601  -44.640  22.729  -2.059 0.0000000000
102195  -44.646  21.651  -2.003 0.0000000000
102196  -45.186  21.211  -2.422 0.0000000000
101530  -45.527  20.192  -2.279 0.0000000000
100785  -45.625  19.468  -2.427 0.0000000000
100791  -44.993  19.357  -3.292 0.0000000000
99990  -45.378  19.068  -2.864 0.0000000000
99182  -45.638  17.828  -1.284 0.0000000000
99173  -45.880  17.425  -0.610 0.0000000000
99154  -45.849  17.174  1.130 0.0000000000
99951  -45.466  17.690  1.642 0.0000000000
99950  -44.779  17.699  1.186 0.0000000000
99949  -43.698  17.953  1.062 0.0000000000
100752  -42.945  18.676  1.402 0.0000000000
99961  -42.517  18.416  0.169 0.0000000000
99948  -42.716  18.388  0.864 0.0000000000
90623  -45.109  6.270  21.866 0.0000000000
91601  -44.620  7.270  21.754 0.0000000000
92466  -44.696  8.166  22.183 0.0000000000
93266  -44.797  9.147  22.790 0.0000000000
93265  -43.791  9.810  22.541 0.0000000000
93982  -45.131  9.923  23.594 0.0000000000
94674  -45.046  11.845  24.941 0.0000000000
95354  -45.301  12.763  24.698 0.0000000000
108977  -39.551  31.934  12.557 0.0000000000
108991  -39.984  31.685  11.754 0.0000000000
109006  -41.684  31.620  11.107 0.0000000000
108456  -45.535  30.051  4.108 0.0000000000
108468  -47.438  29.927  2.643 0.0000000000
108478  -47.459  29.845  1.618 0.0000000000
108497  -47.490  29.813  0.355 0.0000000000
108524  -47.635  29.591  -0.209 0.0000000000
109687  -46.388  32.198  0.578 0.0000000000
97582  -42.628  15.598  14.608 0.0000000000
97566  -43.581  15.066  15.698 0.0000000000
97584  -44.563  15.630  15.387 0.0000000000
97585  -45.146  15.677  15.715 0.0000000000
98278  -45.736  16.156  15.260 0.0000000000
102778  -47.024  22.572  5.010 0.0000000000
103536  -47.516  23.133  5.656 0.0000000000
103522  -47.919  23.908  6.257 0.0000000000
103505  -48.277  24.044  7.244 0.0000000000
102766  -48.713  23.061  6.413 0.0000000000
102755  -48.672  22.997  7.795 0.0000000000
103487  -48.447  23.807  8.486 0.0000000000
102734  -48.789  23.183  10.347 0.0000000000
102728  -48.948  22.541  10.777 0.0000000000
101372  -48.792  21.113  11.171 0.0000000000
102085  -49.246  21.737  10.812 0.0000000000
101373  -49.679  20.435  10.938 0.0000000000
100596  -49.969  19.748  11.134 0.0000000000
101382  -50.298  19.867  10.182 0.0000000000
100597  -50.286  19.184  10.919 0.0000000000
99809  -50.181  18.269  11.406 0.0000000000
97606  -49.599  16.207  11.981 0.0000000000
96922  -48.304  14.828  13.118 0.0000000000
97616  -49.164  15.687  11.194 0.0000000000
97639  -49.948  15.808  9.371 0.0000000000
97623  -48.197  15.449  10.202 0.0000000000
97637  -47.790  15.408  9.377 0.0000000000
96954  -47.131  14.785  9.304 0.0000000000
96965  -46.910  14.606  8.645 0.0000000000
99862  -43.555  18.885  8.893 0.0000000000
99841  -42.610  18.097  9.273 0.0000000000
99091  -42.826  17.125  9.528 0.0000000000
97631  -42.165  15.284  8.692 0.0000000000
96950  -41.873  14.702  8.282 0.0000000000
105144  -40.614  25.904  2.626 0.0000000000
105123  -40.575  25.095  3.634 0.0000000000
105133  -40.755  25.170  3.040 0.0000000000
104368  -41.211  24.492  2.921 0.0000000000
103558  -42.808  23.142  3.574 0.0000000000
103566  -42.277  23.089  2.454 0.0000000000
103559  -43.652  22.619  3.792 0.0000000000
102790  -44.866  22.406  4.249 0.0000000000
102805  -45.358  21.980  3.722 0.0000000000
102187  -44.460  20.999  -1.495 0.0000000000
102181  -43.847  21.139  -0.188 0.0000000000
102172  -44.036  20.776  1.043 0.0000000000
100766  -45.523  19.639  0.488 0.0000000000
101503  -45.037  19.924  1.193 0.0000000000
102173  -44.542  20.630  1.695 0.0000000000
102159  -45.143  20.672  2.272 0.0000000000
102143  -45.823  21.440  3.063 0.0000000000
102806  -46.541  21.908  3.749 0.0000000000
102807  -47.455  21.869  3.582 0.0000000000
102808  -48.203  22.122  3.538 0.0000000000
102809  -48.834  22.044  3.584 0.0000000000
102163  -49.087  20.951  2.631 0.0000000000
102147  -49.128  21.426  3.114 0.0000000000
102795  -49.407  21.624  4.569 0.0000000000
101411  -49.638  19.874  6.997 0.0000000000
101428  -48.710  20.381  6.449 0.0000000000
101427  -47.620  20.295  6.426 0.0000000000
101466  -48.111  19.758  4.763 0.0000000000
101448  -47.588  19.966  5.436 0.0000000000
101408  -46.591  20.077  7.214 0.0000000000
101407  -45.662  20.115  7.099 0.0000000000
100648  -44.501  19.908  7.542 0.0000000000
99933  -45.581  17.969  2.249 0.0000000000
99911  -45.652  18.346  2.935 0.0000000000
100696  -44.704  19.642  4.214 0.0000000000
100717  -43.464  19.554  3.177 0.0000000000
100695  -43.908  19.758  3.864 0.0000000000
100681  -45.029  19.832  4.823 0.0000000000
90624  -46.211  6.388  22.511 0.0000000000
90609  -46.430  6.922  23.092 0.0000000000
90610  -47.268  6.602  23.485 0.0000000000
91578  -47.171  7.809  23.984 0.0000000000
90611  -48.181  6.393  23.706 0.0000000000
91581  -50.068  8.209  24.901 0.0000000000
92439  -49.878  8.582  24.534 0.0000000000
93270  -48.880  9.729  23.883 0.0000000000
93940  -48.786  10.532  25.021 0.0000000000
93245  -48.905  10.029  24.349 0.0000000000
109002  -37.063  31.616  10.690 0.0000000000
109001  -35.959  31.608  10.727 0.0000000000
108376  -35.691  30.701  9.188 0.0000000000
108384  -35.328  30.093  8.746 0.0000000000
107742  -35.632  29.373  8.251 0.0000000000
107102  -36.569  28.408  7.526 0.0000000000
107103  -37.137  28.446  7.063 0.0000000000
106481  -38.062  27.673  6.381 0.0000000000
108401  -37.717  29.999  6.752 0.0000000000
107113  -38.185  28.529  6.104 0.0000000000
106482  -38.544  27.716  5.938 0.0000000000
106489  -38.962  27.723  5.453 0.0000000000
106499  -39.592  27.555  4.226 0.0000000000
106512  -39.934  27.496  3.596 0.0000000000
109031  -41.068  31.316  8.981 0.0000000000
109043  -41.301  31.458  7.985 0.0000000000
109053  -40.483  31.341  7.095 0.0000000000
108404  -40.692  31.133  6.483 0.0000000000
108435  -40.314  30.066  4.663 0.0000000000
107136  -39.993  28.776  3.980 0.0000000000
105869  -40.810  26.376  2.236 0.0000000000
105870  -41.226  26.714  1.691 0.0000000000
105154  -41.348  25.845  1.153 0.0000000000
106536  -41.946  27.642  1.323 0.0000000000
105881  -42.083  26.685  0.576 0.0000000000
105155  -42.010  25.650  0.377 0.0000000000
105166  -42.673  25.584  -0.419 0.0000000000
104404  -44.133  24.302  -1.808 0.0000000000
107818  -45.019  29.764  2.707 0.0000000000
107843  -44.739  29.374  1.418 0.0000000000
107194  -44.900  28.127  -0.063 0.0000000000
107195  -46.121  27.962  -0.079 0.0000000000
106559  -45.355  27.309  -0.528 0.0000000000
106558  -44.239  27.431  -0.426 0.0000000000
105168  -44.554  25.714  -1.269 0.0000000000
105182  -44.224  25.168  -1.433 0.0000000000
104422  -44.523  23.745  -2.030 0.0000000000
103611  -45.046  23.103  -2.525 0.0000000000
103612  -45.581  22.982  -3.454 0.0000000000
103642  -45.466  22.509  -4.272 0.0000000000
105215  -45.970  24.842  -3.771 0.0000000000
105226  -45.487  24.071  -4.313 0.0000000000
103641  -45.000  22.845  -4.470 0.0000000000
102866  -43.802  22.295  -4.084 0.0000000000
102858  -42.916  22.318  -3.468 0.0000000000
105936  -43.576  26.301  -4.125 0.0000000000
105935  -42.819  26.321  -3.410 0.0000000000
108522  -46.599  29.988  -1.292 0.0000000000
108547  -46.005  30.471  -1.831 0.0000000000
108568  -45.181  30.530  -2.783 0.0000000000
95352  -42.618  12.817  23.999 0.0000000000
95374  -42.207  13.012  23.191 0.0000000000
95353  -43.999  13.096  24.098 0.0000000000
96087  -44.628  13.357  23.541 0.0000000000
96088  -45.153  13.396  23.852 0.0000000000
96180  -42.007  13.708  17.490 0.0000000000
96148  -42.758  13.171  18.768 0.0000000000
96138  -43.345  13.243  19.312 0.0000000000
96839  -44.373  14.276  18.154 0.0000000000
96149  -43.919  13.763  18.707 0.0000000000
96131  -44.405  13.329  20.888 0.0000000000
96121  -44.711  13.380  21.390 0.0000000000
96100  -45.108  13.446  22.883 0.0000000000
96089  -46.105  13.381  24.103 0.0000000000
96102  -46.786  13.569  23.326 0.0000000000
96125  -47.376  13.613  22.471 0.0000000000
96834  -47.199  14.551  20.397 0.0000000000
96830  -47.447  14.107  21.726 0.0000000000
95405  -47.700  13.292  22.171 0.0000000000
95419  -47.267  12.478  20.980 0.0000000000
102710  -42.028  22.917  13.141 0.0000000000
102702  -42.212  22.221  13.677 0.0000000000
102062  -42.640  21.804  13.780 0.0000000000
104359  -40.665  24.771  4.186 0.0000000000
103532  -42.711  23.321  5.384 0.0000000000
103517  -42.502  23.248  6.166 0.0000000000
103499  -42.460  22.984  7.159 0.0000000000
103482  -42.581  22.974  8.444 0.0000000000
103468  -43.369  23.494  9.815 0.0000000000
103535  -46.372  22.771  5.533 0.0000000000
103502  -45.873  23.277  7.637 0.0000000000
104304  -47.110  24.383  8.515 0.0000000000
104303  -46.476  24.414  8.912 0.0000000000
103485  -45.765  23.802  8.723 0.0000000000
103469  -44.431  23.672  9.851 0.0000000000
103449  -43.062  24.318  10.706 0.0000000000
104271  -43.851  25.408  11.352 0.0000000000
105037  -43.912  26.331  12.569 0.0000000000
104243  -44.451  25.611  12.919 0.0000000000
103432  -45.870  24.903  12.651 0.0000000000
103431  -45.056  24.494  12.771 0.0000000000
103430  -44.172  24.395  13.052 0.0000000000
102712  -43.833  23.098  13.194 0.0000000000
102066  -43.366  22.022  13.538 0.0000000000
101348  -42.974  21.397  13.613 0.0000000000
100577  -42.960  19.779  13.085 0.0000000000
99789  -43.918  18.878  12.327 0.0000000000
99039  -44.234  18.126  12.555 0.0000000000
99803  -45.385  19.514  11.571 0.0000000000
99790  -44.940  18.884  11.899 0.0000000000
99021  -44.490  17.439  13.139 0.0000000000
98296  -45.744  16.716  14.234 0.0000000000
98279  -46.855  16.405  15.197 0.0000000000
101360  -48.780  20.161  11.348 0.0000000000
99806  -47.949  18.895  12.031 0.0000000000
99793  -47.905  18.305  12.694 0.0000000000
99794  -48.623  18.171  12.926 0.0000000000
99023  -46.844  17.188  13.803 0.0000000000
98298  -47.342  16.749  14.840 0.0000000000
97570  -47.248  15.807  16.373 0.0000000000
97555  -47.990  15.307  17.678 0.0000000000
96859  -48.197  14.997  18.504 0.0000000000
96877  -48.414  14.925  17.355 0.0000000000
96153  -48.340  14.628  18.740 0.0000000000
95428  -47.018  12.376  19.787 0.0000000000
94734  -46.336  11.730  19.560 0.0000000000
94751  -46.057  11.737  19.056 0.0000000000
94750  -45.598  11.532  18.571 0.0000000000
95469  -46.646  12.863  16.821 0.0000000000
95459  -45.923  12.311  17.646 0.0000000000
94760  -45.271  11.779  17.645 0.0000000000
94767  -45.002  11.828  17.176 0.0000000000
94758  -44.183  11.319  17.142 0.0000000000
96209  -46.722  13.732  13.984 0.0000000000
96908  -46.458  14.322  12.778 0.0000000000
96208  -45.921  13.861  13.447 0.0000000000
96196  -45.800  13.243  14.630 0.0000000000
94773  -43.490  11.695  15.749 0.0000000000
94035  -42.554  10.944  15.585 0.0000000000
94048  -42.091  10.973  15.138 0.0000000000
95494  -42.567  12.499  13.507 0.0000000000
94792  -42.029  11.954  13.969 0.0000000000
99867  -49.121  18.228  8.601 0.0000000000
99847  -49.099  17.209  8.855 0.0000000000
99846  -48.129  17.574  8.958 0.0000000000
99096  -48.198  16.619  8.868 0.0000000000
98351  -47.394  15.578  8.496 0.0000000000
96964  -46.639  14.254  7.861 0.0000000000
97633  -44.657  15.469  8.264 0.0000000000
98340  -45.410  16.118  8.828 0.0000000000
97647  -46.228  15.017  7.139 0.0000000000
96261  -46.117  13.749  8.447 0.0000000000
96260  -45.457  13.579  8.187 0.0000000000
96246  -43.413  13.251  9.152 0.0000000000
96245  -42.795  12.975  9.767 0.0000000000
95544  -42.929  12.708  8.390 0.0000000000
95533  -42.546  12.707  9.267 0.0000000000
95523  -41.714  12.490  10.225 0.0000000000
89670  -49.607  6.613  24.206 0.0000000000
90625  -46.910  5.988  22.827 0.0000000000
91563  -48.759  8.454  25.104 0.0000000000
91579  -48.197  8.001  24.630 0.0000000000
91586  -45.128  7.619  22.355 0.0000000000
92420  -48.043  9.393  25.264 0.0000000000
92423  -49.732  8.773  24.954 0.0000000000
92452  -50.069  8.474  24.108 0.0000000000
93233  -49.157  10.030  24.987 0.0000000000
93244  -48.480  10.520  23.974 0.0000000000
93291  -46.531  9.767  21.532 0.0000000000
93956  -46.530  10.269  24.770 0.0000000000
93958  -48.916  10.433  24.815 0.0000000000
94014  -44.086  10.409  18.117 0.0000000000
94036  -42.972  10.936  16.083 0.0000000000
94720  -41.400  12.244  20.837 0.0000000000
94749  -44.997  11.317  18.118 0.0000000000
94759  -44.578  11.262  17.611 0.0000000000
94766  -44.651  11.831  16.672 0.0000000000
94772  -42.884  11.567  15.306 0.0000000000
94774  -44.162  11.853  16.208 0.0000000000
94790  -40.989  11.370  13.288 0.0000000000
94791  -41.681  11.898  13.332 0.0000000000
94838  -40.859  11.978  7.996 0.0000000000
95338  -45.538  12.239  25.116 0.0000000000
95340  -46.680  12.426  24.935 0.0000000000
95424  -41.098  12.318  19.435 0.0000000000
95427  -43.273  12.907  20.509 0.0000000000
95438  -39.619  12.193  18.599 0.0000000000
95442  -46.165  12.207  18.163 0.0000000000
95466  -38.104  12.898  17.022 0.0000000000
95485  -44.717  12.810  14.644 0.0000000000
95486  -45.229  12.730  15.142 0.0000000000
95496  -44.181  12.911  14.128 0.0000000000
95514  -41.041  12.274  11.120 0.0000000000
95515  -41.713  12.581  11.170 0.0000000000
95524  -42.354  12.784  10.341 0.0000000000
95542  -41.313  12.222  8.308 0.0000000000
95554  -42.937  12.704  7.718 0.0000000000
96090  -46.851  13.347  24.164 0.0000000000
96101  -45.999  13.493  23.104 0.0000000000
96122  -45.128  13.481  21.833 0.0000000000
96134  -46.487  14.009  21.725 0.0000000000
96139  -43.871  13.347  19.966 0.0000000000
96151  -45.369  13.958  19.647 0.0000000000
96164  -39.668  13.244  17.237 0.0000000000
96167  -42.644  13.691  17.834 0.0000000000
96210  -47.123  13.779  14.327 0.0000000000
96218  -43.269  13.382  11.745 0.0000000000
96220  -44.876  14.005  12.327 0.0000000000
96228  -43.069  13.285  11.170 0.0000000000
96247  -44.512  13.777  9.178 0.0000000000
96248  -45.488  13.830  8.998 0.0000000000
96249  -45.942  13.889  9.033 0.0000000000
96258  -43.614  12.956  8.025 0.0000000000
96273  -46.146  13.595  7.614 0.0000000000
96284  -44.150  13.523  6.882 0.0000000000
96285  -45.023  13.495  6.802 0.0000000000
96825  -47.261  14.022  22.098 0.0000000000
96829  -46.995  14.317  21.382 0.0000000000
96840  -44.972  14.317  18.460 0.0000000000
96854  -43.795  14.262  17.772 0.0000000000
96870  -39.596  14.239  16.206 0.0000000000
96876  -45.248  15.065  17.434 0.0000000000
96882  -38.613  15.040  15.600 0.0000000000
96930  -45.251  14.295  11.215 0.0000000000
96932  -46.733  14.713  11.212 0.0000000000
96952  -45.643  14.019  9.587 0.0000000000
96962  -44.223  14.474  7.000 0.0000000000
96973  -44.766  14.167  6.599 0.0000000000
96974  -45.676  13.752  6.484 0.0000000000
96980  -41.116  13.544  6.366 0.0000000000
97554  -47.395  15.520  17.200 0.0000000000
97569  -46.431  15.866  16.334 0.0000000000
97636  -46.983  15.345  8.006 0.0000000000
97640  -50.372  15.916  9.489 0.0000000000
97643  -42.190  14.726  8.202 0.0000000000
97653  -45.119  14.527  6.734 0.0000000000
98264  -45.885  16.061  15.707 0.0000000000
98280  -47.711  16.702  15.099 0.0000000000
98312  -49.071  16.015  13.288 0.0000000000
98323  -50.146  16.671  11.292 0.0000000000
98331  -50.183  16.258  10.690 0.0000000000
98341  -46.443  16.036  8.573 0.0000000000
98346  -50.693  16.067  9.039 0.0000000000
98350  -47.158  15.395  8.157 0.0000000000
98352  -48.095  15.895  8.846 0.0000000000
98353  -50.530  16.366  8.304 0.0000000000
98354  -50.597  16.220  8.492 0.0000000000
99024  -47.786  17.184  14.411 0.0000000000
99137  -46.175  17.376  1.852 0.0000000000
99138  -46.885  17.562  1.894 0.0000000000
99139  -47.250  17.750  1.852 0.0000000000
99153  -45.208  17.352  0.624 0.0000000000
99156  -47.132  17.556  1.588 0.0000000000
99164  -45.846  17.273  0.270 0.0000000000
99171  -44.226  17.760  -1.212 0.0000000000
99174  -46.236  17.505  0.030 0.0000000000
99181  -45.001  17.953  -1.548 0.0000000000
99804  -46.044  19.214  11.539 0.0000000000
99910  -44.971  18.493  2.641 0.0000000000
99914  -48.504  18.848  3.259 0.0000000000
99915  -48.944  19.060  3.372 0.0000000000
99931  -44.011  18.204  1.539 0.0000000000
99952  -47.424  18.064  1.645 0.0000000000
99963  -44.427  17.460  0.628 0.0000000000
99966  -47.240  17.887  0.892 0.0000000000
99981  -42.516  18.646  -1.267 0.0000000000
99983  -44.612  18.318  -1.970 0.0000000000
100578  -43.724  19.847  12.313 0.0000000000
100582  -44.124  20.384  12.019 0.0000000000
100586  -47.938  19.582  11.507 0.0000000000
100652  -49.451  19.728  7.327 0.0000000000
100653  -49.938  19.610  7.156 0.0000000000
100669  -50.229  19.741  7.108 0.0000000000
100682  -45.700  19.687  5.053 0.0000000000
100699  -47.571  19.534  4.627 0.0000000000
100700  -48.553  19.612  4.277 0.0000000000
100701  -49.004  19.730  4.241 0.0000000000
100739  -47.845  19.243  1.869 0.0000000000
100754  -45.471  19.737  0.803 0.0000000000
100755  -45.837  19.585  0.752 0.0000000000
100758  -47.768  18.664  1.851 0.0000000000
100769  -47.109  18.237  0.702 0.0000000000
100776  -45.782  19.552  -1.664 0.0000000000
100782  -42.472  19.108  -1.715 0.0000000000
100784  -45.789  19.662  -1.852 0.0000000000
100790  -44.093  19.462  -2.727 0.0000000000
100792  -45.369  19.842  -3.260 0.0000000000
100796  -45.078  20.095  -3.689 0.0000000000
101352  -44.021  21.620  12.611 0.0000000000
101369  -46.211  21.744  11.071 0.0000000000
101391  -48.465  19.769  7.831 0.0000000000
101426  -46.606  20.070  6.416 0.0000000000
101481  -43.131  20.098  3.996 0.0000000000
101491  -45.779  20.178  1.933 0.0000000000
101502  -44.523  20.390  0.869 0.0000000000
101515  -45.295  19.834  -0.138 0.0000000000
101524  -45.718  19.501  -1.278 0.0000000000
101540  -45.477  20.699  -2.910 0.0000000000
101541  -45.515  20.681  -3.519 0.0000000000
101547  -45.105  20.753  -4.147 0.0000000000
101548  -45.527  20.986  -4.082 0.0000000000
101553  -45.244  21.061  -4.233 0.0000000000
101554  -45.413  21.329  -4.218 0.0000000000
102082  -46.464  22.428  11.140 0.0000000000
102100  -50.277  20.580  8.669 0.0000000000
102113  -49.123  22.381  6.393 0.0000000000
102148  -49.388  20.892  3.363 0.0000000000
102164  -49.255  20.950  2.908 0.0000000000
102180  -43.372  21.722  -0.040 0.0000000000
102204  -44.243  20.885  -3.763 0.0000000000
102206  -45.716  21.429  -3.865 0.0000000000
102210  -44.093  21.755  -4.136 0.0000000000
102212  -44.984  21.342  -4.380 0.0000000000
102213  -45.557  21.577  -4.122 0.0000000000
102219  -45.357  21.685  -4.289 0.0000000000
102715  -44.395  22.825  12.843 0.0000000000
102725  -46.599  23.416  11.583 0.0000000000
102741  -42.892  22.855  8.176 0.0000000000
102743  -43.852  22.860  8.285 0.0000000000
102745  -49.452  22.035  9.351 0.0000000000
102752  -42.895  22.839  7.891 0.0000000000
102753  -43.377  22.812  7.572 0.0000000000
102754  -44.226  22.817  7.815 0.0000000000
102765  -44.468  22.825  7.329 0.0000000000
102777  -46.404  22.634  4.971 0.0000000000
102792  -47.452  22.387  4.203 0.0000000000
102810  -49.246  21.575  3.823 0.0000000000
102843  -43.686  21.848  -0.872 0.0000000000
102849  -43.876  22.919  -1.574 0.0000000000
102850  -44.215  22.285  -1.682 0.0000000000
102851  -44.865  22.198  -2.287 0.0000000000
102867  -44.472  22.110  -4.428 0.0000000000
102868  -44.743  21.676  -4.416 0.0000000000
102869  -45.657  22.070  -4.063 0.0000000000
102878  -44.786  22.371  -4.486 0.0000000000
102879  -45.075  21.996  -4.519 0.0000000000
102880  -45.465  22.079  -4.251 0.0000000000
103427  -41.495  23.961  12.681 0.0000000000
103434  -45.726  24.115  12.470 0.0000000000
103435  -46.589  24.524  12.231 0.0000000000
103437  -48.006  24.684  11.207 0.0000000000
103450  -44.128  24.389  10.678 0.0000000000
103538  -48.485  23.323  5.830 0.0000000000
103593  -42.968  23.366  -0.972 0.0000000000
103599  -43.599  23.411  -1.547 0.0000000000
103610  -44.725  23.505  -2.152 0.0000000000
103620  -43.478  23.246  -3.963 0.0000000000
103621  -44.388  23.062  -4.412 0.0000000000
103622  -44.854  23.379  -4.466 0.0000000000
103623  -45.782  22.756  -4.029 0.0000000000
103640  -44.642  22.581  -4.460 0.0000000000
104254  -43.484  26.166  11.964 0.0000000000
104257  -46.885  25.624  11.961 0.0000000000
104258  -47.611  25.405  11.238 0.0000000000
104274  -46.751  25.616  10.241 0.0000000000
104289  -46.934  24.917  9.501 0.0000000000
104305  -47.809  24.658  8.348 0.0000000000
104319  -47.978  24.661  7.621 0.0000000000
104320  -48.172  24.468  7.621 0.0000000000
104395  -43.705  24.917  -1.335 0.0000000000
104406  -45.990  24.645  -2.541 0.0000000000
104423  -44.943  23.870  -2.287 0.0000000000
104460  -45.175  23.624  -4.461 0.0000000000
104461  -45.551  23.249  -4.267 0.0000000000
105023  -42.879  26.087  13.047 0.0000000000
105024  -43.745  26.190  12.983 0.0000000000
105025  -44.180  26.213  12.733 0.0000000000
105038  -44.200  26.287  12.528 0.0000000000
105040  -47.095  25.913  11.273 0.0000000000
105041  -47.353  25.749  10.891 0.0000000000
105049  -46.734  25.913  10.909 0.0000000000
105051  -47.349  25.740  10.646 0.0000000000
105104  -39.822  25.547  5.382 0.0000000000
105112  -39.588  26.111  5.046 0.0000000000
105132  -40.388  25.809  3.188 0.0000000000
105185  -46.631  25.805  -2.299 0.0000000000
105216  -46.331  25.221  -3.214 0.0000000000
105816  -38.030  27.014  6.712 0.0000000000
105827  -39.205  26.837  5.309 0.0000000000
105843  -39.723  26.668  4.012 0.0000000000
105856  -40.535  26.689  2.664 0.0000000000
105882  -42.774  26.999  0.173 0.0000000000
105895  -44.573  26.497  -0.905 0.0000000000
105898  -47.323  26.646  -1.084 0.0000000000
105909  -45.188  26.060  -1.339 0.0000000000
105924  -47.151  27.004  -2.072 0.0000000000
106490  -39.299  27.656  4.872 0.0000000000
106526  -40.872  27.606  2.413 0.0000000000
106527  -41.343  27.623  1.897 0.0000000000
106537  -42.509  28.077  1.183 0.0000000000
106546  -42.059  27.228  0.896 0.0000000000
106549  -47.517  27.792  -0.277 0.0000000000
106562  -47.506  27.432  -0.924 0.0000000000
106573  -46.999  27.680  -1.820 0.0000000000
106574  -47.259  27.410  -1.663 0.0000000000
106586  -47.128  27.221  -1.951 0.0000000000
106604  -43.415  26.981  -3.652 0.0000000000
107112  -37.644  28.499  6.556 0.0000000000
107148  -39.832  28.162  3.895 0.0000000000
107158  -40.772  28.178  2.752 0.0000000000
107167  -41.784  28.142  1.731 0.0000000000
107183  -47.847  28.337  -0.213 0.0000000000
107197  -47.580  28.171  -0.672 0.0000000000
107211  -47.110  28.124  -1.523 0.0000000000
107251  -44.908  28.013  -3.899 0.0000000000
107757  -37.905  29.419  6.373 0.0000000000
107786  -39.877  29.339  4.410 0.0000000000
107800  -40.886  29.081  3.308 0.0000000000
107803  -44.163  29.957  3.228 0.0000000000
107815  -41.843  29.241  2.472 0.0000000000
107819  -46.223  29.680  2.815 0.0000000000
107830  -43.249  29.449  1.970 0.0000000000
107844  -45.544  29.206  1.335 0.0000000000
107861  -46.689  29.733  -1.330 0.0000000000
107862  -46.965  29.575  -1.117 0.0000000000
107863  -47.631  29.045  -0.541 0.0000000000
107881  -46.459  29.570  -1.571 0.0000000000
107883  -47.433  28.418  -1.013 0.0000000000
108393  -36.731  29.894  7.768 0.0000000000
108421  -45.536  30.318  5.602 0.0000000000
108434  -39.752  29.750  4.837 0.0000000000
108454  -42.673  30.119  3.288 0.0000000000
108466  -43.070  29.970  2.845 0.0000000000
108498  -47.904  29.358  -0.015 0.0000000000
108548  -46.524  30.382  -1.290 0.0000000000
108569  -45.508  30.439  -2.439 0.0000000000
108999  -33.946  30.936  10.602 0.0000000000
109013  -35.374  31.242  9.842 0.0000000000
109028  -37.756  31.193  8.660 0.0000000000
