#!ascii label  , from subject 3376 vox2ras=TkReg
260
31094  47.497  -54.863  -14.266 0.0000000000
22112  43.704  -64.174  -19.023 0.0000000000
28267  52.422  -58.515  -15.291 0.0000000000
28273  46.816  -58.568  -16.329 0.0000000000
23176  49.570  -63.016  -19.747 0.0000000000
25281  51.270  -60.726  -18.376 0.0000000000
23131  50.438  -63.398  -18.020 0.0000000000
24176  45.483  -62.065  -15.970 0.0000000000
28301  43.415  -58.336  -16.776 0.0000000000
30169  50.240  -56.364  -14.379 0.0000000000
28270  50.172  -57.811  -16.139 0.0000000000
24190  48.253  -61.817  -16.748 0.0000000000
23160  46.868  -63.328  -19.206 0.0000000000
21057  47.587  -65.298  -21.423 0.0000000000
29226  44.519  -57.460  -13.915 0.0000000000
28223  48.059  -57.912  -13.276 0.0000000000
27207  51.239  -59.475  -12.545 0.0000000000
30259  45.159  -55.401  -17.818 0.0000000000
23117  50.670  -63.189  -16.527 0.0000000000
23120  44.431  -62.973  -17.254 0.0000000000
24178  43.232  -61.901  -15.979 0.0000000000
29248  51.505  -57.482  -14.889 0.0000000000
28269  51.075  -57.952  -15.787 0.0000000000
24258  50.564  -62.005  -19.288 0.0000000000
25283  49.901  -60.994  -17.583 0.0000000000
24247  49.128  -62.024  -18.936 0.0000000000
24216  46.945  -62.726  -17.979 0.0000000000
24261  48.141  -62.872  -20.053 0.0000000000
22181  46.610  -64.850  -22.250 0.0000000000
27189  47.977  -59.916  -11.676 0.0000000000
28199  49.566  -58.677  -12.730 0.0000000000
27187  50.047  -60.184  -11.613 0.0000000000
28297  47.428  -57.696  -16.781 0.0000000000
29285  45.957  -57.036  -17.402 0.0000000000
29289  41.794  -57.542  -16.868 0.0000000000
30262  42.783  -55.948  -17.671 0.0000000000
26272  53.103  -60.003  -15.492 0.0000000000
27281  52.221  -59.407  -16.647 0.0000000000
24187  51.738  -61.480  -17.318 0.0000000000
23157  50.848  -62.512  -18.769 0.0000000000
23158  50.211  -63.268  -19.070 0.0000000000
26278  45.455  -60.284  -15.555 0.0000000000
28275  45.138  -58.541  -16.588 0.0000000000
26279  44.284  -60.332  -15.706 0.0000000000
28276  42.205  -59.239  -16.284 0.0000000000
21027  43.052  -65.363  -19.914 0.0000000000
30189  48.849  -55.479  -14.126 0.0000000000
29282  48.883  -56.546  -16.661 0.0000000000
28272  47.915  -58.474  -16.288 0.0000000000
26273  51.010  -59.506  -16.453 0.0000000000
26275  49.094  -60.085  -15.762 0.0000000000
26276  47.910  -60.271  -15.591 0.0000000000
24175  46.654  -61.958  -15.998 0.0000000000
24217  45.711  -62.894  -17.520 0.0000000000
23181  45.334  -64.099  -19.430 0.0000000000
23190  48.150  -64.109  -20.887 0.0000000000
23192  47.429  -63.829  -20.951 0.0000000000
22142  46.179  -64.440  -21.168 0.0000000000
22127  44.587  -64.531  -19.765 0.0000000000
30193  44.804  -55.906  -14.329 0.0000000000
30192  45.868  -56.020  -14.203 0.0000000000
28225  45.931  -57.972  -13.265 0.0000000000
30172  47.327  -56.345  -13.728 0.0000000000
29222  48.792  -56.999  -13.466 0.0000000000
28221  50.520  -57.983  -13.322 0.0000000000
27223  52.039  -59.120  -13.274 0.0000000000
26218  52.625  -60.510  -11.831 0.0000000000
26241  53.325  -60.294  -13.148 0.0000000000
30236  44.310  -56.484  -17.541 0.0000000000
31095  46.547  -54.977  -14.324 0.0000000000
32015  46.239  -54.208  -14.612 0.0000000000
32014  47.150  -54.209  -14.616 0.0000000000
23135  43.746  -63.206  -17.674 0.0000000000
24219  42.875  -62.781  -17.111 0.0000000000
28249  52.065  -57.991  -14.786 0.0000000000
29266  51.183  -57.456  -15.290 0.0000000000
28268  51.825  -58.110  -15.491 0.0000000000
24259  49.822  -62.212  -19.428 0.0000000000
24260  48.862  -62.581  -19.733 0.0000000000
19870  46.921  -66.219  -22.701 0.0000000000
27188  49.095  -60.044  -11.679 0.0000000000
29284  46.978  -56.848  -17.120 0.0000000000
28298  46.399  -57.836  -16.924 0.0000000000
30239  41.357  -56.461  -16.832 0.0000000000
25257  52.315  -60.798  -16.780 0.0000000000
24172  51.684  -61.723  -16.278 0.0000000000
23118  50.454  -63.447  -17.131 0.0000000000
23130  50.904  -62.788  -17.621 0.0000000000
22092  49.701  -63.948  -18.273 0.0000000000
25242  44.864  -61.268  -15.549 0.0000000000
26281  42.320  -60.389  -16.020 0.0000000000
26282  41.461  -60.350  -16.084 0.0000000000
28277  41.561  -59.005  -16.137 0.0000000000
30188  49.731  -55.616  -14.547 0.0000000000
31092  49.187  -54.881  -14.742 0.0000000000
31091  49.838  -55.323  -15.193 0.0000000000
28296  48.451  -57.498  -16.629 0.0000000000
28271  49.031  -58.250  -16.253 0.0000000000
26324  51.913  -60.407  -17.669 0.0000000000
27251  51.612  -58.965  -16.175 0.0000000000
26295  51.457  -59.921  -17.229 0.0000000000
25260  49.348  -61.109  -16.980 0.0000000000
25238  49.601  -60.558  -16.304 0.0000000000
25239  48.544  -61.146  -16.014 0.0000000000
25240  47.279  -61.218  -15.520 0.0000000000
24174  47.617  -61.749  -16.138 0.0000000000
24249  47.181  -62.992  -18.718 0.0000000000
23133  46.181  -63.228  -18.299 0.0000000000
23134  45.015  -63.285  -17.844 0.0000000000
23161  45.693  -63.698  -18.839 0.0000000000
19827  45.218  -66.962  -19.934 0.0000000000
19848  47.313  -65.883  -21.173 0.0000000000
19835  46.815  -66.143  -20.430 0.0000000000
22156  47.949  -64.624  -21.141 0.0000000000
23191  47.869  -63.745  -20.923 0.0000000000
22157  47.559  -64.694  -21.579 0.0000000000
22182  46.279  -64.872  -22.214 0.0000000000
22159  46.451  -64.658  -21.881 0.0000000000
21041  45.460  -64.916  -21.307 0.0000000000
22143  45.337  -64.674  -20.648 0.0000000000
29251  44.126  -56.736  -14.262 0.0000000000
29250  45.006  -56.700  -14.185 0.0000000000
28201  47.285  -58.662  -12.809 0.0000000000
28202  46.227  -58.658  -12.778 0.0000000000
28224  46.961  -57.921  -13.207 0.0000000000
29224  46.656  -57.147  -13.510 0.0000000000
29223  47.684  -57.108  -13.531 0.0000000000
28198  50.500  -58.878  -12.835 0.0000000000
27224  51.227  -58.717  -13.204 0.0000000000
25176  52.942  -61.058  -11.963 0.0000000000
26217  53.141  -60.611  -12.418 0.0000000000
27205  53.055  -60.078  -12.587 0.0000000000
27282  43.903  -58.922  -16.445 0.0000000000
28300  44.499  -58.258  -16.759 0.0000000000
29287  43.868  -57.435  -17.121 0.0000000000
24193  44.948  -62.683  -16.807 0.0000000000
24177  44.304  -62.100  -15.935 0.0000000000
30168  50.663  -56.560  -14.744 0.0000000000
30187  50.434  -55.974  -15.141 0.0000000000
29249  50.930  -56.872  -14.993 0.0000000000
25304  50.847  -61.091  -18.816 0.0000000000
25258  50.871  -60.408  -17.827 0.0000000000
24213  50.047  -61.175  -18.459 0.0000000000
24214  49.528  -61.392  -18.085 0.0000000000
24189  48.841  -61.611  -17.276 0.0000000000
24215  48.315  -62.159  -17.870 0.0000000000
24248  47.864  -62.592  -19.175 0.0000000000
23159  47.608  -63.116  -19.917 0.0000000000
21079  47.230  -65.372  -22.135 0.0000000000
21080  46.658  -65.432  -22.791 0.0000000000
28200  48.408  -58.650  -12.781 0.0000000000
27209  48.755  -59.370  -12.245 0.0000000000
27208  49.984  -59.513  -12.212 0.0000000000
26220  50.774  -60.005  -11.860 0.0000000000
30234  46.530  -55.884  -17.348 0.0000000000
30235  45.397  -55.982  -17.607 0.0000000000
28302  42.338  -58.543  -16.568 0.0000000000
29288  42.809  -57.620  -17.156 0.0000000000
30238  42.292  -56.773  -17.373 0.0000000000
30263  41.955  -56.053  -17.527 0.0000000000
27249  52.926  -59.253  -15.344 0.0000000000
27250  52.415  -58.855  -15.992 0.0000000000
26293  52.813  -60.050  -16.316 0.0000000000
26294  52.418  -60.013  -17.098 0.0000000000
25280  51.889  -61.000  -17.724 0.0000000000
24211  51.695  -61.386  -17.761 0.0000000000
24212  51.427  -61.720  -18.044 0.0000000000
24245  51.019  -61.513  -18.946 0.0000000000
23175  50.293  -62.599  -19.362 0.0000000000
27256  46.134  -59.389  -15.871 0.0000000000
28274  45.785  -58.600  -16.457 0.0000000000
27257  44.850  -59.256  -16.167 0.0000000000
27258  43.671  -59.613  -16.099 0.0000000000
25243  43.749  -61.237  -15.670 0.0000000000
27259  42.706  -59.668  -16.164 0.0000000000
27284  42.584  -59.150  -16.372 0.0000000000
28303  41.313  -58.198  -16.341 0.0000000000
22128  43.434  -64.719  -19.433 0.0000000000
31093  48.375  -54.831  -14.352 0.0000000000
32013  47.992  -54.285  -14.680 0.0000000000
32012  48.624  -54.458  -14.785 0.0000000000
27252  50.672  -58.860  -15.981 0.0000000000
25259  50.327  -60.498  -17.013 0.0000000000
26274  50.233  -59.946  -16.103 0.0000000000
27253  49.633  -59.053  -15.913 0.0000000000
27254  48.485  -59.297  -15.881 0.0000000000
27255  47.317  -59.396  -15.819 0.0000000000
26277  46.683  -60.303  -15.479 0.0000000000
25241  46.055  -61.254  -15.470 0.0000000000
24191  47.312  -62.196  -16.902 0.0000000000
24192  46.157  -62.458  -16.836 0.0000000000
23119  44.850  -62.969  -17.322 0.0000000000
23162  44.457  -63.806  -18.713 0.0000000000
22110  49.460  -63.760  -19.384 0.0000000000
19836  45.913  -67.077  -20.896 0.0000000000
22124  48.732  -64.261  -20.029 0.0000000000
23177  48.571  -63.348  -20.346 0.0000000000
23178  47.805  -63.334  -20.505 0.0000000000
23179  47.062  -63.587  -20.331 0.0000000000
22158  47.082  -64.308  -21.569 0.0000000000
22141  46.878  -63.992  -20.960 0.0000000000
23180  46.230  -63.933  -19.735 0.0000000000
21026  43.935  -65.161  -20.083 0.0000000000
31098  43.421  -54.981  -14.406 0.0000000000
30194  43.794  -55.880  -14.340 0.0000000000
31097  44.503  -54.983  -14.384 0.0000000000
31096  45.537  -55.028  -14.393 0.0000000000
30191  46.938  -55.679  -14.003 0.0000000000
29225  45.627  -57.135  -13.738 0.0000000000
30173  46.482  -56.466  -13.817 0.0000000000
30190  47.895  -55.522  -13.952 0.0000000000
30171  48.328  -56.244  -13.738 0.0000000000
30170  49.361  -56.215  -13.918 0.0000000000
28222  49.231  -57.829  -13.155 0.0000000000
29221  49.951  -56.969  -13.613 0.0000000000
29220  50.956  -57.205  -14.303 0.0000000000
28220  51.792  -58.171  -13.927 0.0000000000
28248  52.536  -58.619  -14.598 0.0000000000
27206  52.384  -59.762  -12.514 0.0000000000
27222  52.973  -59.542  -13.389 0.0000000000
27234  52.920  -59.243  -14.320 0.0000000000
28299  45.445  -57.960  -16.959 0.0000000000
29286  44.907  -57.239  -17.305 0.0000000000
30237  43.296  -56.700  -17.471 0.0000000000
30261  43.763  -55.800  -17.773 0.0000000000
18715  44.514  -67.661  -20.256 0.0000000000
21038  47.979  -64.991  -20.967 0.0000000000
21056  47.811  -64.925  -21.312 0.0000000000
21058  45.931  -64.871  -21.921 0.0000000000
22125  46.451  -64.071  -20.504 0.0000000000
22126  45.702  -64.331  -20.202 0.0000000000
22180  47.076  -64.865  -22.148 0.0000000000
23132  46.816  -63.122  -18.535 0.0000000000
23163  43.250  -63.706  -18.392 0.0000000000
23200  47.809  -64.357  -21.234 0.0000000000
23201  47.673  -64.153  -21.258 0.0000000000
23202  47.525  -63.974  -21.183 0.0000000000
24179  42.647  -61.685  -16.040 0.0000000000
24218  45.112  -62.962  -17.371 0.0000000000
24246  50.238  -61.379  -18.891 0.0000000000
25175  53.178  -60.849  -12.356 0.0000000000
25237  50.073  -60.384  -16.413 0.0000000000
25244  42.736  -61.172  -15.827 0.0000000000
25256  52.697  -60.488  -15.819 0.0000000000
25261  48.742  -61.450  -16.712 0.0000000000
25282  50.375  -60.913  -18.196 0.0000000000
25305  50.690  -60.958  -18.662 0.0000000000
26280  43.230  -60.398  -15.851 0.0000000000
26296  50.793  -59.950  -16.718 0.0000000000
26323  52.168  -60.523  -17.393 0.0000000000
27260  41.867  -59.734  -16.132 0.0000000000
27279  52.945  -59.695  -15.917 0.0000000000
27280  52.720  -59.511  -16.304 0.0000000000
27283  43.099  -59.077  -16.456 0.0000000000
28219  52.500  -58.930  -13.905 0.0000000000
29219  51.609  -57.692  -14.487 0.0000000000
29281  49.534  -56.399  -16.445 0.0000000000
31090  50.065  -55.567  -15.371 0.0000000000
31158  45.492  -55.059  -17.706 0.0000000000
32038  48.945  -54.482  -15.116 0.0000000000
