#!ascii label  , from subject 4065 vox2ras=TkReg
1076
76059  -22.502  -14.794  -18.761 0.5555555820
76082  -22.947  -14.293  -18.796 0.6666666865
77037  -24.001  -13.567  -19.253 0.7777777910
78008  -23.654  -11.948  -19.743 0.8888888955
77990  -26.321  -12.673  -20.117 0.8888888955
75108  -21.290  -15.717  -18.132 0.5555555820
76058  -21.628  -14.825  -18.654 0.5555555820
77035  -22.106  -13.362  -19.543 0.6666666865
77038  -25.194  -13.660  -19.375 0.8888888955
78009  -24.328  -12.020  -19.533 0.8888888955
79789  -25.494  -10.654  -19.402 1.0000000000
78916  -26.856  -11.747  -19.833 0.8888888955
79791  -27.169  -10.791  -19.744 1.0000000000
77960  -21.560  -12.898  -19.252 0.7777777910
78932  -22.780  -11.406  -20.207 1.0000000000
79807  -22.590  -10.401  -20.511 1.0000000000
78933  -23.438  -11.253  -20.020 1.0000000000
80719  -24.578  -9.684  -20.174 1.0000000000
79808  -23.300  -10.504  -20.529 1.0000000000
80697  -25.198  -9.794  -19.613 1.0000000000
80718  -23.864  -9.610  -20.679 1.0000000000
81642  -24.899  -9.026  -19.613 1.0000000000
81643  -25.725  -9.099  -19.461 1.0000000000
81667  -27.672  -8.961  -19.679 1.0000000000
81665  -25.425  -8.232  -19.812 1.0000000000
81666  -26.526  -8.410  -19.576 1.0000000000
82665  -27.460  -7.589  -19.658 1.0000000000
82666  -28.721  -7.800  -20.166 0.7777777910
80696  -21.521  -9.414  -19.951 0.8888888955
81664  -24.445  -8.533  -20.352 1.0000000000
81662  -22.688  -8.500  -20.922 1.0000000000
82663  -25.037  -7.196  -20.404 1.0000000000
82664  -26.245  -7.360  -19.949 1.0000000000
83615  -27.060  -6.440  -19.770 1.0000000000
83616  -28.287  -6.621  -19.785 1.0000000000
83617  -29.077  -6.658  -20.454 0.8888888955
84584  -28.984  -5.690  -20.059 1.0000000000
84585  -29.482  -5.834  -20.914 0.7777777910
84595  -29.763  -5.839  -21.756 0.7777777910
82659  -21.386  -7.412  -20.287 0.5555555820
83628  -22.581  -6.014  -21.436 0.7777777910
82660  -22.231  -7.233  -21.151 0.8888888955
83612  -24.549  -6.734  -21.121 1.0000000000
82682  -24.139  -6.773  -21.307 0.8888888955
83613  -25.256  -6.170  -21.248 1.0000000000
83614  -25.885  -6.245  -20.131 1.0000000000
84583  -27.851  -5.553  -19.885 1.0000000000
85575  -28.525  -4.663  -20.122 1.0000000000
85577  -30.244  -4.227  -21.085 0.7777777910
85600  -29.890  -4.916  -23.357 0.6666666865
86577  -30.308  -3.764  -23.023 0.6666666865
84570  -21.269  -5.479  -20.150 0.4444444478
83627  -21.957  -5.831  -21.298 0.7777777910
84590  -22.234  -5.105  -21.544 0.6666666865
84608  -23.970  -4.849  -22.270 0.7777777910
84592  -23.779  -5.308  -22.111 0.8888888955
84594  -25.142  -5.156  -21.335 0.8888888955
84582  -26.692  -5.403  -20.028 1.0000000000
85572  -25.568  -4.415  -20.914 1.0000000000
85573  -26.417  -4.509  -20.471 1.0000000000
85574  -27.410  -4.576  -20.114 1.0000000000
86554  -27.967  -3.699  -20.087 0.8888888955
86555  -29.053  -3.704  -20.202 0.7777777910
86556  -29.960  -3.591  -20.666 0.7777777910
125934  -29.962  -4.143  -23.944 0.5555555820
125938  -30.502  -2.911  -22.486 0.7777777910
125939  -30.284  -2.886  -23.151 0.6666666865
85583  -22.527  -4.153  -21.803 0.6666666865
85582  -21.884  -4.256  -21.164 0.6666666865
84606  -23.188  -4.488  -22.311 0.7777777910
85597  -22.978  -4.073  -22.334 0.7777777910
85599  -23.954  -4.279  -22.153 0.8888888955
85585  -24.925  -4.288  -21.461 0.8888888955
86565  -24.728  -3.460  -21.606 1.0000000000
86551  -25.349  -3.537  -21.152 1.0000000000
86552  -26.040  -3.631  -20.640 1.0000000000
86553  -26.936  -3.671  -20.271 0.8888888955
87464  -28.423  -2.768  -19.931 0.8888888955
87465  -29.409  -2.673  -20.197 0.8888888955
88344  -27.819  -1.851  -19.656 0.8888888955
88345  -28.820  -1.845  -19.678 0.7777777910
88347  -30.196  -1.618  -21.353 0.7777777910
125936  -29.744  -2.933  -24.245 0.6666666865
86563  -22.122  -3.273  -21.457 0.6666666865
86562  -21.462  -3.364  -20.840 0.5555555820
86574  -22.776  -3.099  -21.982 0.7777777910
86575  -23.346  -3.309  -22.162 0.8888888955
87473  -24.473  -2.768  -21.818 0.8888888955
87474  -25.177  -2.556  -21.431 1.0000000000
88343  -26.752  -1.794  -19.878 1.0000000000
87463  -27.356  -2.788  -19.899 0.8888888955
88346  -29.644  -1.510  -20.329 0.7777777910
89256  -30.447  -0.623  -21.692 0.7777777910
88357  -30.084  -1.892  -22.788 0.6666666865
88390  -29.206  -1.431  -24.892 0.5555555820
125942  -29.322  -2.202  -25.094 0.5555555820
87472  -22.240  -2.308  -21.770 0.7777777910
87483  -23.199  -2.376  -22.395 0.8888888955
88355  -24.628  -1.805  -21.911 1.0000000000
88356  -25.241  -1.728  -21.455 1.0000000000
89241  -27.340  -0.738  -19.636 0.8888888955
90167  -27.638  0.289  -19.604 0.8888888955
88333  -29.046  -0.990  -19.604 0.8888888955
90169  -30.411  0.178  -20.886 0.7777777910
90185  -30.492  0.707  -21.828 0.7777777910
89264  -30.192  -0.368  -22.777 0.7777777910
88376  -29.589  -0.921  -23.824 0.5555555820
91071  -28.997  1.137  -19.947 0.7777777910
90202  -29.672  0.563  -23.864 0.5555555820
89286  -29.086  -0.403  -24.716 0.5555555820
90194  -30.125  0.666  -23.066 0.6666666865
89237  -20.343  -0.653  -20.033 0.4444444478
88353  -21.780  -1.456  -21.494 0.5555555820
89261  -22.670  -0.489  -22.325 0.7777777910
89263  -23.841  -1.094  -22.387 1.0000000000
88363  -22.943  -1.444  -22.527 0.8888888955
89254  -24.212  -0.653  -22.116 1.0000000000
89239  -25.611  -0.577  -20.546 0.8888888955
90165  -26.022  0.248  -20.239 0.8888888955
90166  -26.894  0.262  -19.829 0.8888888955
91069  -27.930  0.755  -19.416 0.8888888955
90184  -30.484  1.378  -21.237 0.6666666865
91121  -29.413  0.939  -24.247 0.5555555820
91109  -22.503  1.603  -22.399 0.6666666865
90180  -22.269  0.500  -22.135 0.6666666865
91110  -23.516  1.494  -22.328 0.7777777910
91098  -24.983  1.190  -21.064 0.8888888955
91097  -24.123  1.326  -21.691 0.7777777910
91079  -25.693  1.117  -20.429 0.8888888955
92034  -25.473  2.021  -20.572 0.7777777910
91080  -26.420  1.176  -19.811 0.8888888955
92020  -26.672  2.332  -19.610 0.7777777910
91081  -27.532  1.290  -19.436 0.7777777910
91082  -28.564  1.797  -19.633 0.6666666865
93004  -27.081  3.653  -19.801 0.6666666865
92022  -28.869  2.849  -19.928 0.6666666865
92023  -29.812  2.833  -20.668 0.6666666865
91099  -30.417  1.947  -20.849 0.5555555820
93006  -29.184  3.979  -20.436 0.6666666865
93021  -29.878  3.696  -21.499 0.5555555820
92049  -29.995  2.534  -23.001 0.5555555820
91122  -29.817  1.591  -23.845 0.4444444478
93032  -29.939  3.195  -22.338 0.5555555820
93016  -20.989  3.883  -21.762 0.3333333433
92045  -22.211  2.785  -22.283 0.5555555820
92046  -23.078  2.655  -22.464 0.6666666865
93030  -23.459  3.648  -22.229 0.5555555820
92047  -23.892  2.573  -22.181 0.7777777910
92032  -24.293  2.668  -21.657 0.7777777910
93919  -25.116  3.647  -20.511 0.6666666865
93020  -25.732  2.733  -20.355 0.6666666865
93018  -24.390  3.049  -20.898 0.6666666865
93003  -26.306  3.120  -20.131 0.6666666865
92993  -27.737  4.174  -19.604 0.6666666865
93903  -28.820  4.785  -19.930 0.6666666865
93932  -29.531  4.810  -22.070 0.5555555820
93921  -29.477  4.806  -21.135 0.6666666865
93929  -21.617  4.373  -22.042 0.4444444478
93915  -21.216  4.748  -21.338 0.4444444478
93941  -21.954  4.198  -22.263 0.4444444478
94772  -21.989  5.471  -21.822 0.5555555820
93044  -22.326  4.028  -22.378 0.5555555820
93917  -23.708  4.599  -21.411 0.6666666865
93017  -24.012  3.424  -21.604 0.6666666865
93918  -24.337  4.014  -20.851 0.6666666865
93901  -26.424  4.276  -20.306 0.6666666865
93889  -27.447  4.572  -19.661 0.6666666865
94760  -29.271  5.703  -20.744 0.6666666865
94774  -29.579  5.737  -21.807 0.5555555820
94771  -21.570  5.544  -21.381 0.4444444478
94773  -23.757  5.597  -21.134 0.6666666865
94756  -24.918  5.575  -20.616 0.6666666865
93900  -25.136  4.639  -20.532 0.6666666865
94744  -27.923  5.541  -19.670 0.6666666865
77987  -23.172  -12.491  -19.802 0.8888888955
77986  -22.309  -12.688  -19.696 1.0000000000
79809  -24.070  -10.591  -20.102 1.0000000000
80698  -25.999  -9.944  -19.551 1.0000000000
84580  -21.633  -5.241  -20.952 0.5555555820
87471  -21.619  -2.425  -21.224 0.5555555820
89250  -20.560  -0.215  -20.601 0.5555555820
87482  -22.665  -2.144  -22.272 0.7777777910
89255  -25.064  -0.851  -21.340 1.0000000000
90155  -28.959  0.477  -19.754 0.8888888955
90153  -20.133  -0.074  -19.744 0.2222222239
91112  -30.307  1.629  -22.580 0.6666666865
92033  -24.688  2.166  -21.231 0.7777777910
93931  -23.038  4.650  -22.216 0.6666666865
85571  -21.192  -4.371  -20.298 0.4444444478
93943  -29.756  5.754  -23.259 0.5555555820
93045  -29.625  4.198  -23.867 0.5555555820
93914  -20.974  4.883  -20.653 0.2222222239
93916  -21.706  4.960  -21.859 0.3333333433
74117  -22.953  -16.814  -18.429 0.5555555820
75110  -23.228  -15.836  -18.654 0.5555555820
76083  -23.784  -14.550  -19.008 0.5555555820
77039  -26.186  -13.673  -19.809 0.7777777910
74116  -22.010  -16.718  -17.954 0.5555555820
76084  -24.861  -14.640  -19.444 0.6666666865
77991  -26.765  -12.349  -20.277 0.7777777910
78936  -27.456  -11.828  -20.648 0.7777777910
79810  -27.737  -10.791  -20.350 0.8888888955
75083  -20.851  -16.015  -17.603 0.4444444478
76989  -20.619  -13.616  -17.697 0.5555555820
80700  -27.390  -9.982  -19.979 1.0000000000
77959  -20.862  -12.711  -18.343 0.2222222239
78887  -21.048  -11.944  -18.931 0.6666666865
82683  -28.926  -8.359  -20.735 0.8888888955
82684  -29.231  -7.822  -21.315 0.6666666865
83632  -29.493  -6.728  -21.346 0.7777777910
83633  -29.704  -6.460  -22.248 0.6666666865
79787  -21.053  -10.374  -19.741 0.5555555820
84596  -29.510  -5.760  -22.806 0.6666666865
81641  -21.090  -8.445  -19.750 0.4444444478
125935  -30.160  -3.955  -24.567 0.5555555820
83597  -20.327  -6.510  -19.220 0.2222222239
85565  -20.985  -4.952  -19.796 0.4444444478
125943  -29.653  -2.563  -25.628 0.5555555820
86543  -20.192  -3.519  -19.005 0.3333333433
88403  -29.603  -2.010  -26.095 0.5555555820
88340  -20.742  -1.600  -20.186 0.4444444478
89314  -28.857  -0.369  -26.598 0.4444444478
89226  -20.162  -0.424  -19.400 0.3333333433
90231  -28.511  0.308  -25.906 0.5555555820
91138  -29.005  1.257  -24.900 0.4444444478
92030  -20.537  3.043  -21.300 0.3333333433
91094  -21.172  1.829  -21.441 0.4444444478
92062  -29.605  2.954  -24.001 0.4444444478
92061  -29.172  3.766  -24.609 0.4444444478
93057  -28.849  5.208  -25.291 0.2222222239
95700  -22.279  6.070  -21.608 0.6666666865
94755  -24.269  5.643  -20.836 0.6666666865
94757  -25.665  5.441  -20.055 0.6666666865
95660  -26.825  6.094  -19.423 0.6666666865
95661  -27.559  6.413  -19.673 0.6666666865
95662  -28.342  6.397  -20.003 0.6666666865
94746  -29.084  6.105  -20.413 0.6666666865
95689  -23.604  6.465  -21.427 0.5555555820
75109  -22.214  -15.797  -18.530 0.5555555820
75126  -23.850  -15.421  -18.789 0.6666666865
77010  -22.491  -14.111  -18.998 0.6666666865
77036  -22.795  -13.626  -19.349 0.7777777910
78934  -23.980  -11.413  -19.741 1.0000000000
77988  -24.254  -12.717  -19.543 0.8888888955
78007  -23.209  -11.776  -19.949 1.0000000000
78915  -25.952  -11.717  -19.109 1.0000000000
77989  -25.331  -12.584  -19.396 0.8888888955
75107  -20.709  -15.366  -17.626 0.4444444478
76057  -20.964  -14.657  -17.986 0.5555555820
77008  -21.264  -13.787  -18.545 0.6666666865
77009  -21.970  -13.992  -19.225 0.6666666865
78914  -24.777  -11.328  -19.442 1.0000000000
79790  -26.393  -10.808  -19.426 1.0000000000
78917  -27.330  -11.300  -20.107 1.0000000000
81645  -27.095  -9.579  -19.718 1.0000000000
78913  -22.512  -12.047  -19.921 1.0000000000
78912  -21.780  -11.541  -19.755 0.8888888955
78931  -22.260  -10.946  -20.206 0.8888888955
79806  -21.865  -10.382  -20.217 0.8888888955
79788  -24.761  -10.393  -19.733 1.0000000000
80717  -23.036  -9.563  -20.953 1.0000000000
81663  -23.532  -8.549  -20.860 1.0000000000
81644  -26.616  -9.329  -19.565 1.0000000000
81668  -28.658  -8.965  -20.374 0.8888888955
82667  -29.194  -7.258  -20.768 0.7777777910
80716  -22.289  -9.453  -20.488 1.0000000000
82662  -24.052  -7.455  -20.961 1.0000000000
85586  -29.835  -5.329  -21.284 0.7777777910
82645  -20.628  -7.479  -19.543 0.5555555820
81661  -21.917  -8.412  -20.370 0.7777777910
83611  -22.045  -6.380  -21.276 0.7777777910
82680  -22.989  -6.759  -21.501 0.8888888955
83629  -23.399  -5.957  -21.627 0.8888888955
82661  -23.175  -7.610  -21.303 0.8888888955
82681  -23.674  -6.787  -21.421 1.0000000000
83630  -24.295  -6.084  -21.635 0.8888888955
85576  -29.649  -4.759  -20.669 0.7777777910
85587  -29.849  -4.758  -21.968 0.7777777910
85614  -30.153  -4.934  -24.168 0.5555555820
84569  -20.702  -5.559  -19.531 0.3333333433
83598  -21.008  -6.460  -19.888 0.3333333433
83610  -21.627  -6.310  -20.763 0.4444444478
84591  -22.962  -5.030  -22.170 0.7777777910
84593  -24.432  -4.984  -21.872 0.8888888955
84581  -25.820  -5.326  -20.697 1.0000000000
87475  -30.485  -2.484  -21.803 0.7777777910
86576  -23.746  -3.560  -22.160 0.8888888955
87462  -26.384  -2.761  -20.308 1.0000000000
125940  -29.596  -1.915  -24.126 0.6666666865
85570  -20.662  -3.899  -19.951 0.4444444478
87484  -23.950  -2.573  -22.341 0.8888888955
88342  -25.721  -1.743  -20.667 1.0000000000
89242  -29.824  -0.730  -20.264 0.7777777910
89301  -28.729  -0.405  -25.756 0.5555555820
88402  -29.164  -1.536  -25.909 0.5555555820
87460  -21.055  -2.481  -20.575 0.5555555820
88354  -22.379  -1.402  -22.094 0.6666666865
88364  -23.581  -1.604  -22.470 0.8888888955
88332  -28.252  -1.018  -19.552 0.8888888955
90156  -29.694  0.531  -20.373 0.8888888955
89272  -29.548  -0.104  -24.116 0.6666666865
90201  -29.216  0.409  -24.501 0.5555555820
89238  -20.838  -0.898  -20.554 0.5555555820
89252  -22.057  -0.453  -21.698 0.5555555820
89262  -23.424  -0.569  -22.409 1.0000000000
89253  -23.742  -0.123  -22.174 0.7777777910
90183  -25.215  0.223  -20.742 0.8888888955
90181  -23.901  0.348  -21.891 0.7777777910
91137  -28.544  0.944  -25.457 0.5555555820
91095  -21.761  1.290  -22.087 0.5555555820
91108  -21.788  2.073  -22.076 0.4444444478
90192  -22.981  0.488  -22.528 0.7777777910
89251  -21.175  -0.475  -21.148 0.7777777910
90179  -21.446  0.563  -21.641 0.6666666865
91111  -24.056  1.902  -22.182 0.7777777910
91096  -23.705  0.911  -22.014 0.7777777910
92019  -26.039  1.818  -20.083 0.7777777910
92035  -26.035  2.413  -20.140 0.6666666865
92021  -27.834  2.675  -19.423 0.6666666865
93005  -28.229  3.938  -19.528 0.6666666865
93022  -30.155  3.009  -21.769 0.5555555820
92037  -30.252  2.474  -22.080 0.5555555820
93046  -29.790  3.393  -23.165 0.4444444478
91139  -29.327  2.267  -24.690 0.4444444478
93031  -29.739  4.162  -22.679 0.5555555820
92031  -21.353  2.895  -21.946 0.4444444478
93028  -21.878  3.738  -22.220 0.5555555820
93890  -28.141  4.840  -19.638 0.6666666865
93904  -29.171  4.906  -20.461 0.6666666865
93930  -22.217  4.591  -22.270 0.5555555820
94783  -22.557  5.381  -21.819 0.6666666865
93888  -27.014  4.767  -19.653 0.6666666865
94758  -26.520  5.378  -19.516 0.6666666865
90164  -20.127  0.222  -20.193 0.3333333433
85564  -20.507  -4.435  -19.466 0.4444444478
86549  -20.407  -3.405  -19.648 0.4444444478
77053  -26.484  -13.487  -20.397 0.6666666865
74115  -21.260  -16.433  -17.717 0.4444444478
74096  -21.438  -17.041  -17.539 0.5555555820
80720  -28.111  -9.835  -20.333 0.7777777910
83645  -29.594  -7.131  -22.090 0.6666666865
78911  -20.915  -10.990  -18.966 0.7777777910
82644  -20.202  -7.487  -18.751 0.1111111119
87454  -20.214  -2.626  -19.095 0.3333333433
87459  -20.588  -2.500  -19.847 0.3333333433
90177  -20.057  1.409  -20.547 0.3333333433
95678  -29.377  6.582  -20.637 0.6666666865
126241  -29.833  6.835  -22.355 0.4444444478
73147  -26.322  -17.517  -20.047 0.4444444478
72216  -27.168  -17.746  -19.718 0.2222222239
73121  -23.536  -17.928  -19.031 0.4444444478
73122  -24.109  -17.509  -19.145 0.4444444478
75111  -24.163  -16.178  -18.712 0.4444444478
74133  -24.641  -17.017  -19.267 0.4444444478
74134  -25.697  -16.714  -19.762 0.4444444478
74152  -26.766  -16.499  -20.468 0.4444444478
74153  -27.450  -16.635  -20.745 0.2222222239
75127  -24.714  -15.723  -19.239 0.4444444478
75128  -25.695  -15.604  -19.898 0.4444444478
75138  -26.332  -15.851  -20.300 0.4444444478
74154  -28.249  -16.215  -20.886 0.1111111119
74138  -28.876  -16.210  -20.134 0.1111111119
75129  -26.158  -15.253  -20.269 0.4444444478
75140  -27.615  -15.456  -21.000 0.3333333433
75139  -26.841  -15.550  -20.523 0.3333333433
75141  -28.424  -15.546  -21.211 0.2222222239
76086  -26.427  -14.602  -20.265 0.4444444478
76093  -26.657  -14.628  -21.061 0.3333333433
76085  -25.889  -14.608  -19.677 0.4444444478
77063  -28.254  -13.542  -21.500 0.2222222239
76106  -28.778  -14.295  -21.562 0.1111111119
77065  -29.971  -13.637  -22.227 0.1111111119
77055  -27.472  -13.608  -21.308 0.3333333433
78935  -26.992  -12.178  -20.380 0.4444444478
78948  -27.933  -11.752  -21.582 0.5555555820
79822  -28.301  -11.291  -20.851 0.6666666865
78968  -29.245  -11.000  -22.416 0.4444444478
79811  -28.440  -10.547  -20.730 0.6666666865
80746  -31.161  -9.519  -22.543 0.3333333433
80732  -28.990  -9.634  -21.690 0.6666666865
80733  -29.510  -9.534  -22.103 0.5555555820
81680  -29.031  -8.878  -21.135 0.6666666865
81693  -30.046  -8.550  -22.370 0.5555555820
80745  -30.212  -9.493  -22.364 0.4444444478
82707  -30.584  -7.572  -23.583 0.3333333433
81681  -29.521  -8.705  -21.757 0.5555555820
84610  -30.009  -6.315  -24.161 0.4444444478
84609  -29.691  -5.853  -23.931 0.5555555820
83658  -30.223  -6.989  -23.424 0.4444444478
84633  -30.514  -5.244  -24.426 0.4444444478
95675  -25.275  6.509  -20.386 0.5555555820
95676  -26.132  6.502  -19.701 0.5555555820
95677  -26.928  6.826  -19.633 0.5555555820
96538  -28.124  7.151  -20.115 0.5555555820
97401  -28.685  7.742  -20.205 0.5555555820
73146  -25.383  -17.893  -19.812 0.4444444478
75155  -29.085  -14.788  -21.472 0.1111111119
78022  -28.390  -12.622  -21.824 0.4444444478
78023  -29.289  -12.527  -22.314 0.3333333433
78012  -27.703  -12.694  -21.281 0.4444444478
79823  -28.522  -10.724  -21.672 0.6666666865
79836  -29.361  -10.487  -22.399 0.4444444478
83659  -30.486  -6.799  -23.956 0.3333333433
84623  -30.601  -5.909  -24.226 0.4444444478
125937  -30.458  -3.012  -24.956 0.4444444478
96550  -25.617  7.639  -20.279 0.5555555820
96567  -25.170  8.182  -20.445 0.5555555820
78961  -29.818  -11.263  -22.392 0.2222222239
96552  -29.294  7.217  -20.388 0.5555555820
72186  -23.662  -19.035  -18.772 0.4444444478
72187  -24.413  -19.452  -19.496 0.4444444478
72213  -24.907  -19.031  -20.314 0.4444444478
72189  -26.377  -18.519  -19.745 0.2222222239
72190  -26.868  -18.328  -19.334 0.2222222239
71223  -27.312  -18.882  -18.536 0.1111111119
73120  -22.749  -17.717  -18.206 0.4444444478
73149  -27.684  -17.260  -19.912 0.1111111119
72191  -27.823  -17.909  -18.834 0.1111111119
75130  -29.477  -15.634  -19.873 0.1111111119
75142  -29.302  -15.239  -20.813 0.1111111119
76096  -30.544  -14.516  -20.995 0.1111111119
77066  -30.976  -13.735  -22.160 0.1111111119
77079  -31.242  -13.065  -22.357 0.1111111119
78962  -30.913  -11.335  -22.370 0.2222222239
81695  -31.756  -8.932  -23.199 0.1111111119
79838  -31.450  -10.503  -22.686 0.2222222239
82708  -31.102  -7.482  -23.869 0.2222222239
83660  -31.400  -6.659  -23.921 0.2222222239
85626  -30.734  -4.606  -24.613 0.4444444478
86601  -31.081  -3.729  -24.735 0.3333333433
125944  -31.573  -2.869  -25.119 0.3333333433
125945  -30.862  -2.349  -25.915 0.3333333433
90178  -20.517  0.791  -20.869 0.4444444478
89313  -28.468  0.137  -26.516 0.4444444478
92087  -28.586  2.832  -25.054 0.3333333433
96579  -22.490  6.541  -21.559 0.4444444478
96569  -29.789  7.494  -21.673 0.5555555820
95690  -24.456  6.866  -21.268 0.5555555820
96566  -24.740  7.733  -20.716 0.5555555820
96551  -26.658  7.620  -19.895 0.5555555820
97414  -27.501  8.509  -20.130 0.5555555820
97415  -28.530  8.541  -20.312 0.5555555820
97428  -24.337  8.819  -21.144 0.5555555820
74118  -23.863  -16.912  -18.677 0.4444444478
77040  -26.236  -13.980  -20.758 0.5555555820
78011  -26.995  -12.793  -20.704 0.6666666865
82696  -29.632  -7.747  -22.292 0.5555555820
83646  -29.628  -6.761  -23.037 0.5555555820
87515  -30.020  -2.212  -26.234 0.4444444478
92076  -28.642  3.574  -25.180 0.3333333433
77054  -26.675  -13.717  -21.060 0.3333333433
72214  -25.940  -18.641  -20.160 0.3333333433
74135  -26.365  -16.857  -20.265 0.4444444478
72215  -26.552  -17.946  -19.831 0.3333333433
73144  -23.957  -18.344  -19.430 0.4444444478
72212  -24.179  -18.774  -19.568 0.4444444478
73145  -24.378  -18.102  -19.581 0.4444444478
74151  -26.168  -16.321  -20.216 0.4444444478
73166  -26.749  -17.098  -20.502 0.4444444478
73167  -27.008  -16.999  -20.751 0.4444444478
73148  -27.076  -17.397  -20.471 0.2222222239
74137  -28.104  -16.867  -20.498 0.1111111119
76105  -28.063  -14.360  -21.525 0.3333333433
76094  -27.334  -14.497  -21.391 0.3333333433
75153  -27.975  -15.045  -21.497 0.2222222239
75154  -28.625  -15.001  -21.587 0.2222222239
77064  -29.025  -13.526  -21.856 0.2222222239
76107  -29.615  -14.312  -21.448 0.1111111119
78024  -29.977  -12.963  -22.370 0.1111111119
76108  -30.694  -14.209  -21.715 0.1111111119
79835  -28.647  -10.864  -22.258 0.4444444478
79837  -30.437  -10.428  -22.454 0.3333333433
78949  -28.419  -11.626  -22.245 0.4444444478
78035  -29.585  -11.885  -22.426 0.3333333433
80747  -32.003  -9.736  -22.986 0.1111111119
82697  -30.204  -7.615  -22.926 0.5555555820
81694  -30.760  -8.470  -23.089 0.3333333433
84634  -31.269  -5.173  -24.517 0.4444444478
96549  -25.152  7.194  -20.564 0.5555555820
95691  -24.877  6.913  -20.783 0.5555555820
97400  -28.120  7.900  -19.954 0.5555555820
71241  -25.526  -19.211  -20.242 0.4444444478
97429  -24.956  8.667  -20.637 0.5555555820
78036  -30.330  -12.318  -22.387 0.2222222239
71242  -25.803  -19.233  -20.068 0.4444444478
71222  -26.263  -19.091  -19.360 0.2222222239
72185  -23.202  -18.370  -18.445 0.4444444478
72167  -22.701  -18.833  -17.824 0.4444444478
73150  -28.359  -16.838  -19.528 0.1111111119
73123  -28.084  -17.298  -19.229 0.1111111119
64166  -24.144  -26.190  -15.783 0.1111111119
67401  -21.672  -23.611  -17.293 0.3333333433
66388  -23.215  -24.595  -17.025 0.2222222239
65313  -23.616  -25.158  -16.576 0.2222222239
65314  -24.430  -25.276  -16.218 0.1111111119
69341  -20.875  -21.631  -16.897 0.3333333433
68371  -20.524  -22.659  -16.655 0.3333333433
68395  -20.930  -23.094  -17.039 0.3333333433
67402  -22.469  -23.310  -17.502 0.3333333433
67403  -23.336  -23.292  -17.455 0.3333333433
66414  -23.445  -24.013  -17.145 0.2222222239
67404  -24.203  -23.051  -17.279 0.2222222239
66389  -24.019  -24.424  -16.761 0.2222222239
66390  -24.962  -24.457  -16.477 0.1111111119
67377  -23.920  -23.707  -17.109 0.2222222239
71188  -20.292  -19.786  -16.337 0.2222222239
70265  -20.598  -20.748  -16.535 0.2222222239
69359  -21.558  -21.785  -17.470 0.3333333433
68396  -21.257  -22.743  -17.201 0.3333333433
68397  -22.030  -22.623  -17.615 0.3333333433
72166  -21.336  -18.708  -17.109 0.2222222239
71189  -21.149  -19.825  -16.725 0.3333333433
71203  -21.864  -19.816  -17.522 0.3333333433
71204  -22.743  -19.956  -17.958 0.3333333433
70281  -22.122  -20.812  -17.816 0.3333333433
70282  -23.074  -20.815  -18.055 0.3333333433
69361  -23.435  -21.610  -18.260 0.3333333433
69362  -24.218  -21.691  -18.252 0.3333333433
69376  -23.993  -21.207  -18.701 0.3333333433
68400  -24.582  -22.206  -17.417 0.1111111119
69363  -25.072  -21.293  -18.011 0.2222222239
73100  -21.172  -17.628  -17.172 0.2222222239
71219  -24.119  -19.958  -18.830 0.3333333433
70297  -24.267  -20.581  -18.804 0.3333333433
69377  -24.487  -21.065  -18.629 0.3333333433
74094  -20.347  -16.725  -16.561 0.3333333433
71220  -24.667  -20.077  -19.290 0.3333333433
72188  -24.796  -19.713  -20.045 0.3333333433
71221  -25.390  -19.695  -19.829 0.3333333433
84624  -31.868  -5.764  -24.152 0.2222222239
85627  -31.699  -4.400  -24.627 0.2222222239
85628  -32.618  -4.335  -24.675 0.2222222239
88413  -29.339  -0.984  -26.413 0.3333333433
88414  -29.966  -1.409  -26.390 0.2222222239
67422  -22.004  -23.921  -17.350 0.3333333433
66413  -22.735  -24.003  -17.317 0.3333333433
67378  -24.572  -23.696  -16.809 0.1111111119
72147  -20.729  -19.206  -16.679 0.3333333433
70266  -21.456  -20.773  -17.046 0.3333333433
69360  -22.464  -21.721  -18.008 0.3333333433
68399  -23.750  -22.376  -17.738 0.3333333433
73101  -21.949  -17.748  -17.570 0.3333333433
70299  -25.153  -20.411  -18.774 0.3333333433
64165  -23.072  -26.364  -15.737 0.1111111119
68364  -20.172  -23.136  -16.108 0.3333333433
67375  -20.912  -23.675  -16.996 0.3333333433
66379  -20.910  -24.589  -16.483 0.3333333433
66380  -21.496  -24.872  -16.495 0.3333333433
65311  -22.026  -24.985  -16.463 0.3333333433
65312  -22.780  -25.097  -16.696 0.3333333433
63026  -24.706  -27.197  -15.489 0.1111111119
64179  -24.990  -25.881  -15.848 0.1111111119
69340  -20.124  -21.649  -16.501 0.3333333433
65315  -25.424  -25.263  -16.129 0.1111111119
67379  -25.408  -23.672  -16.663 0.1111111119
72146  -20.243  -18.575  -16.553 0.2222222239
67405  -25.025  -23.005  -17.017 0.1111111119
68401  -25.653  -22.256  -16.872 0.1111111119
72165  -20.875  -18.090  -16.827 0.2222222239
69364  -26.031  -21.122  -17.161 0.1111111119
70284  -25.728  -20.614  -18.059 0.1111111119
70300  -25.955  -19.942  -18.658 0.1111111119
90245  -30.275  0.467  -27.014 0.2222222239
89316  -30.691  -0.519  -26.705 0.2222222239
76033  -20.427  -14.598  -17.085 0.3333333433
74095  -20.787  -16.754  -17.291 0.2222222239
88404  -31.853  -1.485  -26.014 0.2222222239
64167  -25.121  -26.588  -15.737 0.1111111119
65300  -23.326  -25.696  -16.207 0.1111111119
66386  -21.095  -24.208  -16.982 0.3333333433
66387  -21.563  -24.421  -16.916 0.3333333433
65335  -22.609  -24.534  -17.036 0.3333333433
68372  -20.989  -22.197  -17.145 0.3333333433
68370  -19.945  -22.199  -16.369 0.2222222239
68398  -22.884  -22.533  -17.915 0.3333333433
72168  -23.286  -19.440  -18.050 0.3333333433
70283  -23.774  -20.730  -18.525 0.3333333433
71205  -23.571  -19.988  -18.220 0.3333333433
73099  -20.542  -17.543  -16.821 0.2222222239
69378  -24.814  -20.842  -18.594 0.3333333433
65299  -22.487  -25.689  -16.185 0.2222222239
67370  -20.379  -23.702  -16.302 0.3333333433
67369  -19.849  -23.601  -15.809 0.2222222239
69339  -19.663  -21.840  -16.120 0.2222222239
86602  -32.171  -3.539  -24.759 0.1111111119
85629  -33.186  -4.485  -24.391 0.1111111119
125949  -33.623  -2.676  -24.088 0.1111111119
86603  -33.143  -3.581  -24.670 0.1111111119
125952  -33.017  -1.627  -25.143 0.1111111119
125956  -33.713  -1.244  -23.901 0.1111111119
88415  -30.961  -1.478  -26.512 0.1111111119
125957  -33.125  -0.832  -24.747 0.1111111119
89303  -32.465  -0.623  -25.581 0.1111111119
90233  -32.275  0.333  -25.080 0.1111111119
90230  -28.043  0.607  -26.430 0.2222222239
89302  -31.630  -0.577  -26.381 0.1111111119
90232  -31.955  0.340  -25.963 0.1111111119
92093  -28.462  2.634  -27.524 0.1111111119
91156  -28.752  2.227  -25.228 0.2222222239
93065  -27.922  3.721  -26.759 0.1111111119
91172  -28.363  1.706  -27.597 0.1111111119
126206  -28.290  3.485  -28.039 0.1111111119
95673  -24.115  6.202  -21.025 0.4444444478
93066  -28.407  4.027  -26.021 0.1111111119
97426  -22.139  8.349  -20.784 0.4444444478
96565  -23.939  7.642  -21.433 0.4444444478
93958  -27.831  4.928  -26.860 0.1111111119
97413  -26.325  8.682  -20.262 0.4444444478
126240  -29.609  7.511  -22.976 0.3333333433
126229  -29.815  6.781  -23.042 0.2222222239
126219  -29.113  7.064  -24.417 0.1111111119
126222  -27.574  6.190  -26.925 0.1111111119
97430  -25.482  8.699  -20.373 0.4444444478
98298  -25.218  9.155  -20.480 0.4444444478
98284  -25.616  9.856  -20.304 0.4444444478
98286  -28.215  9.558  -20.534 0.4444444478
98287  -28.999  9.229  -20.918 0.4444444478
98299  -29.558  8.975  -21.428 0.4444444478
98300  -29.754  8.510  -21.790 0.2222222239
97441  -29.555  8.274  -23.114 0.2222222239
126233  -29.346  7.742  -23.743 0.2222222239
97488  -28.609  8.108  -24.852 0.2222222239
97504  -28.566  7.490  -26.015 0.2222222239
100479  -30.555  12.679  -25.088 0.1111111119
99767  -29.838  11.154  -25.511 0.1111111119
98360  -27.810  8.811  -26.528 0.1111111119
99014  -22.532  9.471  -20.608 0.4444444478
98282  -23.959  10.034  -20.737 0.4444444478
97411  -23.858  9.308  -21.156 0.4444444478
98283  -24.706  10.048  -20.552 0.3333333433
99008  -26.566  11.009  -20.300 0.4444444478
99009  -27.943  10.881  -20.218 0.4444444478
99011  -29.334  9.706  -21.311 0.4444444478
99723  -27.263  12.190  -20.036 0.3333333433
99017  -29.800  10.136  -21.691 0.3333333433
99022  -29.834  10.323  -22.865 0.1111111119
98318  -29.844  9.256  -23.611 0.1111111119
98330  -29.397  9.525  -24.417 0.1111111119
96596  -29.132  8.587  -24.409 0.2222222239
98329  -28.840  9.205  -24.678 0.1111111119
99059  -29.135  10.156  -25.368 0.1111111119
99005  -22.322  9.823  -20.458 0.2222222239
98274  -24.989  10.684  -20.347 0.3333333433
99002  -25.528  11.256  -20.490 0.3333333433
99010  -29.194  10.504  -20.896 0.4444444478
99724  -28.693  12.425  -20.979 0.2222222239
99727  -29.536  11.387  -21.303 0.2222222239
99732  -29.819  10.747  -22.251 0.2222222239
99023  -30.045  10.982  -23.090 0.1111111119
99729  -29.795  12.089  -21.877 0.1111111119
100458  -29.956  12.426  -22.710 0.1111111119
99043  -30.044  10.675  -23.972 0.1111111119
126497  -29.575  13.484  -22.490 0.1111111119
100466  -30.179  12.186  -23.360 0.1111111119
99738  -30.186  11.417  -23.434 0.1111111119
98272  -23.994  10.767  -20.652 0.3333333433
98273  -24.425  10.736  -20.550 0.3333333433
99718  -24.477  12.247  -20.123 0.3333333433
99719  -25.134  12.272  -20.511 0.3333333433
99722  -26.048  12.182  -20.317 0.3333333433
126499  -28.496  14.021  -21.794 0.1111111119
100465  -30.289  12.946  -24.171 0.1111111119
101283  -29.391  14.318  -24.591 0.1111111119
100445  -23.098  12.748  -18.144 0.1111111119
100446  -23.443  12.954  -18.985 0.1111111119
100448  -24.605  13.215  -20.308 0.2222222239
100450  -25.397  13.164  -20.526 0.3333333433
101259  -25.462  13.899  -20.737 0.2222222239
101260  -26.465  14.191  -20.538 0.1111111119
126512  -27.312  14.756  -21.263 0.1111111119
126513  -28.166  14.913  -21.960 0.1111111119
126504  -28.907  14.059  -22.411 0.1111111119
102080  -28.858  14.408  -23.019 0.1111111119
101273  -29.769  13.617  -23.938 0.1111111119
100480  -30.673  13.330  -25.804 0.1111111119
100493  -30.543  12.706  -26.031 0.1111111119
101253  -23.527  13.356  -18.239 0.1111111119
101248  -24.572  14.226  -18.557 0.1111111119
101254  -23.753  13.817  -18.974 0.1111111119
102062  -24.964  14.335  -19.101 0.1111111119
126524  -24.857  15.372  -20.342 0.1111111119
126486  -24.677  14.684  -20.395 0.1111111119
126505  -25.274  14.417  -21.062 0.2222222239
126485  -24.772  15.367  -21.120 0.1111111119
126511  -25.611  15.021  -21.145 0.1111111119
103637  -24.757  16.200  -21.103 0.1111111119
102850  -26.528  16.108  -22.263 0.1111111119
103638  -25.892  16.477  -22.205 0.1111111119
102851  -27.382  15.683  -22.601 0.1111111119
102057  -25.942  14.497  -18.187 0.1111111119
126522  -25.363  14.895  -19.568 0.1111111119
126523  -25.626  15.522  -19.558 0.1111111119
126520  -24.961  16.317  -19.923 0.1111111119
126494  -27.120  14.957  -17.730 0.1111111119
126507  -26.498  15.906  -18.986 0.1111111119
86588  -33.626  -3.799  -24.063 0.1111111119
125946  -32.847  -2.521  -25.073 0.1111111119
125950  -33.487  -1.789  -24.480 0.1111111119
125955  -33.670  -1.963  -23.858 0.1111111119
91169  -30.802  1.351  -26.939 0.1111111119
90246  -31.243  0.383  -26.664 0.1111111119
126209  -27.822  4.107  -27.825 0.1111111119
97427  -23.323  8.616  -21.310 0.4444444478
97431  -29.649  8.098  -21.359 0.4444444478
97442  -29.704  7.941  -22.381 0.3333333433
126230  -27.462  5.637  -27.308 0.1111111119
98285  -27.035  9.737  -20.459 0.4444444478
97470  -28.776  8.699  -24.619 0.2222222239
99030  -29.837  10.201  -23.808 0.1111111119
99042  -29.825  10.627  -24.552 0.1111111119
99076  -28.821  10.296  -26.079 0.1111111119
99737  -30.490  11.976  -24.109 0.1111111119
101258  -24.649  14.095  -20.687 0.2222222239
103650  -25.131  16.858  -22.580 0.1111111119
103594  -26.495  16.350  -18.931 0.1111111119
126482  -27.201  15.945  -18.484 0.1111111119
87485  -33.717  -2.139  -22.850 0.1111111119
125954  -33.667  -2.277  -23.596 0.1111111119
90244  -29.196  0.512  -27.301 0.2222222239
91166  -27.989  1.524  -27.015 0.2222222239
126220  -27.637  4.388  -27.678 0.1111111119
96564  -22.762  7.230  -21.527 0.4444444478
99016  -29.656  10.784  -21.376 0.2222222239
101238  -24.996  13.671  -17.269 0.1111111119
101239  -25.966  13.764  -16.762 0.1111111119
126514  -26.005  15.080  -19.130 0.1111111119
86578  -34.177  -3.645  -22.906 0.1111111119
84636  -32.879  -4.878  -24.625 0.1111111119
87496  -33.841  -3.263  -23.514 0.1111111119
88366  -34.276  -1.606  -22.042 0.1111111119
86567  -34.586  -3.313  -21.985 0.1111111119
90204  -33.954  -0.115  -22.950 0.1111111119
90216  -33.386  -0.306  -23.900 0.1111111119
91123  -32.882  1.267  -23.861 0.1111111119
91140  -32.348  1.210  -24.568 0.1111111119
92095  -31.093  2.221  -26.256 0.1111111119
91158  -31.456  1.268  -26.079 0.1111111119
91159  -32.118  1.228  -25.411 0.1111111119
92094  -30.381  2.414  -27.079 0.1111111119
126225  -29.835  3.792  -27.696 0.1111111119
126217  -29.097  4.295  -28.231 0.1111111119
126208  -28.213  4.150  -28.520 0.1111111119
126212  -27.636  4.927  -28.317 0.1111111119
126223  -26.975  6.591  -27.991 0.1111111119
126216  -27.639  6.410  -28.320 0.1111111119
97410  -21.839  8.973  -20.375 0.4444444478
97521  -26.787  8.712  -28.888 0.1111111119
98359  -27.216  9.361  -27.532 0.1111111119
98998  -22.100  10.300  -19.889 0.2222222239
99006  -23.001  10.197  -20.412 0.3333333433
98999  -22.992  11.067  -19.516 0.2222222239
99000  -24.063  11.317  -20.224 0.2222222239
99782  -28.789  10.827  -26.902 0.1111111119
99716  -23.015  12.031  -18.647 0.1111111119
99717  -23.942  12.057  -19.390 0.2222222239
100506  -29.861  11.966  -26.238 0.1111111119
100507  -30.648  12.596  -26.998 0.1111111119
99713  -22.583  12.100  -17.639 0.1111111119
100433  -23.185  12.663  -16.662 0.1111111119
100435  -24.537  13.435  -16.083 0.1111111119
100436  -25.481  13.335  -16.050 0.1111111119
100438  -27.000  13.281  -15.929 0.1111111119
103651  -25.914  16.947  -23.319 0.1111111119
103652  -26.895  16.478  -23.713 0.1111111119
102884  -28.189  15.469  -24.762 0.1111111119
102111  -27.944  15.807  -26.578 0.1111111119
101240  -26.881  13.735  -16.436 0.1111111119
101231  -27.610  14.343  -16.644 0.1111111119
103623  -25.109  16.764  -20.098 0.1111111119
104368  -25.766  17.969  -21.274 0.1111111119
126508  -27.390  16.081  -18.406 0.1111111119
90243  -28.121  0.560  -27.369 0.1111111119
97416  -29.315  8.131  -20.614 0.4444444478
125948  -32.600  -2.198  -25.269 0.1111111119
92085  -28.398  2.659  -26.745 0.2222222239
98296  -24.428  9.560  -20.859 0.4444444478
89304  -32.856  -1.137  -25.291 0.1111111119
90215  -32.744  0.234  -24.309 0.1111111119
91173  -28.989  1.829  -27.840 0.1111111119
92099  -28.691  2.931  -28.207 0.1111111119
92100  -29.338  3.001  -28.182 0.1111111119
126215  -27.391  5.522  -27.776 0.1111111119
98309  -29.811  8.978  -22.341 0.2222222239
98319  -29.658  9.075  -24.217 0.1111111119
100492  -30.147  12.043  -25.513 0.1111111119
99752  -30.253  11.581  -24.811 0.1111111119
99783  -29.252  10.895  -26.422 0.1111111119
97512  -26.632  9.045  -28.702 0.1111111119
97503  -27.373  7.848  -27.478 0.1111111119
98344  -28.548  9.135  -25.451 0.2222222239
99058  -28.678  9.927  -25.886 0.2222222239
99001  -24.801  11.427  -20.348 0.3333333433
99728  -29.671  11.089  -21.876 0.2222222239
99733  -29.946  11.406  -22.659 0.1111111119
100457  -29.949  12.926  -23.315 0.1111111119
100452  -27.490  13.336  -20.453 0.2222222239
126491  -27.703  13.660  -20.614 0.1111111119
126498  -27.966  13.716  -20.869 0.1111111119
101272  -29.243  14.064  -23.646 0.1111111119
102097  -28.787  14.745  -24.207 0.1111111119
101284  -30.174  14.100  -25.541 0.1111111119
102104  -28.856  15.160  -25.707 0.1111111119
100442  -23.157  12.573  -17.335 0.1111111119
101252  -23.390  13.021  -17.667 0.1111111119
100447  -23.918  13.162  -19.792 0.1111111119
101255  -24.293  14.108  -19.793 0.1111111119
100451  -26.387  13.168  -20.359 0.3333333433
126492  -27.469  13.956  -20.656 0.1111111119
126517  -26.204  15.857  -21.513 0.1111111119
102852  -28.411  14.945  -22.561 0.1111111119
102871  -28.260  15.240  -23.536 0.1111111119
101247  -24.049  13.789  -17.896 0.1111111119
101237  -24.161  13.416  -16.820 0.1111111119
126519  -24.925  14.501  -19.613 0.1111111119
126521  -24.560  15.646  -20.871 0.1111111119
126518  -24.529  14.375  -20.237 0.1111111119
126516  -24.589  14.811  -21.119 0.1111111119
126493  -25.169  15.603  -21.152 0.1111111119
104381  -25.173  17.250  -22.290 0.1111111119
103639  -26.559  16.420  -22.785 0.1111111119
103609  -25.954  16.803  -19.575 0.1111111119
104367  -24.999  17.586  -21.203 0.1111111119
85615  -33.759  -4.707  -23.953 0.1111111119
91168  -29.899  1.462  -27.725 0.1111111119
99075  -28.350  10.075  -26.765 0.1111111119
99089  -27.880  10.626  -27.719 0.1111111119
104391  -25.321  17.594  -23.478 0.1111111119
104329  -26.714  17.342  -18.598 0.1111111119
125958  -34.080  -1.029  -22.200 0.1111111119
100437  -26.463  13.276  -15.976 0.1111111119
92101  -29.884  2.372  -27.854 0.1111111119
126213  -29.094  3.517  -28.448 0.1111111119
97522  -27.023  7.875  -28.621 0.1111111119
99088  -27.304  10.182  -28.070 0.1111111119
100515  -29.026  11.419  -27.393 0.1111111119
98992  -22.029  11.121  -18.005 0.1111111119
100516  -29.562  11.828  -27.250 0.1111111119
101236  -23.710  13.204  -16.670 0.1111111119
103660  -26.411  16.994  -24.123 0.1111111119
102870  -27.578  15.861  -24.197 0.1111111119
104354  -25.627  17.944  -20.789 0.1111111119
105090  -25.840  18.178  -20.322 0.1111111119
105105  -25.472  17.661  -22.124 0.1111111119
65297  -20.723  -25.484  -15.751 0.2222222239
80679  -20.276  -9.602  -18.602 0.2222222239
81640  -20.389  -8.488  -19.083 0.2222222239
79786  -20.515  -10.213  -19.123 0.4444444478
80695  -20.701  -9.439  -19.419 0.3333333433
96563  -21.639  7.129  -21.189 0.3333333433
96562  -20.766  7.080  -20.690 0.2222222239
98279  -20.868  9.202  -19.616 0.1111111119
98280  -21.644  9.529  -20.096 0.1111111119
91093  -20.265  2.068  -20.709 0.2222222239
90163  -19.759  1.057  -20.283 0.1111111119
78886  -20.319  -11.558  -18.267 0.2222222239
91092  -19.803  1.764  -20.321 0.1111111119
93015  -20.290  4.190  -20.952 0.1111111119
93897  -20.870  4.595  -20.345 0.1111111119
96561  -20.437  7.124  -20.122 0.1111111119
98278  -20.778  8.773  -19.145 0.1111111119
98270  -20.908  9.313  -18.687 0.1111111119
98271  -21.375  9.845  -19.223 0.1111111119
95688  -21.796  6.217  -21.471 0.2222222239
94770  -21.167  5.572  -20.734 0.1111111119
84548  -20.232  -5.499  -18.902 0.2222222239
95687  -21.276  6.331  -20.930 0.1111111119
97425  -21.053  7.877  -20.645 0.3333333433
97409  -21.286  8.731  -20.270 0.1111111119
79768  -20.285  -10.577  -18.568 0.2222222239
95686  -20.638  6.347  -20.398 0.1111111119
97408  -20.740  8.119  -19.862 0.1111111119
97424  -20.688  7.542  -20.341 0.1111111119
95672  -20.505  6.349  -19.808 0.1111111119
96548  -20.738  7.350  -19.567 0.1111111119
94754  -20.840  5.558  -20.234 0.1111111119
78037  -31.536  -12.171  -22.351 0.1111111119
65298  -21.582  -25.496  -16.107 0.1111111119
64164  -22.171  -26.380  -15.768 0.1111111119
65285  -19.446  -25.563  -14.884 0.1111111119
66377  -19.511  -24.064  -15.536 0.1111111119
68363  -19.720  -22.670  -15.883 0.1111111119
76975  -20.194  -13.423  -16.691 0.1111111119
81623  -20.092  -8.412  -18.255 0.1111111119
87453  -20.094  -2.000  -18.792 0.2222222239
88331  -20.284  -1.474  -19.289 0.2222222239
88330  -19.861  -1.473  -18.535 0.2222222239
89209  -19.675  -0.817  -18.177 0.2222222239
66366  -19.589  -25.075  -15.315 0.1111111119
64162  -20.488  -26.285  -15.341 0.1111111119
64163  -21.339  -26.489  -15.629 0.1111111119
66364  -18.254  -24.442  -14.196 0.1111111119
66365  -19.141  -24.536  -15.019 0.1111111119
68362  -18.886  -22.694  -15.217 0.1111111119
69328  -19.220  -21.858  -15.614 0.1111111119
70264  -19.575  -20.856  -15.874 0.1111111119
76018  -20.103  -14.368  -16.242 0.1111111119
80667  -20.295  -9.474  -17.855 0.1111111119
87440  -19.997  -2.418  -18.399 0.2222222239
90136  -19.663  0.303  -18.160 0.1111111119
64161  -19.864  -26.199  -15.025 0.1111111119
89225  -19.900  -0.554  -18.742 0.2222222239
90152  -19.930  0.531  -19.311 0.1111111119
77943  -20.414  -12.524  -17.499 0.1111111119
87441  -20.095  -2.982  -18.735 0.2222222239
71187  -19.549  -19.550  -15.591 0.1111111119
73083  -19.999  -17.479  -16.247 0.1111111119
76032  -20.055  -15.025  -16.476 0.1111111119
66378  -19.983  -24.583  -15.729 0.1111111119
79755  -19.980  -10.543  -17.978 0.1111111119
65296  -19.955  -25.562  -15.423 0.1111111119
67368  -19.257  -23.520  -15.388 0.1111111119
75998  -20.222  -13.717  -15.826 0.1111111119
88315  -19.748  -1.539  -18.049 0.1111111119
67355  -18.550  -23.586  -14.747 0.1111111119
125770  -20.102  -14.474  -15.606 0.1111111119
91049  -19.565  1.520  -17.739 0.1111111119
92018  -20.043  3.133  -20.448 0.1111111119
86532  -20.154  -3.315  -18.485 0.1111111119
91077  -19.658  1.881  -19.612 0.1111111119
65301  -23.869  -25.573  -16.164 0.2222222239
65334  -22.220  -24.637  -16.823 0.3333333433
66412  -22.139  -24.247  -17.180 0.3333333433
66431  -22.204  -24.054  -17.325 0.3333333433
66432  -22.435  -24.030  -17.333 0.3333333433
67376  -21.246  -24.014  -17.153 0.3333333433
67400  -21.169  -23.279  -17.154 0.3333333433
67423  -22.242  -23.815  -17.379 0.3333333433
70298  -24.632  -20.552  -18.810 0.3333333433
72211  -23.812  -18.530  -19.268 0.4444444478
74136  -27.625  -17.167  -20.608 0.1111111119
74155  -28.704  -15.862  -20.840 0.2222222239
76060  -23.254  -14.929  -18.697 0.6666666865
77078  -30.464  -13.211  -22.383 0.1111111119
78010  -26.657  -13.205  -20.547 0.6666666865
78960  -29.056  -11.383  -22.420 0.4444444478
78967  -29.017  -11.042  -22.436 0.4444444478
79824  -28.918  -10.222  -22.120 0.6666666865
79845  -28.861  -10.881  -22.372 0.4444444478
79846  -29.088  -10.806  -22.413 0.4444444478
80699  -26.738  -10.050  -19.741 1.0000000000
80721  -28.742  -9.799  -20.929 0.7777777910
81706  -30.945  -7.917  -23.601 0.2222222239
83631  -24.843  -5.647  -21.634 0.8888888955
83647  -29.929  -6.526  -23.775 0.4444444478
84607  -23.540  -4.693  -22.289 0.7777777910
84622  -30.097  -5.503  -24.340 0.4444444478
84635  -32.299  -5.036  -24.599 0.1111111119
85552  -20.234  -3.585  -18.299 0.1111111119
85584  -24.437  -4.111  -21.854 0.8888888955
85598  -23.414  -4.097  -22.241 0.7777777910
86550  -20.812  -3.352  -20.260 0.4444444478
86564  -24.168  -3.469  -21.979 0.8888888955
86566  -30.389  -3.493  -21.644 0.7777777910
86589  -34.025  -4.014  -23.590 0.1111111119
87461  -25.740  -2.851  -20.862 1.0000000000
87466  -30.081  -2.559  -20.945 0.7777777910
87476  -34.598  -2.152  -21.548 0.1111111119
87516  -30.435  -1.920  -26.328 0.4444444478
88334  -29.638  -0.985  -20.030 0.7777777910
88341  -21.266  -1.556  -20.833 0.5555555820
88365  -24.082  -1.545  -22.354 0.8888888955
88405  -32.566  -1.488  -25.507 0.1111111119
89227  -27.986  -0.266  -19.649 0.8888888955
89228  -28.670  -0.271  -19.550 0.8888888955
89229  -29.562  -0.293  -19.974 0.7777777910
89230  -29.982  -0.221  -20.270 0.7777777910
89240  -26.302  -0.733  -19.991 0.8888888955
89243  -30.186  -0.653  -20.690 0.7777777910
89273  -29.875  -0.052  -23.527 0.6666666865
89287  -32.565  -0.272  -24.880 0.1111111119
89300  -28.501  0.181  -26.199 0.5555555820
89315  -29.714  -0.375  -26.676 0.3333333433
90154  -28.223  0.366  -19.511 0.8888888955
90157  -30.214  -0.021  -20.433 0.7777777910
90168  -30.243  1.072  -20.877 0.6666666865
90182  -24.484  0.252  -21.386 0.8888888955
90193  -23.499  0.426  -22.245 0.7777777910
90213  -28.375  0.733  -25.795 0.5555555820
90214  -28.626  0.341  -25.231 0.5555555820
90250  -28.420  1.232  -27.619 0.1111111119
90251  -28.721  1.042  -27.562 0.1111111119
91070  -28.382  1.004  -19.505 0.8888888955
91078  -19.744  2.405  -20.188 0.1111111119
91083  -29.476  1.735  -20.376 0.6666666865
91100  -30.423  1.801  -21.610 0.6666666865
91155  -28.207  1.559  -25.888 0.2222222239
91157  -28.896  2.580  -24.898 0.3333333433
91167  -29.188  1.210  -27.605 0.1111111119
91174  -29.579  2.138  -28.030 0.1111111119
92036  -30.391  2.674  -21.315 0.5555555820
92048  -24.329  2.145  -21.953 0.7777777910
92077  -28.991  2.976  -24.683 0.4444444478
92086  -28.311  2.913  -25.765 0.3333333433
92104  -29.066  3.229  -28.431 0.1111111119
92105  -29.072  2.987  -28.370 0.1111111119
92992  -27.352  4.137  -19.841 0.6666666865
93019  -25.068  2.771  -20.517 0.6666666865
93029  -22.630  3.756  -22.440 0.5555555820
93043  -22.094  3.993  -22.303 0.4444444478
93078  -29.880  3.005  -27.505 0.1111111119
93898  -23.994  5.186  -21.023 0.6666666865
93899  -24.358  4.933  -20.824 0.6666666865
93902  -27.126  4.143  -19.998 0.6666666865
93920  -25.769  3.320  -20.457 0.6666666865
93942  -22.183  4.227  -22.341 0.4444444478
94743  -27.208  5.411  -19.502 0.6666666865
94745  -28.744  5.653  -20.019 0.6666666865
94759  -29.070  5.259  -20.214 0.6666666865
94784  -23.193  5.464  -21.534 0.6666666865
95663  -28.984  6.507  -20.215 0.6666666865
95674  -24.677  6.298  -20.850 0.5555555820
95701  -22.804  6.189  -21.554 0.6666666865
96537  -27.495  7.421  -19.835 0.5555555820
96539  -28.775  7.102  -20.152 0.5555555820
96568  -29.643  7.365  -20.928 0.5555555820
96578  -22.164  6.651  -21.539 0.4444444478
96580  -29.533  7.918  -22.792 0.3333333433
96606  -29.082  8.120  -24.380 0.2222222239
97399  -20.851  8.199  -19.089 0.1111111119
97402  -29.060  7.562  -20.291 0.5555555820
97412  -24.167  9.440  -21.043 0.4444444478
97432  -29.802  8.091  -21.831 0.2222222239
97454  -29.536  8.607  -24.167 0.2222222239
97455  -29.529  8.887  -24.286 0.1111111119
97471  -29.118  8.942  -24.449 0.1111111119
97472  -29.336  9.002  -24.378 0.1111111119
97513  -26.631  8.717  -28.268 0.1111111119
97529  -27.001  8.370  -29.240 0.1111111119
98281  -23.339  9.447  -20.787 0.4444444478
98294  -22.205  9.258  -20.548 0.4444444478
98295  -22.743  9.146  -20.836 0.4444444478
98297  -24.868  9.356  -20.667 0.4444444478
98310  -29.822  8.386  -22.065 0.2222222239
98331  -29.460  9.186  -24.314 0.1111111119
98345  -28.883  9.548  -24.898 0.1111111119
98367  -26.746  9.180  -29.010 0.1111111119
98377  -26.955  8.920  -29.344 0.1111111119
98384  -27.137  8.538  -29.471 0.1111111119
99007  -23.574  10.733  -20.433 0.3333333433
99015  -22.820  9.607  -20.598 0.4444444478
99031  -30.037  10.794  -23.514 0.1111111119
99074  -27.606  10.104  -27.496 0.1111111119
99102  -27.448  10.295  -28.844 0.1111111119
99103  -27.686  10.692  -28.404 0.1111111119
99703  -22.769  12.623  -16.161 0.1111111119
99753  -30.183  11.168  -24.052 0.1111111119
99792  -28.587  11.017  -27.427 0.1111111119
99793  -28.991  11.255  -27.040 0.1111111119
100422  -22.947  13.017  -16.268 0.1111111119
100525  -29.013  11.512  -27.910 0.1111111119
101235  -23.324  13.052  -16.485 0.1111111119
101245  -23.545  12.888  -17.045 0.1111111119
101246  -23.742  13.313  -17.415 0.1111111119
101263  -24.843  14.280  -21.120 0.2222222239
102883  -27.677  15.872  -25.157 0.1111111119
103596  -26.357  16.582  -19.131 0.1111111119
103610  -25.678  15.294  -19.470 0.1111111119
104316  -26.767  16.641  -18.570 0.1111111119
104328  -26.511  16.622  -18.854 0.1111111119
104353  -25.464  17.574  -20.070 0.1111111119
104392  -25.782  17.499  -24.034 0.1111111119
125941  -29.362  -2.188  -24.621 0.5555555820
125947  -32.151  -2.114  -25.444 0.1111111119
125951  -32.689  -1.979  -25.315 0.1111111119
125953  -33.663  -1.659  -24.104 0.1111111119
126205  -28.057  4.001  -28.053 0.1111111119
126207  -28.058  3.683  -27.601 0.1111111119
126210  -27.849  4.207  -28.078 0.1111111119
126211  -28.809  3.605  -28.470 0.1111111119
126214  -27.325  5.967  -27.565 0.1111111119
126226  -29.470  6.967  -23.461 0.2222222239
126239  -29.668  6.610  -21.326 0.6666666865
126490  -24.554  15.424  -20.983 0.1111111119
126503  -28.693  14.405  -22.361 0.1111111119
126506  -28.486  14.572  -22.148 0.1111111119
126515  -26.589  16.213  -18.786 0.1111111119
