#!ascii label  , from subject 3616 vox2ras=TkReg
1666
36647  -47.879  -54.342  44.836 0.0000000000
61655  -58.537  -33.827  28.879 0.0000000000
56132  -50.534  -39.335  38.647 0.0000000000
40322  -20.129  -54.917  51.034 0.0000000000
41571  -36.172  -52.128  47.088 0.0000000000
45997  -25.094  -48.762  56.607 0.0000000000
40262  -24.011  -53.361  62.852 0.0000000000
59521  -53.293  -35.106  32.814 0.0000000000
47161  -23.219  -46.199  49.903 0.0000000000
33076  -20.828  -59.322  55.936 0.0000000000
42879  -50.056  -50.716  37.347 0.0000000000
34329  -42.730  -56.210  43.425 0.0000000000
34279  -41.314  -57.541  47.575 0.0000000000
65869  -60.868  -30.501  28.894 0.0000000000
58426  -51.378  -36.372  36.362 0.0000000000
42810  -31.157  -51.203  43.899 0.0000000000
47080  -19.408  -47.323  54.041 0.0000000000
40306  -24.423  -53.380  53.396 0.0000000000
42730  -24.743  -51.818  49.968 0.0000000000
40376  -21.398  -54.267  48.244 0.0000000000
39118  -27.654  -55.016  55.652 0.0000000000
35317  -25.259  -57.544  58.928 0.0000000000
51394  -50.947  -43.010  39.949 0.0000000000
39150  -39.441  -54.283  52.111 0.0000000000
35443  -36.704  -54.686  44.709 0.0000000000
43826  -24.705  -50.677  59.986 0.0000000000
39111  -23.659  -54.595  56.826 0.0000000000
59545  -55.516  -34.871  30.519 0.0000000000
40317  -28.236  -53.364  52.395 0.0000000000
42750  -29.569  -51.320  48.217 0.0000000000
47113  -24.679  -46.668  52.874 0.0000000000
46107  -25.446  -49.760  47.002 0.0000000000
39085  -25.985  -54.697  63.440 0.0000000000
36505  -22.710  -56.783  60.402 0.0000000000
36534  -18.936  -56.603  53.878 0.0000000000
40437  -49.226  -52.990  43.708 0.0000000000
39258  -47.367  -53.754  43.002 0.0000000000
40453  -48.533  -51.878  41.845 0.0000000000
35462  -45.504  -55.451  44.249 0.0000000000
36687  -44.587  -54.657  42.711 0.0000000000
35415  -44.944  -57.550  46.495 0.0000000000
63814  -60.107  -32.304  29.452 0.0000000000
59585  -55.626  -34.099  27.810 0.0000000000
63817  -57.647  -32.571  27.545 0.0000000000
65873  -58.072  -30.781  27.342 0.0000000000
58401  -50.841  -37.670  37.861 0.0000000000
53693  -49.171  -41.234  37.297 0.0000000000
54974  -48.572  -39.795  36.165 0.0000000000
58424  -49.536  -37.286  35.577 0.0000000000
40314  -22.806  -54.334  52.355 0.0000000000
40337  -22.227  -54.263  50.562 0.0000000000
40348  -20.657  -54.557  49.936 0.0000000000
40406  -19.228  -55.641  45.846 0.0000000000
39175  -18.775  -55.400  48.638 0.0000000000
35346  -26.664  -56.907  53.129 0.0000000000
35337  -25.624  -57.899  55.478 0.0000000000
49298  -51.309  -45.128  42.047 0.0000000000
46190  -50.811  -49.130  39.405 0.0000000000
47319  -49.086  -47.897  37.076 0.0000000000
48280  -49.738  -47.503  39.959 0.0000000000
49332  -48.694  -45.617  39.503 0.0000000000
37884  -41.288  -55.012  52.869 0.0000000000
35459  -39.620  -56.575  43.437 0.0000000000
36616  -38.551  -56.088  46.271 0.0000000000
69087  -59.847  -27.387  25.697 0.0000000000
70165  -60.675  -25.908  24.657 0.0000000000
42668  -24.188  -51.678  61.512 0.0000000000
40282  -25.330  -53.192  58.579 0.0000000000
40276  -24.804  -53.901  59.746 0.0000000000
59532  -54.192  -34.935  31.559 0.0000000000
60563  -50.976  -35.246  32.398 0.0000000000
59552  -51.782  -34.895  30.412 0.0000000000
59563  -52.901  -34.811  29.366 0.0000000000
42703  -29.574  -51.634  55.390 0.0000000000
43851  -29.957  -50.441  54.476 0.0000000000
45994  -22.723  -47.982  57.052 0.0000000000
47072  -22.020  -47.351  55.754 0.0000000000
46011  -25.061  -47.762  55.046 0.0000000000
42756  -23.642  -52.240  47.367 0.0000000000
43882  -25.158  -51.028  48.696 0.0000000000
43914  -24.272  -51.426  46.246 0.0000000000
39092  -27.870  -55.087  61.957 0.0000000000
33065  -22.678  -59.137  57.868 0.0000000000
34198  -23.183  -58.432  60.437 0.0000000000
34207  -21.099  -58.202  57.702 0.0000000000
37851  -21.352  -56.315  57.042 0.0000000000
35327  -19.948  -57.595  55.857 0.0000000000
42848  -50.603  -50.278  40.425 0.0000000000
35353  -41.950  -56.856  51.061 0.0000000000
34271  -43.829  -57.392  48.005 0.0000000000
34312  -42.302  -57.279  45.048 0.0000000000
66908  -62.079  -28.915  28.528 0.0000000000
66911  -58.545  -29.051  26.646 0.0000000000
59495  -52.312  -35.564  34.963 0.0000000000
59506  -49.940  -36.337  34.404 0.0000000000
39220  -34.042  -53.426  44.228 0.0000000000
42792  -34.398  -51.086  45.094 0.0000000000
46050  -20.975  -46.676  51.830 0.0000000000
42702  -25.874  -51.295  55.228 0.0000000000
43852  -26.083  -50.183  53.262 0.0000000000
41518  -24.699  -52.514  52.043 0.0000000000
41557  -22.907  -53.131  48.557 0.0000000000
40394  -22.125  -53.574  46.520 0.0000000000
37855  -28.123  -55.240  58.457 0.0000000000
36507  -27.631  -56.159  60.153 0.0000000000
36526  -26.163  -56.980  57.684 0.0000000000
34223  -24.418  -58.262  56.562 0.0000000000
52445  -50.802  -41.658  39.196 0.0000000000
51414  -48.621  -42.940  38.168 0.0000000000
40357  -37.363  -53.593  49.496 0.0000000000
36581  -40.180  -56.399  49.439 0.0000000000
37938  -37.899  -55.309  48.514 0.0000000000
36598  -35.974  -54.816  46.201 0.0000000000
44923  -22.967  -48.699  58.261 0.0000000000
44900  -22.628  -49.472  60.576 0.0000000000
44937  -25.380  -49.785  57.784 0.0000000000
41501  -25.640  -52.260  56.436 0.0000000000
39117  -24.178  -54.230  55.376 0.0000000000
39121  -21.756  -54.941  54.028 0.0000000000
60587  -57.564  -34.514  29.481 0.0000000000
59571  -54.242  -35.013  27.974 0.0000000000
40288  -29.203  -53.014  57.559 0.0000000000
39132  -27.711  -54.372  53.838 0.0000000000
36567  -27.236  -56.394  51.276 0.0000000000
45024  -33.075  -49.008  46.464 0.0000000000
46082  -31.267  -48.513  49.066 0.0000000000
44980  -30.975  -48.813  51.701 0.0000000000
41528  -28.909  -51.961  50.971 0.0000000000
37920  -27.416  -55.459  49.527 0.0000000000
47059  -20.287  -47.535  56.158 0.0000000000
47095  -21.689  -46.851  53.540 0.0000000000
47145  -24.153  -46.463  50.702 0.0000000000
44968  -26.350  -49.344  52.049 0.0000000000
46081  -26.568  -48.397  49.942 0.0000000000
48152  -25.789  -46.724  48.523 0.0000000000
39079  -24.138  -54.198  64.519 0.0000000000
35303  -26.094  -56.941  61.886 0.0000000000
36490  -24.079  -56.468  62.835 0.0000000000
37837  -23.883  -55.443  61.368 0.0000000000
37853  -23.239  -55.637  58.122 0.0000000000
37868  -21.451  -55.410  55.134 0.0000000000
37886  -19.354  -55.807  52.446 0.0000000000
31849  -19.102  -59.246  53.678 0.0000000000
33090  -17.759  -58.443  52.552 0.0000000000
37904  -17.747  -56.641  49.872 0.0000000000
37973  -48.321  -53.974  44.501 0.0000000000
37959  -48.425  -54.535  45.608 0.0000000000
37981  -47.341  -54.294  43.991 0.0000000000
39259  -48.138  -53.344  43.375 0.0000000000
36645  -46.883  -55.573  44.750 0.0000000000
36673  -46.524  -54.686  43.475 0.0000000000
36633  -47.408  -55.670  45.525 0.0000000000
36632  -46.786  -56.083  45.332 0.0000000000
62760  -59.417  -33.119  28.907 0.0000000000
60607  -57.238  -34.269  28.273 0.0000000000
61680  -56.722  -33.654  27.396 0.0000000000
62769  -57.920  -33.174  28.104 0.0000000000
63818  -58.558  -32.527  28.074 0.0000000000
57317  -50.726  -38.604  38.537 0.0000000000
58388  -52.516  -37.689  39.556 0.0000000000
57319  -51.736  -38.655  39.332 0.0000000000
54948  -48.873  -40.293  36.820 0.0000000000
56153  -49.575  -39.478  37.275 0.0000000000
57349  -49.835  -38.500  37.022 0.0000000000
40324  -21.222  -54.649  51.233 0.0000000000
40335  -20.734  -54.587  50.524 0.0000000000
40334  -20.033  -54.907  50.491 0.0000000000
40360  -19.388  -55.100  48.738 0.0000000000
39162  -19.103  -55.477  49.418 0.0000000000
35352  -26.744  -57.412  51.966 0.0000000000
34242  -25.631  -58.372  52.763 0.0000000000
47285  -51.004  -48.583  40.666 0.0000000000
47283  -49.754  -48.070  39.705 0.0000000000
47267  -50.277  -47.578  40.436 0.0000000000
48264  -50.165  -46.643  40.546 0.0000000000
69081  -61.079  -27.441  26.782 0.0000000000
70160  -60.350  -26.470  24.924 0.0000000000
71179  -62.142  -25.581  25.734 0.0000000000
41473  -24.120  -52.643  62.555 0.0000000000
41485  -24.772  -52.551  60.867 0.0000000000
40267  -24.406  -53.718  62.079 0.0000000000
59522  -53.918  -34.848  32.527 0.0000000000
59511  -54.308  -34.738  33.204 0.0000000000
59529  -51.782  -35.053  32.670 0.0000000000
59541  -51.345  -35.129  31.551 0.0000000000
59530  -52.549  -35.086  32.186 0.0000000000
59531  -53.386  -35.055  31.848 0.0000000000
43846  -30.821  -50.105  55.528 0.0000000000
44958  -30.915  -49.599  54.621 0.0000000000
43889  -37.568  -50.896  48.123 0.0000000000
43898  -36.491  -50.450  47.392 0.0000000000
47160  -22.184  -46.573  49.965 0.0000000000
45996  -24.320  -48.343  56.785 0.0000000000
47074  -23.895  -47.706  56.191 0.0000000000
46005  -25.492  -48.726  55.900 0.0000000000
42806  -23.093  -52.790  45.737 0.0000000000
43903  -23.902  -51.895  46.588 0.0000000000
42807  -23.399  -52.441  45.071 0.0000000000
40265  -28.312  -53.929  61.909 0.0000000000
39094  -29.063  -54.319  60.981 0.0000000000
33064  -21.990  -59.019  57.667 0.0000000000
34209  -22.186  -58.889  58.497 0.0000000000
34213  -20.703  -58.571  57.092 0.0000000000
34206  -20.654  -57.824  57.212 0.0000000000
34221  -20.095  -58.424  55.800 0.0000000000
41632  -50.151  -51.718  42.178 0.0000000000
41637  -49.542  -51.412  41.123 0.0000000000
41648  -51.166  -50.672  41.339 0.0000000000
42850  -51.734  -50.202  40.538 0.0000000000
34315  -44.310  -56.612  45.200 0.0000000000
34303  -43.767  -57.401  45.754 0.0000000000
33159  -42.448  -56.799  44.223 0.0000000000
33165  -41.278  -57.345  43.164 0.0000000000
66900  -61.661  -29.631  28.778 0.0000000000
65874  -59.267  -30.883  28.052 0.0000000000
66904  -58.873  -29.863  27.293 0.0000000000
66905  -59.819  -29.660  27.609 0.0000000000
66906  -60.695  -29.193  27.792 0.0000000000
59481  -51.851  -35.834  35.724 0.0000000000
59482  -52.850  -35.516  35.819 0.0000000000
58417  -52.545  -35.738  36.758 0.0000000000
59479  -50.583  -36.550  35.758 0.0000000000
58443  -49.435  -36.599  34.878 0.0000000000
59493  -50.535  -36.345  35.290 0.0000000000
60538  -51.353  -35.579  34.518 0.0000000000
47079  -18.930  -47.077  53.786 0.0000000000
46031  -20.450  -46.814  52.183 0.0000000000
47108  -20.254  -47.046  52.826 0.0000000000
41507  -25.568  -52.108  54.402 0.0000000000
41511  -25.738  -51.738  53.753 0.0000000000
40316  -24.433  -53.018  52.581 0.0000000000
41555  -21.556  -54.370  49.216 0.0000000000
40352  -23.168  -53.520  50.065 0.0000000000
41564  -21.887  -54.070  48.480 0.0000000000
41565  -22.512  -53.381  47.982 0.0000000000
40393  -21.540  -54.076  47.088 0.0000000000
40407  -20.334  -55.292  45.929 0.0000000000
37863  -27.869  -55.101  57.428 0.0000000000
37862  -27.464  -55.848  57.846 0.0000000000
36532  -26.769  -56.728  56.509 0.0000000000
34232  -24.584  -58.776  54.692 0.0000000000
34229  -25.274  -58.040  56.016 0.0000000000
33088  -24.056  -59.259  55.307 0.0000000000
33079  -23.099  -59.535  55.885 0.0000000000
52435  -51.383  -41.890  39.796 0.0000000000
50371  -50.085  -44.018  40.191 0.0000000000
50381  -48.408  -44.596  38.844 0.0000000000
51393  -50.129  -43.443  39.690 0.0000000000
51403  -49.946  -42.707  38.854 0.0000000000
41530  -39.872  -52.325  52.090 0.0000000000
41540  -38.663  -52.566  50.787 0.0000000000
40329  -38.316  -53.871  51.092 0.0000000000
35371  -41.541  -57.164  49.082 0.0000000000
36571  -41.102  -56.580  50.817 0.0000000000
35370  -40.834  -56.837  48.819 0.0000000000
36627  -37.761  -55.671  45.532 0.0000000000
36601  -38.302  -55.940  47.183 0.0000000000
36614  -36.753  -55.320  46.425 0.0000000000
36589  -36.768  -55.244  47.383 0.0000000000
35409  -36.362  -54.983  45.820 0.0000000000
36639  -34.998  -54.612  44.544 0.0000000000
43816  -23.399  -50.383  61.038 0.0000000000
44901  -23.884  -50.079  60.267 0.0000000000
44913  -23.738  -49.502  59.473 0.0000000000
44915  -25.175  -50.521  59.089 0.0000000000
43835  -25.791  -50.717  57.832 0.0000000000
42688  -25.774  -51.579  58.083 0.0000000000
40285  -24.948  -53.711  58.020 0.0000000000
40286  -25.313  -53.191  57.681 0.0000000000
39116  -23.627  -54.493  55.752 0.0000000000
39123  -23.187  -54.566  54.629 0.0000000000
39115  -22.718  -54.884  55.246 0.0000000000
60576  -56.035  -34.729  29.877 0.0000000000
60565  -57.348  -34.099  30.613 0.0000000000
60564  -56.699  -34.481  30.621 0.0000000000
59555  -54.394  -35.053  29.415 0.0000000000
58485  -53.629  -35.074  28.312 0.0000000000
60584  -54.950  -34.918  28.974 0.0000000000
60585  -55.725  -34.760  29.163 0.0000000000
41496  -29.879  -52.263  58.475 0.0000000000
41508  -28.412  -52.840  54.072 0.0000000000
41504  -28.442  -52.983  54.953 0.0000000000
40307  -28.082  -53.487  53.406 0.0000000000
37890  -27.659  -54.808  52.826 0.0000000000
37898  -27.925  -54.554  52.030 0.0000000000
43947  -33.172  -50.527  44.357 0.0000000000
43918  -34.218  -49.935  45.643 0.0000000000
43929  -32.547  -49.970  44.834 0.0000000000
42759  -29.897  -51.414  47.495 0.0000000000
45004  -30.944  -49.652  47.490 0.0000000000
43897  -30.391  -49.504  49.011 0.0000000000
44988  -30.811  -49.056  50.731 0.0000000000
44987  -30.272  -49.677  50.267 0.0000000000
43869  -29.660  -50.531  51.363 0.0000000000
41548  -29.108  -52.102  49.658 0.0000000000
37932  -27.465  -55.166  48.455 0.0000000000
47048  -19.645  -47.214  56.765 0.0000000000
47097  -23.908  -46.899  53.919 0.0000000000
47083  -21.893  -47.246  54.643 0.0000000000
47096  -22.699  -46.969  53.744 0.0000000000
47112  -23.429  -46.523  52.785 0.0000000000
48133  -24.668  -46.535  52.331 0.0000000000
42723  -25.323  -51.249  51.517 0.0000000000
44961  -26.256  -49.399  53.084 0.0000000000
43867  -25.740  -50.533  51.322 0.0000000000
43906  -25.266  -50.573  47.665 0.0000000000
43884  -26.431  -49.998  49.405 0.0000000000
46096  -26.158  -48.620  48.460 0.0000000000
47164  -26.428  -47.747  49.266 0.0000000000
46108  -25.727  -48.761  47.461 0.0000000000
47187  -25.919  -47.392  47.123 0.0000000000
39083  -24.707  -54.765  64.181 0.0000000000
35318  -25.862  -57.075  59.048 0.0000000000
36501  -26.830  -56.493  60.697 0.0000000000
35307  -25.044  -57.355  60.816 0.0000000000
35304  -22.508  -58.067  60.597 0.0000000000
35300  -23.445  -57.580  61.402 0.0000000000
36500  -23.092  -56.756  61.174 0.0000000000
37831  -23.956  -55.647  62.593 0.0000000000
37840  -23.352  -56.168  60.741 0.0000000000
37841  -23.841  -55.481  60.395 0.0000000000
37845  -23.019  -56.184  59.315 0.0000000000
37866  -20.170  -56.387  55.424 0.0000000000
37860  -21.579  -55.729  56.280 0.0000000000
37873  -20.069  -55.895  54.413 0.0000000000
37874  -20.742  -55.419  54.257 0.0000000000
37878  -19.386  -56.077  53.531 0.0000000000
31865  -17.968  -59.734  52.487 0.0000000000
31847  -18.197  -58.900  53.253 0.0000000000
41627  -50.569  -51.911  42.911 0.0000000000
40450  -46.535  -52.947  41.929 0.0000000000
40463  -47.499  -51.945  41.070 0.0000000000
39279  -48.216  -52.366  42.672 0.0000000000
40446  -49.228  -52.420  42.973 0.0000000000
35461  -44.716  -55.708  44.296 0.0000000000
36671  -45.015  -55.064  42.970 0.0000000000
38009  -45.703  -54.398  42.724 0.0000000000
36630  -45.550  -56.448  45.544 0.0000000000
64836  -60.193  -31.554  29.094 0.0000000000
63822  -55.500  -32.429  26.635 0.0000000000
64849  -55.779  -31.426  26.433 0.0000000000
65878  -56.500  -30.704  26.478 0.0000000000
64840  -57.512  -31.546  27.164 0.0000000000
64842  -59.088  -31.929  28.023 0.0000000000
58415  -51.026  -36.948  37.242 0.0000000000
58403  -52.588  -36.068  37.667 0.0000000000
58402  -51.729  -37.239  38.388 0.0000000000
58374  -53.393  -37.214  39.928 0.0000000000
51433  -47.686  -42.744  36.898 0.0000000000
53714  -48.054  -41.301  36.316 0.0000000000
54973  -48.060  -40.337  35.934 0.0000000000
56172  -48.154  -39.542  35.531 0.0000000000
57377  -48.285  -38.294  34.820 0.0000000000
56189  -48.780  -38.826  35.587 0.0000000000
57369  -49.622  -38.064  36.374 0.0000000000
40315  -23.675  -53.587  52.429 0.0000000000
40325  -22.121  -54.485  51.354 0.0000000000
41544  -21.356  -54.479  49.871 0.0000000000
40362  -20.889  -54.598  49.124 0.0000000000
40392  -20.575  -54.844  47.060 0.0000000000
40374  -19.845  -54.879  47.940 0.0000000000
40373  -18.990  -54.961  47.807 0.0000000000
36542  -26.672  -56.445  54.470 0.0000000000
36537  -26.718  -56.757  55.593 0.0000000000
35341  -26.152  -57.126  54.071 0.0000000000
50360  -50.751  -44.094  40.941 0.0000000000
45096  -50.590  -49.314  38.139 0.0000000000
45103  -50.403  -49.253  37.346 0.0000000000
47307  -49.888  -48.439  38.352 0.0000000000
48317  -49.278  -47.883  38.132 0.0000000000
48297  -48.784  -47.484  38.692 0.0000000000
48263  -49.386  -46.345  40.115 0.0000000000
50359  -50.056  -44.812  40.468 0.0000000000
39151  -40.098  -54.377  52.570 0.0000000000
35429  -40.706  -56.800  45.201 0.0000000000
36618  -40.340  -56.601  46.517 0.0000000000
35445  -39.357  -56.334  44.596 0.0000000000
36653  -37.946  -55.665  43.419 0.0000000000
67942  -58.812  -26.891  24.087 0.0000000000
69100  -58.972  -26.353  23.210 0.0000000000
70167  -59.504  -25.838  23.362 0.0000000000
71200  -59.602  -25.061  22.826 0.0000000000
42677  -24.839  -51.702  60.546 0.0000000000
42678  -25.294  -51.698  59.776 0.0000000000
41486  -25.212  -52.462  60.075 0.0000000000
40277  -25.209  -53.209  59.461 0.0000000000
39107  -24.432  -54.195  57.985 0.0000000000
59533  -55.066  -34.876  31.346 0.0000000000
59524  -55.426  -34.572  31.995 0.0000000000
58459  -50.326  -35.332  30.532 0.0000000000
58469  -51.679  -34.847  29.702 0.0000000000
58483  -51.856  -34.794  28.972 0.0000000000
59553  -52.841  -34.858  30.255 0.0000000000
59543  -53.571  -35.071  30.872 0.0000000000
42695  -30.059  -51.696  57.567 0.0000000000
43842  -30.844  -50.553  56.511 0.0000000000
42708  -29.731  -51.089  55.011 0.0000000000
42712  -29.205  -51.438  53.207 0.0000000000
40411  -28.863  -52.930  45.924 0.0000000000
40377  -28.674  -52.587  48.258 0.0000000000
47050  -21.357  -47.712  57.470 0.0000000000
47060  -21.185  -47.755  56.473 0.0000000000
47073  -23.059  -47.501  55.904 0.0000000000
47085  -24.317  -47.359  55.069 0.0000000000
47098  -25.342  -47.343  53.916 0.0000000000
42748  -24.129  -51.976  48.265 0.0000000000
43873  -25.333  -51.158  49.569 0.0000000000
42757  -24.377  -51.588  47.633 0.0000000000
43904  -24.362  -51.486  46.899 0.0000000000
45021  -24.682  -51.025  46.444 0.0000000000
41479  -28.511  -52.543  61.542 0.0000000000
40264  -27.626  -53.979  62.354 0.0000000000
37830  -26.826  -55.288  62.481 0.0000000000
33063  -23.789  -58.379  58.703 0.0000000000
34199  -24.166  -57.925  60.630 0.0000000000
34203  -23.023  -58.797  59.529 0.0000000000
34197  -22.525  -58.563  60.006 0.0000000000
35316  -21.782  -57.704  59.033 0.0000000000
36519  -21.897  -56.772  58.233 0.0000000000
35321  -21.452  -57.291  57.906 0.0000000000
36525  -20.263  -56.927  56.143 0.0000000000
36524  -19.177  -57.135  54.971 0.0000000000
41682  -49.388  -51.142  38.010 0.0000000000
40479  -48.523  -51.692  39.796 0.0000000000
41664  -49.777  -50.898  39.523 0.0000000000
42866  -50.434  -50.409  38.831 0.0000000000
43985  -50.891  -49.839  39.485 0.0000000000
46182  -51.208  -49.261  40.378 0.0000000000
35398  -42.171  -57.608  47.941 0.0000000000
34272  -44.575  -57.679  47.627 0.0000000000
34291  -43.264  -57.587  46.805 0.0000000000
34300  -41.496  -57.115  45.661 0.0000000000
33147  -40.983  -57.322  44.211 0.0000000000
66916  -57.370  -28.772  25.657 0.0000000000
67937  -59.551  -27.929  26.204 0.0000000000
67932  -60.760  -28.093  27.148 0.0000000000
59509  -53.261  -35.280  33.763 0.0000000000
59497  -53.805  -35.244  34.401 0.0000000000
59483  -53.570  -35.434  35.103 0.0000000000
58435  -48.162  -37.341  34.484 0.0000000000
60552  -50.396  -35.402  32.931 0.0000000000
59519  -51.898  -35.199  33.592 0.0000000000
40378  -35.218  -52.857  45.667 0.0000000000
42762  -35.523  -51.668  46.280 0.0000000000
40413  -34.349  -52.688  44.743 0.0000000000
41611  -33.320  -52.032  43.764 0.0000000000
47142  -21.097  -46.587  50.750 0.0000000000
47143  -21.877  -46.647  50.894 0.0000000000
43844  -25.972  -50.367  55.904 0.0000000000
44951  -26.005  -49.575  55.130 0.0000000000
42706  -26.158  -50.656  54.167 0.0000000000
42709  -25.316  -51.812  52.413 0.0000000000
41536  -24.519  -52.253  50.572 0.0000000000
41534  -23.667  -53.230  51.003 0.0000000000
41535  -24.005  -52.996  50.630 0.0000000000
42729  -24.297  -52.582  50.011 0.0000000000
41566  -22.985  -52.690  47.943 0.0000000000
37843  -28.251  -55.731  60.212 0.0000000000
37854  -27.762  -55.899  58.858 0.0000000000
36521  -27.046  -56.359  58.484 0.0000000000
35323  -25.569  -57.079  58.045 0.0000000000
35334  -25.924  -57.743  56.221 0.0000000000
34225  -25.427  -57.460  56.924 0.0000000000
34210  -24.137  -57.966  58.387 0.0000000000
33066  -23.281  -58.878  58.004 0.0000000000
33070  -22.505  -59.310  56.942 0.0000000000
33077  -21.469  -59.424  55.896 0.0000000000
54924  -50.858  -40.364  38.992 0.0000000000
56125  -51.925  -39.638  39.971 0.0000000000
53662  -51.839  -41.192  40.305 0.0000000000
45115  -49.674  -48.898  35.927 0.0000000000
51413  -47.806  -43.792  37.549 0.0000000000
53679  -49.810  -41.163  38.132 0.0000000000
42744  -38.120  -51.381  49.604 0.0000000000
41549  -36.960  -52.659  48.296 0.0000000000
36551  -41.502  -55.699  52.395 0.0000000000
36560  -40.404  -55.790  51.410 0.0000000000
37911  -39.155  -55.537  50.728 0.0000000000
35381  -40.052  -56.555  47.737 0.0000000000
36579  -38.785  -55.795  48.738 0.0000000000
39158  -38.220  -54.857  50.587 0.0000000000
39167  -37.448  -54.508  49.238 0.0000000000
39181  -36.693  -54.402  47.824 0.0000000000
39196  -36.037  -53.826  46.828 0.0000000000
37956  -34.967  -54.139  45.361 0.0000000000
72200  -59.705  -24.222  22.163 0.0000000000
73222  -60.012  -23.423  21.250 0.0000000000
73223  -61.057  -22.762  20.768 0.0000000000
44934  -23.082  -48.565  57.766 0.0000000000
45989  -23.964  -48.533  57.463 0.0000000000
44912  -22.903  -48.944  59.243 0.0000000000
44924  -23.704  -49.046  58.511 0.0000000000
44945  -25.507  -49.352  56.726 0.0000000000
43840  -25.940  -50.501  56.975 0.0000000000
42698  -26.030  -51.308  56.278 0.0000000000
40301  -25.233  -52.861  54.851 0.0000000000
41499  -25.656  -52.365  57.393 0.0000000000
40296  -25.200  -53.084  55.674 0.0000000000
40300  -24.506  -53.805  54.686 0.0000000000
40305  -23.461  -54.219  53.599 0.0000000000
40303  -21.958  -54.704  53.112 0.0000000000
39137  -20.809  -55.153  52.119 0.0000000000
60598  -58.267  -34.130  29.001 0.0000000000
58501  -52.376  -34.768  28.097 0.0000000000
58518  -52.866  -34.614  27.720 0.0000000000
59583  -53.743  -34.565  27.577 0.0000000000
59572  -54.695  -34.601  27.984 0.0000000000
60596  -56.170  -34.506  28.530 0.0000000000
40287  -28.707  -53.687  57.865 0.0000000000
39119  -28.217  -54.364  56.094 0.0000000000
40293  -29.063  -53.008  56.402 0.0000000000
40297  -28.460  -53.558  55.619 0.0000000000
39125  -27.498  -54.957  54.639 0.0000000000
36558  -27.216  -56.361  52.466 0.0000000000
43919  -35.280  -50.099  46.304 0.0000000000
46110  -34.426  -48.213  47.406 0.0000000000
46100  -34.069  -47.730  48.239 0.0000000000
43908  -31.249  -49.884  46.755 0.0000000000
45006  -31.876  -48.503  48.296 0.0000000000
46084  -33.365  -47.730  49.494 0.0000000000
46067  -31.749  -47.722  50.848 0.0000000000
46038  -31.998  -48.052  52.616 0.0000000000
44972  -31.887  -48.529  53.415 0.0000000000
44963  -30.584  -49.560  53.596 0.0000000000
43860  -29.400  -50.807  52.714 0.0000000000
41519  -28.523  -52.637  52.096 0.0000000000
39178  -28.490  -53.301  48.946 0.0000000000
39163  -28.306  -53.625  50.038 0.0000000000
37908  -28.133  -54.559  51.036 0.0000000000
37907  -27.522  -55.446  50.617 0.0000000000
47069  -19.348  -47.359  54.848 0.0000000000
47071  -21.071  -47.632  55.442 0.0000000000
47082  -20.960  -47.318  54.456 0.0000000000
47094  -20.816  -47.007  53.604 0.0000000000
46033  -21.557  -46.660  52.764 0.0000000000
47127  -22.460  -46.570  51.854 0.0000000000
44956  -26.183  -49.021  53.888 0.0000000000
46021  -26.208  -48.263  53.428 0.0000000000
46036  -26.464  -48.157  52.369 0.0000000000
43874  -26.064  -50.417  50.175 0.0000000000
46066  -26.534  -48.267  50.839 0.0000000000
47130  -26.201  -47.377  51.445 0.0000000000
47146  -25.419  -46.743  50.494 0.0000000000
47163  -25.873  -46.811  49.292 0.0000000000
48151  -25.190  -46.325  48.653 0.0000000000
48159  -25.589  -46.449  47.823 0.0000000000
36502  -27.521  -56.018  60.974 0.0000000000
36497  -26.610  -56.341  61.842 0.0000000000
36492  -25.652  -56.395  62.835 0.0000000000
35306  -24.467  -57.593  60.998 0.0000000000
35298  -25.107  -56.881  62.661 0.0000000000
36488  -24.984  -56.139  63.603 0.0000000000
37826  -24.273  -55.444  63.472 0.0000000000
39086  -24.157  -54.611  63.432 0.0000000000
40266  -24.148  -54.047  62.674 0.0000000000
39095  -24.334  -54.689  61.194 0.0000000000
37846  -23.923  -55.343  59.490 0.0000000000
39106  -23.863  -54.894  57.811 0.0000000000
37852  -22.285  -56.200  57.799 0.0000000000
37861  -22.396  -55.462  56.624 0.0000000000
39110  -22.978  -55.030  56.193 0.0000000000
37875  -21.422  -55.171  54.385 0.0000000000
37880  -20.568  -55.338  53.206 0.0000000000
39135  -19.733  -55.456  51.644 0.0000000000
33085  -20.644  -59.502  55.279 0.0000000000
31859  -19.925  -59.708  53.562 0.0000000000
33084  -19.989  -59.359  54.891 0.0000000000
33073  -19.178  -58.560  54.640 0.0000000000
34227  -18.689  -58.295  54.079 0.0000000000
35336  -18.248  -57.436  53.049 0.0000000000
35344  -17.671  -57.642  51.461 0.0000000000
36538  -18.448  -57.002  52.557 0.0000000000
36547  -18.808  -56.398  52.141 0.0000000000
37894  -18.532  -56.244  50.681 0.0000000000
39154  -18.951  -55.666  50.073 0.0000000000
39161  -18.600  -55.848  49.350 0.0000000000
37941  -18.074  -56.773  47.570 0.0000000000
37966  -48.368  -54.214  45.016 0.0000000000
36634  -47.836  -54.778  45.261 0.0000000000
36657  -47.532  -54.405  44.456 0.0000000000
36658  -47.955  -54.063  44.468 0.0000000000
36646  -47.400  -54.970  44.839 0.0000000000
36656  -46.893  -54.880  44.075 0.0000000000
36620  -47.935  -55.143  45.792 0.0000000000
61656  -59.045  -33.537  29.104 0.0000000000
61648  -59.676  -33.262  29.734 0.0000000000
61669  -58.195  -33.755  28.569 0.0000000000
62770  -58.910  -33.135  28.570 0.0000000000
57318  -51.089  -38.717  38.920 0.0000000000
56133  -51.267  -39.607  39.252 0.0000000000
54923  -50.227  -40.308  38.292 0.0000000000
54933  -49.576  -40.308  37.522 0.0000000000
56140  -50.034  -39.404  37.759 0.0000000000
40323  -20.409  -54.913  51.131 0.0000000000
40333  -19.700  -55.093  50.190 0.0000000000
34245  -26.202  -58.362  51.598 0.0000000000
47268  -50.863  -47.941  40.956 0.0000000000
59510  -53.812  -35.013  33.473 0.0000000000
59520  -52.603  -35.163  33.168 0.0000000000
44954  -32.799  -49.100  55.765 0.0000000000
44953  -31.840  -49.384  55.629 0.0000000000
44959  -31.690  -49.200  54.758 0.0000000000
42752  -36.632  -51.478  47.509 0.0000000000
43888  -37.047  -50.963  47.643 0.0000000000
42763  -36.188  -51.145  47.200 0.0000000000
47174  -22.260  -46.089  49.134 0.0000000000
42789  -23.374  -52.275  45.858 0.0000000000
33068  -21.026  -59.176  56.678 0.0000000000
34214  -21.234  -58.968  57.494 0.0000000000
34222  -20.500  -58.826  56.337 0.0000000000
41633  -51.030  -51.383  42.237 0.0000000000
41639  -50.763  -51.112  41.653 0.0000000000
41640  -51.450  -51.031  41.719 0.0000000000
42845  -51.739  -50.736  41.270 0.0000000000
34321  -43.552  -56.333  44.372 0.0000000000
33160  -43.133  -56.646  44.610 0.0000000000
34320  -42.780  -56.454  44.017 0.0000000000
65875  -60.277  -30.131  28.253 0.0000000000
65876  -61.050  -29.728  28.344 0.0000000000
58428  -52.350  -35.767  36.462 0.0000000000
59480  -51.003  -36.294  35.748 0.0000000000
59494  -51.401  -35.781  35.057 0.0000000000
47068  -18.649  -47.166  54.409 0.0000000000
47092  -19.585  -47.070  53.317 0.0000000000
47093  -20.128  -47.257  53.517 0.0000000000
41506  -25.039  -52.957  54.085 0.0000000000
41510  -25.200  -52.387  53.201 0.0000000000
40363  -21.438  -54.368  48.818 0.0000000000
41580  -21.970  -53.822  47.754 0.0000000000
37870  -27.849  -54.932  56.535 0.0000000000
37869  -27.312  -55.866  56.491 0.0000000000
52425  -51.680  -42.486  40.476 0.0000000000
39140  -39.874  -53.922  52.704 0.0000000000
40331  -39.704  -53.266  52.273 0.0000000000
40330  -38.899  -53.508  51.480 0.0000000000
39149  -38.635  -54.502  51.340 0.0000000000
34268  -41.474  -57.578  48.002 0.0000000000
35396  -40.984  -57.275  47.699 0.0000000000
35444  -37.420  -55.073  44.942 0.0000000000
35411  -37.317  -55.420  45.875 0.0000000000
35426  -37.148  -55.047  45.472 0.0000000000
35425  -36.500  -54.787  45.363 0.0000000000
35442  -35.921  -54.567  44.655 0.0000000000
35456  -36.241  -54.440  43.910 0.0000000000
43817  -24.310  -50.832  60.672 0.0000000000
44902  -24.409  -50.412  60.124 0.0000000000
44914  -24.682  -50.154  59.510 0.0000000000
43827  -25.167  -50.932  59.471 0.0000000000
43832  -25.490  -50.911  58.691 0.0000000000
40289  -24.111  -54.295  56.971 0.0000000000
40294  -24.101  -54.273  56.559 0.0000000000
59546  -56.033  -34.819  30.290 0.0000000000
60575  -55.220  -34.959  29.740 0.0000000000
41512  -28.423  -52.718  53.033 0.0000000000
39139  -27.912  -54.071  52.680 0.0000000000
43959  -31.894  -50.935  43.595 0.0000000000
43945  -31.596  -50.729  44.004 0.0000000000
42751  -30.122  -50.802  47.727 0.0000000000
42741  -29.785  -50.654  48.572 0.0000000000
43886  -29.839  -50.143  49.513 0.0000000000
43876  -29.473  -50.641  50.220 0.0000000000
42740  -29.381  -51.181  49.251 0.0000000000
47049  -20.429  -47.576  57.141 0.0000000000
42722  -25.014  -51.568  50.969 0.0000000000
43866  -25.396  -51.140  50.423 0.0000000000
45013  -25.567  -49.923  47.604 0.0000000000
45002  -25.913  -49.511  48.222 0.0000000000
46115  -25.341  -49.296  46.484 0.0000000000
40260  -26.429  -54.045  63.216 0.0000000000
39084  -25.313  -54.618  64.069 0.0000000000
35312  -26.123  -56.961  60.098 0.0000000000
35311  -25.331  -57.471  59.796 0.0000000000
36499  -22.669  -57.384  60.863 0.0000000000
36494  -23.102  -57.286  61.267 0.0000000000
36513  -22.445  -56.832  59.762 0.0000000000
37872  -19.647  -56.146  54.184 0.0000000000
36535  -19.226  -56.338  53.813 0.0000000000
31883  -17.656  -60.077  51.259 0.0000000000
31874  -18.020  -60.138  52.043 0.0000000000
30623  -17.665  -59.978  51.735 0.0000000000
40447  -49.826  -52.302  42.978 0.0000000000
39277  -46.906  -53.418  42.383 0.0000000000
40451  -47.197  -52.642  41.858 0.0000000000
39278  -47.577  -52.927  42.617 0.0000000000
39244  -48.783  -52.996  43.388 0.0000000000
35474  -44.829  -55.375  43.594 0.0000000000
35475  -45.523  -55.210  43.678 0.0000000000
37994  -46.964  -54.329  43.421 0.0000000000
37993  -46.216  -54.446  42.934 0.0000000000
39257  -46.627  -54.024  42.782 0.0000000000
39276  -45.869  -53.705  42.439 0.0000000000
36644  -46.143  -55.804  44.838 0.0000000000
36631  -46.149  -56.274  45.462 0.0000000000
36643  -45.683  -56.078  45.159 0.0000000000
35450  -45.009  -56.221  45.113 0.0000000000
64831  -60.459  -31.649  29.628 0.0000000000
64832  -60.789  -31.405  29.902 0.0000000000
63815  -60.230  -32.271  29.815 0.0000000000
59584  -54.867  -34.251  27.722 0.0000000000
60620  -54.374  -33.936  27.249 0.0000000000
60621  -55.362  -33.845  27.543 0.0000000000
62775  -56.847  -33.139  27.146 0.0000000000
62774  -55.856  -32.963  26.966 0.0000000000
63828  -55.726  -32.031  26.485 0.0000000000
63823  -56.306  -32.199  26.653 0.0000000000
64845  -56.917  -31.620  26.732 0.0000000000
63824  -57.077  -32.288  26.951 0.0000000000
63813  -59.655  -32.555  28.821 0.0000000000
63819  -59.231  -32.435  28.325 0.0000000000
64835  -59.582  -31.716  28.446 0.0000000000
52471  -48.369  -41.998  36.687 0.0000000000
53692  -48.661  -41.297  36.835 0.0000000000
54947  -48.379  -40.829  36.528 0.0000000000
54972  -47.771  -39.812  35.550 0.0000000000
56173  -48.505  -39.427  35.747 0.0000000000
56188  -48.503  -39.017  35.223 0.0000000000
56174  -48.893  -39.180  36.190 0.0000000000
58400  -50.621  -37.944  37.662 0.0000000000
58414  -50.498  -37.752  37.300 0.0000000000
40349  -20.989  -54.449  50.099 0.0000000000
41543  -20.974  -54.464  49.913 0.0000000000
41554  -21.072  -54.511  49.650 0.0000000000
40361  -20.109  -54.915  48.904 0.0000000000
39190  -18.511  -55.510  47.751 0.0000000000
39205  -18.528  -55.857  46.859 0.0000000000
35342  -26.581  -56.634  53.774 0.0000000000
46197  -50.575  -49.089  38.702 0.0000000000
46196  -50.332  -48.746  38.096 0.0000000000
46189  -50.304  -48.809  38.932 0.0000000000
47296  -49.530  -48.251  38.716 0.0000000000
48299  -49.305  -47.917  39.192 0.0000000000
48298  -49.044  -47.769  38.673 0.0000000000
48279  -49.238  -47.292  39.633 0.0000000000
47282  -48.526  -47.181  38.922 0.0000000000
49316  -50.543  -45.433  41.025 0.0000000000
49315  -49.878  -45.649  40.427 0.0000000000
39141  -40.309  -54.099  53.096 0.0000000000
37891  -40.619  -54.795  52.747 0.0000000000
35446  -40.099  -56.696  44.348 0.0000000000
35428  -39.892  -56.333  45.359 0.0000000000
35458  -39.178  -56.448  43.735 0.0000000000
69092  -58.881  -27.287  24.732 0.0000000000
69096  -58.392  -27.207  24.228 0.0000000000
69097  -59.334  -26.381  23.743 0.0000000000
70164  -60.110  -25.900  24.118 0.0000000000
71195  -60.078  -25.332  23.504 0.0000000000
71190  -60.501  -25.348  23.921 0.0000000000
40271  -24.708  -53.663  60.901 0.0000000000
40272  -25.001  -53.170  60.243 0.0000000000
40281  -24.891  -53.851  58.776 0.0000000000
59523  -54.644  -34.742  32.283 0.0000000000
60573  -50.400  -35.332  31.645 0.0000000000
59551  -50.897  -35.205  30.646 0.0000000000
59544  -54.541  -35.051  30.485 0.0000000000
42707  -29.410  -51.346  54.320 0.0000000000
43854  -29.506  -50.839  53.690 0.0000000000
39219  -28.295  -53.504  46.245 0.0000000000
47051  -22.016  -47.780  57.421 0.0000000000
47061  -22.224  -47.651  56.848 0.0000000000
47062  -23.083  -47.860  56.619 0.0000000000
46004  -24.849  -47.963  55.643 0.0000000000
47086  -25.152  -47.654  54.696 0.0000000000
43913  -23.790  -51.841  46.039 0.0000000000
45011  -24.901  -50.932  46.828 0.0000000000
43927  -24.269  -51.380  45.593 0.0000000000
39089  -27.987  -54.570  62.079 0.0000000000
39088  -27.363  -54.812  62.376 0.0000000000
33062  -23.427  -58.712  58.790 0.0000000000
33061  -22.826  -59.052  58.739 0.0000000000
34208  -21.541  -58.630  58.204 0.0000000000
34202  -22.345  -58.730  59.290 0.0000000000
34201  -21.786  -58.424  58.912 0.0000000000
35310  -21.948  -58.064  59.617 0.0000000000
35309  -21.732  -57.999  59.021 0.0000000000
35315  -21.560  -57.673  58.375 0.0000000000
35319  -20.453  -57.420  56.641 0.0000000000
36531  -19.737  -56.995  55.559 0.0000000000
35326  -19.402  -57.496  55.217 0.0000000000
41681  -48.985  -51.436  37.704 0.0000000000
41662  -49.052  -51.302  38.475 0.0000000000
40464  -48.234  -51.837  40.887 0.0000000000
40465  -48.967  -51.715  40.753 0.0000000000
41646  -49.859  -50.924  40.553 0.0000000000
41645  -49.466  -51.354  40.070 0.0000000000
41684  -50.045  -50.701  39.138 0.0000000000
41665  -50.231  -50.522  39.932 0.0000000000
42867  -50.753  -50.070  39.357 0.0000000000
42853  -50.680  -50.210  39.881 0.0000000000
45086  -51.449  -49.770  40.343 0.0000000000
36686  -43.739  -54.808  42.654 0.0000000000
34262  -43.019  -57.312  49.234 0.0000000000
35373  -42.760  -57.335  48.864 0.0000000000
34270  -43.122  -57.230  48.465 0.0000000000
35399  -45.183  -57.603  47.156 0.0000000000
34283  -44.482  -57.797  46.820 0.0000000000
33142  -43.232  -57.286  45.625 0.0000000000
33134  -43.307  -57.574  46.369 0.0000000000
33140  -42.852  -57.445  46.293 0.0000000000
34290  -42.397  -57.527  46.627 0.0000000000
34301  -42.357  -57.314  45.669 0.0000000000
34311  -41.647  -57.206  44.961 0.0000000000
34328  -40.334  -56.909  42.708 0.0000000000
67915  -62.569  -28.299  28.425 0.0000000000
65879  -57.139  -30.609  26.690 0.0000000000
66910  -57.619  -29.380  26.411 0.0000000000
66917  -58.055  -28.689  26.076 0.0000000000
67929  -58.619  -28.401  26.102 0.0000000000
67935  -58.217  -28.037  25.490 0.0000000000
67930  -59.241  -28.412  26.410 0.0000000000
66907  -61.478  -29.031  28.214 0.0000000000
67925  -60.620  -28.552  27.297 0.0000000000
67927  -61.974  -28.449  28.113 0.0000000000
69073  -61.562  -27.796  27.394 0.0000000000
59508  -52.554  -35.344  34.091 0.0000000000
59496  -53.131  -35.469  34.680 0.0000000000
60505  -53.929  -34.965  37.169 0.0000000000
60514  -53.717  -35.198  36.114 0.0000000000
58389  -53.163  -36.688  38.701 0.0000000000
59464  -53.425  -35.621  37.913 0.0000000000
57378  -48.745  -38.326  35.281 0.0000000000
58436  -48.895  -37.174  35.029 0.0000000000
60545  -49.739  -35.800  33.431 0.0000000000
59507  -51.831  -35.430  34.392 0.0000000000
60547  -51.280  -35.433  34.015 0.0000000000
40397  -34.704  -52.856  45.210 0.0000000000
40424  -33.160  -52.944  43.495 0.0000000000
47125  -19.843  -46.671  51.817 0.0000000000
46049  -20.477  -46.679  51.626 0.0000000000
46065  -21.390  -46.618  51.383 0.0000000000
43848  -25.975  -50.629  55.060 0.0000000000
42705  -26.043  -51.134  54.290 0.0000000000
42716  -25.111  -51.791  51.683 0.0000000000
41526  -24.551  -52.340  51.216 0.0000000000
40326  -23.038  -53.874  51.458 0.0000000000
40327  -23.651  -53.374  51.696 0.0000000000
40338  -23.187  -53.550  50.691 0.0000000000
41546  -22.862  -53.558  49.403 0.0000000000
40339  -23.538  -53.336  50.306 0.0000000000
41547  -23.734  -53.173  49.755 0.0000000000
42737  -23.509  -53.068  48.938 0.0000000000
42747  -23.509  -52.559  48.337 0.0000000000
41581  -22.527  -53.317  46.996 0.0000000000
40391  -19.649  -55.293  46.973 0.0000000000
37848  -28.378  -55.461  59.344 0.0000000000
36527  -26.685  -56.609  57.384 0.0000000000
36520  -26.304  -56.775  58.290 0.0000000000
35339  -26.340  -57.358  55.806 0.0000000000
35333  -25.725  -57.820  55.719 0.0000000000
34224  -24.826  -57.599  56.775 0.0000000000
34216  -24.811  -57.345  57.743 0.0000000000
34215  -24.160  -57.897  57.433 0.0000000000
33067  -23.710  -58.375  58.110 0.0000000000
33072  -23.804  -58.621  57.258 0.0000000000
33071  -23.245  -59.144  57.077 0.0000000000
33078  -22.199  -59.416  56.094 0.0000000000
53670  -51.120  -41.133  39.351 0.0000000000
54914  -51.381  -40.502  39.462 0.0000000000
53661  -51.539  -41.167  39.782 0.0000000000
46209  -49.873  -48.533  36.908 0.0000000000
45110  -50.020  -49.020  36.389 0.0000000000
46208  -49.243  -48.299  36.565 0.0000000000
51402  -49.362  -43.639  39.233 0.0000000000
50393  -48.317  -44.055  37.980 0.0000000000
52444  -50.290  -41.853  38.649 0.0000000000
53669  -50.520  -41.113  38.783 0.0000000000
41539  -38.168  -53.027  50.579 0.0000000000
41552  -38.395  -51.807  50.222 0.0000000000
41551  -37.799  -52.500  50.001 0.0000000000
41550  -37.360  -52.613  48.907 0.0000000000
36570  -40.309  -56.203  50.409 0.0000000000
36559  -39.737  -55.725  50.829 0.0000000000
36617  -39.630  -56.337  46.115 0.0000000000
35394  -40.132  -56.509  47.270 0.0000000000
36602  -39.461  -56.206  47.087 0.0000000000
36591  -38.039  -55.608  48.052 0.0000000000
37924  -38.325  -55.386  49.051 0.0000000000
37910  -38.621  -55.454  50.120 0.0000000000
37909  -37.982  -54.974  49.701 0.0000000000
37923  -37.717  -55.038  48.845 0.0000000000
37946  -36.174  -54.756  46.760 0.0000000000
37935  -36.384  -54.603  47.230 0.0000000000
39180  -36.306  -53.951  47.206 0.0000000000
37934  -36.099  -54.269  46.842 0.0000000000
39195  -35.729  -53.843  46.455 0.0000000000
37957  -35.375  -54.213  45.735 0.0000000000
35466  -34.534  -54.631  43.361 0.0000000000
36638  -34.586  -54.604  44.276 0.0000000000
71201  -60.217  -24.906  23.218 0.0000000000
72196  -59.955  -24.544  22.643 0.0000000000
72197  -60.595  -24.328  22.892 0.0000000000
73218  -61.215  -23.212  22.131 0.0000000000
45980  -22.258  -48.417  58.752 0.0000000000
44935  -23.590  -48.679  57.855 0.0000000000
44925  -24.606  -49.514  58.637 0.0000000000
44936  -24.524  -48.956  57.616 0.0000000000
42693  -25.976  -51.405  57.172 0.0000000000
42694  -26.121  -51.072  57.107 0.0000000000
41503  -25.567  -52.147  55.471 0.0000000000
41490  -25.472  -52.450  59.218 0.0000000000
41495  -25.603  -52.427  58.322 0.0000000000
40295  -24.534  -53.915  55.995 0.0000000000
40291  -25.229  -53.175  56.707 0.0000000000
40299  -23.762  -54.287  54.465 0.0000000000
39122  -22.377  -54.818  54.384 0.0000000000
39130  -22.683  -54.633  53.888 0.0000000000
39129  -22.096  -54.747  53.646 0.0000000000
39138  -21.232  -54.957  52.463 0.0000000000
39128  -21.545  -54.840  53.190 0.0000000000
60588  -58.442  -34.160  29.674 0.0000000000
60578  -57.565  -34.458  30.159 0.0000000000
58484  -52.967  -34.780  28.576 0.0000000000
59565  -54.307  -35.081  28.533 0.0000000000
58503  -53.697  -35.031  27.895 0.0000000000
58519  -53.396  -34.770  27.801 0.0000000000
60586  -56.641  -34.672  29.304 0.0000000000
60597  -57.328  -34.464  28.831 0.0000000000
39113  -28.275  -54.365  57.124 0.0000000000
40292  -28.650  -53.669  56.768 0.0000000000
42700  -29.832  -51.698  56.437 0.0000000000
41500  -29.560  -52.349  57.069 0.0000000000
41502  -29.345  -52.338  55.940 0.0000000000
40302  -28.149  -53.606  54.495 0.0000000000
39126  -27.911  -54.300  55.067 0.0000000000
39131  -27.485  -54.953  54.027 0.0000000000
37897  -27.577  -55.366  51.890 0.0000000000
37889  -27.451  -55.576  53.046 0.0000000000
42775  -35.204  -51.121  45.757 0.0000000000
43920  -35.762  -50.488  46.739 0.0000000000
45025  -34.464  -49.202  46.412 0.0000000000
46117  -34.015  -48.541  46.809 0.0000000000
47188  -34.587  -47.921  47.760 0.0000000000
46109  -33.337  -48.193  47.420 0.0000000000
42774  -31.097  -50.636  45.280 0.0000000000
43915  -30.867  -50.632  46.511 0.0000000000
45005  -31.106  -48.954  48.290 0.0000000000
46098  -31.741  -48.450  48.778 0.0000000000
46099  -32.616  -48.162  48.505 0.0000000000
46083  -31.865  -48.046  49.652 0.0000000000
46068  -32.902  -47.682  50.676 0.0000000000
46055  -31.525  -47.910  51.670 0.0000000000
46037  -31.359  -48.303  52.117 0.0000000000
44971  -31.207  -48.776  52.846 0.0000000000
44964  -31.443  -49.084  53.892 0.0000000000
44970  -30.405  -49.543  52.452 0.0000000000
42724  -29.126  -51.119  51.277 0.0000000000
43868  -29.326  -50.782  51.912 0.0000000000
41520  -28.883  -51.962  51.753 0.0000000000
41527  -28.649  -52.568  51.308 0.0000000000
39193  -28.219  -53.337  47.916 0.0000000000
40364  -28.824  -52.693  49.194 0.0000000000
37933  -27.656  -54.868  49.156 0.0000000000
37921  -27.759  -54.649  49.871 0.0000000000
39156  -28.516  -53.771  51.026 0.0000000000
48100  -19.246  -46.721  56.375 0.0000000000
47058  -19.415  -47.209  55.778 0.0000000000
46020  -21.274  -46.784  53.224 0.0000000000
47110  -21.910  -46.656  52.943 0.0000000000
47128  -23.791  -46.478  51.738 0.0000000000
47144  -22.941  -46.567  50.828 0.0000000000
43853  -26.174  -50.327  53.879 0.0000000000
44957  -26.122  -49.448  54.441 0.0000000000
44962  -26.178  -49.689  53.703 0.0000000000
46035  -26.393  -48.801  52.746 0.0000000000
46022  -26.273  -47.717  52.991 0.0000000000
44969  -26.506  -48.683  51.827 0.0000000000
43883  -25.844  -50.592  49.119 0.0000000000
44994  -26.396  -49.218  49.656 0.0000000000
43875  -26.375  -49.767  49.964 0.0000000000
47147  -26.379  -47.426  50.217 0.0000000000
47177  -26.147  -47.530  48.308 0.0000000000
47162  -24.521  -46.320  49.519 0.0000000000
40258  -23.746  -53.741  64.158 0.0000000000
37842  -27.985  -55.993  59.994 0.0000000000
36503  -27.983  -55.867  60.676 0.0000000000
36508  -27.864  -55.963  60.484 0.0000000000
35308  -26.084  -56.993  61.253 0.0000000000
36493  -26.317  -56.061  62.533 0.0000000000
36496  -25.998  -56.812  62.224 0.0000000000
34196  -23.782  -57.815  61.182 0.0000000000
35296  -23.945  -57.084  62.042 0.0000000000
35297  -24.578  -56.965  62.388 0.0000000000
36491  -24.781  -56.591  63.063 0.0000000000
37827  -24.443  -56.117  63.514 0.0000000000
37823  -24.573  -55.406  63.822 0.0000000000
37832  -23.999  -55.346  62.067 0.0000000000
39090  -24.181  -54.693  62.725 0.0000000000
39091  -24.233  -54.703  62.048 0.0000000000
39101  -23.733  -55.389  58.707 0.0000000000
37844  -22.462  -56.490  58.690 0.0000000000
39109  -22.206  -55.292  55.694 0.0000000000
37879  -20.013  -55.676  53.403 0.0000000000
37887  -20.075  -55.526  52.462 0.0000000000
37896  -19.263  -55.649  51.439 0.0000000000
31851  -20.375  -59.656  54.479 0.0000000000
33091  -18.932  -59.781  52.983 0.0000000000
33092  -19.174  -59.812  52.963 0.0000000000
31858  -19.266  -59.648  53.289 0.0000000000
31850  -19.676  -59.504  54.084 0.0000000000
33083  -19.412  -59.077  54.428 0.0000000000
33081  -18.253  -58.549  53.334 0.0000000000
34226  -18.326  -57.901  53.551 0.0000000000
34231  -17.953  -57.939  52.810 0.0000000000
35340  -18.103  -57.553  52.186 0.0000000000
36546  -18.118  -57.039  51.503 0.0000000000
36555  -18.012  -56.651  50.778 0.0000000000
37906  -18.766  -55.962  50.480 0.0000000000
37905  -18.378  -56.204  50.113 0.0000000000
39153  -18.825  -55.753  49.813 0.0000000000
40436  -48.973  -53.562  44.031 0.0000000000
40425  -49.132  -53.479  44.209 0.0000000000
39232  -48.814  -53.832  44.460 0.0000000000
39221  -49.018  -53.884  45.195 0.0000000000
37995  -47.591  -53.927  43.657 0.0000000000
37996  -47.943  -53.824  43.839 0.0000000000
39243  -48.657  -53.594  43.913 0.0000000000
36655  -46.178  -55.299  44.203 0.0000000000
35418  -47.146  -56.318  46.352 0.0000000000
35436  -47.047  -56.169  45.776 0.0000000000
62761  -59.718  -32.948  29.217 0.0000000000
62762  -60.017  -32.677  29.752 0.0000000000
61658  -59.893  -32.914  29.775 0.0000000000
60606  -56.357  -34.159  27.891 0.0000000000
61667  -56.537  -33.853  27.554 0.0000000000
61668  -57.208  -33.776  27.689 0.0000000000
62768  -57.417  -33.253  27.565 0.0000000000
57332  -51.433  -38.168  38.769 0.0000000000
57305  -52.389  -38.666  40.251 0.0000000000
54932  -49.283  -40.748  37.286 0.0000000000
54949  -49.308  -39.856  37.132 0.0000000000
56152  -49.259  -39.310  36.834 0.0000000000
57330  -50.502  -38.407  37.898 0.0000000000
40347  -20.128  -54.815  49.754 0.0000000000
40346  -19.645  -55.187  49.589 0.0000000000
35345  -26.236  -57.668  53.037 0.0000000000
35351  -26.243  -58.004  52.352 0.0000000000
33107  -25.686  -58.777  52.061 0.0000000000
47298  -50.668  -48.676  39.766 0.0000000000
47297  -49.989  -48.474  39.287 0.0000000000
47284  -50.371  -48.226  40.154 0.0000000000
48250  -51.128  -46.251  41.608 0.0000000000
39134  -41.457  -54.378  53.044 0.0000000000
35470  -39.021  -56.136  42.713 0.0000000000
69088  -60.782  -26.652  25.766 0.0000000000
70155  -62.749  -26.216  26.624 0.0000000000
42663  -24.093  -52.106  62.149 0.0000000000
41478  -24.463  -52.706  61.730 0.0000000000
60574  -50.768  -35.260  31.926 0.0000000000
59542  -52.622  -34.973  31.199 0.0000000000
43843  -31.376  -49.920  56.252 0.0000000000
43847  -31.311  -49.726  55.696 0.0000000000
44952  -31.285  -49.564  55.276 0.0000000000
43890  -37.791  -50.565  48.922 0.0000000000
47159  -21.230  -46.537  49.961 0.0000000000
46095  -20.789  -46.487  49.039 0.0000000000
47173  -21.522  -46.378  49.291 0.0000000000
45995  -23.240  -48.167  57.032 0.0000000000
47063  -23.607  -48.018  56.667 0.0000000000
42771  -23.216  -52.730  46.902 0.0000000000
42772  -23.474  -52.267  46.499 0.0000000000
43926  -23.783  -51.909  45.383 0.0000000000
39093  -28.469  -54.790  61.524 0.0000000000
34212  -20.316  -58.120  56.565 0.0000000000
40454  -49.240  -51.840  42.109 0.0000000000
41631  -49.776  -51.572  41.707 0.0000000000
41638  -50.103  -51.221  41.392 0.0000000000
41647  -50.463  -50.514  41.009 0.0000000000
42849  -51.203  -50.198  40.687 0.0000000000
39275  -44.785  -53.872  42.322 0.0000000000
34304  -44.263  -57.181  45.633 0.0000000000
34293  -44.403  -57.594  46.133 0.0000000000
34314  -43.704  -56.822  45.202 0.0000000000
33151  -43.152  -56.991  45.130 0.0000000000
33150  -42.536  -57.176  45.034 0.0000000000
33149  -41.774  -57.202  44.542 0.0000000000
33158  -41.801  -57.103  44.014 0.0000000000
65880  -57.972  -29.859  27.023 0.0000000000
66912  -59.497  -29.030  26.952 0.0000000000
59473  -53.160  -35.481  36.882 0.0000000000
58437  -49.741  -36.752  35.266 0.0000000000
60537  -50.828  -35.779  34.541 0.0000000000
37979  -33.179  -54.188  42.891 0.0000000000
47107  -19.774  -46.784  52.412 0.0000000000
46032  -20.924  -46.762  52.519 0.0000000000
40350  -22.112  -54.367  50.089 0.0000000000
40351  -22.550  -53.917  50.089 0.0000000000
41545  -22.054  -54.292  49.607 0.0000000000
41556  -22.298  -53.843  48.851 0.0000000000
40408  -21.320  -54.668  46.102 0.0000000000
34233  -25.361  -58.158  54.910 0.0000000000
34228  -24.626  -58.602  55.653 0.0000000000
33080  -24.004  -59.079  56.356 0.0000000000
52436  -51.750  -41.573  40.055 0.0000000000
48336  -49.120  -47.584  36.959 0.0000000000
50370  -49.397  -44.616  39.844 0.0000000000
51392  -49.723  -43.861  39.790 0.0000000000
51404  -50.699  -42.231  39.268 0.0000000000
41529  -39.340  -52.595  51.527 0.0000000000
40343  -38.388  -53.349  50.902 0.0000000000
40342  -37.873  -53.587  50.527 0.0000000000
35361  -41.790  -57.000  50.104 0.0000000000
35360  -41.004  -56.678  49.774 0.0000000000
36615  -37.494  -55.700  46.367 0.0000000000
36600  -37.283  -55.669  47.135 0.0000000000
36590  -37.107  -55.376  47.559 0.0000000000
36613  -36.181  -54.998  46.079 0.0000000000
36612  -35.522  -54.538  45.568 0.0000000000
35423  -35.583  -54.566  45.117 0.0000000000
35455  -35.227  -54.538  43.974 0.0000000000
69103  -57.662  -26.432  22.400 0.0000000000
44926  -25.254  -50.209  58.627 0.0000000000
40290  -24.558  -53.861  57.156 0.0000000000
39124  -23.873  -54.367  54.985 0.0000000000
60577  -56.828  -34.699  29.963 0.0000000000
59554  -53.672  -34.938  29.891 0.0000000000
59564  -53.641  -35.034  28.981 0.0000000000
60594  -54.782  -34.842  28.568 0.0000000000
60595  -55.252  -34.708  28.612 0.0000000000
41505  -28.959  -52.288  54.854 0.0000000000
40298  -28.784  -52.806  55.582 0.0000000000
42812  -33.774  -51.125  44.501 0.0000000000
43930  -33.600  -50.239  44.894 0.0000000000
43917  -32.874  -49.696  45.644 0.0000000000
45023  -32.292  -49.582  46.290 0.0000000000
42760  -30.484  -51.172  46.938 0.0000000000
43907  -30.820  -50.275  47.075 0.0000000000
43896  -30.359  -49.974  48.219 0.0000000000
44996  -30.744  -49.001  49.628 0.0000000000
44997  -31.198  -48.388  50.390 0.0000000000
44979  -30.298  -49.811  51.314 0.0000000000
43877  -29.804  -50.352  50.639 0.0000000000
42732  -29.388  -50.799  50.718 0.0000000000
42731  -29.171  -51.343  50.293 0.0000000000
39176  -27.661  -54.540  48.145 0.0000000000
36587  -27.028  -56.315  48.954 0.0000000000
47084  -22.966  -47.298  54.827 0.0000000000
47111  -22.321  -46.599  52.848 0.0000000000
48132  -24.268  -46.492  52.306 0.0000000000
48142  -24.411  -46.470  51.974 0.0000000000
43859  -25.948  -50.292  52.500 0.0000000000
44977  -26.199  -49.640  51.218 0.0000000000
43894  -25.598  -50.412  48.255 0.0000000000
43895  -26.206  -50.064  48.681 0.0000000000
45003  -26.351  -49.335  48.893 0.0000000000
46097  -26.416  -48.556  49.158 0.0000000000
47178  -26.335  -48.101  48.786 0.0000000000
36506  -26.965  -56.564  59.898 0.0000000000
35305  -22.986  -58.135  61.082 0.0000000000
35299  -22.871  -57.750  61.101 0.0000000000
36495  -23.573  -56.720  61.856 0.0000000000
37836  -23.606  -56.038  61.641 0.0000000000
37858  -20.614  -56.504  56.349 0.0000000000
37859  -20.839  -55.972  56.163 0.0000000000
37867  -20.766  -55.745  55.327 0.0000000000
31866  -18.674  -59.914  52.596 0.0000000000
31857  -18.642  -59.505  53.050 0.0000000000
31848  -18.507  -59.020  53.364 0.0000000000
31856  -17.916  -59.068  52.918 0.0000000000
31855  -17.674  -59.020  52.574 0.0000000000
33089  -17.607  -58.810  52.316 0.0000000000
36554  -17.525  -57.078  50.603 0.0000000000
40462  -46.738  -52.228  41.273 0.0000000000
40452  -47.811  -52.101  41.934 0.0000000000
39260  -48.716  -52.465  42.921 0.0000000000
39280  -48.700  -52.097  42.446 0.0000000000
40455  -49.634  -52.095  42.549 0.0000000000
34330  -43.412  -55.975  43.684 0.0000000000
35473  -43.830  -55.644  43.402 0.0000000000
36670  -44.207  -55.240  43.113 0.0000000000
36672  -46.019  -54.972  43.419 0.0000000000
37992  -45.636  -54.741  42.875 0.0000000000
38008  -45.154  -54.443  42.627 0.0000000000
35416  -45.576  -57.193  46.600 0.0000000000
35435  -46.616  -56.411  45.934 0.0000000000
35434  -45.891  -56.690  46.025 0.0000000000
35433  -45.009  -57.020  45.832 0.0000000000
34322  -44.328  -56.155  44.632 0.0000000000
64837  -60.899  -31.026  29.556 0.0000000000
65870  -61.751  -30.457  29.483 0.0000000000
64838  -61.243  -30.994  29.742 0.0000000000
61679  -56.126  -33.543  27.387 0.0000000000
62773  -55.016  -32.915  26.799 0.0000000000
62772  -54.558  -32.916  26.553 0.0000000000
63821  -54.764  -32.466  26.479 0.0000000000
64844  -56.430  -31.171  26.549 0.0000000000
64841  -58.355  -31.736  27.744 0.0000000000
65867  -59.600  -31.249  28.378 0.0000000000
65868  -59.936  -30.994  28.586 0.0000000000
58416  -51.944  -36.241  37.029 0.0000000000
53734  -47.689  -41.229  35.633 0.0000000000
54992  -47.255  -40.230  35.386 0.0000000000
56203  -46.937  -39.358  34.680 0.0000000000
56187  -47.825  -39.282  35.074 0.0000000000
57348  -49.351  -38.627  36.435 0.0000000000
57368  -49.221  -38.078  35.834 0.0000000000
58425  -50.230  -37.119  36.192 0.0000000000
47057  -18.715  -47.117  55.175 0.0000000000
40336  -21.430  -54.476  50.507 0.0000000000
41532  -21.605  -54.476  50.269 0.0000000000
41533  -21.775  -54.470  50.064 0.0000000000
40375  -20.676  -54.528  48.084 0.0000000000
40390  -18.940  -55.533  46.959 0.0000000000
40405  -18.798  -55.773  46.356 0.0000000000
37876  -27.224  -55.768  55.141 0.0000000000
36536  -26.449  -56.912  54.970 0.0000000000
34234  -25.784  -57.642  54.514 0.0000000000
34238  -25.705  -57.947  53.850 0.0000000000
50372  -50.530  -43.632  40.156 0.0000000000
51383  -51.628  -43.209  41.201 0.0000000000
44000  -50.587  -49.681  37.895 0.0000000000
43999  -50.407  -50.042  37.410 0.0000000000
45104  -50.535  -49.419  37.784 0.0000000000
46203  -50.234  -48.725  37.481 0.0000000000
47320  -49.758  -48.340  37.491 0.0000000000
47306  -49.465  -48.099  37.748 0.0000000000
48316  -49.031  -47.617  37.730 0.0000000000
48315  -48.737  -47.278  37.559 0.0000000000
47295  -48.742  -47.411  38.987 0.0000000000
48278  -48.705  -46.764  39.526 0.0000000000
48262  -48.965  -46.064  39.967 0.0000000000
50358  -49.685  -45.146  40.218 0.0000000000
35413  -40.724  -56.807  46.282 0.0000000000
34288  -41.003  -57.170  47.037 0.0000000000
36628  -38.946  -56.122  45.223 0.0000000000
36642  -38.670  -56.056  44.094 0.0000000000
36641  -37.878  -55.515  44.452 0.0000000000
36640  -37.171  -54.940  44.348 0.0000000000
35457  -36.648  -54.691  44.018 0.0000000000
67953  -58.434  -26.603  23.254 0.0000000000
69093  -59.496  -26.731  24.421 0.0000000000
67949  -58.823  -26.652  23.622 0.0000000000
69104  -58.406  -26.324  22.790 0.0000000000
70174  -58.714  -25.953  22.578 0.0000000000
70170  -58.936  -25.544  22.512 0.0000000000
71185  -61.760  -25.538  25.301 0.0000000000
43818  -24.895  -51.146  60.111 0.0000000000
39112  -24.128  -54.356  57.319 0.0000000000
59534  -55.900  -34.691  31.090 0.0000000000
59540  -50.258  -35.343  31.090 0.0000000000
59562  -52.241  -34.762  29.711 0.0000000000
42696  -30.787  -51.217  57.786 0.0000000000
42701  -30.399  -51.153  56.882 0.0000000000
42704  -30.166  -50.969  55.750 0.0000000000
41509  -28.827  -52.083  53.686 0.0000000000
41625  -29.908  -52.333  43.325 0.0000000000
41618  -30.032  -52.031  44.223 0.0000000000
41610  -30.103  -51.750  45.016 0.0000000000
41597  -30.216  -51.482  45.664 0.0000000000
41596  -29.649  -52.006  45.761 0.0000000000
41582  -29.362  -52.088  46.634 0.0000000000
41567  -29.234  -51.889  47.612 0.0000000000
41558  -29.163  -51.996  48.704 0.0000000000
40395  -28.685  -52.647  47.175 0.0000000000
39207  -28.303  -53.421  46.881 0.0000000000
42739  -24.672  -51.642  48.981 0.0000000000
42749  -24.634  -51.390  48.228 0.0000000000
43893  -24.959  -50.896  48.016 0.0000000000
45012  -25.281  -50.483  47.124 0.0000000000
45022  -25.178  -50.363  46.466 0.0000000000
41476  -27.935  -52.998  62.088 0.0000000000
40263  -27.035  -54.192  62.751 0.0000000000
39087  -26.658  -54.782  62.890 0.0000000000
34211  -24.695  -57.824  58.746 0.0000000000
34205  -24.737  -57.903  59.642 0.0000000000
34204  -23.918  -58.354  59.400 0.0000000000
36504  -22.323  -57.391  60.112 0.0000000000
36512  -22.041  -56.999  58.981 0.0000000000
36511  -21.745  -57.072  58.354 0.0000000000
36517  -21.135  -56.890  57.220 0.0000000000
35314  -21.160  -57.426  57.548 0.0000000000
36509  -20.886  -57.099  57.027 0.0000000000
37849  -20.776  -56.584  56.636 0.0000000000
37865  -19.410  -56.779  54.963 0.0000000000
37871  -19.152  -56.679  54.447 0.0000000000
41703  -49.434  -51.162  37.035 0.0000000000
41704  -49.715  -51.012  37.664 0.0000000000
40480  -49.038  -51.545  39.560 0.0000000000
40498  -49.014  -51.323  38.992 0.0000000000
41663  -49.314  -51.128  38.997 0.0000000000
41683  -49.885  -50.852  38.428 0.0000000000
42880  -50.398  -50.419  37.940 0.0000000000
43991  -50.730  -49.874  38.671 0.0000000000
45089  -50.723  -49.497  39.033 0.0000000000
43981  -51.269  -49.929  40.176 0.0000000000
45085  -51.057  -49.600  39.785 0.0000000000
35362  -42.491  -57.264  50.377 0.0000000000
35384  -41.838  -57.558  48.338 0.0000000000
34269  -41.664  -57.657  47.870 0.0000000000
34292  -43.823  -57.776  46.420 0.0000000000
34282  -43.838  -57.700  47.190 0.0000000000
34281  -42.875  -57.390  47.578 0.0000000000
34280  -41.932  -57.717  47.474 0.0000000000
34289  -41.415  -57.305  46.703 0.0000000000
35414  -41.111  -56.953  45.908 0.0000000000
35447  -40.571  -56.870  44.641 0.0000000000
34318  -40.208  -56.886  43.797 0.0000000000
33157  -41.291  -57.336  43.845 0.0000000000
34319  -40.480  -57.112  43.498 0.0000000000
65884  -56.882  -29.593  26.111 0.0000000000
66915  -56.573  -29.215  25.367 0.0000000000
69086  -58.818  -27.647  25.338 0.0000000000
67931  -60.117  -28.145  26.709 0.0000000000
69080  -60.324  -27.635  26.421 0.0000000000
69074  -62.270  -27.646  27.737 0.0000000000
60525  -54.108  -35.095  35.221 0.0000000000
60524  -53.603  -35.368  35.514 0.0000000000
60546  -50.553  -35.632  33.767 0.0000000000
60553  -51.162  -35.301  33.220 0.0000000000
41570  -35.664  -52.370  46.411 0.0000000000
41585  -35.795  -51.686  46.698 0.0000000000
41569  -35.371  -52.531  45.910 0.0000000000
41584  -34.842  -52.122  45.552 0.0000000000
41599  -34.228  -52.089  44.720 0.0000000000
40412  -34.070  -52.717  44.278 0.0000000000
41598  -33.901  -52.159  44.185 0.0000000000
41612  -33.734  -51.721  44.192 0.0000000000
42811  -33.223  -51.162  43.957 0.0000000000
42825  -32.474  -51.334  43.525 0.0000000000
42835  -31.077  -51.833  42.876 0.0000000000
40444  -29.975  -52.810  42.488 0.0000000000
46030  -20.129  -46.764  51.883 0.0000000000
44950  -25.865  -49.520  55.760 0.0000000000
46006  -25.911  -49.176  55.515 0.0000000000
43845  -25.957  -50.068  55.286 0.0000000000
43849  -26.082  -50.268  54.611 0.0000000000
42710  -25.831  -51.116  53.223 0.0000000000
42717  -25.441  -51.089  52.117 0.0000000000
41517  -24.054  -53.055  52.021 0.0000000000
41525  -24.019  -52.989  51.402 0.0000000000
42738  -24.175  -52.476  49.127 0.0000000000
42755  -22.984  -52.852  47.428 0.0000000000
42788  -23.091  -52.772  46.343 0.0000000000
37847  -27.949  -55.974  59.649 0.0000000000
36515  -27.375  -56.307  59.369 0.0000000000
36514  -26.624  -56.670  59.192 0.0000000000
35335  -26.464  -57.233  56.337 0.0000000000
35328  -26.114  -57.361  57.132 0.0000000000
34230  -25.358  -57.671  56.469 0.0000000000
34217  -25.478  -57.234  57.402 0.0000000000
35322  -25.058  -57.400  58.380 0.0000000000
33069  -21.747  -59.227  56.827 0.0000000000
54915  -51.722  -40.523  39.894 0.0000000000
44012  -50.164  -49.683  36.681 0.0000000000
45109  -49.901  -49.466  36.218 0.0000000000
46213  -49.119  -48.327  36.133 0.0000000000
51434  -48.412  -42.352  37.300 0.0000000000
52472  -48.879  -41.891  37.519 0.0000000000
51415  -49.308  -42.361  38.382 0.0000000000
52454  -49.503  -41.869  38.162 0.0000000000
53694  -49.410  -41.421  37.761 0.0000000000
42733  -38.960  -51.418  50.641 0.0000000000
42745  -38.473  -51.127  50.053 0.0000000000
42743  -37.686  -51.650  48.939 0.0000000000
42742  -37.214  -51.830  48.104 0.0000000000
41559  -36.669  -52.391  47.747 0.0000000000
36544  -41.238  -55.256  52.761 0.0000000000
36561  -41.307  -56.273  51.731 0.0000000000
36550  -40.830  -55.498  52.249 0.0000000000
37901  -40.223  -54.883  52.032 0.0000000000
37900  -39.464  -55.128  51.379 0.0000000000
35395  -40.682  -56.839  47.240 0.0000000000
35369  -40.046  -56.554  48.540 0.0000000000
36592  -39.192  -56.046  48.067 0.0000000000
36580  -39.365  -56.206  49.070 0.0000000000
36569  -39.442  -55.937  50.035 0.0000000000
37899  -38.734  -55.183  50.942 0.0000000000
39148  -38.081  -54.277  50.818 0.0000000000
39157  -37.746  -54.347  50.133 0.0000000000
37922  -37.170  -54.742  48.380 0.0000000000
39166  -36.979  -54.098  48.623 0.0000000000
39165  -36.635  -53.712  47.965 0.0000000000
40365  -36.425  -53.125  47.441 0.0000000000
40380  -35.997  -53.250  46.769 0.0000000000
40379  -35.591  -53.111  46.126 0.0000000000
39194  -35.300  -53.433  45.747 0.0000000000
37955  -34.535  -53.771  44.879 0.0000000000
36611  -35.052  -54.350  45.258 0.0000000000
36624  -34.107  -54.161  44.625 0.0000000000
72199  -59.058  -24.600  22.038 0.0000000000
73217  -60.339  -23.659  21.994 0.0000000000
45987  -22.494  -48.220  57.612 0.0000000000
45988  -23.424  -48.431  57.434 0.0000000000
44944  -24.893  -48.816  56.952 0.0000000000
43841  -26.092  -50.841  57.057 0.0000000000
42684  -25.557  -51.650  58.953 0.0000000000
40304  -22.433  -54.538  53.167 0.0000000000
40313  -21.823  -54.788  52.315 0.0000000000
40312  -21.023  -54.932  51.767 0.0000000000
40311  -20.616  -55.076  51.628 0.0000000000
60589  -58.841  -33.792  29.418 0.0000000000
59498  -54.164  -34.919  34.017 0.0000000000
56134  -51.621  -39.500  39.519 0.0000000000
58500  -51.387  -35.089  28.078 0.0000000000
58517  -51.947  -34.778  27.522 0.0000000000
58502  -53.190  -34.791  28.037 0.0000000000
59582  -52.474  -34.447  27.290 0.0000000000
59597  -52.985  -34.012  27.299 0.0000000000
59598  -53.655  -34.105  27.242 0.0000000000
59573  -55.483  -34.359  28.047 0.0000000000
59567  -55.244  -34.566  28.284 0.0000000000
60608  -57.794  -34.196  28.632 0.0000000000
39108  -28.403  -54.460  58.127 0.0000000000
37881  -27.271  -55.547  54.054 0.0000000000
36549  -27.022  -56.258  53.490 0.0000000000
37882  -27.512  -55.032  53.556 0.0000000000
34246  -26.629  -57.876  51.134 0.0000000000
42777  -35.916  -51.022  46.949 0.0000000000
43910  -36.004  -50.311  47.103 0.0000000000
45017  -35.663  -49.585  47.171 0.0000000000
45026  -35.204  -49.309  46.882 0.0000000000
46111  -35.342  -48.744  47.485 0.0000000000
46085  -34.650  -47.625  49.322 0.0000000000
43928  -31.659  -50.310  44.722 0.0000000000
43916  -31.554  -50.092  46.010 0.0000000000
45014  -31.113  -49.787  47.031 0.0000000000
45015  -31.670  -49.438  46.986 0.0000000000
45016  -32.147  -48.519  47.563 0.0000000000
46057  -33.705  -47.854  51.715 0.0000000000
46056  -32.495  -47.665  51.737 0.0000000000
46023  -32.626  -48.370  53.433 0.0000000000
43855  -29.790  -50.150  53.188 0.0000000000
43861  -29.746  -50.243  52.126 0.0000000000
41513  -28.841  -52.040  52.655 0.0000000000
40354  -28.657  -52.840  50.043 0.0000000000
39177  -27.988  -54.235  48.750 0.0000000000
39164  -28.564  -53.119  49.558 0.0000000000
40341  -28.692  -52.670  50.485 0.0000000000
40328  -28.448  -53.257  51.543 0.0000000000
39147  -28.344  -54.000  51.803 0.0000000000
36578  -27.186  -56.394  50.073 0.0000000000
47070  -20.178  -47.444  55.190 0.0000000000
47081  -20.122  -47.383  54.286 0.0000000000
46019  -21.024  -46.792  53.026 0.0000000000
46051  -21.592  -46.599  52.005 0.0000000000
46052  -21.992  -46.572  52.389 0.0000000000
47126  -21.822  -46.610  51.522 0.0000000000
46013  -26.010  -48.983  55.167 0.0000000000
46012  -25.706  -48.296  54.708 0.0000000000
47099  -26.023  -47.550  53.324 0.0000000000
47114  -25.877  -47.147  52.719 0.0000000000
44985  -26.137  -50.015  50.835 0.0000000000
44986  -26.327  -49.325  50.510 0.0000000000
44978  -26.407  -48.924  51.328 0.0000000000
46053  -26.541  -48.267  51.560 0.0000000000
47129  -24.959  -46.533  51.821 0.0000000000
47176  -24.290  -45.839  48.595 0.0000000000
48158  -24.918  -45.778  48.111 0.0000000000
48168  -25.605  -46.261  46.717 0.0000000000
40261  -23.817  -53.700  63.354 0.0000000000
39096  -28.792  -55.022  60.696 0.0000000000
37839  -28.174  -55.602  61.055 0.0000000000
37835  -27.950  -55.414  61.621 0.0000000000
36498  -27.247  -55.876  61.508 0.0000000000
37834  -27.269  -55.529  61.918 0.0000000000
37829  -26.181  -55.530  62.957 0.0000000000
34200  -24.806  -57.686  60.231 0.0000000000
35302  -25.391  -57.134  62.019 0.0000000000
35301  -24.314  -57.460  61.472 0.0000000000
36489  -25.329  -55.995  63.458 0.0000000000
37825  -25.616  -55.234  63.542 0.0000000000
37824  -25.144  -55.476  63.813 0.0000000000
39082  -24.254  -54.582  64.113 0.0000000000
39098  -24.388  -54.675  60.121 0.0000000000
39102  -24.338  -54.636  58.925 0.0000000000
39105  -23.065  -55.274  57.195 0.0000000000
39114  -21.999  -55.093  54.804 0.0000000000
39120  -21.127  -55.048  53.692 0.0000000000
37888  -20.545  -55.307  52.462 0.0000000000
39136  -20.290  -55.275  51.733 0.0000000000
39145  -19.623  -55.196  50.966 0.0000000000
33086  -21.071  -59.536  55.558 0.0000000000
31867  -19.272  -59.872  52.667 0.0000000000
33075  -20.295  -59.075  55.599 0.0000000000
33074  -19.740  -58.799  55.138 0.0000000000
34220  -19.535  -58.171  55.270 0.0000000000
33082  -18.861  -58.796  53.937 0.0000000000
34219  -19.012  -58.054  54.714 0.0000000000
35325  -18.949  -57.492  54.681 0.0000000000
35324  -18.702  -57.320  54.258 0.0000000000
36528  -18.638  -57.012  54.000 0.0000000000
33096  -17.568  -58.418  51.808 0.0000000000
34235  -17.765  -57.994  51.983 0.0000000000
36533  -18.500  -56.952  53.403 0.0000000000
36539  -18.720  -56.453  53.129 0.0000000000
36548  -18.989  -56.029  51.955 0.0000000000
36556  -18.578  -56.423  51.219 0.0000000000
36557  -18.929  -56.057  51.509 0.0000000000
39144  -19.298  -55.404  50.826 0.0000000000
39155  -19.569  -55.193  50.568 0.0000000000
39204  -18.183  -56.302  46.635 0.0000000000
30616  -17.789  -60.000  52.063 0.0000000000
30633  -17.592  -59.933  51.498 0.0000000000
31864  -17.598  -59.212  52.249 0.0000000000
33095  -17.487  -58.813  51.673 0.0000000000
33103  -17.425  -58.469  51.200 0.0000000000
33133  -43.019  -57.488  46.591 0.0000000000
33135  -43.480  -57.566  46.028 0.0000000000
33141  -42.969  -57.376  45.827 0.0000000000
33148  -41.223  -57.283  44.302 0.0000000000
33156  -40.926  -57.353  43.916 0.0000000000
33164  -40.812  -57.369  43.244 0.0000000000
34195  -23.461  -58.086  61.041 0.0000000000
34218  -18.599  -57.868  54.093 0.0000000000
34278  -41.001  -57.284  47.409 0.0000000000
34299  -41.031  -57.017  45.202 0.0000000000
34302  -42.700  -57.304  45.309 0.0000000000
34309  -40.389  -56.932  44.187 0.0000000000
34310  -40.817  -57.100  44.473 0.0000000000
34313  -42.803  -57.442  44.755 0.0000000000
35313  -20.833  -57.274  57.080 0.0000000000
35320  -21.333  -57.110  57.632 0.0000000000
35329  -26.524  -57.022  56.824 0.0000000000
35330  -18.480  -57.403  53.736 0.0000000000
35331  -19.539  -57.184  55.378 0.0000000000
35332  -19.665  -57.303  55.523 0.0000000000
35382  -40.693  -56.939  48.044 0.0000000000
35383  -41.249  -57.350  48.209 0.0000000000
35385  -42.505  -57.412  48.404 0.0000000000
35397  -41.914  -57.706  47.946 0.0000000000
35408  -35.979  -54.753  45.605 0.0000000000
35410  -36.898  -55.216  45.942 0.0000000000
35412  -40.185  -56.545  46.064 0.0000000000
35424  -35.994  -54.656  45.177 0.0000000000
35427  -39.403  -56.193  45.001 0.0000000000
35430  -41.078  -56.991  45.503 0.0000000000
35431  -42.485  -57.313  45.208 0.0000000000
35432  -42.746  -57.371  45.009 0.0000000000
35440  -34.869  -54.785  44.205 0.0000000000
35441  -35.204  -54.561  44.553 0.0000000000
35448  -42.576  -57.320  44.961 0.0000000000
35449  -42.574  -57.427  44.797 0.0000000000
35451  -45.446  -55.796  44.753 0.0000000000
35454  -34.761  -54.617  43.992 0.0000000000
35460  -44.008  -56.017  44.041 0.0000000000
36510  -21.032  -57.148  57.213 0.0000000000
36516  -20.752  -56.867  56.742 0.0000000000
36518  -21.583  -56.895  57.824 0.0000000000
36522  -18.760  -57.075  54.312 0.0000000000
36523  -18.933  -57.090  54.641 0.0000000000
36529  -18.881  -56.873  54.340 0.0000000000
36530  -19.407  -57.073  55.224 0.0000000000
36540  -19.037  -56.320  53.541 0.0000000000
36541  -26.322  -56.965  54.676 0.0000000000
36543  -41.012  -55.312  52.717 0.0000000000
36545  -17.734  -56.973  50.987 0.0000000000
36568  -38.875  -55.817  49.431 0.0000000000
36597  -35.778  -54.658  45.987 0.0000000000
36599  -36.518  -55.224  46.953 0.0000000000
36603  -40.116  -56.478  46.861 0.0000000000
36625  -34.744  -54.309  44.882 0.0000000000
36626  -35.109  -54.532  44.787 0.0000000000
36629  -39.477  -56.253  45.568 0.0000000000
36637  -34.292  -54.322  44.436 0.0000000000
37822  -24.408  -55.117  63.786 0.0000000000
37828  -25.570  -55.762  63.352 0.0000000000
37833  -26.647  -55.764  62.340 0.0000000000
37838  -27.655  -55.709  61.419 0.0000000000
37850  -20.935  -56.475  56.746 0.0000000000
37856  -18.885  -57.147  55.000 0.0000000000
37857  -19.142  -56.993  54.883 0.0000000000
37864  -19.081  -56.892  54.699 0.0000000000
37877  -18.998  -56.208  53.303 0.0000000000
37883  -40.980  -55.017  52.982 0.0000000000
37885  -18.962  -56.101  52.933 0.0000000000
37895  -18.928  -55.865  50.904 0.0000000000
37936  -36.775  -55.016  47.594 0.0000000000
37937  -37.448  -55.204  48.151 0.0000000000
37944  -35.340  -53.958  45.841 0.0000000000
37945  -35.732  -54.434  46.189 0.0000000000
37947  -36.409  -54.955  47.157 0.0000000000
37964  -34.169  -53.888  44.373 0.0000000000
37965  -34.628  -53.909  45.150 0.0000000000
37982  -47.726  -54.004  44.091 0.0000000000
37983  -48.167  -53.842  44.065 0.0000000000
39127  -20.948  -55.043  52.873 0.0000000000
39146  -20.017  -55.115  51.101 0.0000000000
39179  -36.093  -54.021  46.877 0.0000000000
39191  -27.550  -54.728  47.847 0.0000000000
39208  -34.584  -53.040  44.968 0.0000000000
39209  -34.877  -53.612  45.352 0.0000000000
39233  -49.169  -53.609  44.599 0.0000000000
39256  -46.254  -54.113  42.707 0.0000000000
40353  -28.510  -53.195  50.275 0.0000000000
40355  -36.673  -53.072  48.038 0.0000000000
40356  -36.981  -53.324  48.576 0.0000000000
40396  -34.414  -52.938  44.779 0.0000000000
40426  -49.496  -53.129  44.392 0.0000000000
41524  -23.503  -53.399  51.249 0.0000000000
41537  -28.725  -52.505  50.777 0.0000000000
41538  -28.913  -52.258  50.384 0.0000000000
41568  -29.942  -51.771  47.045 0.0000000000
41583  -30.084  -51.598  46.362 0.0000000000
41586  -36.029  -51.506  47.024 0.0000000000
41600  -35.749  -51.411  46.672 0.0000000000
41601  -35.868  -51.507  46.863 0.0000000000
41626  -30.777  -52.289  42.729 0.0000000000
42699  -26.164  -51.007  56.927 0.0000000000
42711  -26.136  -50.841  53.866 0.0000000000
42718  -29.098  -51.359  52.241 0.0000000000
42725  -29.517  -50.708  51.012 0.0000000000
42758  -24.679  -51.230  47.805 0.0000000000
42761  -35.306  -51.993  45.994 0.0000000000
42776  -35.680  -51.099  46.516 0.0000000000
42793  -35.847  -51.266  46.839 0.0000000000
42794  -35.976  -51.308  47.046 0.0000000000
42823  -30.623  -51.688  43.661 0.0000000000
42824  -31.450  -51.466  43.259 0.0000000000
42834  -30.727  -51.855  43.103 0.0000000000
42854  -50.999  -49.988  39.951 0.0000000000
42865  -50.240  -50.640  38.111 0.0000000000
43836  -26.053  -50.883  57.241 0.0000000000
43850  -29.576  -50.869  54.186 0.0000000000
43885  -29.405  -50.789  49.820 0.0000000000
43887  -30.282  -49.582  49.467 0.0000000000
43905  -24.831  -51.046  47.404 0.0000000000
43909  -35.666  -49.925  46.823 0.0000000000
43946  -32.400  -50.564  44.020 0.0000000000
43958  -31.531  -51.066  43.667 0.0000000000
43982  -51.802  -50.000  40.362 0.0000000000
43990  -50.627  -50.135  38.119 0.0000000000
44981  -31.214  -48.320  51.475 0.0000000000
44989  -31.185  -48.326  51.116 0.0000000000
44995  -30.251  -49.612  49.727 0.0000000000
45083  -51.880  -49.797  40.662 0.0000000000
45095  -50.458  -48.984  37.739 0.0000000000
46034  -21.972  -46.592  52.699 0.0000000000
46054  -31.259  -48.309  51.716 0.0000000000
46064  -20.831  -46.615  51.256 0.0000000000
46118  -34.786  -48.766  46.959 0.0000000000
46119  -35.110  -48.932  47.098 0.0000000000
46183  -51.560  -49.635  40.631 0.0000000000
46214  -49.612  -48.554  36.373 0.0000000000
47109  -20.617  -46.972  53.092 0.0000000000
47189  -34.845  -48.187  47.561 0.0000000000
47281  -48.576  -47.191  39.105 0.0000000000
47294  -48.627  -47.332  38.788 0.0000000000
47331  -49.194  -48.089  37.094 0.0000000000
48143  -24.620  -46.494  52.107 0.0000000000
49314  -49.347  -45.553  40.053 0.0000000000
52473  -49.222  -41.610  37.706 0.0000000000
54993  -47.653  -40.817  35.412 0.0000000000
56124  -51.604  -39.987  39.574 0.0000000000
57331  -51.042  -38.101  38.428 0.0000000000
58427  -52.069  -35.862  36.283 0.0000000000
58442  -49.271  -36.529  34.608 0.0000000000
58486  -53.991  -35.226  28.120 0.0000000000
59566  -54.720  -34.779  28.299 0.0000000000
60562  -50.327  -35.342  32.197 0.0000000000
60572  -49.970  -35.383  31.449 0.0000000000
60599  -58.674  -33.907  29.257 0.0000000000
60622  -56.042  -33.880  27.682 0.0000000000
61649  -59.945  -32.967  29.980 0.0000000000
61657  -59.751  -33.067  29.571 0.0000000000
61670  -58.729  -33.505  28.763 0.0000000000
63806  -60.386  -31.937  29.854 0.0000000000
63807  -60.489  -31.916  30.079 0.0000000000
65872  -57.559  -30.994  27.072 0.0000000000
66913  -60.209  -28.968  27.195 0.0000000000
67926  -61.318  -28.286  27.579 0.0000000000
67936  -59.045  -27.941  25.877 0.0000000000
67943  -59.110  -26.663  23.936 0.0000000000
67959  -58.132  -26.581  23.044 0.0000000000
69085  -58.481  -27.735  25.281 0.0000000000
69091  -58.414  -27.617  25.033 0.0000000000
70171  -59.061  -25.908  22.836 0.0000000000
71204  -59.217  -24.836  22.366 0.0000000000
72201  -60.454  -23.838  22.329 0.0000000000
