#!ascii label  , from subject 3616 vox2ras=TkReg
927
70700  -29.405  -26.279  -19.799 0.4285714328
71700  -29.394  -25.032  -20.231 0.2857142985
70716  -29.296  -25.556  -20.217 0.4285714328
71687  -29.858  -25.447  -19.597 0.4285714328
72703  -30.339  -24.686  -19.229 0.4285714328
73739  -29.569  -23.921  -20.186 0.2857142985
73741  -30.765  -23.578  -19.197 0.4285714328
74905  -30.042  -22.743  -20.713 0.4285714328
75994  -30.652  -22.343  -20.157 0.4285714328
74925  -30.106  -21.828  -21.252 0.4285714328
77186  -30.823  -20.756  -21.443 0.4285714328
78292  -29.701  -19.732  -21.828 0.5714285970
77206  -30.276  -20.625  -21.572 0.5714285970
77187  -31.221  -20.545  -21.160 0.4285714328
77188  -31.966  -20.140  -20.856 0.2857142985
78293  -30.531  -19.574  -21.988 0.7142857313
78294  -31.302  -19.398  -21.817 0.7142857313
79276  -32.715  -18.261  -21.557 0.7142857313
79260  -33.390  -17.982  -21.055 0.4285714328
78295  -32.063  -19.332  -21.538 0.7142857313
80268  -33.703  -17.173  -22.005 0.5714285970
80266  -32.315  -17.437  -21.999 0.5714285970
80267  -33.346  -17.178  -22.213 0.5714285970
80279  -33.767  -16.869  -22.698 0.5714285970
80281  -34.114  -16.850  -22.694 0.5714285970
81252  -34.515  -16.134  -22.023 0.4285714328
82237  -34.179  -15.705  -22.699 0.5714285970
83224  -35.244  -14.678  -21.815 0.5714285970
81251  -33.587  -16.060  -22.444 0.7142857313
83223  -34.177  -14.833  -22.135 0.7142857313
83225  -36.209  -14.280  -21.672 0.5714285970
82236  -33.787  -15.724  -22.613 0.5714285970
82222  -31.335  -15.472  -21.327 0.5714285970
83222  -33.348  -14.628  -21.707 0.8571428657
84247  -35.538  -13.609  -21.724 0.7142857313
84248  -36.482  -13.471  -21.871 0.5714285970
83221  -32.526  -14.588  -21.368 0.7142857313
83220  -31.611  -14.522  -21.302 0.5714285970
85250  -35.854  -12.702  -21.681 0.7142857313
84245  -33.538  -13.755  -21.417 0.7142857313
84246  -34.535  -13.760  -21.533 0.7142857313
85251  -36.816  -12.683  -21.848 0.5714285970
85248  -33.813  -12.725  -21.243 0.7142857313
85249  -34.833  -12.721  -21.547 0.7142857313
87146  -36.724  -11.161  -21.205 0.7142857313
86206  -36.241  -11.881  -21.591 0.7142857313
86204  -34.116  -11.742  -21.440 0.7142857313
86205  -35.189  -11.805  -21.594 0.7142857313
87145  -35.632  -11.073  -21.208 0.7142857313
87130  -37.225  -10.495  -20.634 0.7142857313
85247  -32.811  -12.708  -21.113 0.5714285970
88046  -37.753  -9.827  -20.143 0.5714285970
87144  -34.563  -10.959  -21.180 0.8571428657
88045  -36.582  -9.708  -20.072 0.7142857313
87128  -35.065  -10.369  -20.717 0.8571428657
87129  -36.107  -10.437  -20.673 0.7142857313
88978  -36.346  -8.812  -19.318 0.8571428657
88979  -37.703  -8.548  -19.331 0.5714285970
88999  -35.906  -9.402  -19.814 0.8571428657
88998  -35.227  -9.227  -19.712 0.8571428657
88044  -35.551  -9.835  -20.179 0.8571428657
89911  -36.006  -7.586  -19.163 0.8571428657
90862  -36.898  -6.660  -18.961 0.8571428657
91748  -36.409  -5.436  -18.705 0.8571428657
90861  -35.705  -6.661  -18.793 0.8571428657
90860  -34.553  -6.464  -18.938 1.0000000000
88977  -35.074  -8.333  -19.417 0.8571428657
91747  -35.271  -5.690  -18.493 1.0000000000
93439  -34.673  -3.991  -18.651 1.0000000000
93474  -32.890  -3.779  -20.082 0.7142857313
91731  -34.934  -5.183  -18.162 1.0000000000
91745  -33.612  -5.204  -19.400 1.0000000000
95934  -33.072  -0.664  -19.713 1.0000000000
95933  -32.361  -0.661  -20.094 0.8571428657
96911  -31.560  0.143  -21.020 0.8571428657
96895  -32.288  0.329  -20.562 1.0000000000
100007  -31.915  3.073  -21.688 0.8571428657
99035  -31.573  2.033  -21.290 0.8571428657
97945  -32.275  1.483  -20.870 1.0000000000
100849  -30.718  4.167  -21.951 0.8571428657
100018  -31.177  4.033  -21.985 0.8571428657
100857  -30.334  4.309  -22.169 0.7142857313
100005  -30.510  3.391  -21.448 0.5714285970
121795  -29.332  5.390  -22.690 0.7142857313
99985  -29.920  3.698  -19.447 0.5714285970
99996  -30.174  3.663  -20.856 0.5714285970
121796  -28.968  6.132  -19.872 0.4285714328
121798  -28.578  6.847  -20.594 0.4285714328
121805  -30.161  4.778  -17.905 0.2857142985
121808  -30.341  4.324  -17.319 0.2857142985
121804  -29.991  4.321  -18.451 0.2857142985
121810  -30.505  4.442  -16.737 0.2857142985
72716  -29.244  -24.431  -20.435 0.2857142985
81264  -33.852  -16.468  -22.866 0.5714285970
88022  -38.264  -9.184  -19.755 0.5714285970
89912  -37.198  -7.693  -19.145 0.8571428657
94279  -33.743  -2.475  -19.493 0.8571428657
99944  -31.168  3.445  -15.578 0.1428571492
72715  -28.696  -24.279  -20.659 0.2857142985
73762  -29.255  -23.594  -20.572 0.2857142985
73763  -29.747  -23.480  -20.336 0.2857142985
74876  -30.445  -22.897  -19.991 0.4285714328
75995  -31.237  -21.791  -19.840 0.4285714328
74904  -29.086  -22.743  -20.864 0.2857142985
76038  -30.251  -21.328  -21.384 0.4285714328
76019  -31.501  -20.898  -20.394 0.4285714328
76037  -29.794  -21.312  -21.408 0.5714285970
77207  -31.024  -20.246  -21.804 0.5714285970
79273  -29.982  -18.644  -21.997 0.2857142985
79275  -31.733  -18.465  -21.798 0.7142857313
79277  -33.300  -17.661  -21.772 0.4285714328
80265  -31.092  -17.512  -21.684 0.5714285970
82211  -35.589  -15.474  -20.754 0.4285714328
81249  -31.849  -16.481  -21.731 0.7142857313
81250  -33.144  -16.479  -22.063 0.7142857313
81265  -34.256  -16.329  -22.576 0.7142857313
82225  -34.690  -15.565  -22.140 0.5714285970
83208  -35.420  -15.202  -21.438 0.4285714328
82223  -32.348  -15.555  -21.461 0.5714285970
86207  -37.298  -11.991  -21.612 0.5714285970
88997  -34.250  -8.817  -19.990 1.0000000000
91733  -36.021  -4.788  -18.543 1.0000000000
89909  -33.907  -7.108  -19.477 1.0000000000
92603  -33.224  -4.493  -19.701 0.8571428657
94296  -32.542  -2.542  -20.679 0.7142857313
95107  -32.701  -1.345  -19.852 0.7142857313
95109  -34.288  -1.491  -19.498 1.0000000000
94311  -31.954  -2.544  -21.332 0.7142857313
96882  -32.799  -0.078  -19.997 0.8571428657
99054  -31.302  2.248  -21.585 0.8571428657
97946  -32.763  0.904  -20.603 1.0000000000
100838  -30.533  3.911  -21.721 0.7142857313
121797  -28.886  6.278  -20.389 0.7142857313
100830  -29.350  5.495  -21.014 0.7142857313
99010  -30.212  2.438  -18.474 0.4285714328
121799  -29.570  5.660  -18.802 0.2857142985
121801  -28.800  6.508  -19.693 0.4285714328
103054  -28.648  6.469  -22.674 0.4285714328
103028  -27.792  7.885  -20.711 0.4285714328
121809  -30.085  5.345  -17.245 0.2857142985
102305  -28.729  7.102  -19.215 0.4285714328
80264  -30.498  -18.113  -21.676 0.4285714328
71699  -28.806  -25.111  -20.631 0.2857142985
70715  -28.905  -25.810  -20.397 0.2857142985
71688  -30.969  -25.670  -18.859 0.4285714328
72702  -29.688  -24.520  -19.881 0.4285714328
73740  -30.174  -23.613  -19.726 0.4285714328
74924  -29.528  -22.040  -21.177 0.2857142985
76018  -30.657  -21.415  -20.888 0.4285714328
77208  -31.547  -19.973  -21.520 0.4285714328
79274  -30.859  -18.643  -21.833 0.5714285970
81263  -33.583  -16.778  -22.540 0.5714285970
82209  -34.710  -15.879  -21.805 0.4285714328
83239  -33.984  -15.385  -22.564 0.7142857313
83209  -35.933  -14.889  -21.160 0.5714285970
82224  -33.333  -15.513  -21.918 0.7142857313
84244  -32.615  -13.661  -21.314 0.7142857313
86203  -33.071  -11.719  -21.382 0.8571428657
88021  -37.325  -9.294  -19.589 0.8571428657
88043  -34.592  -9.676  -20.299 0.8571428657
89910  -34.838  -7.397  -19.134 1.0000000000
92604  -33.970  -4.447  -18.947 1.0000000000
94297  -33.113  -2.999  -20.246 0.8571428657
100006  -31.070  3.436  -21.740 0.8571428657
100837  -30.114  4.222  -21.560 0.7142857313
121794  -29.905  4.519  -22.294 0.7142857313
99974  -30.094  3.385  -18.133 0.4285714328
98990  -30.429  3.237  -16.373 0.2857142985
121815  -30.815  4.323  -16.111 0.1428571492
95123  -32.949  -2.100  -20.091 1.0000000000
105488  -26.752  12.052  -19.788 0.2857142985
121987  -27.403  11.485  -17.764 0.1428571492
104566  -27.207  10.101  -19.881 0.2857142985
105503  -27.464  11.089  -20.246 0.2857142985
121986  -27.247  10.685  -17.846 0.1428571492
108160  -28.255  11.892  -17.408 0.1428571492
102996  -28.877  7.324  -18.252 0.1428571492
103719  -27.939  8.552  -19.176 0.2857142985
103704  -28.107  9.096  -18.215 0.1428571492
104601  -28.335  9.590  -21.513 0.2857142985
104582  -27.448  10.016  -20.791 0.2857142985
102340  -32.426  6.335  -23.846 0.2857142985
103064  -30.270  7.708  -23.276 0.2857142985
103705  -28.621  10.433  -17.270 0.1428571492
103027  -27.522  8.243  -20.963 0.2857142985
121790  -30.644  6.084  -24.015 0.2857142985
104600  -27.858  9.513  -21.857 0.2857142985
103749  -27.467  8.792  -20.673 0.2857142985
121775  -31.654  5.017  -24.993 0.1428571492
103063  -29.909  6.835  -23.550 0.2857142985
103788  -28.642  8.120  -23.070 0.2857142985
104537  -27.701  9.993  -17.770 0.1428571492
103062  -28.440  7.547  -23.007 0.2857142985
103768  -27.533  8.795  -21.713 0.2857142985
100063  -34.264  3.128  -26.288 0.1428571492
100884  -33.157  3.669  -25.689 0.1428571492
121788  -30.920  6.120  -24.481 0.4285714328
121793  -29.441  5.904  -23.298 0.2857142985
99119  -33.901  2.124  -24.424 0.2857142985
100030  -31.800  4.322  -23.163 0.4285714328
121789  -30.404  5.569  -23.492 0.2857142985
103044  -28.348  7.169  -21.501 0.2857142985
121771  -35.097  0.603  -24.936 0.1428571492
100045  -33.286  2.813  -25.306 0.2857142985
100020  -32.358  2.856  -22.439 0.5714285970
100859  -30.823  4.581  -22.880 0.7142857313
95989  -35.720  -0.069  -23.809 0.1428571492
99099  -34.513  1.638  -23.578 0.1428571492
121791  -29.840  4.898  -23.117 0.4285714328
99098  -33.263  2.073  -23.001 0.4285714328
95975  -36.436  -0.677  -23.122 0.2857142985
95974  -35.650  0.199  -22.492 0.7142857313
96896  -33.362  0.420  -20.348 0.8571428657
121773  -34.306  1.426  -22.297 0.8571428657
99073  -32.796  2.226  -21.942 0.5714285970
95155  -37.161  -2.068  -23.201 0.2857142985
95167  -36.853  -1.526  -23.663 0.2857142985
98008  -33.315  1.735  -22.163 0.7142857313
97986  -30.343  1.424  -22.930 0.5714285970
97967  -32.855  1.812  -21.350 0.8571428657
94323  -37.323  -2.809  -22.967 0.1428571492
95962  -35.761  -0.037  -21.387 0.7142857313
93495  -37.500  -3.731  -23.461 0.1428571492
89929  -31.342  -7.294  -20.808 0.5714285970
90880  -33.038  -6.206  -20.000 0.8571428657
91766  -32.922  -5.441  -19.970 0.8571428657
90879  -32.539  -6.237  -20.376 0.4285714328
92620  -32.462  -4.445  -20.230 0.5714285970
95108  -33.420  -1.485  -19.723 0.8571428657
94281  -35.880  -2.356  -19.472 0.8571428657
95946  -34.099  -0.304  -20.302 0.8571428657
93487  -37.536  -3.752  -22.363 0.2857142985
95110  -35.425  -1.338  -19.813 0.8571428657
95947  -35.151  -0.316  -20.558 0.8571428657
97968  -33.109  1.206  -20.974 0.8571428657
92640  -37.744  -4.499  -22.918 0.4285714328
94298  -37.017  -2.363  -21.126 0.7142857313
95948  -36.002  -0.579  -20.875 0.7142857313
88993  -30.173  -8.432  -20.603 0.2857142985
89931  -33.173  -6.962  -20.090 0.5714285970
91746  -34.247  -5.486  -18.747 0.8571428657
93457  -35.505  -3.145  -18.912 0.8571428657
94280  -34.871  -2.307  -19.165 0.8571428657
93476  -37.497  -3.699  -21.161 0.4285714328
93475  -37.164  -3.063  -20.455 0.8571428657
95111  -36.089  -1.835  -19.961 0.8571428657
92632  -37.739  -4.684  -21.788 0.4285714328
86201  -31.207  -11.733  -21.161 0.7142857313
87140  -30.937  -10.841  -20.978 0.4285714328
86202  -32.154  -11.735  -21.118 0.7142857313
88055  -32.533  -10.115  -20.927 0.8571428657
88040  -31.714  -9.586  -20.873 0.5714285970
88994  -31.043  -8.383  -20.740 0.5714285970
88038  -29.969  -9.459  -20.404 0.4285714328
88042  -33.603  -9.442  -20.573 0.8571428657
88995  -32.050  -8.315  -20.859 0.5714285970
88975  -33.496  -7.595  -19.807 0.7142857313
91749  -37.749  -5.680  -19.675 0.7142857313
92605  -36.346  -4.363  -18.770 0.7142857313
93458  -36.544  -3.391  -19.416 0.8571428657
91776  -38.763  -5.914  -21.590 0.2857142985
91767  -38.138  -5.375  -20.996 0.4285714328
84243  -31.769  -13.601  -21.338 0.4285714328
85245  -31.201  -12.718  -21.454 0.4285714328
86193  -30.348  -11.668  -21.141 0.4285714328
87143  -33.404  -10.647  -21.202 0.7142857313
87127  -34.094  -10.199  -20.794 0.7142857313
90863  -37.866  -6.830  -19.482 0.7142857313
90881  -39.078  -6.826  -21.237 0.2857142985
91750  -38.260  -6.383  -19.892 0.5714285970
84236  -30.285  -13.525  -21.190 0.5714285970
85246  -31.918  -12.679  -21.294 0.5714285970
88980  -38.656  -8.417  -19.753 0.4285714328
89914  -38.978  -7.726  -20.210 0.4285714328
89932  -38.970  -7.297  -20.660 0.4285714328
90864  -38.571  -6.980  -20.194 0.4285714328
81248  -30.903  -16.361  -21.435 0.5714285970
84249  -37.401  -13.382  -22.137 0.4285714328
85252  -37.634  -12.589  -22.281 0.4285714328
87132  -39.352  -10.232  -20.929 0.4285714328
88048  -39.801  -9.242  -21.037 0.4285714328
88023  -39.087  -8.959  -20.214 0.4285714328
76020  -32.065  -20.599  -20.239 0.1428571492
87147  -37.893  -11.363  -21.062 0.4285714328
87148  -39.081  -11.034  -21.393 0.4285714328
78263  -32.672  -19.618  -20.262 0.1428571492
78280  -33.130  -18.795  -20.394 0.1428571492
80251  -34.355  -16.856  -20.562 0.2857142985
83240  -38.594  -13.896  -22.302 0.2857142985
85268  -40.442  -12.568  -23.747 0.2857142985
84259  -38.650  -13.393  -22.923 0.2857142985
83210  -36.828  -14.730  -21.114 0.4285714328
85259  -39.802  -12.254  -23.330 0.2857142985
85257  -38.277  -12.584  -22.842 0.2857142985
86219  -40.639  -11.389  -23.289 0.2857142985
86218  -39.340  -11.892  -22.915 0.4285714328
77162  -32.603  -20.130  -20.048 0.1428571492
78264  -32.917  -19.460  -20.066 0.1428571492
78281  -33.700  -18.425  -20.048 0.2857142985
79261  -33.927  -17.706  -20.349 0.2857142985
81239  -37.084  -16.245  -19.883 0.2857142985
82227  -38.423  -14.756  -21.060 0.2857142985
83211  -37.605  -14.534  -21.179 0.2857142985
78265  -33.601  -19.247  -19.785 0.1428571492
80235  -35.995  -17.620  -19.531 0.2857142985
78266  -34.611  -18.948  -19.616 0.2857142985
80252  -35.305  -17.026  -19.582 0.2857142985
79262  -34.585  -17.780  -19.732 0.2857142985
81238  -35.933  -16.079  -19.884 0.2857142985
73720  -30.686  -24.074  -19.046 0.2857142985
75996  -32.210  -21.225  -19.617 0.1428571492
69588  -29.922  -27.134  -18.992 0.2857142985
69587  -28.914  -27.167  -19.450 0.2857142985
74877  -31.001  -22.930  -19.345 0.2857142985
70701  -30.412  -26.397  -19.199 0.1428571492
68468  -29.399  -28.119  -18.732 0.1428571492
83228  -38.947  -14.415  -21.799 0.2857142985
82212  -36.487  -15.378  -20.468 0.2857142985
84260  -39.369  -13.685  -23.238 0.2857142985
86210  -40.356  -10.802  -22.625 0.2857142985
87141  -31.639  -10.752  -21.008 0.7142857313
86209  -39.685  -11.217  -22.379 0.4285714328
88996  -33.154  -8.218  -20.276 0.5714285970
87131  -38.382  -10.523  -20.615 0.4285714328
89933  -39.394  -7.574  -20.968 0.2857142985
90890  -39.342  -6.341  -21.764 0.2857142985
91768  -38.473  -6.171  -20.566 0.5714285970
96894  -31.561  0.968  -21.039 0.7142857313
92606  -37.009  -4.553  -19.511 0.7142857313
96883  -33.176  -0.137  -19.942 0.8571428657
99052  -30.412  2.447  -21.392 0.4285714328
99053  -30.646  2.445  -21.619 0.5714285970
91775  -38.218  -5.359  -21.910 0.2857142985
96897  -34.341  0.332  -20.738 0.8571428657
99055  -32.230  2.355  -21.303 0.8571428657
95963  -36.352  -0.769  -21.818 0.5714285970
103698  -29.735  8.909  -16.641 0.1428571492
121783  -31.467  5.428  -25.045 0.2857142985
100869  -32.417  4.158  -24.924 0.1428571492
104617  -28.549  9.062  -22.246 0.2857142985
70699  -28.430  -26.278  -20.208 0.2857142985
72686  -31.142  -24.817  -18.658 0.1428571492
74878  -31.900  -22.325  -19.109 0.1428571492
77164  -34.147  -20.085  -19.554 0.1428571492
80250  -33.826  -17.226  -21.161 0.2857142985
81236  -34.602  -16.191  -21.387 0.2857142985
83241  -39.320  -14.163  -22.683 0.2857142985
84242  -30.999  -13.574  -21.527 0.5714285970
85239  -29.852  -12.568  -21.052 0.2857142985
87157  -40.860  -10.452  -22.826 0.2857142985
87142  -32.428  -10.854  -21.230 0.5714285970
87124  -30.504  -10.223  -20.733 0.4285714328
87125  -31.114  -10.173  -20.758 0.5714285970
89928  -30.314  -7.335  -20.936 0.2857142985
87149  -40.258  -10.285  -21.911 0.2857142985
88041  -32.678  -9.256  -20.795 0.7142857313
88057  -40.980  -9.238  -21.887 0.1428571492
89000  -39.691  -8.282  -20.977 0.4285714328
88024  -39.446  -8.715  -20.618 0.4285714328
89941  -40.126  -7.635  -21.581 0.1428571492
93440  -35.235  -3.873  -18.476 0.8571428657
92621  -37.585  -4.640  -20.535 0.5714285970
96912  -33.987  1.060  -21.150 0.8571428657
92647  -37.937  -4.309  -23.965 0.2857142985
102291  -28.960  6.850  -18.726 0.2857142985
94312  -37.174  -2.233  -22.151 0.4285714328
95168  -37.182  -2.326  -23.925 0.1428571492
121780  -35.207  0.857  -22.416 0.5714285970
102982  -28.934  7.904  -17.543 0.1428571492
96006  -35.812  -0.377  -24.804 0.1428571492
121787  -31.181  5.568  -24.477 0.2857142985
100062  -34.363  2.365  -26.405 0.1428571492
102341  -31.392  6.218  -24.877 0.2857142985
102342  -32.246  6.391  -24.811 0.2857142985
102344  -32.289  5.680  -25.387 0.1428571492
100090  -32.930  4.847  -25.509 0.1428571492
71671  -31.700  -25.404  -18.889 0.1428571492
75997  -33.408  -20.915  -19.264 0.1428571492
91777  -39.359  -5.945  -22.101 0.2857142985
100085  -33.565  4.408  -25.633 0.1428571492
71670  -31.288  -25.326  -18.722 0.1428571492
73721  -31.341  -23.768  -18.813 0.1428571492
74853  -31.327  -23.266  -18.967 0.1428571492
79259  -32.951  -18.590  -20.949 0.2857142985
78279  -32.613  -19.297  -20.725 0.1428571492
80269  -34.194  -16.678  -21.835 0.2857142985
88047  -38.813  -9.706  -20.347 0.4285714328
90859  -33.659  -6.124  -19.568 0.8571428657
88976  -34.004  -7.996  -19.515 0.8571428657
92591  -35.743  -4.378  -18.390 0.8571428657
93455  -33.539  -3.599  -19.531 0.8571428657
99071  -30.446  1.883  -22.522 0.5714285970
100019  -31.701  3.886  -22.388 0.7142857313
103043  -27.539  8.055  -21.376 0.2857142985
89913  -38.248  -7.674  -19.520 0.4285714328
80249  -30.574  -16.954  -21.340 0.5714285970
81237  -35.070  -16.149  -20.544 0.2857142985
86208  -38.450  -11.846  -22.197 0.4285714328
95936  -34.572  -0.798  -19.904 0.8571428657
103010  -28.388  7.534  -19.779 0.2857142985
103053  -27.819  7.709  -22.296 0.2857142985
103731  -27.715  8.371  -20.092 0.2857142985
102995  -28.605  7.841  -18.640 0.2857142985
105489  -26.900  11.105  -19.904 0.2857142985
106416  -27.409  12.042  -18.657 0.1428571492
105477  -26.748  10.922  -19.168 0.2857142985
104553  -27.208  10.091  -19.040 0.2857142985
105521  -27.989  10.301  -21.077 0.2857142985
104536  -27.407  9.915  -18.326 0.1428571492
103718  -27.579  9.381  -18.778 0.1428571492
102339  -31.290  6.888  -23.560 0.2857142985
103789  -29.274  8.279  -23.001 0.2857142985
104616  -28.274  8.825  -22.742 0.2857142985
100860  -31.575  4.719  -23.958 0.2857142985
121785  -32.140  4.949  -25.620 0.1428571492
121764  -33.665  3.836  -25.863 0.1428571492
100031  -32.447  3.330  -23.759 0.4285714328
121767  -35.113  0.775  -25.917 0.1428571492
96923  -35.242  0.877  -23.188 0.1428571492
100008  -32.360  2.686  -21.792 0.7142857313
121777  -35.362  0.648  -22.701 0.4285714328
96898  -35.023  0.649  -21.494 0.7142857313
97989  -33.403  1.454  -21.648 0.7142857313
95141  -36.765  -1.669  -21.677 0.5714285970
94313  -37.373  -2.968  -21.812 0.4285714328
95124  -35.725  -0.909  -20.460 0.8571428657
89930  -32.330  -7.215  -20.611 0.5714285970
91765  -32.071  -5.314  -20.473 0.4285714328
90878  -31.723  -6.253  -20.797 0.4285714328
94282  -36.568  -2.370  -20.129 0.8571428657
95125  -36.294  -1.446  -20.694 0.8571428657
93459  -37.293  -3.837  -20.142 0.7142857313
86194  -30.833  -12.197  -21.291 0.5714285970
86200  -30.738  -11.276  -21.115 0.4285714328
88054  -32.056  -10.339  -20.962 0.7142857313
88056  -33.105  -9.922  -20.815 0.7142857313
88039  -30.760  -9.377  -20.580 0.4285714328
89915  -39.349  -7.976  -20.582 0.4285714328
90882  -39.675  -7.199  -21.499 0.2857142985
84258  -37.902  -13.125  -22.651 0.2857142985
86217  -38.719  -12.212  -22.835 0.4285714328
84250  -38.107  -13.540  -22.348 0.2857142985
83227  -38.033  -14.032  -21.740 0.2857142985
85258  -39.049  -12.615  -23.153 0.2857142985
83226  -37.096  -14.096  -21.679 0.2857142985
77163  -33.307  -19.945  -19.657 0.1428571492
78282  -34.128  -18.180  -19.789 0.2857142985
82213  -37.621  -15.296  -20.527 0.2857142985
80253  -36.435  -17.080  -19.470 0.2857142985
69589  -30.988  -27.303  -19.261 0.1428571492
68469  -30.555  -28.099  -18.887 0.1428571492
70702  -31.491  -26.574  -19.388 0.1428571492
102976  -29.770  7.478  -16.565 0.1428571492
72687  -32.065  -24.719  -18.732 0.1428571492
102276  -29.664  6.878  -16.834 0.1428571492
96909  -30.564  0.762  -21.392 0.5714285970
95960  -30.866  -0.716  -20.907 0.4285714328
96910  -30.948  0.605  -21.423 0.5714285970
95139  -30.893  -1.809  -21.307 0.4285714328
93485  -31.386  -3.187  -21.502 0.4285714328
95122  -32.117  -1.682  -20.458 0.4285714328
94310  -31.182  -2.426  -21.652 0.4285714328
95140  -31.351  -1.537  -21.033 0.5714285970
95944  -31.720  -0.635  -20.636 0.5714285970
95961  -31.192  -0.417  -20.911 0.5714285970
85270  -41.820  -12.501  -24.266 0.1428571492
86228  -41.053  -12.046  -23.743 0.1428571492
87166  -41.943  -10.751  -23.917 0.1428571492
78291  -28.914  -19.789  -21.416 0.2857142985
84270  -39.280  -13.204  -23.356 0.1428571492
84252  -42.395  -13.883  -22.740 0.1428571492
84274  -41.887  -13.545  -24.380 0.1428571492
84251  -42.158  -13.443  -22.126 0.1428571492
85271  -42.133  -12.552  -23.894 0.1428571492
84237  -41.666  -13.422  -21.120 0.1428571492
77205  -29.401  -20.595  -21.512 0.2857142985
83242  -40.456  -14.553  -22.806 0.1428571492
83253  -41.571  -14.761  -24.182 0.1428571492
83251  -39.910  -14.049  -23.298 0.1428571492
83263  -41.865  -13.979  -24.639 0.1428571492
83212  -42.130  -14.531  -21.423 0.1428571492
83254  -42.188  -14.592  -24.258 0.1428571492
83162  -41.279  -14.342  -17.959 0.1428571492
83194  -41.551  -14.600  -20.266 0.1428571492
84204  -41.168  -13.272  -18.649 0.1428571492
76036  -29.110  -21.379  -21.293 0.2857142985
77185  -28.109  -20.858  -20.714 0.2857142985
81240  -38.161  -16.444  -20.306 0.1428571492
81241  -39.137  -16.450  -20.840 0.1428571492
82228  -39.427  -15.322  -21.277 0.1428571492
83229  -39.788  -14.660  -22.015 0.1428571492
82248  -42.207  -15.747  -24.166 0.1428571492
82238  -41.195  -15.447  -22.831 0.1428571492
82240  -43.228  -15.758  -23.254 0.1428571492
82239  -41.643  -15.610  -23.604 0.1428571492
82216  -42.491  -15.548  -21.550 0.1428571492
82180  -41.423  -15.415  -19.396 0.1428571492
82169  -41.259  -15.352  -18.405 0.1428571492
76016  -27.768  -21.545  -20.547 0.2857142985
74903  -28.229  -22.437  -20.725 0.2857142985
80236  -36.578  -18.011  -19.591 0.1428571492
81253  -40.137  -16.421  -21.450 0.1428571492
82229  -40.471  -15.415  -22.004 0.1428571492
81268  -43.193  -16.087  -22.576 0.1428571492
81242  -41.891  -16.030  -20.341 0.1428571492
81256  -43.027  -16.456  -21.854 0.1428571492
83140  -41.614  -14.381  -16.972 0.1428571492
82148  -41.464  -15.310  -17.415 0.1428571492
79246  -35.652  -18.253  -19.605 0.1428571492
80254  -37.600  -17.652  -19.855 0.1428571492
80237  -37.165  -18.515  -19.636 0.1428571492
80256  -39.650  -17.427  -21.104 0.1428571492
80255  -38.708  -17.483  -20.563 0.1428571492
81255  -41.741  -17.084  -22.633 0.1428571492
80292  -43.021  -17.045  -23.740 0.1428571492
81254  -41.222  -16.498  -22.341 0.1428571492
81280  -43.341  -16.777  -23.332 0.1428571492
81212  -41.416  -16.303  -18.843 0.1428571492
81243  -42.357  -16.241  -20.875 0.1428571492
81198  -41.402  -16.249  -17.828 0.1428571492
79247  -36.546  -18.839  -19.613 0.1428571492
79265  -39.146  -18.325  -21.048 0.1428571492
79264  -38.396  -18.531  -20.491 0.1428571492
80282  -42.731  -17.486  -23.131 0.1428571492
79280  -41.640  -18.256  -22.295 0.1428571492
80283  -43.249  -17.722  -22.787 0.1428571492
80258  -42.538  -17.333  -20.696 0.1428571492
80293  -43.175  -17.166  -23.410 0.1428571492
81225  -41.658  -16.214  -19.727 0.1428571492
80274  -43.374  -17.028  -22.464 0.1428571492
78285  -38.745  -19.050  -21.086 0.1428571492
79263  -37.726  -18.893  -19.981 0.1428571492
79279  -40.919  -18.459  -21.891 0.1428571492
78297  -39.355  -19.069  -21.639 0.1428571492
79287  -42.210  -18.588  -22.394 0.1428571492
79281  -43.256  -18.599  -21.991 0.1428571492
79278  -40.011  -18.330  -21.441 0.1428571492
80270  -40.631  -17.464  -21.619 0.1428571492
81266  -41.554  -16.055  -23.063 0.1428571492
82214  -38.594  -15.613  -20.694 0.1428571492
82149  -41.906  -15.304  -16.607 0.1428571492
83141  -42.228  -14.373  -16.274 0.1428571492
83213  -42.499  -14.964  -22.101 0.1428571492
82197  -41.669  -15.549  -20.086 0.1428571492
84271  -39.986  -13.449  -23.657 0.1428571492
86231  -42.416  -11.669  -23.672 0.1428571492
80238  -41.807  -17.258  -19.476 0.1428571492
80223  -41.496  -17.206  -18.247 0.1428571492
84170  -42.645  -13.198  -16.257 0.1428571492
93472  -31.637  -3.572  -21.087 0.4285714328
84169  -41.878  -13.630  -16.610 0.1428571492
83174  -41.241  -14.398  -19.097 0.1428571492
84222  -41.361  -13.320  -19.917 0.1428571492
84194  -41.500  -13.288  -17.416 0.1428571492
87160  -42.662  -11.047  -23.645 0.1428571492
87158  -41.625  -10.439  -23.324 0.1428571492
99070  -30.002  2.149  -22.532 0.4285714328
101615  -32.819  5.118  -23.431 0.1428571492
97987  -30.696  1.325  -22.273 0.4285714328
74923  -28.898  -22.029  -21.018 0.2857142985
102334  -32.105  6.436  -22.865 0.1428571492
85269  -41.226  -12.554  -24.180 0.1428571492
87150  -41.383  -9.841  -22.563 0.1428571492
83252  -40.638  -14.258  -23.896 0.1428571492
84272  -40.828  -13.437  -24.364 0.1428571492
86230  -42.249  -11.716  -24.090 0.1428571492
84262  -42.323  -13.735  -23.545 0.1428571492
84261  -42.371  -13.172  -22.860 0.1428571492
83230  -42.384  -14.316  -22.247 0.1428571492
83231  -42.629  -14.759  -22.908 0.1428571492
83261  -41.184  -14.132  -24.550 0.1428571492
85260  -42.241  -12.418  -22.614 0.1428571492
85253  -41.930  -12.371  -21.901 0.1428571492
83243  -41.188  -14.860  -23.467 0.1428571492
82215  -42.035  -15.417  -20.726 0.1428571492
83244  -42.835  -14.898  -23.749 0.1428571492
82249  -43.049  -15.794  -24.182 0.1428571492
82230  -42.839  -15.617  -22.400 0.1428571492
81278  -42.737  -16.641  -23.951 0.1428571492
81267  -41.996  -16.641  -23.324 0.1428571492
80257  -41.963  -16.650  -20.260 0.1428571492
79248  -37.184  -19.136  -19.656 0.1428571492
80271  -41.423  -17.577  -22.194 0.1428571492
79288  -42.867  -18.609  -22.440 0.1428571492
80273  -43.338  -17.465  -21.971 0.1428571492
79266  -42.898  -18.390  -21.077 0.1428571492
68466  -27.554  -28.133  -19.487 0.1428571492
69586  -27.985  -27.231  -19.805 0.1428571492
69577  -26.476  -27.214  -19.065 0.1428571492
71685  -27.852  -25.148  -20.469 0.1428571492
73738  -27.249  -23.833  -20.214 0.1428571492
71698  -28.349  -24.712  -20.675 0.1428571492
73761  -28.484  -23.463  -20.695 0.1428571492
72699  -26.351  -24.254  -19.678 0.1428571492
73760  -27.581  -23.358  -20.434 0.1428571492
74902  -27.372  -22.335  -20.372 0.1428571492
74901  -26.718  -22.293  -19.988 0.1428571492
75993  -26.218  -21.315  -19.671 0.1428571492
77184  -27.463  -20.692  -20.397 0.1428571492
77204  -28.637  -20.679  -21.185 0.1428571492
78278  -28.094  -19.922  -20.745 0.2857142985
82221  -30.499  -15.420  -21.099 0.4285714328
83219  -30.769  -14.477  -21.297 0.4285714328
91764  -31.251  -5.202  -20.795 0.2857142985
92618  -30.993  -3.998  -21.046 0.2857142985
93473  -32.289  -3.422  -20.779 0.2857142985
95120  -28.318  -1.643  -20.833 0.2857142985
95958  -29.577  -1.370  -20.384 0.2857142985
95959  -30.264  -0.789  -20.578 0.2857142985
95943  -29.729  -0.738  -20.274 0.4285714328
76017  -28.467  -21.487  -20.911 0.1428571492
78277  -27.102  -19.801  -20.283 0.1428571492
79256  -27.640  -18.910  -20.475 0.2857142985
79272  -29.271  -19.040  -21.656 0.1428571492
71684  -26.846  -25.257  -19.755 0.1428571492
72700  -27.113  -24.349  -20.066 0.1428571492
74875  -26.000  -22.393  -19.587 0.1428571492
76015  -27.016  -21.463  -20.178 0.1428571492
77183  -26.729  -20.607  -20.015 0.1428571492
78276  -26.506  -19.996  -19.926 0.1428571492
79257  -28.598  -18.765  -21.069 0.2857142985
79258  -29.353  -18.312  -21.450 0.2857142985
81235  -30.240  -16.394  -20.965 0.4285714328
82208  -29.677  -15.454  -20.844 0.2857142985
90877  -30.734  -6.265  -20.915 0.2857142985
91763  -30.478  -5.118  -20.948 0.2857142985
92619  -31.723  -4.291  -20.671 0.2857142985
92617  -30.177  -4.109  -21.196 0.2857142985
92630  -30.673  -3.545  -21.307 0.2857142985
94293  -28.540  -2.345  -21.154 0.2857142985
94276  -27.521  -2.416  -20.034 0.2857142985
95137  -29.846  -1.835  -20.558 0.2857142985
80247  -28.933  -17.590  -21.014 0.2857142985
91762  -29.786  -5.148  -20.864 0.2857142985
90876  -30.048  -6.020  -20.923 0.2857142985
92616  -29.397  -4.183  -20.909 0.2857142985
93469  -28.971  -3.231  -20.911 0.2857142985
93471  -30.353  -3.280  -21.270 0.2857142985
94295  -30.104  -2.971  -21.013 0.2857142985
93468  -28.145  -2.993  -20.475 0.2857142985
92615  -28.659  -4.114  -20.508 0.2857142985
93470  -29.746  -3.397  -21.067 0.2857142985
72714  -28.068  -24.218  -20.647 0.1428571492
80248  -30.022  -17.531  -21.314 0.4285714328
70698  -27.457  -26.255  -19.980 0.1428571492
95138  -30.475  -1.693  -20.941 0.2857142985
94294  -29.576  -2.563  -20.923 0.2857142985
72701  -27.566  -24.202  -20.396 0.1428571492
73737  -26.718  -23.351  -19.973 0.1428571492
73759  -27.071  -22.852  -20.216 0.1428571492
79245  -27.030  -19.054  -20.026 0.2857142985
94292  -27.830  -2.160  -20.861 0.2857142985
81234  -29.342  -16.528  -20.833 0.4285714328
84235  -29.512  -13.504  -20.884 0.2857142985
83207  -29.992  -14.458  -20.990 0.2857142985
85240  -30.582  -12.691  -21.324 0.2857142985
102306  -31.442  7.272  -19.576 0.1428571492
102307  -31.638  6.677  -20.045 0.1428571492
103046  -30.972  7.767  -21.460 0.1428571492
103056  -31.158  7.559  -22.279 0.1428571492
102333  -31.499  6.946  -22.547 0.1428571492
102998  -31.805  7.104  -18.634 0.1428571492
103055  -30.736  8.114  -22.112 0.1428571492
104602  -28.752  9.498  -21.102 0.1428571492
107320  -29.643  11.534  -18.283 0.1428571492
101607  -32.363  5.791  -22.112 0.1428571492
101589  -32.267  6.020  -20.025 0.1428571492
102326  -31.477  7.106  -21.635 0.1428571492
102327  -31.921  6.386  -21.878 0.1428571492
103769  -29.192  8.957  -21.289 0.1428571492
103066  -31.140  7.300  -22.843 0.1428571492
103029  -30.196  8.572  -20.283 0.1428571492
121988  -29.272  10.709  -19.214 0.1428571492
103751  -29.240  9.427  -20.591 0.1428571492
105504  -28.440  10.729  -20.295 0.1428571492
121998  -27.876  11.652  -19.551 0.1428571492
103791  -30.504  8.246  -22.494 0.1428571492
103783  -30.193  8.498  -22.094 0.1428571492
102318  -31.275  7.374  -20.597 0.1428571492
102997  -31.571  7.552  -18.811 0.1428571492
102319  -31.819  6.507  -20.897 0.1428571492
103045  -30.310  8.317  -21.290 0.1428571492
103030  -30.657  7.999  -20.678 0.1428571492
102983  -31.760  7.586  -18.313 0.1428571492
103752  -29.657  8.794  -20.714 0.1428571492
91760  -28.303  -5.226  -20.276 0.1428571492
91761  -29.109  -5.185  -20.537 0.1428571492
93454  -27.419  -3.252  -19.574 0.1428571492
93417  -24.298  -3.389  -17.876 0.1428571492
94262  -25.506  -2.930  -18.582 0.1428571492
95080  -24.874  -2.235  -18.038 0.1428571492
95092  -26.231  -2.410  -18.461 0.1428571492
95081  -25.478  -1.638  -17.783 0.2857142985
87123  -29.814  -10.568  -20.726 0.1428571492
89927  -29.623  -7.666  -20.901 0.1428571492
89939  -29.737  -7.062  -21.026 0.1428571492
90875  -29.461  -6.320  -20.712 0.1428571492
91784  -38.009  -5.113  -22.515 0.1428571492
95941  -28.280  -1.332  -20.124 0.1428571492
95093  -27.006  -1.712  -18.576 0.1428571492
95082  -26.510  -1.592  -17.978 0.2857142985
95927  -28.720  -0.747  -19.014 0.2857142985
96868  -29.315  0.736  -17.846 0.2857142985
96863  -28.454  0.690  -16.828 0.2857142985
97900  -30.045  1.541  -17.477 0.2857142985
101561  -29.550  6.468  -17.586 0.1428571492
97884  -30.328  1.925  -15.434 0.1428571492
96893  -30.126  0.039  -20.606 0.2857142985
95925  -27.335  -1.038  -18.425 0.2857142985
96881  -30.074  0.290  -19.931 0.2857142985
97942  -30.306  1.691  -21.071 0.2857142985
97912  -30.079  0.666  -19.197 0.2857142985
99033  -30.224  2.443  -20.339 0.2857142985
99021  -30.235  2.203  -19.362 0.2857142985
99957  -30.151  3.103  -17.589 0.1428571492
97882  -28.114  1.392  -15.604 0.2857142985
96854  -27.392  0.236  -15.758 0.1428571492
97892  -28.519  1.053  -16.183 0.2857142985
98996  -30.245  2.599  -17.634 0.1428571492
97893  -29.247  1.336  -16.456 0.2857142985
97894  -30.178  1.779  -16.233 0.1428571492
97883  -29.252  1.660  -15.450 0.1428571492
95069  -24.516  -1.600  -16.943 0.2857142985
97868  -27.347  1.524  -14.589 0.1428571492
97853  -29.473  1.863  -13.550 0.1428571492
97869  -28.266  2.065  -14.628 0.1428571492
95031  -22.550  -1.520  -14.564 0.1428571492
91792  -38.154  -5.008  -23.174 0.1428571492
90891  -40.211  -6.641  -22.023 0.1428571492
88992  -29.425  -8.527  -20.523 0.1428571492
89925  -28.616  -6.944  -20.158 0.1428571492
91793  -38.731  -5.067  -23.520 0.1428571492
90858  -28.061  -6.446  -19.963 0.1428571492
91743  -26.539  -5.293  -19.643 0.1428571492
92601  -26.059  -4.297  -19.305 0.1428571492
92602  -26.993  -4.258  -19.465 0.1428571492
93434  -24.869  -3.357  -18.635 0.1428571492
94275  -26.894  -2.729  -19.206 0.1428571492
95119  -27.652  -1.725  -20.334 0.1428571492
95926  -28.020  -0.664  -18.709 0.1428571492
95922  -27.655  -0.547  -18.126 0.1428571492
96867  -28.387  -0.121  -17.962 0.2857142985
96862  -27.638  -0.162  -17.096 0.1428571492
97851  -27.494  1.705  -13.640 0.1428571492
99958  -30.156  2.939  -17.175 0.1428571492
97870  -29.328  1.886  -14.502 0.1428571492
91785  -38.678  -5.474  -22.543 0.1428571492
99034  -30.392  1.567  -20.314 0.2857142985
100796  -30.272  3.503  -17.426 0.1428571492
121811  -30.585  5.074  -16.436 0.1428571492
96908  -29.920  1.252  -22.322 0.2857142985
97964  -29.938  1.718  -21.994 0.2857142985
90889  -30.136  -6.631  -20.998 0.1428571492
97965  -30.326  1.094  -21.435 0.2857142985
95942  -29.160  -1.281  -20.222 0.1428571492
96892  -29.632  -0.518  -20.267 0.1428571492
90874  -28.801  -6.254  -20.309 0.1428571492
92614  -27.890  -4.147  -19.970 0.1428571492
93452  -25.604  -3.548  -18.884 0.1428571492
91744  -27.462  -5.274  -19.889 0.1428571492
90857  -27.044  -6.394  -19.823 0.1428571492
93453  -26.388  -3.394  -18.998 0.1428571492
93436  -25.644  -3.122  -18.683 0.1428571492
95090  -25.050  -2.648  -18.476 0.1428571492
95103  -26.608  -2.584  -18.885 0.1428571492
90887  -29.572  -6.762  -20.948 0.1428571492
95104  -27.099  -2.016  -19.364 0.1428571492
89926  -28.956  -7.454  -20.577 0.1428571492
95930  -27.514  -1.284  -19.091 0.2857142985
95083  -27.076  -1.425  -18.123 0.2857142985
96871  -28.720  -0.491  -18.587 0.2857142985
96880  -29.571  -0.411  -20.044 0.2857142985
95932  -28.990  -0.973  -19.600 0.2857142985
96864  -29.223  1.146  -17.177 0.2857142985
96855  -28.131  0.866  -16.064 0.1428571492
98980  -30.609  2.630  -15.693 0.1428571492
96872  -29.468  0.022  -19.017 0.2857142985
97943  -30.451  0.898  -20.576 0.2857142985
97927  -30.366  1.030  -19.667 0.2857142985
97926  -30.330  1.562  -19.377 0.2857142985
98997  -30.228  2.261  -16.951 0.1428571492
102267  -29.816  6.893  -16.440 0.1428571492
97901  -30.038  1.638  -16.786 0.2857142985
95921  -27.170  -0.933  -17.647 0.1428571492
96866  -27.662  -0.370  -17.724 0.2857142985
79243  -25.854  -18.839  -19.476 0.1428571492
80234  -27.136  -18.125  -19.997 0.1428571492
80246  -27.986  -17.799  -20.583 0.1428571492
80232  -25.666  -17.896  -19.294 0.1428571492
81223  -26.226  -16.837  -19.806 0.1428571492
81224  -26.734  -17.441  -19.958 0.1428571492
82204  -26.345  -15.875  -20.047 0.1428571492
81232  -27.172  -16.783  -20.383 0.1428571492
82205  -26.938  -15.535  -20.239 0.1428571492
82206  -27.812  -15.587  -20.562 0.1428571492
82207  -28.769  -15.526  -20.714 0.1428571492
82195  -25.800  -15.605  -19.578 0.1428571492
83204  -27.502  -14.600  -20.267 0.1428571492
83206  -29.159  -14.487  -20.772 0.1428571492
84234  -28.694  -13.529  -20.611 0.1428571492
85238  -29.066  -12.554  -20.659 0.1428571492
86192  -29.427  -11.587  -20.731 0.1428571492
95070  -25.078  -1.119  -17.173 0.1428571492
78261  -26.060  -19.686  -19.636 0.1428571492
80222  -25.087  -17.975  -18.722 0.1428571492
97881  -27.342  1.092  -15.187 0.1428571492
79244  -26.493  -18.876  -19.810 0.1428571492
81233  -28.308  -16.623  -20.786 0.1428571492
80233  -26.359  -18.013  -19.705 0.1428571492
81222  -25.240  -16.793  -18.999 0.1428571492
81231  -26.635  -16.255  -20.201 0.1428571492
82196  -26.388  -15.193  -19.939 0.1428571492
83205  -28.292  -14.537  -20.577 0.1428571492
82194  -25.144  -15.600  -18.928 0.1428571492
78260  -25.516  -19.623  -19.133 0.1428571492
71686  -28.488  -25.608  -20.508 0.2857142985
80272  -42.014  -17.625  -22.695 0.1428571492
80280  -33.923  -16.945  -22.919 0.5714285970
80284  -43.372  -17.142  -22.773 0.1428571492
80290  -34.133  -16.879  -23.274 0.5714285970
80291  -34.088  -16.923  -23.227 0.5714285970
80294  -43.316  -17.221  -23.133 0.1428571492
81257  -43.327  -16.883  -22.264 0.1428571492
81269  -43.344  -16.561  -22.750 0.1428571492
81276  -34.064  -16.857  -23.278 0.5714285970
81277  -34.111  -16.769  -23.071 0.5714285970
81279  -43.189  -16.659  -23.850 0.1428571492
82210  -35.008  -15.641  -21.427 0.4285714328
82226  -35.109  -15.264  -21.773 0.4285714328
82241  -43.378  -16.336  -23.312 0.1428571492
82250  -43.367  -16.272  -23.675 0.1428571492
83238  -33.744  -15.234  -22.286 0.7142857313
83262  -41.684  -14.171  -24.656 0.1428571492
84273  -41.510  -13.284  -24.515 0.1428571492
84282  -41.400  -13.778  -24.704 0.1428571492
84283  -41.683  -13.788  -24.714 0.1428571492
84284  -41.807  -13.797  -24.653 0.1428571492
85261  -42.347  -12.459  -23.282 0.1428571492
85267  -39.667  -12.818  -23.489 0.2857142985
86220  -41.482  -10.949  -23.733 0.1428571492
86229  -41.642  -11.563  -23.987 0.1428571492
87126  -33.516  -10.067  -20.821 0.7142857313
87139  -30.462  -10.902  -20.990 0.4285714328
87167  -42.392  -11.020  -24.111 0.1428571492
87168  -42.503  -11.293  -23.938 0.1428571492
88981  -39.221  -8.349  -20.344 0.4285714328
89938  -29.412  -7.050  -20.935 0.1428571492
89940  -29.954  -6.912  -21.033 0.1428571492
90888  -29.782  -6.617  -20.980 0.1428571492
91732  -35.669  -4.791  -18.424 1.0000000000
92589  -34.499  -4.626  -18.572 1.0000000000
92590  -35.098  -4.548  -18.224 0.8571428657
92631  -30.983  -3.429  -21.427 0.2857142985
93435  -25.309  -3.174  -18.768 0.1428571492
93441  -35.980  -3.741  -18.582 0.8571428657
93456  -34.439  -3.396  -18.855 0.8571428657
93484  -30.842  -3.082  -21.593 0.2857142985
93486  -31.868  -3.196  -21.326 0.4285714328
94261  -25.204  -2.956  -18.624 0.1428571492
94263  -26.179  -2.913  -18.702 0.1428571492
94299  -37.324  -3.006  -21.121 0.4285714328
94308  -30.163  -2.246  -20.864 0.2857142985
94309  -30.474  -2.531  -21.282 0.4285714328
94322  -37.190  -2.163  -22.742 0.2857142985
95091  -25.356  -2.569  -18.393 0.1428571492
95121  -29.092  -1.760  -20.902 0.2857142985
95154  -36.917  -1.558  -22.623 0.2857142985
95931  -27.985  -0.898  -19.443 0.2857142985
95935  -33.814  -0.853  -19.858 0.8571428657
95940  -27.671  -1.409  -19.764 0.1428571492
95945  -33.495  -0.315  -20.020 0.8571428657
96873  -30.050  0.483  -19.449 0.2857142985
96920  -29.685  1.323  -22.846 0.2857142985
96921  -29.994  1.200  -22.830 0.2857142985
96922  -30.479  1.042  -22.260 0.4285714328
96932  -29.663  1.439  -23.104 0.4285714328
96933  -29.815  1.496  -23.288 0.5714285970
97911  -30.171  1.223  -18.748 0.2857142985
97944  -31.615  1.722  -21.243 0.8571428657
97966  -31.171  1.423  -21.678 0.4285714328
97985  -29.653  1.618  -22.765 0.4285714328
97988  -33.081  1.805  -21.771 0.7142857313
98006  -29.724  1.783  -23.245 0.4285714328
98007  -30.025  1.569  -23.419 0.5714285970
99022  -30.352  1.767  -19.809 0.2857142985
99036  -31.788  2.028  -21.151 0.8571428657
99072  -30.816  1.722  -22.033 0.8571428657
99096  -30.100  2.055  -23.278 0.4285714328
99097  -30.272  1.747  -23.217 0.5714285970
100848  -30.306  4.249  -21.929 0.7142857313
100850  -30.996  4.270  -22.278 0.8571428657
100858  -30.525  4.336  -22.340 0.8571428657
100910  -33.078  5.001  -25.374 0.1428571492
101576  -30.236  4.827  -17.502 0.2857142985
102292  -31.588  7.141  -19.152 0.1428571492
102345  -32.810  5.457  -25.101 0.1428571492
102981  -28.576  8.287  -18.133 0.1428571492
103011  -30.239  8.798  -19.833 0.1428571492
103065  -30.783  7.802  -22.829 0.1428571492
103703  -27.674  9.471  -18.418 0.1428571492
103730  -27.445  9.212  -19.613 0.2857142985
103732  -29.275  9.813  -20.261 0.1428571492
103750  -27.608  8.347  -20.525 0.2857142985
103770  -29.750  8.644  -21.528 0.1428571492
103780  -27.783  8.500  -22.754 0.2857142985
103781  -28.908  8.688  -22.565 0.2857142985
103782  -29.348  8.737  -22.182 0.1428571492
103790  -30.103  8.328  -22.744 0.1428571492
104583  -28.458  10.060  -20.970 0.1428571492
104584  -28.895  9.992  -20.619 0.1428571492
104618  -28.804  9.171  -21.700 0.1428571492
104624  -28.641  8.497  -22.922 0.2857142985
104625  -28.661  8.674  -22.727 0.2857142985
105465  -26.754  11.403  -18.436 0.2857142985
105476  -26.560  11.719  -19.204 0.2857142985
105502  -27.301  12.082  -19.724 0.2857142985
105520  -27.637  10.281  -21.036 0.2857142985
121776  -31.634  5.318  -25.268 0.2857142985
121784  -31.404  5.646  -25.081 0.2857142985
121792  -29.638  5.400  -23.253 0.2857142985
121800  -28.925  6.487  -19.311 0.4285714328
121802  -28.673  6.658  -19.991 0.4285714328
121803  -28.702  6.842  -19.599 0.4285714328
121806  -29.165  6.820  -18.174 0.2857142985
121807  -30.195  4.067  -17.868 0.2857142985
121812  -30.640  4.128  -16.440 0.2857142985
121993  -26.892  10.631  -18.512 0.2857142985
