#!ascii label  , from subject 3824 vox2ras=TkReg
404
94261  -23.865  -4.725  -1.235 0.0000000000
90509  -19.743  -7.498  2.473 0.0000000000
89226  -26.704  -8.348  0.673 0.0000000000
84148  -22.921  -12.407  2.429 0.0000000000
108041  -25.945  6.957  -0.027 0.0000000000
103605  -26.831  3.366  -2.196 0.0000000000
98775  -21.602  -0.451  -1.060 0.0000000000
80403  -22.169  -15.497  4.384 0.0000000000
87877  -21.885  -10.056  3.049 0.0000000000
85415  -20.261  -11.501  3.743 0.0000000000
105889  -26.404  5.379  -1.687 0.0000000000
103602  -23.865  3.404  -1.207 0.0000000000
94233  -20.527  -4.408  1.376 0.0000000000
97637  -19.766  -2.040  1.207 0.0000000000
96580  -22.623  -2.564  -0.874 0.0000000000
98806  -25.385  -0.717  -2.781 0.0000000000
96602  -25.872  -2.598  -1.887 0.0000000000
95467  -27.058  -4.064  -1.447 0.0000000000
92994  -17.716  -5.413  2.540 0.0000000000
91787  -21.798  -6.853  0.452 0.0000000000
90544  -25.258  -7.154  -0.678 0.0000000000
89222  -23.705  -8.527  0.629 0.0000000000
85465  -24.738  -10.743  0.950 0.0000000000
84134  -26.800  -12.302  2.993 0.0000000000
101128  -22.187  1.525  -0.602 0.0000000000
101151  -23.797  1.323  -1.934 0.0000000000
102401  -27.388  2.133  -2.173 0.0000000000
82821  -19.722  -13.248  4.727 0.0000000000
81626  -22.990  -14.172  3.804 0.0000000000
86630  -19.761  -10.633  3.626 0.0000000000
85396  -19.350  -11.492  4.403 0.0000000000
103585  -23.704  3.790  -0.984 0.0000000000
103583  -21.983  3.378  -0.119 0.0000000000
94259  -22.351  -4.501  -0.090 0.0000000000
95441  -21.572  -3.363  0.272 0.0000000000
95456  -23.213  -3.550  -0.956 0.0000000000
96600  -24.859  -2.402  -2.121 0.0000000000
95464  -24.897  -3.546  -1.885 0.0000000000
96592  -26.269  -2.892  -1.627 0.0000000000
94268  -25.836  -4.768  -1.950 0.0000000000
91760  -18.686  -6.427  2.558 0.0000000000
91785  -19.977  -6.052  1.547 0.0000000000
91777  -20.637  -6.909  1.516 0.0000000000
90530  -22.478  -7.527  0.747 0.0000000000
90523  -21.346  -7.534  1.677 0.0000000000
85434  -22.386  -11.151  2.445 0.0000000000
86659  -23.278  -10.713  1.185 0.0000000000
85449  -23.588  -11.491  1.521 0.0000000000
85452  -25.976  -11.363  1.823 0.0000000000
82877  -25.701  -12.566  2.143 0.0000000000
108009  -24.063  7.228  0.795 0.0000000000
107994  -24.447  7.334  1.987 0.0000000000
109094  -25.395  8.053  0.657 0.0000000000
109095  -26.272  8.418  0.670 0.0000000000
106899  -26.741  7.408  -1.646 0.0000000000
104757  -26.751  4.376  -1.944 0.0000000000
98743  -20.829  -1.219  0.339 0.0000000000
98742  -20.732  -0.680  0.297 0.0000000000
99945  -21.435  0.196  -1.096 0.0000000000
99929  -22.447  1.225  -1.100 0.0000000000
99956  -22.976  0.008  -1.576 0.0000000000
99960  -27.079  0.028  -3.323 0.0000000000
101165  -26.478  0.439  -3.390 0.0000000000
101142  -27.633  1.388  -2.305 0.0000000000
90541  -26.136  -7.513  -0.254 0.0000000000
91800  -27.036  -6.247  -0.711 0.0000000000
80388  -20.911  -15.370  5.271 0.0000000000
81608  -21.423  -14.523  4.557 0.0000000000
82823  -21.055  -13.519  4.473 0.0000000000
81609  -22.475  -14.618  4.282 0.0000000000
89178  -19.024  -8.795  2.911 0.0000000000
87888  -20.405  -8.749  3.053 0.0000000000
87875  -20.056  -9.513  3.231 0.0000000000
86631  -20.609  -10.653  3.425 0.0000000000
85416  -21.116  -11.563  3.501 0.0000000000
106898  -24.442  6.304  0.183 0.0000000000
106916  -25.678  6.402  -0.462 0.0000000000
105887  -24.943  5.368  -0.831 0.0000000000
104755  -24.727  4.355  -1.066 0.0000000000
103603  -24.938  3.387  -1.297 0.0000000000
95419  -18.592  -3.607  2.036 0.0000000000
95439  -19.999  -3.149  0.943 0.0000000000
96565  -21.172  -2.537  0.245 0.0000000000
97692  -22.616  -1.500  -1.297 0.0000000000
98790  -23.258  -0.534  -1.634 0.0000000000
96598  -23.984  -1.691  -1.862 0.0000000000
97721  -25.669  -1.056  -2.790 0.0000000000
98777  -27.463  -0.827  -2.054 0.0000000000
97693  -27.427  -1.601  -1.178 0.0000000000
77902  -24.437  -17.250  4.602 0.0000000000
79226  -24.644  -16.351  4.391 0.0000000000
92996  -19.314  -5.057  1.566 0.0000000000
93017  -21.460  -5.262  0.550 0.0000000000
93019  -22.784  -5.658  -0.236 0.0000000000
93027  -24.906  -5.599  -1.186 0.0000000000
91796  -24.135  -6.556  0.080 0.0000000000
90532  -24.219  -7.977  0.383 0.0000000000
89224  -25.377  -8.801  0.263 0.0000000000
87905  -22.309  -8.959  1.306 0.0000000000
87923  -23.774  -9.578  0.716 0.0000000000
87908  -25.732  -9.554  0.941 0.0000000000
86662  -26.189  -10.517  1.628 0.0000000000
86633  -26.531  -10.937  3.004 0.0000000000
106937  -26.800  6.609  -2.112 0.0000000000
102379  -22.676  2.585  -1.270 0.0000000000
102397  -23.756  1.958  -1.750 0.0000000000
102399  -25.427  1.872  -2.148 0.0000000000
99958  -24.954  0.134  -2.547 0.0000000000
101153  -25.839  0.999  -2.520 0.0000000000
102400  -26.624  2.176  -2.280 0.0000000000
93029  -26.170  -5.610  -1.591 0.0000000000
93022  -27.495  -5.481  -0.522 0.0000000000
84107  -19.290  -12.302  4.517 0.0000000000
84108  -19.811  -12.727  4.474 0.0000000000
84110  -21.073  -12.848  4.231 0.0000000000
82842  -23.329  -13.409  3.423 0.0000000000
80406  -24.816  -15.346  4.080 0.0000000000
81628  -25.055  -14.727  3.020 0.0000000000
82859  -24.990  -13.609  2.939 0.0000000000
103566  -21.355  3.300  0.550 0.0000000000
94260  -23.241  -4.704  -0.736 0.0000000000
95457  -23.580  -4.181  -1.181 0.0000000000
95463  -24.070  -3.713  -1.600 0.0000000000
94266  -24.551  -4.617  -1.565 0.0000000000
95465  -25.439  -3.920  -2.011 0.0000000000
94267  -25.129  -4.786  -2.063 0.0000000000
90508  -19.107  -7.086  2.959 0.0000000000
90507  -18.307  -6.647  3.405 0.0000000000
91761  -19.410  -6.793  2.318 0.0000000000
91776  -20.059  -6.708  1.830 0.0000000000
90521  -20.131  -7.121  2.227 0.0000000000
90528  -20.967  -7.190  1.363 0.0000000000
90510  -20.329  -7.414  2.424 0.0000000000
85418  -22.637  -12.118  2.597 0.0000000000
85435  -22.825  -11.665  2.035 0.0000000000
84162  -23.688  -12.001  1.946 0.0000000000
84163  -24.265  -11.895  1.889 0.0000000000
84133  -24.317  -12.278  2.670 0.0000000000
108024  -24.981  7.218  0.346 0.0000000000
109093  -24.915  7.978  0.615 0.0000000000
108025  -26.086  7.607  0.426 0.0000000000
108042  -26.509  7.700  -0.615 0.0000000000
104762  -27.350  4.435  -2.923 0.0000000000
103615  -27.546  3.391  -2.575 0.0000000000
98760  -21.295  -0.900  -0.110 0.0000000000
98759  -21.034  -0.242  -0.770 0.0000000000
98774  -21.133  -0.097  -1.127 0.0000000000
99946  -22.586  0.570  -1.355 0.0000000000
99948  -27.388  0.253  -2.542 0.0000000000
90533  -26.429  -7.788  0.145 0.0000000000
90534  -26.998  -7.612  0.405 0.0000000000
79224  -22.787  -16.424  4.581 0.0000000000
79223  -22.027  -16.132  4.635 0.0000000000
80389  -21.525  -15.481  4.756 0.0000000000
81593  -21.129  -14.904  4.908 0.0000000000
80404  -23.116  -15.532  4.451 0.0000000000
89177  -18.599  -8.581  3.493 0.0000000000
87874  -19.018  -9.689  3.653 0.0000000000
85414  -19.691  -11.464  4.002 0.0000000000
105869  -24.276  5.225  -0.231 0.0000000000
105870  -24.519  5.343  -0.303 0.0000000000
104754  -24.121  3.867  -1.042 0.0000000000
94232  -19.750  -4.382  1.516 0.0000000000
95440  -20.547  -3.481  0.828 0.0000000000
95455  -22.321  -3.389  -0.233 0.0000000000
96579  -21.948  -2.565  -0.302 0.0000000000
97676  -22.197  -2.059  -0.792 0.0000000000
97704  -23.650  -1.275  -1.746 0.0000000000
96589  -23.563  -2.306  -1.519 0.0000000000
96601  -25.339  -2.276  -2.158 0.0000000000
97707  -25.349  -1.484  -2.481 0.0000000000
97708  -26.021  -1.423  -2.608 0.0000000000
98793  -26.381  -0.850  -3.034 0.0000000000
97709  -26.716  -1.779  -2.014 0.0000000000
96593  -26.965  -2.825  -1.451 0.0000000000
95458  -27.654  -3.582  -0.917 0.0000000000
76543  -24.962  -17.821  4.905 0.0000000000
76544  -25.279  -17.609  5.018 0.0000000000
94229  -17.212  -5.191  2.463 0.0000000000
94230  -17.811  -4.672  2.420 0.0000000000
92995  -18.582  -5.354  1.996 0.0000000000
93007  -20.668  -5.444  1.098 0.0000000000
93008  -21.455  -6.004  0.553 0.0000000000
93018  -21.970  -5.446  0.163 0.0000000000
93009  -22.147  -6.175  0.167 0.0000000000
91795  -23.414  -6.165  -0.133 0.0000000000
91788  -23.003  -6.727  0.290 0.0000000000
89221  -23.017  -8.179  1.115 0.0000000000
90531  -23.515  -7.645  0.673 0.0000000000
89223  -24.573  -8.503  0.086 0.0000000000
87889  -21.132  -9.015  3.224 0.0000000000
89195  -21.475  -8.510  2.549 0.0000000000
87890  -21.955  -9.632  2.223 0.0000000000
86660  -23.844  -10.955  0.914 0.0000000000
87907  -23.378  -10.152  0.992 0.0000000000
86673  -24.336  -10.425  0.799 0.0000000000
87924  -24.728  -9.548  0.488 0.0000000000
86674  -25.073  -10.270  0.939 0.0000000000
86661  -25.594  -10.343  1.269 0.0000000000
84165  -25.895  -12.209  2.009 0.0000000000
85437  -26.349  -11.507  2.136 0.0000000000
85419  -26.617  -11.531  3.049 0.0000000000
85420  -27.370  -11.357  3.741 0.0000000000
106935  -25.873  6.045  -1.155 0.0000000000
106936  -26.497  6.283  -1.525 0.0000000000
96545  -19.442  -2.656  1.432 0.0000000000
101127  -21.152  0.953  -0.173 0.0000000000
102364  -22.114  2.585  -0.721 0.0000000000
101129  -22.365  1.755  -0.971 0.0000000000
101141  -23.261  1.501  -1.586 0.0000000000
102398  -24.363  2.148  -2.021 0.0000000000
98792  -24.785  -0.685  -2.583 0.0000000000
98791  -23.954  -0.535  -2.358 0.0000000000
99968  -25.223  -0.302  -2.762 0.0000000000
101154  -26.687  1.263  -3.047 0.0000000000
91806  -25.182  -6.472  -1.044 0.0000000000
93028  -25.516  -5.607  -1.528 0.0000000000
91807  -25.716  -6.397  -1.255 0.0000000000
82809  -19.975  -13.627  5.046 0.0000000000
82808  -19.282  -13.461  5.087 0.0000000000
84096  -19.342  -12.926  4.647 0.0000000000
81625  -22.389  -14.022  4.048 0.0000000000
82840  -21.579  -13.212  4.164 0.0000000000
82841  -22.325  -13.402  3.800 0.0000000000
80405  -24.020  -15.528  4.407 0.0000000000
81643  -24.760  -14.114  2.846 0.0000000000
87855  -18.866  -10.210  4.151 0.0000000000
86629  -19.313  -10.690  4.105 0.0000000000
104738  -23.410  5.016  -0.158 0.0000000000
104737  -23.001  3.929  0.062 0.0000000000
103584  -22.998  3.592  -0.855 0.0000000000
94247  -21.396  -4.405  0.631 0.0000000000
94248  -22.037  -3.877  0.326 0.0000000000
95462  -23.810  -3.082  -1.465 0.0000000000
96590  -24.244  -2.764  -1.776 0.0000000000
95470  -25.031  -2.795  -1.915 0.0000000000
95471  -25.248  -3.061  -1.777 0.0000000000
96603  -26.420  -2.510  -1.736 0.0000000000
95472  -25.546  -3.326  -1.764 0.0000000000
95466  -26.152  -3.661  -1.727 0.0000000000
94269  -26.556  -4.756  -1.634 0.0000000000
90519  -17.474  -6.417  3.033 0.0000000000
91774  -18.161  -6.005  2.234 0.0000000000
91775  -19.078  -6.192  1.788 0.0000000000
91786  -20.760  -6.672  0.997 0.0000000000
90529  -21.573  -7.490  1.066 0.0000000000
89220  -22.314  -8.140  1.253 0.0000000000
86645  -22.183  -10.578  2.783 0.0000000000
87891  -22.368  -10.290  1.666 0.0000000000
86646  -22.326  -10.721  2.036 0.0000000000
85448  -23.068  -11.192  1.524 0.0000000000
85450  -24.533  -11.230  1.259 0.0000000000
85451  -25.380  -11.069  1.584 0.0000000000
84164  -25.156  -12.004  2.023 0.0000000000
82878  -25.842  -12.862  2.068 0.0000000000
106889  -23.748  6.618  1.067 0.0000000000
108010  -24.590  7.988  0.992 0.0000000000
108058  -26.862  8.146  -1.278 0.0000000000
105897  -27.068  5.326  -2.716 0.0000000000
98741  -19.995  -0.783  0.981 0.0000000000
99910  -20.525  -0.017  0.353 0.0000000000
99927  -21.102  0.321  -0.657 0.0000000000
99928  -21.958  0.959  -1.177 0.0000000000
99947  -23.343  0.958  -1.713 0.0000000000
99970  -26.185  -0.176  -3.423 0.0000000000
99969  -25.637  -0.038  -3.211 0.0000000000
101166  -26.792  0.171  -3.530 0.0000000000
101155  -27.231  0.877  -3.252 0.0000000000
90540  -25.574  -7.344  -0.498 0.0000000000
91799  -26.451  -6.636  -0.698 0.0000000000
90542  -26.790  -6.862  -0.249 0.0000000000
81592  -20.601  -14.305  5.123 0.0000000000
81607  -20.836  -13.932  4.695 0.0000000000
82822  -20.338  -13.441  4.708 0.0000000000
81610  -23.523  -14.784  4.312 0.0000000000
90489  -18.593  -7.823  3.028 0.0000000000
90490  -19.074  -8.014  2.561 0.0000000000
89194  -20.673  -8.002  2.769 0.0000000000
89193  -19.733  -8.468  2.757 0.0000000000
87876  -21.061  -10.038  2.780 0.0000000000
86632  -21.581  -10.692  3.239 0.0000000000
85417  -22.184  -11.588  3.002 0.0000000000
106888  -23.555  6.107  1.448 0.0000000000
108040  -25.485  6.631  0.017 0.0000000000
106915  -25.112  6.116  -0.169 0.0000000000
106934  -25.363  5.899  -0.832 0.0000000000
105888  -25.434  5.308  -1.274 0.0000000000
104739  -23.922  4.101  -1.121 0.0000000000
104756  -25.720  4.396  -1.435 0.0000000000
103604  -26.036  3.352  -1.489 0.0000000000
96564  -20.214  -2.562  0.768 0.0000000000
97657  -20.959  -1.732  0.298 0.0000000000
97675  -21.736  -1.585  -0.524 0.0000000000
97691  -22.097  -0.985  -1.032 0.0000000000
98776  -22.503  -0.483  -1.304 0.0000000000
97705  -24.247  -1.238  -2.269 0.0000000000
96599  -24.356  -1.963  -2.019 0.0000000000
97706  -25.003  -1.301  -2.535 0.0000000000
97719  -25.535  -1.100  -2.743 0.0000000000
98809  -26.505  -0.644  -3.191 0.0000000000
98794  -26.920  -0.797  -2.989 0.0000000000
99949  -27.629  0.051  -1.621 0.0000000000
98778  -27.749  -0.604  -1.080 0.0000000000
97694  -27.904  -1.169  -0.598 0.0000000000
89211  -27.137  -8.643  1.283 0.0000000000
77901  -23.511  -17.327  4.766 0.0000000000
79225  -23.756  -16.429  4.501 0.0000000000
94231  -18.951  -4.432  1.867 0.0000000000
93005  -19.177  -5.641  1.606 0.0000000000
92997  -20.001  -4.968  1.460 0.0000000000
94258  -21.791  -4.919  0.301 0.0000000000
93026  -24.309  -5.315  -1.077 0.0000000000
93020  -23.776  -5.570  -0.533 0.0000000000
93021  -24.473  -5.894  -0.580 0.0000000000
91797  -24.724  -6.609  -0.680 0.0000000000
91789  -23.764  -7.091  0.458 0.0000000000
90539  -24.581  -7.499  -0.193 0.0000000000
89237  -25.013  -7.484  -0.626 0.0000000000
89235  -25.258  -7.867  -0.314 0.0000000000
89236  -25.660  -8.073  0.042 0.0000000000
89207  -21.326  -7.819  2.243 0.0000000000
89208  -21.749  -8.312  1.693 0.0000000000
87922  -23.058  -8.945  1.098 0.0000000000
87906  -22.763  -9.915  1.210 0.0000000000
89209  -25.857  -8.843  0.576 0.0000000000
87909  -26.475  -9.403  1.446 0.0000000000
86647  -26.620  -10.734  2.482 0.0000000000
106917  -26.205  6.734  -0.842 0.0000000000
106918  -26.626  7.119  -1.489 0.0000000000
106950  -26.808  5.961  -2.232 0.0000000000
102363  -21.321  2.315  0.218 0.0000000000
103601  -23.113  3.087  -1.395 0.0000000000
101140  -22.756  1.695  -1.307 0.0000000000
102380  -23.325  2.427  -1.514 0.0000000000
102381  -24.179  2.576  -1.575 0.0000000000
102382  -25.016  2.446  -1.662 0.0000000000
102383  -26.091  2.532  -1.950 0.0000000000
99957  -23.562  0.410  -2.140 0.0000000000
101152  -24.693  1.076  -2.112 0.0000000000
99959  -25.651  0.398  -2.933 0.0000000000
94270  -27.051  -4.773  -1.410 0.0000000000
91809  -26.731  -6.234  -1.065 0.0000000000
93030  -26.941  -5.560  -1.274 0.0000000000
94262  -27.487  -4.659  -1.069 0.0000000000
84126  -19.628  -12.056  4.280 0.0000000000
84127  -20.072  -12.150  4.190 0.0000000000
84109  -20.484  -12.815  4.420 0.0000000000
84128  -20.723  -12.251  3.983 0.0000000000
84129  -21.632  -12.501  3.700 0.0000000000
84130  -22.658  -12.545  3.186 0.0000000000
84131  -23.474  -12.568  3.054 0.0000000000
81611  -24.165  -14.974  4.202 0.0000000000
80420  -24.890  -14.934  3.480 0.0000000000
81627  -24.230  -14.405  3.617 0.0000000000
82843  -24.424  -13.157  3.306 0.0000000000
84132  -24.026  -12.419  2.846 0.0000000000
82860  -25.463  -12.799  2.945 0.0000000000
76532  -25.325  -17.874  5.406 0.0000000000
81644  -25.387  -14.037  2.814 0.0000000000
82824  -21.870  -13.862  4.288 0.0000000000
82844  -24.620  -12.477  3.024 0.0000000000
84149  -23.386  -12.336  2.192 0.0000000000
84150  -24.000  -12.183  2.310 0.0000000000
84151  -24.653  -12.238  2.490 0.0000000000
84152  -26.403  -12.295  2.556 0.0000000000
85436  -23.350  -11.926  1.884 0.0000000000
85466  -24.942  -10.867  1.105 0.0000000000
86634  -26.856  -10.614  3.300 0.0000000000
86658  -22.754  -10.763  1.580 0.0000000000
86672  -23.713  -10.393  0.871 0.0000000000
87921  -22.655  -8.555  1.209 0.0000000000
87925  -25.228  -9.561  0.584 0.0000000000
89210  -26.303  -8.794  0.899 0.0000000000
89225  -26.181  -8.238  0.304 0.0000000000
89234  -24.913  -7.746  -0.457 0.0000000000
89238  -25.132  -7.641  -0.502 0.0000000000
90520  -18.085  -6.108  2.923 0.0000000000
90522  -20.784  -7.176  2.105 0.0000000000
90538  -24.146  -7.385  0.379 0.0000000000
90543  -24.928  -7.231  -0.700 0.0000000000
91762  -19.819  -6.990  2.238 0.0000000000
91773  -17.510  -5.922  2.791 0.0000000000
91784  -19.441  -5.877  1.595 0.0000000000
91798  -25.855  -6.848  -0.735 0.0000000000
91808  -26.345  -6.308  -1.256 0.0000000000
92993  -16.978  -5.605  2.802 0.0000000000
93006  -19.748  -5.519  1.519 0.0000000000
94205  -16.851  -5.191  2.695 0.0000000000
95421  -20.163  -3.919  1.397 0.0000000000
96546  -19.929  -2.229  1.056 0.0000000000
96563  -19.801  -2.981  1.083 0.0000000000
96591  -24.580  -3.091  -1.821 0.0000000000
97720  -25.573  -0.819  -2.716 0.0000000000
98807  -25.701  -0.598  -2.972 0.0000000000
98808  -26.043  -0.723  -3.127 0.0000000000
99944  -20.985  0.089  -1.059 0.0000000000
99971  -26.619  -0.335  -3.354 0.0000000000
101164  -26.086  0.605  -3.140 0.0000000000
104740  -24.702  4.868  -0.966 0.0000000000
106897  -23.923  6.481  0.465 0.0000000000
106900  -26.750  7.338  -1.835 0.0000000000
108023  -24.290  6.836  0.433 0.0000000000
108028  -26.829  7.415  -2.024 0.0000000000
109077  -24.969  8.360  0.766 0.0000000000
