#!ascii label  , from subject 3371 vox2ras=TkReg
2170
48423  -37.336  -53.201  32.938 0.0000000000
73185  -52.421  -32.869  14.110 0.0000000000
66138  -42.360  -37.564  19.052 0.0000000000
34802  -8.753  -63.169  21.736 0.0000000000
36216  -21.449  -61.704  29.254 0.0000000000
48448  -12.350  -53.601  29.184 0.0000000000
45799  -7.725  -56.192  35.473 0.0000000000
64038  -49.011  -39.462  16.670 0.0000000000
51092  -7.426  -51.713  24.190 0.0000000000
26599  -7.236  -69.616  27.678 0.0000000000
51100  -37.870  -49.786  24.837 0.0000000000
45887  -31.610  -55.540  30.442 0.0000000000
40554  -29.191  -58.553  32.669 0.0000000000
76637  -54.521  -29.608  14.398 0.0000000000
66151  -46.698  -37.700  17.455 0.0000000000
42070  -18.552  -57.997  27.295 0.0000000000
54506  -9.393  -48.070  31.231 0.0000000000
40613  -11.075  -59.051  24.931 0.0000000000
44758  -13.526  -56.977  19.583 0.0000000000
39209  -9.971  -61.019  17.311 0.0000000000
31868  -9.181  -64.026  36.206 0.0000000000
31877  -7.519  -64.512  33.933 0.0000000000
62838  -41.645  -41.625  22.557 0.0000000000
37621  -26.895  -59.507  33.496 0.0000000000
34746  -25.599  -62.066  25.553 0.0000000000
48413  -10.271  -54.806  32.273 0.0000000000
39096  -9.113  -59.798  28.524 0.0000000000
68402  -51.391  -36.257  16.552 0.0000000000
37600  -11.390  -61.284  35.185 0.0000000000
40567  -14.085  -59.072  30.882 0.0000000000
51084  -12.611  -51.475  25.546 0.0000000000
47341  -9.007  -54.410  18.667 0.0000000000
41949  -6.185  -58.224  39.967 0.0000000000
36188  -5.759  -62.228  31.607 0.0000000000
30632  -6.741  -65.632  24.197 0.0000000000
51017  -39.239  -51.259  31.933 0.0000000000
48445  -36.368  -53.127  30.554 0.0000000000
52238  -37.739  -50.676  29.755 0.0000000000
44648  -35.026  -54.892  32.090 0.0000000000
45912  -33.830  -54.652  28.778 0.0000000000
44620  -34.674  -55.516  33.557 0.0000000000
74377  -53.901  -31.602  14.161 0.0000000000
72040  -50.047  -32.886  13.207 0.0000000000
74402  -51.614  -31.197  12.796 0.0000000000
76657  -52.791  -29.592  12.728 0.0000000000
67226  -44.692  -36.989  17.572 0.0000000000
65068  -40.262  -39.516  19.891 0.0000000000
66148  -40.333  -38.405  18.129 0.0000000000
66169  -42.560  -38.171  15.561 0.0000000000
37719  -9.433  -61.140  23.092 0.0000000000
40686  -10.925  -60.486  20.612 0.0000000000
37756  -10.163  -61.855  19.528 0.0000000000
34868  -9.206  -63.551  16.284 0.0000000000
33361  -10.581  -64.591  18.712 0.0000000000
29316  -10.752  -66.142  32.657 0.0000000000
26548  -9.263  -66.996  32.470 0.0000000000
59531  -42.222  -44.182  24.227 0.0000000000
53456  -40.553  -48.482  25.633 0.0000000000
53483  -38.508  -48.506  23.413 0.0000000000
57058  -40.528  -45.865  24.063 0.0000000000
60646  -40.439  -43.784  22.832 0.0000000000
41991  -29.279  -57.897  35.463 0.0000000000
40592  -27.376  -58.968  28.181 0.0000000000
36235  -27.239  -60.468  28.380 0.0000000000
81183  -54.963  -25.191  14.065 0.0000000000
83254  -56.185  -23.336  14.463 0.0000000000
47134  -9.213  -54.856  34.094 0.0000000000
44651  -8.976  -56.542  30.713 0.0000000000
44636  -6.528  -57.043  31.823 0.0000000000
67239  -50.013  -37.729  16.725 0.0000000000
62944  -45.745  -39.375  14.758 0.0000000000
65145  -46.814  -38.552  13.786 0.0000000000
68414  -47.908  -36.663  14.135 0.0000000000
37541  -11.888  -61.105  39.854 0.0000000000
39017  -13.104  -60.072  37.635 0.0000000000
51019  -13.313  -50.740  30.771 0.0000000000
53401  -13.306  -49.411  28.386 0.0000000000
49797  -13.497  -52.485  27.412 0.0000000000
43555  -10.386  -57.787  16.296 0.0000000000
46031  -11.714  -55.024  19.153 0.0000000000
46066  -8.697  -55.665  16.168 0.0000000000
40463  -6.722  -59.872  41.915 0.0000000000
29324  -6.763  -67.246  31.392 0.0000000000
34638  -6.149  -63.197  33.479 0.0000000000
31892  -6.491  -65.330  29.503 0.0000000000
33271  -6.633  -64.309  27.889 0.0000000000
29338  -6.517  -67.662  26.778 0.0000000000
52279  -40.073  -49.610  27.947 0.0000000000
41983  -31.015  -57.129  35.851 0.0000000000
44581  -33.709  -56.172  35.180 0.0000000000
44642  -30.045  -56.691  31.729 0.0000000000
79006  -55.307  -26.930  14.646 0.0000000000
79015  -53.925  -27.311  12.993 0.0000000000
64023  -48.318  -38.734  17.675 0.0000000000
64064  -44.037  -38.771  14.661 0.0000000000
37691  -22.187  -60.295  26.953 0.0000000000
39099  -20.097  -60.233  29.267 0.0000000000
53414  -8.921  -50.049  27.749 0.0000000000
45927  -11.416  -55.998  27.362 0.0000000000
44697  -13.320  -55.588  25.013 0.0000000000
42147  -12.314  -58.323  22.762 0.0000000000
42202  -11.903  -59.532  18.889 0.0000000000
42222  -8.635  -59.598  15.776 0.0000000000
34603  -9.184  -61.839  39.936 0.0000000000
36083  -7.740  -61.681  39.608 0.0000000000
30580  -8.172  -64.065  35.963 0.0000000000
26550  -7.577  -66.767  31.864 0.0000000000
63981  -41.712  -39.882  21.308 0.0000000000
61726  -39.742  -42.360  20.999 0.0000000000
33251  -23.915  -61.343  30.578 0.0000000000
36174  -28.229  -60.067  32.584 0.0000000000
33270  -25.648  -60.987  29.253 0.0000000000
34710  -23.025  -61.432  27.528 0.0000000000
51008  -12.781  -51.150  32.256 0.0000000000
49727  -11.340  -52.395  34.182 0.0000000000
48434  -11.110  -54.475  30.506 0.0000000000
45916  -10.404  -56.376  29.042 0.0000000000
40599  -9.970  -59.380  27.067 0.0000000000
37698  -8.449  -62.173  24.874 0.0000000000
70817  -52.478  -34.925  15.301 0.0000000000
69602  -48.945  -35.021  14.188 0.0000000000
34605  -10.524  -61.797  40.280 0.0000000000
34632  -10.485  -62.682  35.606 0.0000000000
31888  -12.097  -65.013  31.152 0.0000000000
40564  -18.680  -59.616  31.174 0.0000000000
39071  -17.103  -59.958  33.268 0.0000000000
40516  -15.210  -60.090  35.326 0.0000000000
39070  -12.780  -60.079  32.830 0.0000000000
34675  -12.969  -63.152  30.078 0.0000000000
55711  -11.417  -47.084  30.759 0.0000000000
53399  -11.599  -49.028  28.009 0.0000000000
51082  -10.264  -51.695  25.217 0.0000000000
47260  -13.255  -54.336  22.768 0.0000000000
48499  -11.250  -53.724  22.493 0.0000000000
48497  -8.981  -52.983  22.076 0.0000000000
44553  -6.795  -57.374  38.138 0.0000000000
39014  -6.741  -60.916  37.745 0.0000000000
40512  -5.759  -60.379  35.618 0.0000000000
42018  -6.462  -58.507  33.652 0.0000000000
39084  -7.529  -60.512  30.775 0.0000000000
34723  -7.405  -63.420  26.379 0.0000000000
33330  -7.593  -64.330  23.333 0.0000000000
23753  -7.113  -70.925  24.394 0.0000000000
26687  -7.856  -69.542  23.030 0.0000000000
30677  -10.050  -66.209  20.954 0.0000000000
49757  -38.474  -52.002  32.338 0.0000000000
49735  -38.575  -51.733  33.999 0.0000000000
48433  -36.968  -53.261  31.883 0.0000000000
49770  -38.175  -52.094  31.781 0.0000000000
47163  -36.518  -53.875  32.531 0.0000000000
45878  -36.005  -54.370  31.529 0.0000000000
48412  -37.168  -53.262  33.970 0.0000000000
45839  -36.115  -54.516  33.509 0.0000000000
73186  -53.492  -32.621  14.229 0.0000000000
72021  -51.238  -33.029  13.923 0.0000000000
73212  -50.226  -32.245  13.068 0.0000000000
74384  -51.972  -31.709  13.271 0.0000000000
74385  -52.706  -31.343  13.294 0.0000000000
67211  -42.905  -37.031  18.202 0.0000000000
68372  -44.720  -36.427  18.745 0.0000000000
67202  -43.578  -36.802  19.667 0.0000000000
66136  -40.446  -38.693  19.338 0.0000000000
66137  -41.221  -37.858  18.980 0.0000000000
67210  -42.071  -37.396  18.014 0.0000000000
37728  -8.683  -62.138  22.532 0.0000000000
39166  -9.839  -61.156  21.462 0.0000000000
36304  -9.901  -62.524  20.496 0.0000000000
36321  -10.418  -63.061  19.276 0.0000000000
34817  -9.839  -63.726  20.840 0.0000000000
27997  -11.206  -66.599  30.069 0.0000000000
26565  -10.420  -67.705  30.296 0.0000000000
54582  -41.386  -47.406  25.885 0.0000000000
54594  -40.336  -47.663  24.866 0.0000000000
57044  -41.310  -46.068  25.192 0.0000000000
58318  -41.354  -44.615  24.189 0.0000000000
81173  -55.422  -25.020  14.510 0.0000000000
82215  -55.423  -24.233  14.264 0.0000000000
83248  -57.233  -22.984  15.541 0.0000000000
45814  -8.034  -55.752  34.751 0.0000000000
45841  -8.165  -55.940  33.019 0.0000000000
45829  -7.461  -56.588  33.866 0.0000000000
65126  -49.086  -39.020  16.129 0.0000000000
66153  -50.401  -38.688  18.169 0.0000000000
62929  -46.940  -39.288  15.593 0.0000000000
62959  -46.310  -39.681  13.771 0.0000000000
65124  -47.827  -38.994  14.990 0.0000000000
65139  -48.113  -38.326  14.995 0.0000000000
37552  -14.729  -61.334  39.604 0.0000000000
37562  -14.964  -61.079  38.565 0.0000000000
36195  -21.720  -61.479  30.486 0.0000000000
36204  -20.399  -61.217  30.513 0.0000000000
51066  -7.576  -50.824  25.613 0.0000000000
49771  -12.982  -52.292  29.480 0.0000000000
51039  -13.494  -51.031  28.627 0.0000000000
49796  -13.195  -53.197  27.768 0.0000000000
42236  -8.433  -58.150  15.726 0.0000000000
44788  -9.504  -56.718  15.857 0.0000000000
44805  -7.811  -56.645  15.506 0.0000000000
40452  -7.191  -59.632  42.785 0.0000000000
38970  -6.979  -60.771  42.014 0.0000000000
28001  -6.885  -68.181  29.728 0.0000000000
30600  -6.673  -66.370  31.023 0.0000000000
29328  -6.635  -67.415  29.318 0.0000000000
30609  -6.215  -66.378  27.532 0.0000000000
28022  -6.783  -68.777  26.627 0.0000000000
52240  -39.819  -49.950  29.757 0.0000000000
52254  -39.448  -49.751  28.737 0.0000000000
52255  -40.517  -49.716  28.834 0.0000000000
53424  -41.274  -49.458  28.111 0.0000000000
44645  -33.306  -55.533  31.916 0.0000000000
43421  -33.092  -56.038  33.468 0.0000000000
44653  -30.529  -56.004  30.756 0.0000000000
44662  -28.902  -56.443  30.025 0.0000000000
78999  -55.102  -28.183  15.100 0.0000000000
77913  -53.918  -29.309  13.377 0.0000000000
77923  -53.528  -28.713  12.975 0.0000000000
77924  -54.318  -27.943  13.401 0.0000000000
80097  -55.026  -26.737  14.036 0.0000000000
65100  -47.061  -37.900  17.519 0.0000000000
66142  -48.636  -38.424  18.736 0.0000000000
67216  -48.127  -37.573  18.335 0.0000000000
66161  -44.721  -37.634  16.353 0.0000000000
65121  -42.958  -38.592  14.952 0.0000000000
65123  -44.950  -38.037  15.747 0.0000000000
64035  -45.889  -38.174  16.333 0.0000000000
54517  -8.447  -49.134  30.848 0.0000000000
53396  -8.345  -49.365  28.511 0.0000000000
54530  -8.957  -48.930  29.543 0.0000000000
43445  -11.455  -57.557  26.320 0.0000000000
43465  -12.062  -57.807  24.547 0.0000000000
42131  -11.783  -58.588  23.517 0.0000000000
39202  -10.445  -60.830  18.652 0.0000000000
40703  -11.428  -60.127  19.757 0.0000000000
40723  -10.516  -60.197  17.475 0.0000000000
40733  -9.937  -59.887  16.500 0.0000000000
40732  -9.438  -60.209  16.307 0.0000000000
37783  -9.030  -61.595  16.329 0.0000000000
33213  -8.808  -62.763  38.351 0.0000000000
33216  -7.988  -63.918  38.387 0.0000000000
31867  -8.317  -63.732  36.582 0.0000000000
25060  -9.139  -68.260  30.953 0.0000000000
26546  -8.553  -66.735  32.414 0.0000000000
25069  -8.241  -68.468  29.732 0.0000000000
25068  -7.518  -67.841  30.086 0.0000000000
63972  -41.844  -40.392  21.745 0.0000000000
61712  -41.108  -42.454  22.577 0.0000000000
60645  -39.811  -43.260  22.075 0.0000000000
61719  -41.129  -41.908  21.926 0.0000000000
63980  -41.151  -40.613  21.169 0.0000000000
37620  -25.645  -59.431  33.120 0.0000000000
36168  -23.965  -59.630  31.567 0.0000000000
34645  -25.795  -60.544  31.878 0.0000000000
40536  -30.954  -58.276  34.322 0.0000000000
39049  -30.056  -58.931  34.768 0.0000000000
37639  -28.939  -59.328  32.974 0.0000000000
34731  -26.469  -61.853  26.460 0.0000000000
34702  -26.443  -61.111  28.390 0.0000000000
36243  -25.527  -62.073  27.408 0.0000000000
33281  -24.349  -61.889  28.027 0.0000000000
34728  -24.408  -61.858  26.575 0.0000000000
34743  -23.850  -61.490  25.666 0.0000000000
48404  -10.631  -53.372  33.604 0.0000000000
48415  -11.264  -53.140  32.525 0.0000000000
48424  -11.021  -54.328  31.010 0.0000000000
47186  -10.766  -55.233  29.813 0.0000000000
47174  -10.389  -55.436  30.566 0.0000000000
42048  -8.389  -58.497  29.528 0.0000000000
43434  -9.143  -57.963  28.923 0.0000000000
39103  -9.472  -60.054  27.818 0.0000000000
37699  -9.197  -61.234  25.546 0.0000000000
37678  -9.083  -60.906  27.373 0.0000000000
69586  -51.827  -35.719  16.193 0.0000000000
69576  -53.181  -35.955  16.457 0.0000000000
69575  -52.433  -36.169  16.689 0.0000000000
68408  -49.075  -36.056  15.123 0.0000000000
69601  -48.116  -35.628  14.290 0.0000000000
69594  -49.233  -35.629  14.921 0.0000000000
70824  -50.330  -34.178  14.529 0.0000000000
34599  -11.467  -62.149  41.194 0.0000000000
39005  -11.377  -60.671  37.792 0.0000000000
36119  -10.709  -61.372  38.342 0.0000000000
36138  -10.829  -61.977  35.535 0.0000000000
33234  -10.955  -63.866  33.815 0.0000000000
34640  -11.673  -62.778  33.661 0.0000000000
42063  -19.357  -58.326  28.091 0.0000000000
40570  -19.388  -59.731  30.203 0.0000000000
42053  -18.498  -58.529  29.213 0.0000000000
42050  -15.256  -58.187  30.152 0.0000000000
42035  -16.785  -58.547  31.398 0.0000000000
40561  -15.855  -58.766  32.231 0.0000000000
40530  -16.163  -59.816  34.115 0.0000000000
40550  -14.443  -58.941  33.191 0.0000000000
40541  -13.573  -59.600  34.314 0.0000000000
40559  -13.546  -59.376  32.655 0.0000000000
34684  -13.384  -63.048  29.073 0.0000000000
56973  -12.552  -46.609  31.015 0.0000000000
53418  -13.084  -49.756  27.582 0.0000000000
53400  -12.628  -49.075  28.060 0.0000000000
52263  -11.731  -49.977  26.871 0.0000000000
52286  -11.114  -50.328  26.309 0.0000000000
51083  -11.358  -51.353  25.277 0.0000000000
44731  -13.609  -56.768  22.466 0.0000000000
45972  -13.729  -55.305  23.691 0.0000000000
46004  -13.677  -55.849  21.705 0.0000000000
46030  -10.703  -54.933  19.080 0.0000000000
47302  -11.197  -54.829  20.717 0.0000000000
47301  -10.273  -54.466  20.409 0.0000000000
48498  -10.150  -53.677  21.948 0.0000000000
48534  -9.295  -53.723  20.504 0.0000000000
48549  -7.995  -53.542  19.718 0.0000000000
43350  -6.253  -57.868  38.338 0.0000000000
34620  -7.596  -62.760  37.078 0.0000000000
36096  -7.350  -61.673  38.434 0.0000000000
36137  -7.180  -62.009  35.664 0.0000000000
36176  -5.776  -62.466  33.287 0.0000000000
37626  -5.656  -61.733  34.047 0.0000000000
39062  -5.728  -60.729  33.918 0.0000000000
40526  -6.308  -59.260  34.725 0.0000000000
39076  -5.781  -60.325  32.046 0.0000000000
40556  -6.130  -59.477  32.161 0.0000000000
37660  -6.354  -61.599  30.979 0.0000000000
31905  -6.244  -65.307  25.776 0.0000000000
34705  -7.104  -63.959  27.046 0.0000000000
33293  -6.333  -64.316  25.024 0.0000000000
34767  -6.852  -63.704  23.975 0.0000000000
30639  -7.085  -65.505  23.600 0.0000000000
22277  -7.438  -72.372  23.349 0.0000000000
25198  -7.446  -70.285  23.619 0.0000000000
52230  -39.967  -50.084  31.028 0.0000000000
48458  -35.564  -53.231  28.777 0.0000000000
51051  -36.246  -51.687  28.814 0.0000000000
49784  -37.063  -52.183  30.313 0.0000000000
51028  -39.190  -50.856  31.263 0.0000000000
44656  -33.852  -55.378  31.263 0.0000000000
45891  -34.866  -54.618  30.428 0.0000000000
45903  -35.331  -54.155  29.234 0.0000000000
44634  -35.015  -55.136  32.680 0.0000000000
75451  -54.321  -30.629  14.470 0.0000000000
74400  -49.840  -31.393  12.687 0.0000000000
76655  -50.878  -29.935  12.018 0.0000000000
77937  -50.940  -29.130  12.005 0.0000000000
75473  -52.272  -30.631  12.659 0.0000000000
76643  -52.963  -30.355  12.988 0.0000000000
67238  -45.043  -37.356  16.976 0.0000000000
68374  -46.655  -36.670  18.251 0.0000000000
68373  -45.630  -36.390  18.343 0.0000000000
69564  -45.787  -35.755  18.839 0.0000000000
62867  -39.288  -41.322  19.988 0.0000000000
64005  -38.875  -40.426  19.056 0.0000000000
65098  -39.524  -38.927  18.028 0.0000000000
65109  -39.876  -38.732  17.153 0.0000000000
65118  -40.233  -38.737  16.019 0.0000000000
66158  -41.530  -37.797  16.512 0.0000000000
67236  -43.502  -37.496  16.416 0.0000000000
40626  -10.581  -59.806  23.984 0.0000000000
39145  -10.814  -60.178  22.745 0.0000000000
39156  -9.897  -60.825  22.246 0.0000000000
39177  -10.066  -61.353  20.617 0.0000000000
37767  -10.105  -61.788  18.359 0.0000000000
37777  -9.746  -61.697  17.169 0.0000000000
36330  -10.133  -62.611  18.122 0.0000000000
34856  -10.346  -64.127  17.989 0.0000000000
30585  -9.989  -64.756  34.177 0.0000000000
29306  -9.207  -65.641  33.792 0.0000000000
27990  -9.954  -66.899  32.339 0.0000000000
61713  -42.034  -42.530  23.323 0.0000000000
52308  -39.719  -49.448  25.381 0.0000000000
51118  -38.873  -49.483  24.216 0.0000000000
53467  -39.734  -48.270  24.558 0.0000000000
54607  -39.719  -47.562  24.217 0.0000000000
57078  -39.066  -45.882  22.907 0.0000000000
58329  -40.276  -45.038  23.393 0.0000000000
59536  -40.870  -44.215  23.413 0.0000000000
40508  -28.684  -58.771  34.795 0.0000000000
40572  -28.111  -58.614  31.241 0.0000000000
39088  -27.703  -59.061  31.072 0.0000000000
40593  -27.471  -59.209  28.705 0.0000000000
36257  -27.530  -60.915  25.979 0.0000000000
82223  -54.413  -24.395  13.603 0.0000000000
83252  -54.909  -23.445  13.686 0.0000000000
85348  -56.054  -21.848  14.160 0.0000000000
86431  -56.531  -21.206  14.447 0.0000000000
48403  -9.965  -54.587  33.090 0.0000000000
45867  -9.742  -56.029  31.444 0.0000000000
45854  -8.448  -56.002  32.179 0.0000000000
44637  -7.505  -56.639  31.542 0.0000000000
42040  -7.825  -58.510  30.374 0.0000000000
67248  -50.219  -37.146  16.584 0.0000000000
67229  -50.883  -37.641  17.776 0.0000000000
64097  -45.103  -39.187  11.770 0.0000000000
66201  -45.601  -38.050  12.104 0.0000000000
67267  -46.079  -37.118  12.982 0.0000000000
66183  -47.181  -37.819  13.889 0.0000000000
67246  -48.796  -37.058  15.291 0.0000000000
36075  -12.911  -61.957  41.399 0.0000000000
37543  -13.614  -61.386  40.438 0.0000000000
37561  -13.032  -60.905  39.230 0.0000000000
39029  -12.513  -60.046  36.613 0.0000000000
40588  -15.264  -59.185  27.733 0.0000000000
39085  -13.529  -60.025  30.272 0.0000000000
53363  -13.609  -48.600  31.100 0.0000000000
54520  -13.387  -47.900  30.432 0.0000000000
52233  -13.525  -50.077  29.002 0.0000000000
52244  -13.465  -50.318  28.037 0.0000000000
51085  -13.351  -51.922  25.964 0.0000000000
44779  -12.315  -56.812  17.786 0.0000000000
46032  -12.698  -55.449  19.377 0.0000000000
44777  -10.877  -56.058  17.176 0.0000000000
46054  -10.228  -55.596  17.324 0.0000000000
46053  -9.162  -55.239  17.111 0.0000000000
41922  -7.603  -58.264  43.776 0.0000000000
41930  -7.234  -58.854  42.268 0.0000000000
41950  -6.886  -58.844  40.492 0.0000000000
30596  -6.665  -66.202  32.969 0.0000000000
33236  -6.965  -63.699  33.137 0.0000000000
31885  -6.542  -65.230  32.588 0.0000000000
33248  -6.205  -64.498  31.286 0.0000000000
34662  -5.994  -63.377  31.272 0.0000000000
34673  -6.482  -63.424  30.219 0.0000000000
33263  -6.555  -64.340  29.222 0.0000000000
30615  -6.282  -66.317  26.262 0.0000000000
29345  -6.599  -67.288  25.502 0.0000000000
51087  -37.218  -49.867  25.600 0.0000000000
52276  -36.757  -50.743  28.163 0.0000000000
51064  -37.881  -49.801  26.964 0.0000000000
51076  -38.905  -49.765  26.087 0.0000000000
53437  -40.205  -49.523  26.368 0.0000000000
53448  -41.137  -48.595  26.895 0.0000000000
42021  -31.238  -57.727  33.911 0.0000000000
44610  -34.271  -55.893  34.275 0.0000000000
43412  -32.548  -56.543  33.811 0.0000000000
43417  -29.596  -57.676  32.361 0.0000000000
42056  -28.096  -57.647  30.258 0.0000000000
79014  -52.803  -27.478  12.942 0.0000000000
80107  -54.293  -26.254  13.302 0.0000000000
80098  -55.339  -26.083  14.341 0.0000000000
62901  -48.519  -39.353  17.546 0.0000000000
62870  -49.121  -40.313  18.961 0.0000000000
65073  -48.688  -39.550  19.181 0.0000000000
65133  -41.299  -39.191  14.937 0.0000000000
62943  -44.771  -38.752  14.756 0.0000000000
62928  -46.125  -38.790  15.648 0.0000000000
36232  -21.980  -61.436  27.941 0.0000000000
37675  -20.695  -60.902  28.858 0.0000000000
39105  -21.041  -59.794  28.015 0.0000000000
40591  -20.656  -58.880  27.540 0.0000000000
53413  -7.912  -49.844  27.574 0.0000000000
52283  -7.948  -50.859  26.097 0.0000000000
47202  -11.839  -55.106  28.120 0.0000000000
47209  -12.951  -54.545  26.623 0.0000000000
44683  -12.349  -55.866  26.197 0.0000000000
44720  -12.872  -57.065  24.104 0.0000000000
42162  -13.180  -58.025  21.434 0.0000000000
40672  -11.527  -59.773  21.563 0.0000000000
42190  -11.992  -59.490  19.866 0.0000000000
42203  -12.470  -58.877  19.051 0.0000000000
42225  -10.960  -58.642  16.802 0.0000000000
34586  -7.333  -61.913  41.471 0.0000000000
33209  -8.146  -61.754  39.471 0.0000000000
33219  -7.761  -63.602  37.256 0.0000000000
31874  -7.840  -64.263  34.924 0.0000000000
29305  -8.757  -65.341  33.965 0.0000000000
27980  -8.097  -66.047  32.837 0.0000000000
30593  -7.297  -65.660  33.325 0.0000000000
27995  -6.955  -67.586  31.421 0.0000000000
26569  -7.281  -68.539  29.583 0.0000000000
25119  -7.440  -70.080  27.881 0.0000000000
65071  -42.257  -38.589  20.521 0.0000000000
66127  -42.930  -37.754  20.178 0.0000000000
65042  -43.196  -38.983  22.078 0.0000000000
52332  -37.744  -49.294  23.280 0.0000000000
61735  -39.143  -42.614  20.133 0.0000000000
65052  -41.358  -39.664  20.982 0.0000000000
34654  -22.623  -61.193  31.177 0.0000000000
34677  -22.462  -61.596  29.921 0.0000000000
43361  -30.140  -57.585  36.054 0.0000000000
39037  -29.040  -59.042  34.939 0.0000000000
36172  -27.301  -59.943  32.736 0.0000000000
36207  -27.230  -60.065  30.791 0.0000000000
34671  -27.111  -60.575  31.539 0.0000000000
34658  -26.255  -60.678  31.522 0.0000000000
33260  -24.630  -61.261  29.871 0.0000000000
33274  -23.508  -61.691  29.114 0.0000000000
34697  -22.261  -61.616  28.239 0.0000000000
36242  -22.721  -61.194  26.788 0.0000000000
87614  -56.598  -19.777  14.454 0.0000000000
88796  -57.867  -19.056  14.622 0.0000000000
89936  -58.877  -18.017  13.824 0.0000000000
51009  -13.212  -50.755  31.622 0.0000000000
49760  -12.293  -52.461  30.739 0.0000000000
51000  -12.394  -51.236  33.244 0.0000000000
49749  -11.760  -52.704  31.749 0.0000000000
48447  -11.796  -54.126  29.563 0.0000000000
47195  -11.484  -55.099  28.812 0.0000000000
44675  -10.864  -56.659  28.217 0.0000000000
43444  -10.700  -57.796  27.292 0.0000000000
44659  -9.308  -56.645  29.875 0.0000000000
43437  -10.178  -57.942  27.976 0.0000000000
40600  -10.318  -59.162  26.570 0.0000000000
39133  -9.591  -60.687  25.130 0.0000000000
37708  -9.190  -61.420  24.182 0.0000000000
36282  -8.279  -62.795  22.784 0.0000000000
72001  -52.953  -34.506  14.795 0.0000000000
68425  -46.703  -36.180  13.032 0.0000000000
70833  -47.551  -35.123  13.667 0.0000000000
70851  -48.497  -33.827  13.306 0.0000000000
70835  -49.400  -34.200  13.744 0.0000000000
72008  -50.871  -33.425  14.176 0.0000000000
34604  -9.846  -62.012  40.067 0.0000000000
34616  -9.605  -62.242  38.380 0.0000000000
34613  -10.855  -61.585  39.732 0.0000000000
36108  -9.960  -61.932  38.139 0.0000000000
34623  -9.776  -62.978  36.110 0.0000000000
30595  -11.267  -65.602  32.366 0.0000000000
37669  -19.766  -60.852  30.087 0.0000000000
37663  -19.240  -60.571  30.940 0.0000000000
39073  -18.564  -60.107  32.138 0.0000000000
42044  -17.656  -58.495  30.373 0.0000000000
40553  -17.568  -59.440  32.306 0.0000000000
39066  -17.593  -60.294  33.626 0.0000000000
39045  -17.281  -60.566  35.314 0.0000000000
39032  -16.247  -61.008  36.276 0.0000000000
37587  -15.639  -61.235  37.443 0.0000000000
39030  -14.684  -60.164  37.122 0.0000000000
39042  -12.794  -59.928  35.610 0.0000000000
39063  -12.135  -60.629  34.234 0.0000000000
37655  -13.143  -61.075  30.584 0.0000000000
36189  -12.876  -62.050  30.955 0.0000000000
36177  -12.234  -62.153  32.603 0.0000000000
34674  -12.515  -63.850  30.654 0.0000000000
55710  -10.540  -47.612  30.645 0.0000000000
55727  -12.268  -47.573  30.033 0.0000000000
54532  -11.330  -48.297  29.242 0.0000000000
54531  -10.160  -48.289  29.621 0.0000000000
53415  -10.107  -49.830  27.378 0.0000000000
52285  -10.069  -50.660  26.484 0.0000000000
51081  -9.112  -51.637  24.989 0.0000000000
47210  -13.331  -54.135  26.198 0.0000000000
48469  -13.355  -53.465  25.224 0.0000000000
48474  -12.770  -53.171  24.095 0.0000000000
47303  -12.355  -54.739  20.824 0.0000000000
48500  -12.291  -53.731  22.832 0.0000000000
49825  -12.020  -52.827  23.833 0.0000000000
49824  -10.963  -52.670  23.653 0.0000000000
49823  -9.825  -52.672  23.479 0.0000000000
49821  -7.938  -52.403  23.156 0.0000000000
48514  -7.854  -52.767  21.644 0.0000000000
37534  -6.854  -61.375  40.873 0.0000000000
38998  -7.135  -60.293  39.537 0.0000000000
40490  -6.568  -59.565  39.135 0.0000000000
37596  -6.306  -61.775  35.656 0.0000000000
40501  -5.838  -60.650  36.392 0.0000000000
41972  -5.941  -58.745  37.268 0.0000000000
41973  -6.255  -58.081  36.822 0.0000000000
41997  -6.874  -58.188  35.479 0.0000000000
43396  -7.065  -57.485  34.128 0.0000000000
44622  -5.849  -57.384  32.788 0.0000000000
42026  -7.411  -59.054  31.649 0.0000000000
39089  -7.993  -60.366  29.815 0.0000000000
36210  -7.298  -62.388  30.056 0.0000000000
36228  -7.994  -62.322  28.144 0.0000000000
37677  -8.536  -61.400  27.812 0.0000000000
36252  -7.560  -62.977  25.390 0.0000000000
36270  -7.207  -63.143  23.841 0.0000000000
33332  -8.629  -64.410  22.228 0.0000000000
23726  -7.273  -70.917  26.736 0.0000000000
22257  -7.106  -71.560  25.291 0.0000000000
25166  -7.018  -70.241  26.397 0.0000000000
26660  -6.776  -69.267  25.009 0.0000000000
26677  -6.921  -68.869  24.254 0.0000000000
28070  -7.199  -68.013  23.840 0.0000000000
26696  -8.338  -69.182  22.290 0.0000000000
29375  -7.668  -66.680  23.203 0.0000000000
30660  -7.930  -65.913  23.033 0.0000000000
31956  -8.647  -65.308  22.293 0.0000000000
31968  -9.689  -65.290  21.200 0.0000000000
31981  -10.601  -65.362  19.463 0.0000000000
30708  -10.284  -66.437  18.115 0.0000000000
49746  -37.921  -52.425  32.855 0.0000000000
49747  -38.431  -51.952  33.143 0.0000000000
49734  -37.852  -52.512  33.599 0.0000000000
49756  -37.734  -52.596  32.179 0.0000000000
49724  -37.814  -52.473  34.618 0.0000000000
72011  -54.197  -33.350  14.689 0.0000000000
73184  -51.968  -32.916  13.995 0.0000000000
73193  -51.633  -32.581  13.731 0.0000000000
73194  -52.564  -32.157  13.753 0.0000000000
66139  -43.039  -37.086  19.116 0.0000000000
66126  -41.871  -38.121  19.963 0.0000000000
36291  -8.664  -62.688  22.010 0.0000000000
36292  -9.239  -62.569  21.283 0.0000000000
34816  -9.281  -63.384  21.236 0.0000000000
34833  -10.056  -63.099  20.483 0.0000000000
28003  -11.245  -66.973  28.869 0.0000000000
55765  -41.380  -46.792  25.577 0.0000000000
45800  -8.178  -55.533  35.764 0.0000000000
45830  -7.823  -56.053  33.871 0.0000000000
45813  -7.619  -56.360  34.584 0.0000000000
66152  -49.888  -38.807  17.542 0.0000000000
64024  -49.236  -39.590  17.522 0.0000000000
62930  -47.867  -39.389  15.874 0.0000000000
64050  -47.533  -39.156  15.129 0.0000000000
64051  -48.383  -39.284  15.784 0.0000000000
65125  -48.231  -38.902  15.281 0.0000000000
36101  -15.851  -61.757  39.384 0.0000000000
37553  -15.449  -61.585  39.370 0.0000000000
37563  -15.609  -61.536  38.747 0.0000000000
36205  -21.443  -61.597  30.034 0.0000000000
36194  -21.129  -61.374  30.861 0.0000000000
36215  -20.642  -61.399  29.763 0.0000000000
51079  -7.336  -50.975  25.082 0.0000000000
49785  -13.102  -52.896  28.412 0.0000000000
43571  -7.705  -57.612  15.432 0.0000000000
37530  -8.011  -60.589  42.339 0.0000000000
28004  -6.872  -68.373  28.801 0.0000000000
29333  -6.542  -67.520  28.150 0.0000000000
28013  -6.967  -68.696  27.648 0.0000000000
52241  -40.860  -49.710  29.734 0.0000000000
52256  -41.476  -49.609  28.892 0.0000000000
45873  -32.674  -55.428  31.361 0.0000000000
44644  -32.216  -55.769  31.827 0.0000000000
44654  -31.601  -55.714  30.989 0.0000000000
77908  -54.792  -28.818  14.783 0.0000000000
77914  -54.340  -28.861  13.813 0.0000000000
79005  -54.827  -27.720  14.377 0.0000000000
66140  -47.095  -38.009  17.792 0.0000000000
67215  -47.063  -37.554  17.834 0.0000000000
66162  -45.191  -37.665  16.500 0.0000000000
66172  -44.892  -37.843  16.057 0.0000000000
66150  -46.272  -37.762  17.034 0.0000000000
65099  -46.537  -37.888  17.204 0.0000000000
54496  -8.873  -48.259  31.902 0.0000000000
54518  -8.994  -48.684  30.440 0.0000000000
53375  -8.662  -49.151  30.072 0.0000000000
42098  -11.336  -58.470  25.428 0.0000000000
42113  -11.357  -58.763  24.389 0.0000000000
39210  -10.277  -60.752  17.801 0.0000000000
40714  -10.783  -60.502  18.692 0.0000000000
40722  -10.126  -60.488  16.981 0.0000000000
39218  -9.255  -60.910  16.428 0.0000000000
31859  -8.719  -63.274  37.444 0.0000000000
31862  -8.412  -63.532  36.945 0.0000000000
30572  -9.211  -63.957  36.906 0.0000000000
25070  -8.820  -68.728  30.348 0.0000000000
62850  -42.158  -40.849  22.394 0.0000000000
62851  -42.731  -40.725  22.894 0.0000000000
62839  -42.420  -41.323  23.147 0.0000000000
51099  -37.250  -50.010  24.892 0.0000000000
62849  -41.427  -41.164  21.632 0.0000000000
39047  -27.176  -59.350  34.124 0.0000000000
37635  -25.901  -59.972  32.855 0.0000000000
36170  -26.183  -60.252  32.570 0.0000000000
40545  -30.445  -58.387  33.716 0.0000000000
39061  -30.004  -58.813  33.951 0.0000000000
39074  -28.952  -58.986  32.650 0.0000000000
34747  -26.240  -62.024  25.518 0.0000000000
34730  -25.910  -62.063  26.402 0.0000000000
34729  -25.233  -62.007  26.722 0.0000000000
34745  -25.031  -61.887  25.653 0.0000000000
34744  -24.297  -61.632  25.615 0.0000000000
34759  -25.172  -61.578  24.802 0.0000000000
48414  -10.652  -54.175  32.097 0.0000000000
47165  -10.539  -54.852  31.145 0.0000000000
47164  -10.238  -55.486  31.261 0.0000000000
40580  -8.710  -59.196  28.989 0.0000000000
40581  -9.177  -59.161  28.440 0.0000000000
39102  -9.073  -60.494  28.138 0.0000000000
68400  -49.399  -36.296  15.463 0.0000000000
69584  -49.626  -35.845  15.323 0.0000000000
69585  -50.281  -35.652  15.530 0.0000000000
39040  -11.390  -60.775  36.145 0.0000000000
37586  -10.755  -61.386  36.474 0.0000000000
37599  -11.175  -61.154  35.899 0.0000000000
36139  -11.383  -62.247  34.805 0.0000000000
36151  -11.793  -62.229  34.076 0.0000000000
42054  -19.198  -58.625  28.816 0.0000000000
42062  -18.465  -58.127  28.247 0.0000000000
42049  -14.807  -58.605  30.727 0.0000000000
42041  -15.048  -58.676  31.324 0.0000000000
42033  -15.310  -58.670  31.783 0.0000000000
40551  -15.590  -59.020  32.916 0.0000000000
40560  -14.348  -58.843  31.957 0.0000000000
56974  -13.143  -46.687  31.264 0.0000000000
51068  -12.921  -50.959  26.165 0.0000000000
52264  -12.629  -50.186  26.993 0.0000000000
52287  -12.276  -50.592  26.284 0.0000000000
52305  -11.642  -50.867  25.760 0.0000000000
51096  -11.806  -51.718  24.932 0.0000000000
44740  -13.683  -56.777  21.357 0.0000000000
46020  -13.674  -55.885  20.711 0.0000000000
47342  -9.825  -54.694  18.892 0.0000000000
47323  -10.050  -54.577  19.704 0.0000000000
47278  -9.734  -53.977  20.640 0.0000000000
47322  -9.299  -54.189  19.461 0.0000000000
47321  -8.594  -53.905  19.290 0.0000000000
47340  -8.253  -54.242  18.429 0.0000000000
43342  -6.100  -57.617  39.381 0.0000000000
33228  -7.521  -63.541  35.159 0.0000000000
34624  -7.497  -62.680  36.283 0.0000000000
34631  -7.353  -62.678  35.541 0.0000000000
36187  -5.683  -62.304  32.416 0.0000000000
37641  -5.678  -61.508  33.133 0.0000000000
37651  -5.646  -61.328  32.202 0.0000000000
39069  -5.742  -60.472  32.945 0.0000000000
37652  -5.815  -61.210  31.290 0.0000000000
31912  -6.232  -64.665  25.365 0.0000000000
31913  -6.362  -65.120  24.928 0.0000000000
31922  -6.537  -64.647  24.428 0.0000000000
20768  -7.665  -73.418  21.929 0.0000000000
20754  -7.523  -73.389  23.009 0.0000000000
22289  -7.729  -72.386  22.405 0.0000000000
52219  -40.105  -50.447  32.188 0.0000000000
48456  -35.921  -53.249  29.513 0.0000000000
49783  -36.515  -52.557  29.834 0.0000000000
49768  -36.789  -52.556  30.490 0.0000000000
51016  -38.633  -51.782  31.855 0.0000000000
51027  -38.417  -51.397  31.284 0.0000000000
45875  -34.467  -55.209  31.594 0.0000000000
45890  -34.231  -55.033  30.708 0.0000000000
45876  -34.778  -54.923  31.436 0.0000000000
48432  -36.479  -53.494  31.275 0.0000000000
45892  -35.432  -54.327  30.141 0.0000000000
47184  -35.777  -53.857  29.842 0.0000000000
47193  -35.525  -53.792  29.053 0.0000000000
45852  -36.081  -54.501  32.862 0.0000000000
45851  -35.538  -54.954  33.109 0.0000000000
44647  -34.661  -55.199  32.188 0.0000000000
75450  -53.787  -30.880  14.037 0.0000000000
74378  -54.756  -31.682  14.867 0.0000000000
70852  -49.235  -33.485  13.224 0.0000000000
72038  -48.821  -33.068  12.900 0.0000000000
72039  -49.591  -32.927  13.000 0.0000000000
74401  -50.745  -31.260  12.705 0.0000000000
75471  -50.380  -30.496  12.334 0.0000000000
75472  -51.275  -30.557  12.277 0.0000000000
74386  -53.290  -31.411  13.701 0.0000000000
75457  -52.854  -30.819  13.037 0.0000000000
75458  -53.361  -30.843  13.495 0.0000000000
75459  -53.817  -30.399  13.801 0.0000000000
68385  -45.429  -36.882  17.774 0.0000000000
68384  -44.965  -36.656  18.111 0.0000000000
68371  -44.221  -36.524  19.323 0.0000000000
68362  -45.252  -35.928  18.960 0.0000000000
63990  -39.547  -40.289  19.652 0.0000000000
65086  -39.750  -39.208  18.925 0.0000000000
65108  -39.272  -39.301  17.487 0.0000000000
66157  -40.649  -38.193  16.864 0.0000000000
66149  -41.228  -37.693  17.584 0.0000000000
67225  -43.680  -37.117  17.412 0.0000000000
67224  -42.780  -37.196  17.227 0.0000000000
67237  -44.440  -37.462  16.658 0.0000000000
37709  -9.631  -60.781  23.669 0.0000000000
39144  -10.261  -60.335  23.198 0.0000000000
37745  -9.833  -61.889  20.555 0.0000000000
39190  -10.293  -61.342  19.623 0.0000000000
36320  -10.262  -62.606  19.423 0.0000000000
34843  -10.437  -63.460  18.711 0.0000000000
33369  -9.856  -64.543  17.219 0.0000000000
33370  -10.401  -64.855  17.944 0.0000000000
29313  -10.119  -65.944  33.513 0.0000000000
27979  -10.005  -65.951  33.603 0.0000000000
27991  -10.345  -66.537  32.510 0.0000000000
60630  -42.511  -43.327  23.799 0.0000000000
53450  -40.062  -49.400  25.527 0.0000000000
52312  -39.927  -49.124  25.232 0.0000000000
53455  -40.038  -48.639  25.099 0.0000000000
55779  -40.374  -46.756  24.384 0.0000000000
55789  -39.716  -46.558  23.743 0.0000000000
57079  -39.682  -45.751  23.362 0.0000000000
57066  -40.244  -45.649  23.634 0.0000000000
59537  -41.396  -44.299  23.854 0.0000000000
40520  -28.307  -58.508  34.810 0.0000000000
41990  -28.902  -58.423  35.079 0.0000000000
40578  -27.694  -58.313  30.244 0.0000000000
40586  -27.493  -58.752  29.214 0.0000000000
81182  -54.594  -25.353  13.617 0.0000000000
83253  -55.551  -23.410  14.066 0.0000000000
84286  -55.467  -22.633  13.888 0.0000000000
84288  -56.735  -22.486  14.781 0.0000000000
47146  -9.184  -55.428  33.020 0.0000000000
45855  -9.215  -55.926  32.160 0.0000000000
45842  -8.729  -55.813  32.693 0.0000000000
44624  -7.052  -56.738  32.453 0.0000000000
44649  -7.244  -57.150  31.196 0.0000000000
43428  -7.522  -57.660  30.722 0.0000000000
43425  -7.006  -57.645  31.492 0.0000000000
67247  -49.550  -37.258  16.130 0.0000000000
67240  -50.736  -37.146  17.044 0.0000000000
66164  -50.324  -37.944  17.373 0.0000000000
62967  -44.680  -39.615  12.986 0.0000000000
64074  -46.508  -39.312  13.578 0.0000000000
62968  -45.727  -39.657  13.199 0.0000000000
64081  -46.018  -39.298  12.785 0.0000000000
65151  -46.269  -38.522  13.034 0.0000000000
66182  -46.505  -37.784  13.404 0.0000000000
65144  -46.517  -38.286  13.408 0.0000000000
66173  -48.676  -38.048  15.700 0.0000000000
66178  -48.265  -37.732  15.005 0.0000000000
37536  -14.390  -61.707  41.095 0.0000000000
39008  -14.308  -60.697  38.982 0.0000000000
38999  -13.636  -60.763  39.262 0.0000000000
39007  -13.306  -60.528  38.683 0.0000000000
39006  -12.155  -60.399  38.261 0.0000000000
40582  -14.861  -59.078  28.585 0.0000000000
39098  -14.260  -60.039  28.149 0.0000000000
52222  -13.539  -49.706  30.191 0.0000000000
49786  -13.372  -51.933  28.444 0.0000000000
51053  -13.454  -51.291  27.705 0.0000000000
51069  -13.342  -51.442  26.587 0.0000000000
49800  -13.498  -52.446  26.396 0.0000000000
43556  -11.279  -57.604  16.868 0.0000000000
44778  -11.429  -56.607  17.236 0.0000000000
44790  -11.128  -56.907  16.927 0.0000000000
44806  -8.486  -56.397  15.694 0.0000000000
46067  -9.731  -55.828  16.495 0.0000000000
46065  -7.783  -55.386  16.193 0.0000000000
40451  -6.605  -60.251  42.349 0.0000000000
41936  -7.121  -58.855  41.380 0.0000000000
40475  -7.146  -59.632  41.024 0.0000000000
30598  -6.624  -66.328  32.055 0.0000000000
30603  -6.610  -66.385  29.936 0.0000000000
31889  -6.526  -65.378  30.616 0.0000000000
33255  -6.371  -64.357  30.335 0.0000000000
51098  -36.601  -50.303  25.159 0.0000000000
51086  -36.279  -50.346  25.869 0.0000000000
51052  -36.657  -51.234  29.041 0.0000000000
52275  -36.351  -51.154  28.393 0.0000000000
52252  -37.170  -50.704  28.883 0.0000000000
52278  -38.913  -49.792  27.509 0.0000000000
51065  -38.642  -49.774  26.625 0.0000000000
52297  -39.752  -49.710  26.776 0.0000000000
53439  -41.572  -48.895  27.691 0.0000000000
43379  -33.359  -56.349  35.610 0.0000000000
40524  -31.777  -56.970  34.527 0.0000000000
42016  -32.415  -56.712  34.315 0.0000000000
45827  -34.971  -55.120  34.786 0.0000000000
44611  -34.665  -55.612  34.066 0.0000000000
44630  -31.769  -56.447  32.512 0.0000000000
43420  -32.239  -56.604  33.228 0.0000000000
43419  -31.269  -57.071  33.010 0.0000000000
43427  -29.877  -57.243  32.229 0.0000000000
43426  -29.302  -57.382  31.814 0.0000000000
44641  -29.341  -56.920  31.394 0.0000000000
43432  -28.245  -56.971  29.680 0.0000000000
80093  -55.704  -26.560  15.097 0.0000000000
76656  -51.626  -29.593  12.107 0.0000000000
77921  -51.199  -28.513  12.266 0.0000000000
77922  -52.293  -28.586  12.562 0.0000000000
80106  -53.304  -26.344  13.134 0.0000000000
62883  -48.526  -39.131  17.842 0.0000000000
64008  -48.664  -39.956  18.736 0.0000000000
65072  -48.269  -39.325  19.203 0.0000000000
68377  -49.131  -37.197  19.153 0.0000000000
67204  -49.485  -37.574  19.704 0.0000000000
69566  -47.247  -36.162  18.688 0.0000000000
69567  -47.826  -36.363  18.786 0.0000000000
66168  -41.722  -38.192  15.753 0.0000000000
65119  -41.097  -38.637  15.454 0.0000000000
65120  -41.984  -38.692  15.182 0.0000000000
64047  -43.495  -38.782  14.670 0.0000000000
62942  -43.453  -39.127  14.286 0.0000000000
64065  -44.630  -38.573  14.964 0.0000000000
64022  -47.247  -38.263  17.138 0.0000000000
62916  -46.471  -38.395  16.467 0.0000000000
62899  -47.071  -38.732  16.872 0.0000000000
62917  -46.951  -39.061  16.496 0.0000000000
37690  -21.724  -60.436  27.718 0.0000000000
40603  -21.189  -58.887  26.817 0.0000000000
53384  -7.798  -48.855  29.014 0.0000000000
52260  -8.417  -50.390  26.950 0.0000000000
45919  -11.814  -55.411  27.588 0.0000000000
45928  -12.219  -55.481  26.834 0.0000000000
44682  -11.846  -56.485  26.457 0.0000000000
43476  -12.001  -58.006  23.980 0.0000000000
43466  -12.510  -57.278  24.570 0.0000000000
43487  -12.565  -57.918  22.964 0.0000000000
43488  -13.091  -57.559  22.776 0.0000000000
42161  -12.650  -58.404  21.843 0.0000000000
40671  -11.034  -60.328  21.475 0.0000000000
40657  -11.144  -60.047  22.290 0.0000000000
40715  -11.328  -60.074  18.746 0.0000000000
42215  -12.252  -58.989  18.379 0.0000000000
42214  -11.732  -59.034  17.671 0.0000000000
42224  -10.249  -59.104  16.391 0.0000000000
36340  -9.574  -62.478  16.857 0.0000000000
36348  -8.890  -62.320  16.120 0.0000000000
34595  -8.193  -62.147  40.917 0.0000000000
34602  -8.464  -61.768  39.926 0.0000000000
31865  -7.829  -64.173  37.510 0.0000000000
33215  -7.847  -63.512  38.300 0.0000000000
31871  -7.935  -64.123  35.882 0.0000000000
27976  -8.914  -66.178  33.362 0.0000000000
27982  -8.820  -66.583  32.961 0.0000000000
26551  -8.191  -66.861  31.830 0.0000000000
27987  -7.481  -66.562  32.599 0.0000000000
29315  -7.670  -65.902  33.075 0.0000000000
29318  -7.091  -66.785  33.074 0.0000000000
27992  -7.028  -67.015  32.124 0.0000000000
25081  -7.526  -68.909  29.027 0.0000000000
26563  -7.059  -68.174  30.399 0.0000000000
25098  -7.550  -69.536  28.900 0.0000000000
65053  -42.045  -39.275  20.938 0.0000000000
65054  -42.694  -38.678  21.141 0.0000000000
65041  -42.369  -39.553  21.620 0.0000000000
52319  -39.080  -49.312  24.017 0.0000000000
52318  -38.317  -49.433  23.752 0.0000000000
52333  -38.659  -49.105  23.622 0.0000000000
60654  -39.479  -42.976  21.323 0.0000000000
61736  -39.716  -41.879  20.362 0.0000000000
65070  -41.608  -38.900  20.587 0.0000000000
34656  -24.436  -60.656  30.994 0.0000000000
34643  -23.585  -60.398  31.419 0.0000000000
33250  -23.232  -61.334  30.799 0.0000000000
34666  -22.355  -61.417  30.601 0.0000000000
33258  -23.249  -61.467  30.289 0.0000000000
37610  -29.557  -59.187  34.105 0.0000000000
39038  -30.209  -59.083  34.990 0.0000000000
37609  -29.030  -59.429  34.215 0.0000000000
37608  -28.670  -59.436  34.189 0.0000000000
36160  -27.935  -59.777  33.310 0.0000000000
37670  -27.328  -59.584  29.961 0.0000000000
36208  -27.308  -59.841  30.497 0.0000000000
36226  -27.173  -60.308  29.401 0.0000000000
34689  -26.019  -61.035  28.949 0.0000000000
34691  -26.724  -60.462  29.742 0.0000000000
34679  -26.429  -60.446  30.224 0.0000000000
34670  -26.617  -60.537  31.122 0.0000000000
33254  -25.488  -60.599  29.912 0.0000000000
33253  -25.091  -60.684  30.116 0.0000000000
33261  -25.107  -61.008  29.678 0.0000000000
34711  -23.878  -61.708  27.681 0.0000000000
33275  -24.126  -61.788  28.629 0.0000000000
34698  -23.148  -61.637  28.446 0.0000000000
34709  -22.314  -61.420  27.670 0.0000000000
34726  -23.115  -61.332  26.667 0.0000000000
36265  -24.045  -61.222  25.103 0.0000000000
36264  -23.488  -61.156  25.521 0.0000000000
86422  -57.239  -20.845  14.901 0.0000000000
86421  -56.562  -20.362  14.506 0.0000000000
88805  -58.227  -18.311  13.861 0.0000000000
88797  -59.070  -18.733  14.969 0.0000000000
52202  -13.012  -50.501  33.008 0.0000000000
51018  -12.874  -51.467  31.277 0.0000000000
50999  -11.910  -51.681  33.851 0.0000000000
48425  -11.330  -53.531  31.457 0.0000000000
49759  -11.707  -53.086  31.046 0.0000000000
48435  -11.605  -53.781  30.311 0.0000000000
47187  -11.364  -54.707  29.601 0.0000000000
45905  -10.670  -55.823  29.292 0.0000000000
44680  -10.693  -57.369  27.887 0.0000000000
43438  -10.486  -57.563  27.962 0.0000000000
45893  -9.623  -56.346  30.437 0.0000000000
42058  -9.357  -58.542  28.452 0.0000000000
43435  -9.582  -57.959  28.471 0.0000000000
42066  -9.852  -58.624  27.937 0.0000000000
42080  -10.218  -58.665  27.324 0.0000000000
40611  -10.171  -59.711  26.171 0.0000000000
39122  -10.066  -60.147  25.470 0.0000000000
39121  -9.752  -60.288  26.182 0.0000000000
37707  -8.331  -62.292  23.830 0.0000000000
37718  -8.617  -61.990  23.181 0.0000000000
72000  -52.134  -34.085  14.909 0.0000000000
67194  -44.105  -37.206  20.526 0.0000000000
67259  -46.626  -36.974  13.409 0.0000000000
68424  -46.178  -36.336  12.666 0.0000000000
68413  -47.222  -36.317  13.499 0.0000000000
70834  -48.270  -34.648  13.797 0.0000000000
70850  -47.443  -34.399  13.177 0.0000000000
70816  -51.139  -34.574  15.441 0.0000000000
71999  -51.223  -33.769  14.812 0.0000000000
34598  -10.736  -61.913  41.172 0.0000000000
34611  -9.577  -62.162  39.056 0.0000000000
34612  -10.347  -61.926  39.471 0.0000000000
36087  -12.569  -61.721  40.749 0.0000000000
34607  -11.886  -61.838  40.681 0.0000000000
36086  -11.707  -61.468  40.268 0.0000000000
37572  -10.350  -61.657  37.323 0.0000000000
36109  -10.485  -61.658  38.601 0.0000000000
36128  -10.136  -62.074  36.893 0.0000000000
34625  -9.817  -62.401  36.971 0.0000000000
34627  -10.021  -62.839  35.909 0.0000000000
33226  -10.087  -63.685  35.395 0.0000000000
34628  -10.378  -63.278  35.409 0.0000000000
33239  -11.392  -64.250  32.932 0.0000000000
31879  -11.127  -64.752  33.226 0.0000000000
31886  -11.721  -64.922  31.883 0.0000000000
30599  -11.716  -65.556  30.811 0.0000000000
30601  -12.034  -65.520  29.899 0.0000000000
37674  -20.156  -60.973  29.496 0.0000000000
40569  -18.810  -59.395  30.533 0.0000000000
39086  -19.230  -60.310  30.867 0.0000000000
37656  -18.983  -60.397  31.665 0.0000000000
39082  -18.788  -60.012  31.540 0.0000000000
42052  -17.494  -58.133  29.452 0.0000000000
42051  -16.477  -57.936  29.816 0.0000000000
40562  -16.901  -58.812  32.103 0.0000000000
39072  -17.897  -59.934  32.789 0.0000000000
39056  -17.417  -60.454  34.430 0.0000000000
39065  -16.858  -60.141  33.895 0.0000000000
39054  -15.838  -60.335  35.181 0.0000000000
39044  -16.415  -60.609  35.553 0.0000000000
39043  -15.652  -60.586  35.816 0.0000000000
37588  -16.142  -61.389  37.018 0.0000000000
39031  -15.362  -60.674  36.838 0.0000000000
40505  -15.042  -60.288  35.959 0.0000000000
40527  -13.658  -59.673  35.122 0.0000000000
39053  -12.772  -60.048  34.643 0.0000000000
39064  -12.637  -60.201  33.712 0.0000000000
37666  -13.677  -61.253  29.032 0.0000000000
37662  -13.391  -61.128  29.818 0.0000000000
36190  -13.133  -62.065  30.247 0.0000000000
34664  -12.847  -62.616  30.589 0.0000000000
36178  -12.536  -62.120  31.776 0.0000000000
34663  -12.532  -63.157  31.209 0.0000000000
34652  -12.212  -63.005  32.268 0.0000000000
56951  -11.658  -46.224  31.510 0.0000000000
55694  -11.004  -46.773  31.343 0.0000000000
55693  -10.133  -47.233  31.546 0.0000000000
53387  -13.422  -49.037  29.287 0.0000000000
54534  -13.104  -48.052  29.605 0.0000000000
54546  -11.993  -48.567  28.627 0.0000000000
54545  -10.922  -48.725  28.751 0.0000000000
53398  -10.507  -49.167  28.074 0.0000000000
52304  -10.689  -51.027  25.814 0.0000000000
52303  -9.622  -51.169  25.764 0.0000000000
49804  -9.751  -51.986  24.875 0.0000000000
45940  -12.802  -55.311  26.095 0.0000000000
47216  -13.198  -54.636  25.992 0.0000000000
47241  -13.440  -54.385  23.976 0.0000000000
47225  -13.443  -54.283  24.864 0.0000000000
48475  -13.204  -53.654  24.420 0.0000000000
49814  -13.060  -52.906  24.779 0.0000000000
48488  -13.048  -53.771  23.623 0.0000000000
46019  -13.069  -55.149  20.208 0.0000000000
46018  -12.002  -54.874  20.000 0.0000000000
47280  -11.607  -54.470  21.423 0.0000000000
48486  -11.598  -53.259  23.186 0.0000000000
48485  -10.542  -53.188  22.904 0.0000000000
48484  -9.606  -53.057  22.720 0.0000000000
49822  -8.776  -52.567  23.121 0.0000000000
49835  -8.304  -52.612  22.608 0.0000000000
48496  -8.192  -52.738  22.047 0.0000000000
48515  -8.450  -53.199  21.328 0.0000000000
44554  -7.212  -56.900  37.280 0.0000000000
36074  -7.334  -61.732  40.590 0.0000000000
36063  -7.085  -61.531  41.306 0.0000000000
37547  -7.563  -61.517  39.379 0.0000000000
37558  -7.098  -61.305  38.146 0.0000000000
37548  -7.274  -61.104  39.013 0.0000000000
39004  -6.767  -60.440  38.490 0.0000000000
39003  -6.326  -60.414  37.713 0.0000000000
36135  -6.492  -62.509  34.694 0.0000000000
36150  -6.058  -62.754  34.304 0.0000000000
39051  -5.635  -61.049  34.842 0.0000000000
39039  -5.813  -61.210  35.631 0.0000000000
40494  -5.863  -60.143  37.140 0.0000000000
40502  -5.773  -59.717  36.369 0.0000000000
41986  -5.919  -58.984  36.201 0.0000000000
40540  -6.485  -58.956  34.149 0.0000000000
42004  -6.750  -58.536  34.568 0.0000000000
43381  -7.150  -57.384  35.171 0.0000000000
43395  -6.839  -57.955  33.925 0.0000000000
43410  -6.755  -57.507  33.546 0.0000000000
43409  -6.413  -57.764  33.358 0.0000000000
39078  -6.933  -60.492  31.479 0.0000000000
40557  -6.914  -59.535  32.071 0.0000000000
40558  -7.409  -59.639  31.416 0.0000000000
40566  -7.828  -59.523  30.577 0.0000000000
34682  -6.973  -63.362  29.209 0.0000000000
36209  -6.754  -62.798  30.282 0.0000000000
34706  -7.607  -63.202  27.485 0.0000000000
36237  -8.049  -62.602  26.890 0.0000000000
33321  -7.110  -64.159  23.519 0.0000000000
34784  -7.104  -63.659  23.572 0.0000000000
34799  -7.348  -63.876  23.370 0.0000000000
34786  -7.950  -63.380  23.093 0.0000000000
33331  -8.132  -64.386  22.940 0.0000000000
22207  -7.634  -71.299  26.937 0.0000000000
22258  -7.207  -72.257  24.450 0.0000000000
23737  -7.159  -70.908  25.879 0.0000000000
23752  -7.035  -70.754  25.152 0.0000000000
25183  -6.969  -70.139  25.516 0.0000000000
25189  -6.978  -70.123  24.724 0.0000000000
26661  -6.961  -69.531  24.314 0.0000000000
26678  -7.314  -69.267  23.752 0.0000000000
28071  -7.680  -68.567  23.399 0.0000000000
28091  -8.136  -68.397  23.058 0.0000000000
28108  -8.427  -67.852  22.682 0.0000000000
29392  -8.226  -66.804  22.966 0.0000000000
29393  -8.636  -67.018  22.401 0.0000000000
30662  -8.831  -66.157  22.107 0.0000000000
30663  -9.372  -66.204  21.558 0.0000000000
31957  -9.119  -65.346  21.844 0.0000000000
31969  -10.287  -65.289  20.405 0.0000000000
49758  -38.989  -51.592  32.712 0.0000000000
51006  -39.693  -50.953  32.822 0.0000000000
49748  -39.063  -51.496  33.354 0.0000000000
50996  -39.254  -51.274  34.066 0.0000000000
48446  -36.772  -53.059  31.233 0.0000000000
49769  -37.316  -52.413  31.167 0.0000000000
45864  -36.016  -54.447  32.099 0.0000000000
45877  -35.472  -54.614  31.384 0.0000000000
47173  -36.340  -53.961  31.727 0.0000000000
48402  -36.927  -53.239  34.903 0.0000000000
47153  -36.585  -53.907  33.390 0.0000000000
73187  -54.760  -32.638  14.813 0.0000000000
72020  -50.579  -32.921  13.603 0.0000000000
73192  -50.870  -32.382  13.442 0.0000000000
74383  -51.163  -31.845  13.208 0.0000000000
74403  -52.151  -31.250  12.928 0.0000000000
73195  -53.193  -31.839  13.829 0.0000000000
67212  -43.840  -36.688  18.499 0.0000000000
67213  -44.514  -36.658  18.208 0.0000000000
66124  -40.515  -38.920  19.798 0.0000000000
37729  -9.234  -61.498  22.335 0.0000000000
37737  -9.226  -61.907  21.629 0.0000000000
34834  -10.363  -63.488  19.943 0.0000000000
33354  -10.490  -64.395  19.701 0.0000000000
29322  -10.787  -66.580  31.178 0.0000000000
27994  -10.372  -67.032  31.571 0.0000000000
27996  -10.754  -67.003  30.474 0.0000000000
27999  -10.775  -67.402  29.591 0.0000000000
54589  -40.977  -47.964  25.843 0.0000000000
54595  -40.568  -48.051  25.400 0.0000000000
54588  -40.951  -47.461  25.426 0.0000000000
55774  -40.900  -46.812  24.989 0.0000000000
57054  -40.934  -46.030  24.593 0.0000000000
58312  -40.995  -45.199  24.396 0.0000000000
58313  -41.550  -44.783  24.505 0.0000000000
43377  -29.850  -57.078  35.985 0.0000000000
39106  -27.332  -59.181  27.607 0.0000000000
82224  -54.813  -24.667  13.968 0.0000000000
82216  -56.172  -24.016  14.743 0.0000000000
82210  -57.153  -23.753  15.715 0.0000000000
47133  -8.503  -55.535  33.838 0.0000000000
45840  -7.490  -56.420  33.148 0.0000000000
66174  -49.432  -38.170  16.326 0.0000000000
66163  -49.730  -38.557  17.073 0.0000000000
66143  -50.636  -39.036  18.903 0.0000000000
62958  -45.612  -39.696  13.870 0.0000000000
62945  -46.511  -39.480  14.551 0.0000000000
64066  -46.889  -39.243  14.240 0.0000000000
65138  -47.593  -38.798  14.677 0.0000000000
37544  -14.540  -61.634  40.579 0.0000000000
36089  -15.257  -61.822  40.135 0.0000000000
39018  -14.589  -60.576  37.919 0.0000000000
34641  -21.802  -61.129  31.661 0.0000000000
52282  -7.300  -50.435  25.789 0.0000000000
52258  -6.978  -49.742  26.301 0.0000000000
52300  -6.993  -50.481  25.192 0.0000000000
51030  -13.467  -51.030  29.641 0.0000000000
49772  -13.364  -51.575  29.039 0.0000000000
43554  -9.386  -58.046  15.803 0.0000000000
43572  -8.525  -57.251  15.591 0.0000000000
38981  -7.139  -60.573  42.552 0.0000000000
40462  -6.134  -60.369  42.118 0.0000000000
29326  -6.715  -67.342  30.377 0.0000000000
30606  -6.515  -66.379  28.771 0.0000000000
52239  -38.788  -50.230  29.702 0.0000000000
52253  -38.277  -50.049  28.766 0.0000000000
52298  -40.530  -49.500  27.702 0.0000000000
52280  -40.861  -49.669  28.275 0.0000000000
45913  -34.383  -54.469  28.677 0.0000000000
44633  -34.441  -55.464  32.980 0.0000000000
43422  -33.829  -55.761  33.547 0.0000000000
44632  -33.686  -55.607  32.857 0.0000000000
44643  -31.165  -56.223  31.718 0.0000000000
44652  -29.406  -56.532  30.759 0.0000000000
79000  -55.630  -27.615  15.394 0.0000000000
76658  -53.304  -29.383  12.900 0.0000000000
79016  -54.618  -27.009  13.517 0.0000000000
64006  -48.021  -38.356  17.886 0.0000000000
65088  -48.529  -38.893  18.438 0.0000000000
66141  -47.974  -38.293  17.968 0.0000000000
68376  -48.479  -36.722  18.872 0.0000000000
66171  -44.444  -37.754  15.971 0.0000000000
65122  -43.929  -38.304  15.175 0.0000000000
65136  -44.268  -38.457  15.052 0.0000000000
64049  -45.105  -38.314  15.437 0.0000000000
64021  -46.565  -37.884  16.971 0.0000000000
40618  -22.804  -59.840  25.458 0.0000000000
53385  -8.223  -49.251  29.481 0.0000000000
53386  -8.471  -49.262  29.878 0.0000000000
54543  -8.914  -49.040  28.875 0.0000000000
53397  -9.427  -49.370  28.246 0.0000000000
43446  -11.871  -57.090  26.079 0.0000000000
43454  -11.664  -57.890  25.608 0.0000000000
42114  -11.671  -58.290  24.490 0.0000000000
40702  -10.877  -60.560  19.687 0.0000000000
40724  -11.065  -59.943  17.921 0.0000000000
42213  -10.899  -59.440  17.215 0.0000000000
40731  -8.791  -60.243  15.871 0.0000000000
39217  -8.593  -60.765  15.722 0.0000000000
34610  -9.045  -62.114  38.977 0.0000000000
33212  -8.350  -62.783  38.490 0.0000000000
31857  -8.525  -63.344  38.158 0.0000000000
31866  -8.092  -64.080  37.054 0.0000000000
30575  -8.164  -63.914  36.083 0.0000000000
26553  -9.064  -67.457  31.832 0.0000000000
26547  -8.937  -67.013  32.497 0.0000000000
26552  -8.699  -67.268  31.826 0.0000000000
26558  -8.292  -67.336  31.316 0.0000000000
26557  -7.823  -67.154  31.218 0.0000000000
26556  -7.296  -67.493  31.175 0.0000000000
25082  -8.031  -69.074  29.068 0.0000000000
63973  -42.926  -40.111  22.497 0.0000000000
54620  -38.388  -47.669  23.146 0.0000000000
60637  -40.573  -42.908  22.607 0.0000000000
61718  -40.500  -42.401  22.023 0.0000000000
62848  -40.696  -41.738  21.347 0.0000000000
62858  -40.924  -41.246  21.170 0.0000000000
63971  -41.489  -40.737  21.483 0.0000000000
37634  -25.042  -59.240  32.008 0.0000000000
34644  -24.862  -60.083  31.311 0.0000000000
34667  -24.632  -60.810  30.649 0.0000000000
40511  -31.031  -57.979  35.444 0.0000000000
40510  -30.624  -58.377  35.561 0.0000000000
39050  -30.398  -58.757  34.481 0.0000000000
39060  -29.897  -58.936  34.260 0.0000000000
36162  -28.656  -59.671  33.024 0.0000000000
34717  -26.958  -60.797  28.038 0.0000000000
34704  -26.990  -60.589  29.103 0.0000000000
34715  -26.506  -61.537  27.423 0.0000000000
36234  -25.832  -61.982  27.606 0.0000000000
34700  -25.577  -61.947  28.304 0.0000000000
33276  -24.915  -61.927  28.854 0.0000000000
34712  -24.626  -61.948  27.505 0.0000000000
34727  -23.722  -61.616  26.562 0.0000000000
34758  -24.383  -61.338  24.961 0.0000000000
84294  -54.110  -22.573  12.978 0.0000000000
48405  -11.298  -52.803  33.312 0.0000000000
47176  -11.101  -54.684  30.162 0.0000000000
47175  -10.706  -54.903  30.442 0.0000000000
47185  -10.487  -55.427  30.099 0.0000000000
45904  -10.298  -56.171  29.546 0.0000000000
43431  -8.690  -57.919  29.343 0.0000000000
44665  -9.022  -57.643  29.258 0.0000000000
40587  -9.637  -59.258  27.864 0.0000000000
39111  -9.707  -59.935  27.154 0.0000000000
37687  -9.350  -60.713  26.726 0.0000000000
68407  -48.688  -36.322  14.869 0.0000000000
69593  -48.673  -35.850  14.703 0.0000000000
70823  -49.610  -34.825  14.443 0.0000000000
69595  -50.076  -34.906  15.065 0.0000000000
37559  -11.325  -60.914  38.528 0.0000000000
37549  -11.660  -61.047  39.285 0.0000000000
37573  -10.714  -61.235  37.561 0.0000000000
36129  -10.365  -62.086  36.171 0.0000000000
34633  -10.954  -63.030  35.094 0.0000000000
34637  -11.311  -63.131  34.278 0.0000000000
33237  -11.377  -63.456  33.564 0.0000000000
33244  -11.865  -64.020  32.137 0.0000000000
40583  -19.921  -59.190  28.716 0.0000000000
40577  -19.468  -59.397  29.521 0.0000000000
40576  -18.902  -59.159  29.882 0.0000000000
42043  -16.577  -58.236  30.681 0.0000000000
42042  -15.724  -58.364  31.025 0.0000000000
42034  -15.955  -58.499  31.685 0.0000000000
40544  -16.384  -59.559  33.484 0.0000000000
40543  -15.400  -59.236  33.900 0.0000000000
42006  -15.060  -59.531  34.582 0.0000000000
40528  -14.610  -59.612  34.778 0.0000000000
40542  -14.454  -59.192  34.088 0.0000000000
40549  -13.525  -59.487  33.472 0.0000000000
39079  -12.991  -59.935  31.936 0.0000000000
36211  -13.605  -62.241  28.724 0.0000000000
33272  -13.266  -64.118  28.477 0.0000000000
33264  -13.001  -63.919  29.236 0.0000000000
56972  -12.021  -46.620  30.827 0.0000000000
54547  -12.898  -48.617  28.791 0.0000000000
53417  -12.177  -49.571  27.466 0.0000000000
53428  -10.903  -49.773  26.809 0.0000000000
51095  -11.051  -51.786  24.803 0.0000000000
44721  -13.408  -56.561  23.623 0.0000000000
45954  -13.570  -55.090  24.588 0.0000000000
45990  -13.684  -55.630  22.689 0.0000000000
47282  -13.370  -55.081  21.977 0.0000000000
46017  -10.916  -54.978  19.935 0.0000000000
47279  -10.409  -54.157  21.244 0.0000000000
48517  -9.991  -53.793  21.385 0.0000000000
48516  -9.430  -53.620  21.142 0.0000000000
48533  -8.707  -53.608  20.418 0.0000000000
36106  -7.409  -62.589  38.053 0.0000000000
36095  -7.614  -62.007  38.657 0.0000000000
36107  -7.382  -62.127  37.803 0.0000000000
36116  -7.415  -62.165  36.847 0.0000000000
37584  -7.161  -61.721  36.442 0.0000000000
34648  -5.861  -63.393  32.411 0.0000000000
36163  -5.803  -62.491  34.056 0.0000000000
40525  -5.872  -60.080  34.751 0.0000000000
40513  -5.916  -59.523  35.555 0.0000000000
40539  -6.061  -59.521  33.736 0.0000000000
40546  -5.891  -59.530  32.727 0.0000000000
42024  -5.991  -58.707  32.579 0.0000000000
39077  -6.134  -60.221  31.484 0.0000000000
37661  -7.079  -61.449  30.941 0.0000000000
31898  -6.168  -65.090  26.871 0.0000000000
33279  -6.396  -64.337  26.617 0.0000000000
33288  -6.385  -64.259  26.004 0.0000000000
34722  -6.792  -63.908  26.044 0.0000000000
34739  -6.878  -63.688  25.161 0.0000000000
34752  -6.414  -64.160  24.793 0.0000000000
33298  -6.632  -64.144  24.170 0.0000000000
31943  -7.350  -64.897  23.547 0.0000000000
23772  -7.378  -71.317  23.563 0.0000000000
25209  -7.671  -70.597  23.011 0.0000000000
28110  -9.270  -67.881  21.489 0.0000000000
49799  -35.627  -52.441  28.176 0.0000000000
49795  -36.027  -52.620  29.080 0.0000000000
51037  -36.416  -52.175  29.342 0.0000000000
51026  -37.550  -51.468  30.519 0.0000000000
52228  -38.259  -50.775  30.477 0.0000000000
52229  -39.071  -50.516  30.632 0.0000000000
45874  -33.165  -55.308  31.126 0.0000000000
45889  -33.339  -55.171  30.448 0.0000000000
45900  -33.571  -54.878  29.548 0.0000000000
45901  -34.337  -54.652  29.554 0.0000000000
45902  -34.923  -54.404  29.390 0.0000000000
45915  -35.211  -54.030  28.722 0.0000000000
45828  -35.527  -54.849  34.420 0.0000000000
47144  -36.452  -54.197  34.343 0.0000000000
45838  -35.716  -54.792  33.868 0.0000000000
44621  -34.969  -55.307  33.124 0.0000000000
44646  -34.201  -55.475  32.042 0.0000000000
76638  -54.898  -29.863  15.202 0.0000000000
75470  -49.417  -30.470  12.556 0.0000000000
76672  -51.003  -29.543  11.969 0.0000000000
76644  -53.489  -29.806  13.223 0.0000000000
76645  -54.095  -29.778  13.816 0.0000000000
67227  -45.763  -37.363  17.295 0.0000000000
67228  -46.385  -37.478  17.617 0.0000000000
67214  -46.134  -37.051  17.829 0.0000000000
69565  -46.404  -35.946  18.653 0.0000000000
65085  -39.349  -39.853  19.100 0.0000000000
65097  -39.214  -39.623  18.395 0.0000000000
64034  -38.879  -39.528  16.950 0.0000000000
65117  -39.515  -39.098  16.638 0.0000000000
66167  -40.980  -38.201  16.035 0.0000000000
67223  -42.017  -37.408  17.031 0.0000000000
66160  -42.885  -37.732  15.981 0.0000000000
67245  -44.107  -37.587  16.223 0.0000000000
55692  -9.325  -47.790  31.816 0.0000000000
40627  -11.005  -59.253  24.280 0.0000000000
40642  -10.665  -59.960  23.474 0.0000000000
39157  -10.594  -60.438  22.215 0.0000000000
39167  -10.420  -60.693  21.421 0.0000000000
39178  -10.419  -60.873  20.585 0.0000000000
39191  -10.492  -60.925  19.661 0.0000000000
39201  -10.255  -61.238  18.558 0.0000000000
34855  -10.013  -63.367  17.570 0.0000000000
36331  -10.380  -62.872  18.897 0.0000000000
33385  -9.233  -64.836  16.488 0.0000000000
30578  -9.516  -64.291  35.093 0.0000000000
30583  -9.194  -64.665  34.724 0.0000000000
29301  -9.505  -65.102  34.087 0.0000000000
29307  -9.703  -65.646  33.710 0.0000000000
26549  -9.438  -66.934  32.472 0.0000000000
27993  -10.132  -67.184  31.794 0.0000000000
26555  -9.991  -67.135  32.002 0.0000000000
26560  -9.481  -67.816  31.340 0.0000000000
25061  -9.526  -68.316  30.655 0.0000000000
61700  -42.878  -42.654  23.833 0.0000000000
51090  -39.215  -49.624  25.423 0.0000000000
51101  -38.572  -49.675  24.927 0.0000000000
51102  -39.114  -49.533  24.929 0.0000000000
52311  -39.452  -49.243  24.839 0.0000000000
53466  -39.282  -48.547  23.907 0.0000000000
54606  -39.128  -47.653  23.603 0.0000000000
55788  -38.912  -46.961  23.394 0.0000000000
55802  -39.126  -46.345  23.299 0.0000000000
58328  -39.669  -45.116  23.034 0.0000000000
59544  -40.237  -44.517  23.078 0.0000000000
58317  -40.746  -44.920  23.905 0.0000000000
60638  -41.124  -43.266  23.130 0.0000000000
40519  -27.676  -58.973  34.441 0.0000000000
37606  -27.459  -59.374  34.085 0.0000000000
42047  -28.594  -58.481  31.753 0.0000000000
39083  -28.439  -59.149  31.746 0.0000000000
39094  -27.432  -59.208  30.167 0.0000000000
37676  -27.485  -59.759  29.001 0.0000000000
39117  -27.486  -59.790  27.155 0.0000000000
37693  -27.505  -60.045  27.046 0.0000000000
36245  -27.411  -60.583  27.156 0.0000000000
34733  -27.289  -61.129  26.895 0.0000000000
34748  -26.824  -61.742  25.591 0.0000000000
34761  -25.974  -62.050  24.618 0.0000000000
83261  -54.225  -23.485  13.285 0.0000000000
82214  -54.979  -24.031  13.978 0.0000000000
84285  -54.773  -22.608  13.433 0.0000000000
85347  -55.260  -21.705  13.798 0.0000000000
85349  -56.710  -21.818  14.596 0.0000000000
84280  -57.274  -22.329  15.315 0.0000000000
47154  -9.939  -55.398  32.148 0.0000000000
45866  -8.938  -56.312  31.463 0.0000000000
45865  -8.118  -56.222  31.674 0.0000000000
44650  -8.110  -56.933  30.500 0.0000000000
43429  -8.140  -57.755  29.953 0.0000000000
40573  -8.259  -59.350  29.709 0.0000000000
68401  -50.663  -36.503  16.397 0.0000000000
68393  -51.017  -36.715  16.851 0.0000000000
66154  -51.181  -37.969  18.382 0.0000000000
62981  -44.726  -39.343  12.208 0.0000000000
66189  -45.971  -37.915  12.593 0.0000000000
67260  -47.289  -37.199  13.744 0.0000000000
66177  -47.665  -37.998  14.439 0.0000000000
67253  -47.636  -37.513  14.112 0.0000000000
67254  -48.166  -37.241  14.508 0.0000000000
68399  -48.940  -36.547  15.231 0.0000000000
36066  -13.289  -62.048  41.870 0.0000000000
36088  -13.360  -61.690  41.025 0.0000000000
37542  -12.605  -61.255  40.150 0.0000000000
37551  -13.451  -61.034  39.723 0.0000000000
37550  -12.490  -60.993  39.554 0.0000000000
39016  -11.915  -60.296  37.339 0.0000000000
39041  -11.710  -60.475  35.796 0.0000000000
42084  -17.663  -58.237  26.573 0.0000000000
42069  -17.533  -58.072  27.514 0.0000000000
42068  -16.394  -58.321  27.811 0.0000000000
42067  -15.651  -58.490  28.402 0.0000000000
40575  -14.473  -58.928  29.321 0.0000000000
40574  -14.155  -59.024  30.096 0.0000000000
39090  -13.679  -60.000  29.395 0.0000000000
37672  -13.913  -60.940  28.450 0.0000000000
54497  -13.871  -47.708  31.865 0.0000000000
54508  -13.536  -47.696  31.106 0.0000000000
53376  -13.479  -48.629  30.080 0.0000000000
52265  -13.230  -50.590  27.222 0.0000000000
52288  -12.981  -50.680  26.594 0.0000000000
44767  -13.080  -57.032  18.400 0.0000000000
44757  -13.175  -56.365  19.044 0.0000000000
46044  -12.411  -55.860  18.460 0.0000000000
46043  -11.385  -55.306  18.348 0.0000000000
44789  -10.637  -56.585  16.683 0.0000000000
46055  -11.063  -55.696  17.635 0.0000000000
46042  -10.446  -55.169  18.233 0.0000000000
46041  -9.530  -54.970  18.032 0.0000000000
47358  -8.634  -54.705  17.806 0.0000000000
41926  -7.382  -58.615  43.128 0.0000000000
43328  -7.247  -58.034  42.579 0.0000000000
41929  -7.163  -57.963  41.749 0.0000000000
41935  -6.804  -58.009  40.798 0.0000000000
41962  -6.445  -58.936  39.713 0.0000000000
31881  -7.006  -65.134  33.177 0.0000000000
31876  -7.417  -64.093  33.758 0.0000000000
31880  -7.270  -64.298  33.344 0.0000000000
31884  -6.873  -64.526  32.928 0.0000000000
33240  -6.401  -64.135  32.796 0.0000000000
31887  -6.467  -65.401  31.635 0.0000000000
33241  -6.129  -64.490  32.126 0.0000000000
34661  -5.749  -62.837  31.906 0.0000000000
36199  -6.213  -62.381  30.892 0.0000000000
31894  -6.265  -65.270  28.289 0.0000000000
30624  -6.489  -66.106  25.155 0.0000000000
51088  -38.051  -49.681  25.445 0.0000000000
51063  -36.891  -50.383  27.330 0.0000000000
52277  -37.652  -50.150  27.915 0.0000000000
51074  -37.030  -49.955  26.429 0.0000000000
51075  -38.003  -49.585  26.151 0.0000000000
51089  -38.710  -49.669  25.422 0.0000000000
51077  -39.197  -49.801  26.026 0.0000000000
52306  -39.761  -49.710  25.911 0.0000000000
53447  -40.538  -49.111  26.333 0.0000000000
53438  -40.678  -49.248  27.163 0.0000000000
53452  -40.799  -48.505  26.164 0.0000000000
54583  -41.531  -47.835  26.441 0.0000000000
41984  -31.785  -56.590  35.889 0.0000000000
42014  -31.243  -57.781  34.168 0.0000000000
40555  -29.775  -58.381  33.199 0.0000000000
43394  -33.754  -56.216  34.670 0.0000000000
43414  -33.850  -55.961  33.924 0.0000000000
43413  -33.299  -56.190  33.909 0.0000000000
42023  -32.783  -56.514  34.084 0.0000000000
42022  -31.962  -56.794  34.018 0.0000000000
42029  -30.692  -57.846  33.302 0.0000000000
42028  -29.610  -58.020  32.666 0.0000000000
42046  -28.594  -58.004  31.451 0.0000000000
40571  -28.049  -58.168  30.855 0.0000000000
42065  -27.569  -58.047  29.305 0.0000000000
43433  -28.657  -56.974  30.367 0.0000000000
42055  -28.000  -57.389  29.782 0.0000000000
79013  -51.713  -27.573  12.661 0.0000000000
80104  -51.208  -26.757  12.500 0.0000000000
81181  -53.855  -25.342  13.313 0.0000000000
80108  -55.007  -26.053  13.639 0.0000000000
80109  -55.120  -25.611  14.085 0.0000000000
81170  -55.715  -25.568  15.018 0.0000000000
62919  -48.748  -39.463  17.116 0.0000000000
62902  -48.858  -40.054  18.076 0.0000000000
62884  -48.776  -40.057  18.102 0.0000000000
63982  -48.857  -39.875  19.542 0.0000000000
65089  -48.651  -39.046  19.018 0.0000000000
68375  -47.551  -36.847  18.441 0.0000000000
62957  -44.562  -39.436  13.864 0.0000000000
62927  -45.744  -38.409  15.848 0.0000000000
62918  -47.902  -39.307  16.591 0.0000000000
34696  -21.745  -61.554  28.348 0.0000000000
36222  -20.949  -61.459  29.033 0.0000000000
36231  -21.508  -61.354  28.412 0.0000000000
37681  -21.263  -60.639  28.342 0.0000000000
39100  -20.578  -60.031  28.626 0.0000000000
39114  -21.502  -59.574  27.371 0.0000000000
40584  -20.464  -59.274  28.236 0.0000000000
40590  -20.081  -58.631  28.040 0.0000000000
42071  -19.658  -58.190  27.170 0.0000000000
42085  -18.651  -57.990  26.254 0.0000000000
52259  -7.538  -50.209  26.711 0.0000000000
51080  -8.034  -51.442  25.110 0.0000000000
47196  -12.152  -54.465  28.492 0.0000000000
48457  -12.751  -53.735  28.082 0.0000000000
47203  -12.444  -54.650  27.555 0.0000000000
44696  -12.698  -56.227  25.488 0.0000000000
44695  -12.138  -56.834  25.918 0.0000000000
43456  -12.584  -56.930  25.047 0.0000000000
44709  -12.977  -56.712  24.586 0.0000000000
43478  -13.254  -57.164  23.141 0.0000000000
43498  -13.329  -57.653  21.922 0.0000000000
43507  -13.429  -57.602  21.006 0.0000000000
40643  -11.137  -59.662  23.290 0.0000000000
40644  -11.665  -59.217  22.969 0.0000000000
42160  -12.034  -59.143  21.691 0.0000000000
40687  -11.511  -60.033  20.695 0.0000000000
42175  -12.050  -59.372  20.799 0.0000000000
42176  -12.571  -58.756  20.952 0.0000000000
43516  -13.133  -58.276  19.703 0.0000000000
43527  -13.152  -58.030  19.151 0.0000000000
43541  -12.541  -58.114  18.167 0.0000000000
43540  -12.013  -57.650  17.376 0.0000000000
34601  -7.967  -61.704  40.014 0.0000000000
34608  -7.917  -62.241  38.834 0.0000000000
33210  -8.289  -61.894  39.096 0.0000000000
33211  -8.045  -62.096  39.014 0.0000000000
34614  -7.537  -62.951  38.144 0.0000000000
34619  -7.520  -63.046  37.584 0.0000000000
33224  -7.707  -63.679  35.990 0.0000000000
30582  -8.889  -64.460  35.012 0.0000000000
30581  -8.632  -64.395  35.085 0.0000000000
30588  -8.570  -64.807  34.441 0.0000000000
27981  -8.476  -66.343  32.852 0.0000000000
29312  -8.489  -65.893  33.265 0.0000000000
30587  -8.262  -64.573  34.695 0.0000000000
30591  -7.865  -65.032  33.839 0.0000000000
29321  -6.806  -67.092  32.348 0.0000000000
27998  -6.923  -68.009  30.601 0.0000000000
26576  -7.197  -68.747  29.173 0.0000000000
26586  -7.324  -69.210  28.430 0.0000000000
51107  -37.805  -49.808  24.145 0.0000000000
51116  -37.568  -49.865  23.583 0.0000000000
53482  -37.672  -48.572  22.870 0.0000000000
63991  -40.042  -40.702  20.344 0.0000000000
63979  -40.568  -40.740  20.754 0.0000000000
65051  -40.684  -40.097  20.710 0.0000000000
65069  -40.879  -39.263  20.673 0.0000000000
34642  -22.474  -60.822  31.646 0.0000000000
36206  -21.993  -61.544  30.243 0.0000000000
34676  -22.043  -61.779  29.437 0.0000000000
41981  -29.798  -58.044  35.848 0.0000000000
40509  -30.206  -58.500  35.624 0.0000000000
40500  -29.824  -58.550  35.574 0.0000000000
41980  -29.175  -58.322  35.466 0.0000000000
39036  -28.902  -58.856  34.966 0.0000000000
37607  -27.954  -59.346  34.156 0.0000000000
36158  -27.259  -59.560  33.328 0.0000000000
37659  -28.046  -59.564  31.468 0.0000000000
36186  -28.152  -59.928  31.731 0.0000000000
36197  -27.653  -60.055  31.331 0.0000000000
34692  -26.957  -60.298  30.171 0.0000000000
34681  -27.073  -60.316  30.961 0.0000000000
36184  -27.739  -60.466  32.002 0.0000000000
36183  -27.387  -60.457  32.267 0.0000000000
34647  -26.813  -60.201  32.536 0.0000000000
34646  -26.545  -60.544  32.294 0.0000000000
34657  -25.439  -60.449  31.103 0.0000000000
34668  -25.007  -60.531  30.565 0.0000000000
33252  -24.561  -61.044  30.373 0.0000000000
33268  -24.736  -61.626  29.381 0.0000000000
33267  -24.095  -61.645  29.500 0.0000000000
33266  -23.366  -61.580  29.694 0.0000000000
34687  -22.771  -61.676  29.233 0.0000000000
34686  -22.178  -61.846  28.854 0.0000000000
36223  -21.664  -61.719  28.698 0.0000000000
34708  -21.899  -61.575  28.157 0.0000000000
36241  -22.197  -61.126  27.326 0.0000000000
36254  -22.539  -60.946  26.662 0.0000000000
34742  -23.416  -61.423  25.993 0.0000000000
36255  -23.032  -61.188  26.106 0.0000000000
86430  -55.927  -20.892  14.090 0.0000000000
87620  -56.096  -19.571  13.994 0.0000000000
88795  -57.373  -19.191  14.526 0.0000000000
88804  -57.015  -18.915  14.156 0.0000000000
89940  -58.774  -17.842  13.224 0.0000000000
52212  -13.466  -49.817  31.586 0.0000000000
51029  -13.116  -51.648  30.398 0.0000000000
48436  -12.329  -53.039  29.936 0.0000000000
49738  -12.310  -51.625  32.563 0.0000000000
49737  -11.786  -52.168  32.898 0.0000000000
49750  -12.341  -51.962  31.917 0.0000000000
47188  -11.838  -54.411  29.134 0.0000000000
45918  -11.302  -55.710  28.178 0.0000000000
47194  -11.032  -55.371  29.311 0.0000000000
45906  -11.024  -55.691  28.852 0.0000000000
45926  -11.096  -56.317  28.005 0.0000000000
44681  -11.128  -56.950  27.577 0.0000000000
42082  -11.006  -58.234  26.382 0.0000000000
42097  -10.904  -58.683  26.002 0.0000000000
45880  -10.059  -56.035  30.757 0.0000000000
45894  -10.149  -56.051  30.088 0.0000000000
44667  -9.926  -56.630  29.262 0.0000000000
44666  -9.445  -57.322  29.031 0.0000000000
44673  -9.843  -57.554  28.492 0.0000000000
42081  -10.583  -58.595  26.659 0.0000000000
40612  -10.659  -59.373  25.412 0.0000000000
39134  -9.951  -60.354  24.406 0.0000000000
72010  -53.098  -33.663  14.545 0.0000000000
70826  -53.981  -33.922  14.874 0.0000000000
70825  -53.554  -34.338  14.876 0.0000000000
64009  -49.450  -39.979  18.669 0.0000000000
68360  -44.240  -36.602  20.049 0.0000000000
69634  -45.821  -35.846  12.446 0.0000000000
69616  -46.284  -35.687  12.638 0.0000000000
69600  -47.437  -35.649  13.625 0.0000000000
69617  -46.958  -35.601  12.976 0.0000000000
70849  -46.262  -35.000  12.709 0.0000000000
72037  -47.863  -33.235  13.118 0.0000000000
72019  -49.838  -33.351  13.400 0.0000000000
70836  -50.195  -33.643  13.851 0.0000000000
72009  -51.849  -33.278  14.241 0.0000000000
36084  -9.394  -62.020  39.463 0.0000000000
36097  -9.320  -62.118  39.132 0.0000000000
33214  -9.055  -62.785  38.062 0.0000000000
33217  -9.079  -62.926  37.500 0.0000000000
34600  -12.093  -62.100  41.065 0.0000000000
34606  -11.224  -61.730  40.501 0.0000000000
36099  -11.238  -61.317  39.601 0.0000000000
34621  -9.538  -62.480  37.453 0.0000000000
33222  -9.824  -63.121  36.168 0.0000000000
31870  -9.821  -64.029  35.318 0.0000000000
30586  -10.191  -64.823  33.970 0.0000000000
30592  -10.884  -65.381  33.161 0.0000000000
33230  -10.625  -63.843  34.446 0.0000000000
31882  -11.078  -65.063  33.114 0.0000000000
29317  -11.119  -66.048  32.046 0.0000000000
29320  -11.179  -66.106  31.365 0.0000000000
29325  -11.581  -66.203  29.686 0.0000000000
36221  -20.221  -61.141  29.733 0.0000000000
36214  -19.901  -60.965  30.294 0.0000000000
36213  -19.470  -60.838  30.809 0.0000000000
39093  -19.700  -60.431  29.985 0.0000000000
37668  -19.497  -60.701  30.562 0.0000000000
36202  -19.312  -60.661  31.222 0.0000000000
37630  -18.561  -60.587  33.771 0.0000000000
42061  -17.483  -57.956  28.505 0.0000000000
42045  -18.273  -58.740  29.885 0.0000000000
40568  -18.186  -59.012  31.004 0.0000000000
42036  -17.454  -58.637  31.056 0.0000000000
40563  -17.908  -59.189  31.668 0.0000000000
39081  -18.143  -59.615  32.141 0.0000000000
37644  -18.186  -60.347  33.383 0.0000000000
37629  -18.059  -60.576  34.177 0.0000000000
37613  -18.011  -60.676  35.075 0.0000000000
39055  -16.507  -60.262  34.712 0.0000000000
39033  -17.039  -60.789  36.025 0.0000000000
37577  -16.697  -61.565  37.336 0.0000000000
37575  -15.319  -61.199  38.013 0.0000000000
37574  -14.996  -61.002  38.136 0.0000000000
40496  -13.997  -59.835  37.169 0.0000000000
40515  -14.496  -59.832  35.567 0.0000000000
40514  -13.782  -59.718  35.833 0.0000000000
40495  -13.274  -59.942  36.962 0.0000000000
39052  -12.000  -60.552  34.944 0.0000000000
37612  -11.732  -61.385  34.450 0.0000000000
39080  -13.417  -59.992  31.103 0.0000000000
37654  -12.800  -61.048  31.375 0.0000000000
37643  -12.484  -61.115  32.331 0.0000000000
37627  -12.065  -61.291  33.658 0.0000000000
36164  -11.959  -62.146  33.318 0.0000000000
34651  -11.792  -62.825  32.990 0.0000000000
33249  -12.229  -64.267  31.293 0.0000000000
33257  -12.620  -64.184  30.103 0.0000000000
31891  -12.542  -64.716  29.598 0.0000000000
31890  -12.316  -64.952  30.397 0.0000000000
54507  -10.018  -47.745  30.994 0.0000000000
55713  -13.130  -47.188  30.809 0.0000000000
55728  -12.931  -47.525  30.244 0.0000000000
54533  -12.214  -48.036  29.271 0.0000000000
55726  -11.219  -47.799  29.940 0.0000000000
55725  -10.453  -47.869  30.146 0.0000000000
54544  -9.797  -48.845  28.824 0.0000000000
53427  -10.439  -50.123  26.744 0.0000000000
52262  -10.022  -50.300  26.951 0.0000000000
52261  -9.426  -50.369  27.012 0.0000000000
52284  -8.999  -50.679  26.277 0.0000000000
52302  -8.596  -51.123  25.620 0.0000000000
51093  -8.390  -51.884  24.423 0.0000000000
48459  -13.240  -53.639  27.134 0.0000000000
48460  -13.527  -52.988  26.771 0.0000000000
47217  -13.397  -54.149  25.635 0.0000000000
48464  -13.459  -53.393  26.167 0.0000000000
49806  -13.265  -52.526  25.560 0.0000000000
49805  -12.781  -52.286  25.043 0.0000000000
46033  -13.456  -56.034  19.802 0.0000000000
47304  -13.278  -55.103  21.134 0.0000000000
47281  -12.743  -54.537  21.654 0.0000000000
48501  -12.869  -53.752  23.134 0.0000000000
48487  -12.477  -53.421  23.456 0.0000000000
49813  -12.482  -52.524  24.463 0.0000000000
51097  -12.297  -52.003  24.841 0.0000000000
49812  -11.569  -52.203  24.382 0.0000000000
49811  -10.223  -52.227  24.434 0.0000000000
49803  -9.418  -51.979  24.554 0.0000000000
49810  -9.060  -52.141  23.980 0.0000000000
49809  -8.087  -52.308  23.817 0.0000000000
48495  -7.805  -52.590  22.141 0.0000000000
48532  -7.892  -53.202  20.796 0.0000000000
45788  -7.793  -56.088  36.544 0.0000000000
36064  -7.343  -61.489  41.786 0.0000000000
37528  -6.434  -61.450  41.672 0.0000000000
38989  -6.497  -60.732  41.483 0.0000000000
37539  -7.394  -61.227  40.191 0.0000000000
37540  -7.337  -60.774  39.866 0.0000000000
38996  -7.149  -60.454  40.601 0.0000000000
40486  -7.072  -59.577  40.080 0.0000000000
34630  -7.167  -62.945  34.595 0.0000000000
36136  -6.943  -62.131  35.119 0.0000000000
37583  -6.614  -61.405  36.338 0.0000000000
37611  -5.816  -62.002  34.819 0.0000000000
39025  -6.069  -61.316  36.269 0.0000000000
39013  -6.369  -60.989  37.046 0.0000000000
40489  -6.078  -59.663  38.129 0.0000000000
41961  -6.036  -58.638  38.868 0.0000000000
43351  -6.434  -57.744  37.360 0.0000000000
41996  -6.363  -58.824  35.517 0.0000000000
41987  -6.260  -58.373  36.289 0.0000000000
43367  -6.937  -57.766  36.415 0.0000000000
44568  -7.375  -56.833  36.013 0.0000000000
44584  -7.442  -56.734  35.132 0.0000000000
44602  -7.304  -56.944  34.373 0.0000000000
44614  -7.007  -57.046  33.371 0.0000000000
44623  -6.218  -56.938  32.630 0.0000000000
43416  -5.977  -57.922  32.438 0.0000000000
43424  -6.393  -57.764  32.030 0.0000000000
42039  -7.341  -58.197  31.082 0.0000000000
39095  -8.591  -60.253  28.885 0.0000000000
36200  -6.764  -62.174  30.732 0.0000000000
34693  -7.220  -63.629  28.044 0.0000000000
36219  -7.762  -62.236  29.210 0.0000000000
37665  -7.687  -61.403  30.015 0.0000000000
37671  -8.065  -61.302  28.956 0.0000000000
37686  -8.646  -61.778  26.344 0.0000000000
36260  -7.044  -63.361  24.478 0.0000000000
36261  -7.666  -62.763  24.223 0.0000000000
36281  -7.676  -63.166  23.351 0.0000000000
34801  -8.364  -63.549  22.499 0.0000000000
34815  -8.752  -63.703  21.888 0.0000000000
25143  -7.083  -70.196  27.192 0.0000000000
22235  -7.505  -72.482  25.538 0.0000000000
22234  -7.351  -71.621  26.170 0.0000000000
26617  -6.920  -69.549  26.952 0.0000000000
28032  -6.720  -68.444  25.764 0.0000000000
28049  -6.824  -68.156  24.754 0.0000000000
29353  -6.822  -66.970  24.429 0.0000000000
25223  -8.009  -70.411  22.401 0.0000000000
28090  -7.651  -67.603  23.369 0.0000000000
29362  -7.121  -66.600  23.526 0.0000000000
30649  -7.427  -65.780  23.277 0.0000000000
31954  -7.827  -65.077  23.248 0.0000000000
30661  -8.374  -66.042  22.614 0.0000000000
31955  -8.248  -65.175  22.765 0.0000000000
33333  -8.915  -64.843  22.032 0.0000000000
33341  -8.949  -63.976  21.727 0.0000000000
33343  -10.068  -64.398  20.681 0.0000000000
30725  -9.735  -66.197  17.423 0.0000000000
25051  -8.875  -67.629  31.553 0.0000000000
25052  -8.933  -67.846  31.361 0.0000000000
25057  -7.617  -67.440  30.708 0.0000000000
25058  -8.043  -67.594  30.588 0.0000000000
25059  -8.656  -67.930  31.015 0.0000000000
25190  -7.174  -70.031  24.132 0.0000000000
26554  -9.613  -67.223  32.008 0.0000000000
26559  -9.128  -67.977  31.276 0.0000000000
26561  -10.122  -67.732  31.123 0.0000000000
26562  -10.416  -67.442  30.906 0.0000000000
26638  -6.842  -69.426  26.030 0.0000000000
27975  -8.737  -66.138  33.291 0.0000000000
27978  -9.829  -66.081  33.436 0.0000000000
27984  -9.610  -66.603  32.850 0.0000000000
27985  -10.094  -66.237  33.194 0.0000000000
27986  -10.381  -66.247  32.963 0.0000000000
27988  -8.076  -66.447  32.352 0.0000000000
27989  -9.642  -66.905  32.420 0.0000000000
28000  -11.198  -66.782  29.613 0.0000000000
28107  -8.099  -67.458  23.213 0.0000000000
29299  -8.857  -64.770  34.580 0.0000000000
29300  -9.028  -65.067  34.311 0.0000000000
29302  -9.795  -65.189  33.937 0.0000000000
29303  -10.000  -65.333  33.846 0.0000000000
29304  -8.491  -65.026  34.137 0.0000000000
29308  -9.910  -65.768  33.701 0.0000000000
29309  -10.132  -65.644  33.739 0.0000000000
29310  -10.342  -65.654  33.523 0.0000000000
29311  -8.258  -65.412  33.620 0.0000000000
29314  -10.501  -66.019  33.184 0.0000000000
29319  -10.726  -66.457  31.938 0.0000000000
29323  -11.306  -66.247  30.498 0.0000000000
30573  -8.947  -64.070  36.285 0.0000000000
30574  -7.877  -64.104  36.734 0.0000000000
30576  -8.834  -64.106  36.145 0.0000000000
30577  -9.179  -64.272  35.683 0.0000000000
30579  -9.880  -64.296  34.780 0.0000000000
30584  -9.666  -64.688  34.413 0.0000000000
30589  -10.129  -65.123  33.870 0.0000000000
30590  -10.373  -65.219  33.688 0.0000000000
30594  -10.998  -65.604  32.914 0.0000000000
30597  -11.510  -65.555  31.613 0.0000000000
31858  -8.616  -63.417  37.880 0.0000000000
31860  -7.974  -64.179  38.162 0.0000000000
31861  -8.342  -63.969  37.959 0.0000000000
31863  -8.897  -63.410  36.906 0.0000000000
31864  -9.193  -63.744  36.393 0.0000000000
31869  -9.476  -63.990  35.840 0.0000000000
31872  -10.128  -64.128  34.838 0.0000000000
31878  -10.758  -64.816  33.560 0.0000000000
31883  -11.341  -64.940  32.701 0.0000000000
31893  -12.799  -64.566  28.805 0.0000000000
31897  -6.185  -64.563  26.423 0.0000000000
31904  -6.179  -64.661  26.061 0.0000000000
31921  -6.334  -64.544  24.855 0.0000000000
31931  -6.901  -64.640  23.878 0.0000000000
32007  -10.137  -65.542  17.615 0.0000000000
33218  -9.100  -63.354  36.750 0.0000000000
33220  -7.713  -63.188  36.907 0.0000000000
33221  -9.182  -62.980  36.992 0.0000000000
33223  -9.786  -63.563  35.799 0.0000000000
33225  -7.566  -63.074  36.157 0.0000000000
33227  -10.397  -63.826  34.990 0.0000000000
33229  -7.480  -62.901  35.792 0.0000000000
33231  -7.271  -63.690  33.681 0.0000000000
33232  -7.378  -63.729  34.194 0.0000000000
33233  -11.248  -63.474  33.814 0.0000000000
33235  -11.104  -64.345  33.417 0.0000000000
33238  -11.346  -63.795  33.283 0.0000000000
33242  -11.570  -63.323  33.192 0.0000000000
33243  -11.677  -63.521  32.769 0.0000000000
33245  -23.281  -61.182  31.047 0.0000000000
33246  -23.805  -61.155  30.942 0.0000000000
33247  -24.323  -61.054  30.727 0.0000000000
33256  -12.385  -64.474  30.717 0.0000000000
33259  -24.016  -61.471  30.087 0.0000000000
33262  -25.471  -60.832  29.558 0.0000000000
33269  -25.281  -61.384  29.234 0.0000000000
33277  -25.339  -61.832  28.782 0.0000000000
33278  -6.221  -64.386  26.164 0.0000000000
33282  -24.740  -62.023  28.237 0.0000000000
33283  -25.165  -62.066  28.433 0.0000000000
33287  -6.282  -64.324  25.618 0.0000000000
33297  -6.436  -64.253  24.623 0.0000000000
33308  -6.888  -64.007  23.795 0.0000000000
33342  -9.281  -64.405  21.503 0.0000000000
34587  -7.826  -61.752  41.466 0.0000000000
34593  -13.285  -62.201  42.156 0.0000000000
34594  -7.494  -62.095  40.989 0.0000000000
34609  -8.661  -61.921  39.186 0.0000000000
34615  -7.446  -62.804  37.766 0.0000000000
34617  -10.351  -61.898  38.928 0.0000000000
34618  -10.756  -61.598  39.193 0.0000000000
34622  -9.545  -62.812  36.700 0.0000000000
34626  -9.844  -62.546  36.574 0.0000000000
34629  -6.890  -62.720  34.359 0.0000000000
34634  -6.840  -63.028  33.960 0.0000000000
34635  -7.218  -63.345  34.077 0.0000000000
34636  -11.212  -63.380  34.034 0.0000000000
34639  -11.423  -63.214  33.811 0.0000000000
34649  -5.916  -63.972  31.770 0.0000000000
34650  -11.592  -63.104  33.438 0.0000000000
34653  -21.766  -61.306  31.136 0.0000000000
34655  -23.387  -60.947  31.221 0.0000000000
34659  -26.888  -60.684  32.069 0.0000000000
34660  -27.143  -60.790  32.010 0.0000000000
34665  -21.732  -61.402  30.767 0.0000000000
34669  -25.841  -60.476  30.541 0.0000000000
34672  -27.209  -60.419  31.245 0.0000000000
34678  -25.920  -60.639  29.697 0.0000000000
34680  -26.798  -60.392  30.702 0.0000000000
34683  -7.419  -62.768  29.279 0.0000000000
34688  -25.671  -61.473  28.818 0.0000000000
34690  -26.412  -60.712  29.324 0.0000000000
34694  -7.535  -62.954  28.561 0.0000000000
34699  -23.708  -61.694  28.262 0.0000000000
34701  -26.028  -61.634  28.107 0.0000000000
34703  -26.745  -60.788  28.731 0.0000000000
34713  -25.210  -62.105  27.794 0.0000000000
34714  -26.106  -61.898  27.183 0.0000000000
34716  -26.834  -61.129  27.686 0.0000000000
34721  -6.511  -64.076  25.565 0.0000000000
34725  -22.617  -61.288  27.146 0.0000000000
34732  -26.983  -61.553  26.660 0.0000000000
34738  -6.453  -64.115  25.078 0.0000000000
34740  -7.142  -63.525  25.697 0.0000000000
34753  -6.600  -63.946  24.549 0.0000000000
34757  -24.139  -61.427  25.234 0.0000000000
34785  -7.485  -63.546  23.373 0.0000000000
34800  -7.961  -63.953  23.079 0.0000000000
34842  -10.232  -63.095  18.116 0.0000000000
36053  -6.768  -61.844  41.893 0.0000000000
36054  -7.023  -61.525  42.373 0.0000000000
36085  -9.633  -62.088  39.490 0.0000000000
36098  -9.499  -62.118  39.282 0.0000000000
36100  -15.384  -61.667  39.658 0.0000000000
36110  -10.996  -61.359  38.955 0.0000000000
36117  -9.974  -62.061  37.391 0.0000000000
36118  -10.281  -61.674  37.800 0.0000000000
36126  -7.348  -62.222  36.147 0.0000000000
36127  -9.973  -62.206  37.022 0.0000000000
36147  -27.950  -59.556  33.857 0.0000000000
36148  -28.442  -59.607  33.836 0.0000000000
36149  -28.761  -59.595  33.868 0.0000000000
36159  -27.565  -59.624  33.412 0.0000000000
36161  -28.494  -59.687  33.366 0.0000000000
36169  -25.355  -60.051  32.051 0.0000000000
36171  -26.952  -59.799  32.808 0.0000000000
36173  -27.857  -60.128  32.594 0.0000000000
36175  -28.429  -59.803  32.415 0.0000000000
36185  -28.056  -60.267  31.981 0.0000000000
36196  -27.559  -60.425  31.653 0.0000000000
36198  -27.596  -59.827  31.188 0.0000000000
36201  -13.372  -62.176  29.498 0.0000000000
36217  -27.127  -60.092  30.153 0.0000000000
36218  -27.268  -60.254  29.774 0.0000000000
36224  -25.690  -62.023  28.103 0.0000000000
36225  -25.834  -61.929  27.965 0.0000000000
36227  -27.421  -60.157  28.742 0.0000000000
36233  -25.626  -62.067  27.871 0.0000000000
36236  -27.446  -60.254  27.778 0.0000000000
36240  -21.772  -61.087  27.974 0.0000000000
36244  -25.729  -62.044  27.060 0.0000000000
36246  -27.478  -60.299  27.210 0.0000000000
36251  -7.135  -63.350  24.942 0.0000000000
36256  -23.618  -61.359  25.662 0.0000000000
36271  -8.044  -62.694  23.422 0.0000000000
36272  -8.362  -62.409  22.977 0.0000000000
36280  -7.320  -63.380  23.529 0.0000000000
37520  -6.580  -61.428  42.286 0.0000000000
37521  -7.175  -61.211  42.321 0.0000000000
37529  -7.474  -60.936  42.139 0.0000000000
37535  -13.980  -61.583  40.959 0.0000000000
37560  -12.314  -60.814  38.961 0.0000000000
37570  -6.897  -61.331  36.750 0.0000000000
37571  -7.077  -61.478  37.249 0.0000000000
37582  -6.294  -61.524  36.131 0.0000000000
37585  -10.404  -61.671  36.890 0.0000000000
37592  -28.558  -59.017  34.583 0.0000000000
37593  -28.992  -59.073  34.642 0.0000000000
37594  -29.221  -59.791  35.016 0.0000000000
37595  -29.440  -59.033  34.644 0.0000000000
37597  -7.051  -61.735  35.819 0.0000000000
37598  -7.233  -61.948  36.020 0.0000000000
37622  -27.432  -59.512  33.643 0.0000000000
37623  -29.180  -59.625  34.085 0.0000000000
37624  -29.031  -59.446  33.724 0.0000000000
37625  -29.377  -59.058  33.477 0.0000000000
37636  -26.561  -59.810  32.873 0.0000000000
37637  -28.029  -60.220  32.458 0.0000000000
37638  -28.036  -60.316  32.258 0.0000000000
37640  -29.248  -58.981  33.163 0.0000000000
37642  -12.223  -61.544  32.982 0.0000000000
37648  -27.851  -60.482  32.204 0.0000000000
37649  -28.040  -60.522  32.092 0.0000000000
37650  -28.535  -59.516  32.167 0.0000000000
37653  -6.285  -60.898  31.048 0.0000000000
37664  -27.491  -59.503  30.817 0.0000000000
37682  -27.559  -59.925  28.036 0.0000000000
37692  -27.519  -60.283  26.848 0.0000000000
37702  -23.032  -60.772  25.666 0.0000000000
37704  -27.551  -60.131  26.630 0.0000000000
37717  -8.299  -62.394  23.422 0.0000000000
37736  -8.680  -62.356  22.261 0.0000000000
38969  -6.840  -61.056  42.518 0.0000000000
38980  -6.300  -60.859  42.304 0.0000000000
38990  -7.013  -60.201  41.344 0.0000000000
38995  -6.872  -61.038  40.863 0.0000000000
39000  -14.080  -60.872  39.482 0.0000000000
39012  -6.011  -61.036  36.686 0.0000000000
39015  -11.183  -60.803  37.026 0.0000000000
39019  -15.289  -60.941  37.564 0.0000000000
39022  -29.248  -59.116  35.003 0.0000000000
39023  -29.321  -58.881  35.157 0.0000000000
39024  -29.562  -58.886  35.191 0.0000000000
39026  -6.232  -61.226  36.623 0.0000000000
39027  -11.188  -60.935  36.406 0.0000000000
39028  -11.597  -60.514  36.542 0.0000000000
39035  -28.305  -58.941  34.676 0.0000000000
39048  -27.812  -59.185  34.316 0.0000000000
39067  -29.133  -59.004  32.966 0.0000000000
39068  -29.523  -58.755  33.316 0.0000000000
39075  -29.344  -58.714  33.042 0.0000000000
39087  -19.391  -60.175  30.424 0.0000000000
39092  -19.476  -60.601  30.306 0.0000000000
39101  -27.452  -59.371  29.230 0.0000000000
39107  -27.490  -59.465  28.121 0.0000000000
39115  -21.858  -59.447  26.786 0.0000000000
39116  -27.367  -59.438  27.025 0.0000000000
40493  -5.935  -60.727  36.842 0.0000000000
40498  -28.821  -58.946  35.181 0.0000000000
40499  -29.511  -58.694  35.330 0.0000000000
40503  -13.473  -59.813  36.441 0.0000000000
40504  -14.473  -59.934  36.423 0.0000000000
40507  -28.068  -59.024  34.486 0.0000000000
40521  -30.301  -58.700  35.263 0.0000000000
40522  -30.731  -58.490  34.864 0.0000000000
40529  -15.516  -59.798  34.629 0.0000000000
40537  -31.395  -57.460  34.325 0.0000000000
40538  -31.720  -56.995  34.218 0.0000000000
40547  -7.241  -59.141  32.102 0.0000000000
40548  -7.310  -59.308  31.850 0.0000000000
40552  -16.811  -59.344  32.748 0.0000000000
40565  -28.702  -58.727  32.056 0.0000000000
40579  -27.545  -58.784  30.266 0.0000000000
40585  -27.487  -58.609  29.265 0.0000000000
40605  -27.155  -58.960  27.106 0.0000000000
40658  -11.553  -59.471  22.392 0.0000000000
41982  -30.311  -57.846  35.995 0.0000000000
41992  -30.498  -58.222  35.822 0.0000000000
41993  -30.865  -57.832  35.813 0.0000000000
41994  -31.289  -57.110  35.502 0.0000000000
42003  -32.376  -56.786  35.023 0.0000000000
42005  -7.005  -57.904  34.644 0.0000000000
42007  -15.187  -59.417  34.354 0.0000000000
42015  -31.562  -57.179  34.035 0.0000000000
42017  -6.029  -58.830  33.134 0.0000000000
42019  -14.850  -59.377  34.420 0.0000000000
42020  -14.988  -59.196  34.226 0.0000000000
42025  -7.346  -58.975  31.891 0.0000000000
42027  -29.419  -57.864  32.371 0.0000000000
42030  -6.398  -58.621  32.282 0.0000000000
42031  -7.194  -58.553  31.929 0.0000000000
42032  -7.556  -58.873  31.180 0.0000000000
42037  -29.166  -57.803  32.077 0.0000000000
42038  -28.918  -58.298  32.178 0.0000000000
42057  -8.885  -58.506  28.941 0.0000000000
42059  -15.452  -58.265  29.154 0.0000000000
42064  -27.800  -57.469  29.382 0.0000000000
42099  -11.758  -58.002  25.114 0.0000000000
42130  -11.312  -59.058  23.858 0.0000000000
42132  -12.263  -58.108  23.214 0.0000000000
42146  -11.984  -58.880  22.540 0.0000000000
42177  -13.105  -58.266  20.956 0.0000000000
42191  -12.741  -58.715  19.989 0.0000000000
42192  -12.992  -58.481  20.471 0.0000000000
43393  -33.373  -56.347  34.739 0.0000000000
43405  -33.328  -56.293  34.191 0.0000000000
43406  -33.909  -56.065  34.253 0.0000000000
43407  -34.232  -55.917  34.039 0.0000000000
43408  -5.974  -58.048  33.029 0.0000000000
43411  -31.613  -57.031  33.673 0.0000000000
43415  -34.260  -55.811  33.847 0.0000000000
43418  -30.310  -57.417  32.674 0.0000000000
43423  -34.231  -55.694  33.625 0.0000000000
43430  -28.830  -57.242  31.051 0.0000000000
43443  -10.407  -58.249  27.369 0.0000000000
43455  -12.108  -57.356  25.452 0.0000000000
43477  -12.544  -57.617  23.645 0.0000000000
43497  -12.787  -57.991  22.454 0.0000000000
43517  -13.340  -57.913  20.051 0.0000000000
43528  -13.382  -57.535  19.439 0.0000000000
44599  -33.840  -56.125  34.929 0.0000000000
44600  -34.124  -55.937  34.687 0.0000000000
44601  -34.485  -55.671  34.524 0.0000000000
44612  -5.953  -57.515  33.183 0.0000000000
44613  -6.211  -57.210  33.198 0.0000000000
44628  -30.247  -57.020  32.306 0.0000000000
44629  -30.783  -56.750  32.418 0.0000000000
44631  -32.750  -55.928  32.726 0.0000000000
44635  -5.934  -57.296  32.245 0.0000000000
44638  -8.292  -56.501  31.150 0.0000000000
44655  -32.198  -55.500  31.211 0.0000000000
44657  -34.270  -55.299  31.427 0.0000000000
44658  -8.755  -57.340  29.640 0.0000000000
44660  -9.942  -56.384  29.705 0.0000000000
44664  -31.194  -55.719  30.400 0.0000000000
44674  -10.340  -57.047  28.424 0.0000000000
44710  -13.405  -55.942  24.522 0.0000000000
44748  -13.625  -56.863  20.388 0.0000000000
44768  -13.361  -57.185  19.061 0.0000000000
45837  -35.115  -55.190  33.995 0.0000000000
45850  -35.177  -55.167  33.471 0.0000000000
45853  -7.717  -56.226  32.306 0.0000000000
45863  -35.493  -54.781  32.411 0.0000000000
45879  -9.510  -56.322  30.935 0.0000000000
45885  -29.346  -56.196  30.263 0.0000000000
45888  -32.319  -55.315  30.615 0.0000000000
45895  -10.489  -55.707  29.775 0.0000000000
45917  -10.777  -56.225  28.582 0.0000000000
45941  -13.311  -55.055  25.407 0.0000000000
46056  -11.805  -55.925  17.783 0.0000000000
46080  -7.982  -55.960  15.805 0.0000000000
47145  -8.643  -55.694  33.143 0.0000000000
47155  -10.380  -54.968  31.767 0.0000000000
47172  -36.075  -54.089  30.878 0.0000000000
47257  -10.523  -53.977  21.661 0.0000000000
47258  -10.955  -54.146  21.878 0.0000000000
47259  -12.058  -54.075  22.111 0.0000000000
47299  -8.947  -53.774  19.857 0.0000000000
47300  -9.454  -53.996  20.132 0.0000000000
48462  -35.271  -53.168  28.329 0.0000000000
48463  -13.300  -53.929  26.537 0.0000000000
48550  -8.555  -53.712  19.864 0.0000000000
49736  -39.107  -51.417  33.778 0.0000000000
49834  -7.810  -52.493  22.563 0.0000000000
51038  -36.869  -51.583  29.614 0.0000000000
51067  -7.765  -51.052  25.503 0.0000000000
51094  -8.971  -51.849  24.436 0.0000000000
51108  -38.641  -49.589  24.474 0.0000000000
51109  -39.048  -49.484  24.500 0.0000000000
51117  -38.304  -49.593  24.013 0.0000000000
51128  -37.771  -49.624  23.616 0.0000000000
52251  -36.582  -51.071  28.683 0.0000000000
52281  -6.802  -49.923  25.494 0.0000000000
52296  -39.121  -49.819  26.692 0.0000000000
52301  -8.035  -51.158  25.611 0.0000000000
52309  -40.080  -49.246  25.408 0.0000000000
53374  -8.188  -49.361  30.406 0.0000000000
53416  -11.178  -49.461  27.376 0.0000000000
53446  -40.146  -49.474  25.808 0.0000000000
53451  -40.304  -49.082  25.608 0.0000000000
53454  -39.516  -48.858  24.490 0.0000000000
54519  -9.900  -47.977  30.488 0.0000000000
54529  -8.622  -49.095  29.227 0.0000000000
54542  -8.479  -49.089  29.011 0.0000000000
55695  -13.584  -47.089  31.400 0.0000000000
55712  -12.431  -47.065  30.556 0.0000000000
56950  -10.778  -46.581  31.652 0.0000000000
58305  -41.349  -45.350  24.832 0.0000000000
61711  -40.726  -42.575  22.422 0.0000000000
62869  -48.867  -40.230  18.828 0.0000000000
62871  -49.327  -40.204  18.895 0.0000000000
62885  -49.005  -40.192  18.569 0.0000000000
62886  -49.195  -40.244  18.716 0.0000000000
62900  -47.916  -38.905  17.039 0.0000000000
62903  -49.182  -40.080  18.431 0.0000000000
62915  -46.063  -38.344  16.273 0.0000000000
62969  -46.209  -39.585  13.294 0.0000000000
63983  -49.160  -40.012  19.671 0.0000000000
63992  -48.618  -39.688  18.897 0.0000000000
63993  -48.768  -40.054  19.167 0.0000000000
63994  -49.081  -40.225  19.167 0.0000000000
63995  -49.550  -39.999  19.345 0.0000000000
64007  -48.594  -39.263  18.328 0.0000000000
64025  -49.299  -39.808  18.076 0.0000000000
64036  -46.578  -38.081  16.753 0.0000000000
64037  -48.488  -39.429  16.334 0.0000000000
64048  -43.917  -38.638  14.826 0.0000000000
64052  -48.798  -39.382  16.172 0.0000000000
64080  -45.318  -39.442  12.532 0.0000000000
64082  -46.299  -39.358  13.217 0.0000000000
64098  -45.476  -39.159  12.338 0.0000000000
65055  -48.999  -39.523  19.912 0.0000000000
65067  -39.690  -39.735  19.399 0.0000000000
65087  -47.767  -38.231  17.889 0.0000000000
65101  -49.482  -39.370  17.594 0.0000000000
65110  -45.921  -37.913  16.640 0.0000000000
65111  -49.341  -39.193  17.107 0.0000000000
65132  -40.619  -39.103  15.323 0.0000000000
65137  -44.588  -38.416  15.139 0.0000000000
65152  -46.409  -39.056  13.257 0.0000000000
66128  -48.904  -38.943  19.645 0.0000000000
67203  -49.097  -38.123  19.329 0.0000000000
67217  -48.827  -37.611  18.861 0.0000000000
67218  -49.150  -37.625  19.251 0.0000000000
67261  -47.803  -37.186  14.066 0.0000000000
68412  -46.508  -36.569  13.121 0.0000000000
87615  -57.194  -19.677  14.684 0.0000000000
