#!ascii label  , from subject 3371 vox2ras=TkReg
1271
114987  -57.072  6.596  16.270 0.0000000000
131512  -43.541  24.445  21.520 0.0000000000
121112  -47.208  12.425  21.594 0.0000000000
126737  -54.578  18.558  10.363 0.0000000000
133256  -49.304  26.851  22.059 0.0000000000
128267  -50.965  20.467  18.114 0.0000000000
129916  -51.597  22.573  15.359 0.0000000000
125835  -49.399  17.512  10.525 0.0000000000
111735  -52.355  3.325  18.188 0.0000000000
117225  -56.580  8.826  20.697 0.0000000000
136738  -39.285  30.744  20.536 0.0000000000
137511  -44.378  31.116  20.132 0.0000000000
140157  -49.284  34.741  21.443 0.0000000000
120183  -54.169  11.843  20.294 0.0000000000
125763  -45.295  17.394  18.692 0.0000000000
122988  -51.183  14.693  15.267 0.0000000000
120251  -52.842  11.189  14.600 0.0000000000
123026  -48.525  14.742  11.914 0.0000000000
123056  -43.249  14.898  9.421 0.0000000000
113866  -53.299  5.378  16.075 0.0000000000
133270  -52.014  27.379  21.199 0.0000000000
131543  -50.983  24.683  18.392 0.0000000000
132425  -50.296  25.231  16.564 0.0000000000
129089  -49.221  21.700  15.366 0.0000000000
114970  -54.609  5.996  18.714 0.0000000000
117216  -53.992  8.816  22.105 0.0000000000
137489  -38.580  31.386  22.894 0.0000000000
138362  -46.370  32.207  20.427 0.0000000000
120145  -52.582  11.307  23.569 0.0000000000
119249  -50.067  10.804  21.169 0.0000000000
130669  -40.672  23.425  21.468 0.0000000000
128242  -43.923  20.373  19.918 0.0000000000
127516  -55.287  19.907  14.747 0.0000000000
126681  -51.852  18.469  16.045 0.0000000000
124868  -54.997  16.655  13.459 0.0000000000
122068  -53.640  13.276  14.702 0.0000000000
123048  -54.275  14.673  11.789 0.0000000000
121181  -51.039  12.631  12.820 0.0000000000
124898  -51.231  16.704  9.814 0.0000000000
125866  -45.334  17.271  8.915 0.0000000000
132361  -46.377  25.510  21.424 0.0000000000
129864  -46.829  22.624  19.545 0.0000000000
130697  -48.784  23.610  19.665 0.0000000000
129891  -53.148  22.270  17.109 0.0000000000
128324  -53.763  20.680  13.013 0.0000000000
126734  -51.468  18.496  9.506 0.0000000000
127532  -51.227  19.128  13.393 0.0000000000
126688  -48.416  18.604  14.871 0.0000000000
110662  -55.228  2.284  18.542 0.0000000000
112767  -57.317  4.492  19.297 0.0000000000
116101  -58.934  7.492  18.798 0.0000000000
134167  -36.546  27.158  23.220 0.0000000000
133264  -38.411  26.871  20.820 0.0000000000
133267  -41.233  26.807  20.697 0.0000000000
134184  -44.641  26.996  20.850 0.0000000000
135120  -47.013  28.123  21.460 0.0000000000
136006  -49.818  30.064  22.557 0.0000000000
136736  -51.443  30.820  21.559 0.0000000000
140179  -50.401  34.720  20.708 0.0000000000
119207  -55.848  10.849  26.301 0.0000000000
120186  -57.154  12.019  21.474 0.0000000000
119275  -56.888  10.527  17.882 0.0000000000
122031  -45.057  13.375  18.884 0.0000000000
126650  -48.221  18.467  18.027 0.0000000000
123890  -48.324  15.609  16.961 0.0000000000
120222  -47.767  12.004  17.770 0.0000000000
120225  -51.186  11.919  17.730 0.0000000000
119272  -53.837  10.713  17.416 0.0000000000
117252  -53.870  8.460  16.168 0.0000000000
118320  -51.364  9.370  14.596 0.0000000000
119299  -48.490  10.443  14.396 0.0000000000
121166  -45.992  12.209  13.260 0.0000000000
124959  -48.810  17.747  7.491 0.0000000000
123067  -46.672  14.707  9.079 0.0000000000
120284  -45.025  11.717  11.178 0.0000000000
112802  -57.390  4.711  16.881 0.0000000000
112801  -56.458  4.542  16.620 0.0000000000
114985  -54.768  6.511  16.141 0.0000000000
134214  -51.988  27.731  19.942 0.0000000000
133283  -51.693  26.681  19.404 0.0000000000
133281  -50.278  26.757  17.958 0.0000000000
132424  -49.521  25.621  16.311 0.0000000000
120165  -48.800  11.368  21.435 0.0000000000
130671  -42.818  23.520  21.173 0.0000000000
127535  -56.301  19.442  12.818 0.0000000000
126693  -54.793  18.789  13.927 0.0000000000
124904  -56.371  17.081  11.818 0.0000000000
123941  -55.491  15.459  12.262 0.0000000000
124902  -54.455  16.740  11.190 0.0000000000
123953  -52.980  15.703  11.096 0.0000000000
125854  -53.060  17.640  9.899 0.0000000000
133255  -48.182  26.416  21.868 0.0000000000
131521  -47.441  24.758  20.623 0.0000000000
131522  -48.769  24.644  20.372 0.0000000000
130722  -51.035  23.696  16.957 0.0000000000
130708  -50.981  23.390  18.288 0.0000000000
129904  -52.937  22.488  16.230 0.0000000000
129919  -54.208  21.992  15.448 0.0000000000
129105  -52.700  21.576  14.281 0.0000000000
128322  -52.527  20.118  13.322 0.0000000000
129103  -51.583  20.979  14.448 0.0000000000
127512  -49.105  20.026  15.033 0.0000000000
116087  -55.852  7.333  19.442 0.0000000000
113849  -55.712  5.106  19.270 0.0000000000
116088  -56.974  7.018  19.762 0.0000000000
113837  -58.388  5.451  19.301 0.0000000000
116077  -58.269  7.911  20.187 0.0000000000
136731  -38.190  30.588  21.237 0.0000000000
136010  -37.320  29.265  21.382 0.0000000000
135132  -38.420  28.533  20.590 0.0000000000
133266  -40.284  26.859  20.756 0.0000000000
135134  -40.293  28.683  20.071 0.0000000000
136742  -43.102  30.410  20.182 0.0000000000
135137  -43.252  28.433  20.181 0.0000000000
136025  -44.635  29.506  20.334 0.0000000000
135119  -46.043  27.874  21.102 0.0000000000
136745  -45.520  30.459  20.517 0.0000000000
139224  -47.957  33.049  21.113 0.0000000000
138341  -48.257  31.413  21.397 0.0000000000
138343  -49.715  32.341  22.437 0.0000000000
136719  -51.121  30.561  23.113 0.0000000000
139202  -50.644  32.917  22.794 0.0000000000
138352  -51.135  32.819  21.972 0.0000000000
140158  -50.054  34.950  21.767 0.0000000000
122870  -53.194  13.745  27.993 0.0000000000
121058  -51.437  12.605  27.326 0.0000000000
120078  -53.916  11.929  28.155 0.0000000000
119189  -54.410  10.983  26.573 0.0000000000
120103  -55.047  11.500  26.378 0.0000000000
119253  -53.723  11.244  21.714 0.0000000000
120158  -55.373  11.423  22.834 0.0000000000
120184  -55.176  11.902  20.634 0.0000000000
120214  -56.983  11.660  19.417 0.0000000000
120213  -55.994  11.490  19.181 0.0000000000
124825  -43.501  16.369  19.165 0.0000000000
122950  -43.710  14.519  19.518 0.0000000000
123878  -45.397  15.500  18.523 0.0000000000
129054  -48.385  21.096  18.661 0.0000000000
128263  -47.037  20.408  18.771 0.0000000000
127478  -49.638  19.417  18.129 0.0000000000
124855  -50.669  16.711  15.367 0.0000000000
124846  -49.665  17.211  16.668 0.0000000000
123907  -49.721  15.605  15.836 0.0000000000
122044  -48.295  13.791  16.957 0.0000000000
122052  -49.685  13.742  16.168 0.0000000000
120224  -50.072  11.706  17.650 0.0000000000
122053  -50.672  13.425  16.066 0.0000000000
121159  -53.456  12.358  14.491 0.0000000000
121147  -53.024  12.067  16.253 0.0000000000
119291  -53.046  10.767  15.443 0.0000000000
118297  -54.054  9.543  16.813 0.0000000000
119290  -52.838  10.027  15.603 0.0000000000
118307  -52.471  8.980  15.262 0.0000000000
120250  -52.207  10.936  14.294 0.0000000000
122099  -50.072  13.755  12.503 0.0000000000
120261  -49.779  11.588  13.739 0.0000000000
122087  -48.464  13.252  13.178 0.0000000000
119311  -47.455  10.879  14.116 0.0000000000
122086  -47.338  13.231  13.096 0.0000000000
125836  -50.345  18.014  10.323 0.0000000000
125870  -49.836  18.229  8.234 0.0000000000
125869  -48.880  18.475  8.315 0.0000000000
124945  -43.720  16.409  8.279 0.0000000000
123989  -45.525  16.035  7.603 0.0000000000
123065  -45.109  14.986  8.603 0.0000000000
121200  -45.800  13.414  10.374 0.0000000000
122117  -44.283  13.466  9.827 0.0000000000
120282  -43.669  11.980  10.168 0.0000000000
110676  -57.614  2.491  17.358 0.0000000000
113878  -52.327  5.466  15.806 0.0000000000
132365  -51.070  26.698  21.420 0.0000000000
131524  -50.623  25.415  19.959 0.0000000000
132376  -51.175  25.764  19.679 0.0000000000
131565  -50.815  24.510  17.321 0.0000000000
130736  -50.625  23.583  16.067 0.0000000000
129915  -50.623  22.548  15.190 0.0000000000
130735  -49.872  23.958  15.780 0.0000000000
112777  -53.277  4.368  18.372 0.0000000000
116098  -53.352  7.274  18.831 0.0000000000
118270  -55.127  9.210  21.616 0.0000000000
138348  -39.686  32.901  21.334 0.0000000000
137526  -45.284  31.893  20.039 0.0000000000
139260  -47.491  34.328  19.806 0.0000000000
141041  -48.283  35.657  20.440 0.0000000000
121086  -53.647  12.169  25.468 0.0000000000
120155  -51.371  11.249  22.959 0.0000000000
119258  -52.520  11.192  20.566 0.0000000000
127463  -44.522  19.234  19.197 0.0000000000
128277  -52.733  20.252  17.148 0.0000000000
127490  -50.831  19.263  17.628 0.0000000000
126683  -53.171  19.231  15.251 0.0000000000
125806  -53.345  17.850  13.914 0.0000000000
123919  -52.898  15.710  14.221 0.0000000000
122989  -52.189  14.610  14.980 0.0000000000
123003  -54.323  14.787  14.097 0.0000000000
122078  -54.473  13.739  13.508 0.0000000000
121184  -53.646  13.062  13.047 0.0000000000
121172  -52.375  12.149  13.384 0.0000000000
123030  -52.899  14.131  12.110 0.0000000000
123045  -51.336  15.273  11.561 0.0000000000
123950  -49.898  15.887  10.573 0.0000000000
125849  -47.263  17.507  9.833 0.0000000000
122933  -46.005  14.152  22.053 0.0000000000
132360  -45.286  25.325  21.586 0.0000000000
130683  -44.906  23.289  20.781 0.0000000000
131520  -46.247  24.336  20.755 0.0000000000
129865  -48.073  22.703  19.224 0.0000000000
129044  -49.225  22.175  18.661 0.0000000000
130698  -50.115  23.534  19.278 0.0000000000
129878  -51.164  22.199  18.177 0.0000000000
129058  -52.515  20.959  17.765 0.0000000000
129071  -54.294  21.015  16.827 0.0000000000
128326  -55.539  20.792  13.262 0.0000000000
127557  -54.602  19.575  11.042 0.0000000000
126747  -53.198  18.779  9.649 0.0000000000
127555  -53.382  19.319  10.568 0.0000000000
126712  -51.818  18.699  11.593 0.0000000000
126710  -50.165  17.931  12.364 0.0000000000
128307  -50.338  20.272  14.632 0.0000000000
126690  -50.059  18.793  13.931 0.0000000000
112779  -55.195  4.205  18.971 0.0000000000
110663  -56.382  2.463  18.477 0.0000000000
110664  -57.278  2.579  18.302 0.0000000000
112781  -58.191  4.319  18.861 0.0000000000
112783  -58.628  5.334  17.919 0.0000000000
114979  -58.503  6.690  17.133 0.0000000000
131503  -36.329  24.423  22.770 0.0000000000
133244  -37.038  26.561  21.727 0.0000000000
131506  -37.649  24.422  21.819 0.0000000000
132354  -39.144  25.237  21.471 0.0000000000
132356  -41.059  25.245  21.569 0.0000000000
132358  -43.120  25.322  21.617 0.0000000000
136021  -40.839  29.710  20.011 0.0000000000
135136  -42.274  28.553  19.990 0.0000000000
133269  -42.987  26.777  20.884 0.0000000000
133251  -43.747  26.274  21.325 0.0000000000
133253  -46.021  26.153  21.609 0.0000000000
134186  -46.731  27.026  21.650 0.0000000000
134169  -48.232  27.375  22.088 0.0000000000
136734  -47.126  30.241  21.076 0.0000000000
136004  -48.504  29.064  22.039 0.0000000000
134171  -49.764  27.705  22.862 0.0000000000
134160  -51.014  28.395  23.265 0.0000000000
135121  -51.681  28.951  21.790 0.0000000000
136748  -50.974  30.787  20.979 0.0000000000
138365  -49.890  32.270  20.566 0.0000000000
141824  -48.975  37.242  20.391 0.0000000000
117193  -54.749  9.308  23.457 0.0000000000
118261  -56.572  9.794  23.609 0.0000000000
120122  -54.653  11.479  25.337 0.0000000000
120160  -57.102  11.706  23.806 0.0000000000
119254  -57.545  10.755  22.227 0.0000000000
118281  -58.193  10.134  19.188 0.0000000000
118288  -58.230  9.540  18.260 0.0000000000
117254  -56.637  8.451  16.615 0.0000000000
120175  -45.645  11.860  19.744 0.0000000000
129037  -45.211  21.739  19.704 0.0000000000
128262  -46.064  19.958  18.829 0.0000000000
126648  -46.486  18.350  18.601 0.0000000000
126660  -49.644  18.449  17.708 0.0000000000
125774  -48.335  17.430  17.714 0.0000000000
124837  -46.957  16.426  17.911 0.0000000000
122959  -46.447  14.630  18.105 0.0000000000
121121  -46.201  12.433  18.096 0.0000000000
120191  -47.363  11.397  19.259 0.0000000000
120192  -48.485  11.064  19.414 0.0000000000
120194  -51.201  11.199  19.296 0.0000000000
120195  -52.085  11.584  19.199 0.0000000000
122055  -52.310  13.276  15.891 0.0000000000
120226  -52.275  12.185  17.694 0.0000000000
120211  -53.729  11.612  18.596 0.0000000000
119267  -54.636  10.824  18.175 0.0000000000
117241  -55.281  9.332  17.124 0.0000000000
116111  -55.023  7.576  16.101 0.0000000000
116110  -53.985  7.397  16.040 0.0000000000
116126  -52.596  7.517  15.606 0.0000000000
116124  -50.839  7.336  15.424 0.0000000000
120262  -50.851  11.512  13.653 0.0000000000
119300  -49.792  10.166  14.513 0.0000000000
117264  -49.475  8.255  15.135 0.0000000000
118317  -48.012  9.345  14.712 0.0000000000
118330  -46.472  9.697  14.235 0.0000000000
124938  -51.208  17.675  9.021 0.0000000000
124915  -49.932  17.020  8.887 0.0000000000
123964  -48.347  15.531  9.611 0.0000000000
125888  -47.239  17.338  7.995 0.0000000000
123991  -47.467  15.805  8.253 0.0000000000
123041  -47.162  14.502  10.725 0.0000000000
122109  -46.464  13.805  10.583 0.0000000000
121190  -45.470  12.160  11.586 0.0000000000
113870  -57.702  5.716  16.743 0.0000000000
113869  -56.753  5.618  16.472 0.0000000000
113868  -55.634  5.535  16.361 0.0000000000
114986  -55.947  6.579  16.181 0.0000000000
134213  -50.777  27.555  19.532 0.0000000000
134223  -50.527  27.000  18.667 0.0000000000
121107  -48.508  12.739  22.424 0.0000000000
121113  -48.151  12.073  21.922 0.0000000000
130672  -43.864  23.579  21.238 0.0000000000
126727  -55.953  18.741  11.337 0.0000000000
125825  -56.557  17.902  12.323 0.0000000000
124922  -56.002  17.345  11.144 0.0000000000
124903  -55.554  16.283  11.624 0.0000000000
124920  -54.845  17.442  10.992 0.0000000000
125838  -53.627  17.244  10.570 0.0000000000
125855  -54.183  17.859  10.389 0.0000000000
132363  -48.738  26.022  21.519 0.0000000000
132370  -48.230  25.352  20.959 0.0000000000
132371  -49.378  25.586  20.870 0.0000000000
130737  -51.529  23.130  16.303 0.0000000000
129903  -52.198  22.680  16.044 0.0000000000
129093  -52.912  22.080  14.841 0.0000000000
129092  -52.142  21.955  14.814 0.0000000000
129104  -52.021  21.270  14.356 0.0000000000
110660  -53.378  2.556  18.426 0.0000000000
117236  -57.499  7.565  20.191 0.0000000000
116076  -58.018  7.692  20.321 0.0000000000
117226  -57.559  8.367  20.551 0.0000000000
136019  -38.628  29.627  20.501 0.0000000000
135133  -39.295  28.661  20.285 0.0000000000
136020  -39.782  29.725  20.167 0.0000000000
137524  -43.808  31.478  19.551 0.0000000000
137510  -43.440  31.053  20.047 0.0000000000
136743  -44.010  30.373  20.214 0.0000000000
136732  -45.489  29.728  20.465 0.0000000000
136744  -44.918  30.446  20.338 0.0000000000
139225  -48.887  33.666  21.461 0.0000000000
138351  -48.535  32.729  21.423 0.0000000000
139213  -49.214  32.823  21.874 0.0000000000
139201  -50.340  32.572  22.795 0.0000000000
139214  -49.926  33.354  22.408 0.0000000000
140135  -50.227  34.112  22.171 0.0000000000
139226  -49.724  34.255  21.991 0.0000000000
123793  -53.196  14.538  27.343 0.0000000000
122871  -53.710  13.696  27.722 0.0000000000
121960  -53.710  13.051  28.220 0.0000000000
121961  -54.635  12.838  28.009 0.0000000000
120091  -55.342  11.784  27.818 0.0000000000
120168  -53.551  11.556  20.669 0.0000000000
120169  -54.164  11.628  21.180 0.0000000000
120199  -56.109  11.908  20.042 0.0000000000
120198  -55.045  11.819  19.761 0.0000000000
125752  -43.775  17.873  19.264 0.0000000000
125761  -43.780  16.871  19.072 0.0000000000
123876  -43.849  15.765  19.044 0.0000000000
124827  -44.920  16.424  18.709 0.0000000000
128266  -50.062  20.440  18.345 0.0000000000
128265  -49.055  20.346  18.444 0.0000000000
127479  -50.517  19.716  18.020 0.0000000000
123909  -51.250  15.611  14.901 0.0000000000
123908  -50.423  15.668  15.362 0.0000000000
122987  -50.340  14.738  15.521 0.0000000000
122979  -49.615  14.693  15.878 0.0000000000
122064  -50.249  14.052  15.762 0.0000000000
122065  -50.989  13.957  15.617 0.0000000000
120265  -53.156  11.809  14.371 0.0000000000
120252  -53.281  11.495  15.014 0.0000000000
119304  -52.974  10.950  14.980 0.0000000000
119303  -52.537  10.370  14.909 0.0000000000
122098  -48.998  13.969  12.617 0.0000000000
122097  -47.833  14.090  12.586 0.0000000000
125851  -49.654  18.088  9.176 0.0000000000
125850  -48.517  17.886  9.527 0.0000000000
123976  -43.381  15.742  8.665 0.0000000000
123076  -44.171  15.798  7.743 0.0000000000
123064  -44.000  15.287  8.491 0.0000000000
122126  -44.615  14.323  9.174 0.0000000000
122125  -43.771  14.307  9.331 0.0000000000
122116  -43.192  13.731  10.163 0.0000000000
113865  -52.805  5.868  15.957 0.0000000000
132366  -51.724  26.969  21.395 0.0000000000
132373  -51.788  26.711  20.804 0.0000000000
133298  -50.637  26.335  17.678 0.0000000000
132385  -51.180  25.877  18.734 0.0000000000
132409  -50.757  25.507  17.510 0.0000000000
131579  -50.404  24.348  16.349 0.0000000000
131578  -49.684  24.745  15.921 0.0000000000
131577  -48.732  24.546  15.890 0.0000000000
116097  -52.183  7.447  18.783 0.0000000000
117233  -54.757  8.790  20.071 0.0000000000
118264  -54.739  9.139  22.082 0.0000000000
140192  -47.200  34.394  19.067 0.0000000000
140193  -47.744  35.207  19.566 0.0000000000
140220  -46.552  35.591  17.556 0.0000000000
120167  -50.181  11.147  22.128 0.0000000000
120154  -50.496  11.357  22.707 0.0000000000
119243  -50.605  11.049  22.142 0.0000000000
119251  -51.862  10.956  21.362 0.0000000000
119257  -51.484  10.970  20.383 0.0000000000
128249  -44.323  19.795  19.531 0.0000000000
128287  -53.710  20.262  16.396 0.0000000000
127502  -53.206  19.950  16.268 0.0000000000
127514  -53.741  19.776  15.481 0.0000000000
125808  -55.418  17.776  13.434 0.0000000000
125807  -54.372  17.827  13.580 0.0000000000
124867  -54.026  16.682  13.621 0.0000000000
124866  -53.012  16.716  13.840 0.0000000000
123920  -53.774  15.671  13.952 0.0000000000
123921  -54.660  15.620  13.751 0.0000000000
123050  -54.985  14.675  12.185 0.0000000000
123015  -55.013  14.258  13.032 0.0000000000
122104  -54.532  13.899  12.552 0.0000000000
122090  -54.050  13.220  13.235 0.0000000000
122103  -54.149  13.584  12.662 0.0000000000
122102  -53.360  13.477  12.619 0.0000000000
123952  -51.994  16.127  11.171 0.0000000000
123046  -52.427  15.018  11.606 0.0000000000
123951  -50.913  16.224  10.568 0.0000000000
123044  -50.258  15.375  11.442 0.0000000000
123967  -50.292  16.360  10.057 0.0000000000
131514  -45.619  24.550  21.248 0.0000000000
131515  -46.736  25.038  21.074 0.0000000000
130687  -48.638  24.126  20.001 0.0000000000
130686  -47.977  24.111  19.975 0.0000000000
129866  -49.295  22.752  18.946 0.0000000000
131535  -50.633  24.790  19.439 0.0000000000
131523  -49.943  25.101  20.196 0.0000000000
130699  -50.742  24.066  18.925 0.0000000000
130709  -51.441  22.644  17.873 0.0000000000
129879  -52.215  22.150  17.780 0.0000000000
129057  -51.568  21.229  18.096 0.0000000000
129880  -53.115  21.616  17.583 0.0000000000
129059  -53.224  21.133  17.561 0.0000000000
129892  -53.881  21.625  17.145 0.0000000000
128312  -53.876  21.137  13.776 0.0000000000
129119  -55.197  21.313  13.904 0.0000000000
128325  -54.547  20.938  13.159 0.0000000000
128339  -54.881  20.299  12.030 0.0000000000
128338  -54.147  20.403  12.174 0.0000000000
127556  -53.953  19.607  10.642 0.0000000000
128337  -53.668  20.105  12.273 0.0000000000
127533  -52.049  19.300  13.055 0.0000000000
127543  -52.569  19.023  12.083 0.0000000000
126702  -51.377  18.663  12.631 0.0000000000
126711  -50.844  18.217  11.679 0.0000000000
129914  -49.728  22.574  15.401 0.0000000000
129090  -50.168  21.745  15.099 0.0000000000
127520  -48.996  19.268  14.857 0.0000000000
127521  -49.758  19.572  14.605 0.0000000000
113847  -53.940  5.205  18.418 0.0000000000
112778  -54.168  4.213  18.628 0.0000000000
113848  -54.785  5.079  18.887 0.0000000000
113835  -56.788  5.225  19.411 0.0000000000
112780  -56.286  4.298  19.254 0.0000000000
111722  -57.077  3.622  18.878 0.0000000000
111711  -57.630  4.160  19.148 0.0000000000
111723  -57.748  3.683  18.462 0.0000000000
111712  -57.826  4.055  19.004 0.0000000000
114959  -58.649  6.428  19.186 0.0000000000
113838  -58.724  5.692  18.720 0.0000000000
114972  -58.938  6.628  18.351 0.0000000000
113862  -58.627  6.032  17.569 0.0000000000
116104  -59.072  7.627  17.819 0.0000000000
134152  -37.011  27.234  24.449 0.0000000000
133223  -36.661  26.708  24.721 0.0000000000
133231  -36.298  26.496  23.825 0.0000000000
131501  -35.880  24.727  23.594 0.0000000000
133237  -36.264  26.388  22.986 0.0000000000
138331  -38.946  31.603  23.399 0.0000000000
136715  -37.667  29.933  22.893 0.0000000000
134197  -37.412  27.676  21.173 0.0000000000
134183  -36.928  27.496  21.659 0.0000000000
133263  -37.635  26.990  21.091 0.0000000000
132352  -37.128  25.363  21.904 0.0000000000
132353  -38.181  25.270  21.522 0.0000000000
131507  -38.531  24.421  21.605 0.0000000000
133246  -38.784  26.059  21.145 0.0000000000
133248  -40.695  26.009  21.128 0.0000000000
133249  -41.650  26.064  21.291 0.0000000000
132357  -42.059  25.294  21.593 0.0000000000
133250  -42.625  26.124  21.391 0.0000000000
135135  -41.292  28.632  19.934 0.0000000000
136022  -41.810  29.620  19.986 0.0000000000
135138  -44.364  28.282  20.448 0.0000000000
134204  -43.641  27.320  20.567 0.0000000000
133252  -44.937  26.112  21.481 0.0000000000
134187  -47.761  26.845  21.927 0.0000000000
135103  -47.821  27.865  21.825 0.0000000000
137500  -46.500  30.989  20.857 0.0000000000
138349  -46.859  31.585  20.888 0.0000000000
136726  -49.342  30.426  22.161 0.0000000000
136725  -48.508  30.181  21.528 0.0000000000
136005  -49.351  29.468  22.383 0.0000000000
135105  -49.397  28.421  22.709 0.0000000000
135996  -49.699  28.879  22.849 0.0000000000
135107  -50.517  28.162  23.272 0.0000000000
135095  -50.585  28.631  23.278 0.0000000000
136720  -51.419  30.622  22.696 0.0000000000
136007  -51.624  29.818  22.363 0.0000000000
136015  -51.520  29.956  21.696 0.0000000000
135142  -51.404  29.113  21.036 0.0000000000
136029  -51.268  30.246  21.221 0.0000000000
136749  -51.253  30.842  21.258 0.0000000000
139227  -50.719  33.589  21.615 0.0000000000
138366  -50.939  32.578  21.152 0.0000000000
139244  -50.578  33.868  20.763 0.0000000000
139243  -50.362  33.098  20.393 0.0000000000
139263  -50.356  34.491  20.374 0.0000000000
141042  -48.905  36.335  20.930 0.0000000000
118217  -53.107  9.713  24.698 0.0000000000
119206  -54.918  10.777  25.869 0.0000000000
118218  -54.205  9.939  24.972 0.0000000000
118219  -55.222  10.289  25.176 0.0000000000
118244  -55.655  9.650  24.258 0.0000000000
118245  -56.602  10.429  24.773 0.0000000000
120121  -53.153  11.653  24.539 0.0000000000
120146  -53.976  11.246  23.511 0.0000000000
120171  -56.393  11.914  22.156 0.0000000000
120159  -56.434  11.686  23.421 0.0000000000
120172  -57.202  11.952  22.639 0.0000000000
120173  -57.448  11.428  22.977 0.0000000000
120187  -57.618  11.556  21.861 0.0000000000
119260  -57.791  10.823  21.057 0.0000000000
120201  -57.598  11.553  20.768 0.0000000000
119269  -56.988  11.033  18.389 0.0000000000
118280  -57.803  10.494  18.420 0.0000000000
118287  -57.473  10.042  17.725 0.0000000000
117255  -57.666  8.169  16.858 0.0000000000
117243  -57.132  9.207  17.053 0.0000000000
122030  -44.436  13.648  19.416 0.0000000000
121116  -45.147  12.504  20.352 0.0000000000
129860  -45.892  22.797  19.893 0.0000000000
129859  -44.799  22.700  20.444 0.0000000000
129038  -45.832  22.156  19.634 0.0000000000
127476  -47.642  19.383  18.361 0.0000000000
128251  -46.086  20.807  19.054 0.0000000000
127475  -46.743  19.263  18.639 0.0000000000
127474  -45.971  19.119  18.777 0.0000000000
126649  -47.312  18.434  18.405 0.0000000000
126670  -51.428  18.712  16.691 0.0000000000
126661  -50.364  18.527  17.406 0.0000000000
126669  -50.749  18.412  16.975 0.0000000000
123891  -48.830  16.133  16.875 0.0000000000
125775  -49.173  17.547  17.348 0.0000000000
124838  -47.905  16.466  17.523 0.0000000000
125773  -47.594  17.137  17.894 0.0000000000
123888  -46.824  15.391  18.025 0.0000000000
123889  -47.508  15.509  17.566 0.0000000000
121132  -48.362  12.781  17.176 0.0000000000
122043  -47.501  13.664  17.291 0.0000000000
120221  -47.267  12.102  17.869 0.0000000000
120205  -47.088  11.852  18.294 0.0000000000
120206  -48.139  11.456  18.433 0.0000000000
121134  -50.678  12.333  17.078 0.0000000000
120208  -50.611  11.314  18.481 0.0000000000
120209  -51.677  11.688  18.483 0.0000000000
122990  -53.254  14.229  14.851 0.0000000000
121152  -52.734  12.995  15.882 0.0000000000
120236  -52.857  11.621  16.882 0.0000000000
120235  -52.417  12.245  17.090 0.0000000000
120227  -53.174  11.577  17.860 0.0000000000
119266  -53.813  11.220  18.022 0.0000000000
118298  -54.777  9.401  17.222 0.0000000000
117253  -55.243  8.761  16.551 0.0000000000
117269  -53.510  7.906  15.901 0.0000000000
117267  -52.025  8.385  15.069 0.0000000000
116125  -51.767  7.409  15.511 0.0000000000
117282  -51.234  8.719  14.758 0.0000000000
121182  -51.886  12.636  12.761 0.0000000000
120263  -51.852  11.479  13.724 0.0000000000
121171  -51.401  12.040  13.161 0.0000000000
120247  -49.402  10.959  14.190 0.0000000000
120248  -50.341  10.937  14.220 0.0000000000
118305  -49.969  8.693  14.918 0.0000000000
118318  -49.242  9.245  14.845 0.0000000000
117280  -48.534  8.400  14.946 0.0000000000
120258  -46.705  11.501  13.795 0.0000000000
119297  -46.825  9.896  14.311 0.0000000000
119310  -46.478  10.446  14.029 0.0000000000
118329  -45.871  9.595  13.887 0.0000000000
119309  -45.593  10.451  13.389 0.0000000000
126735  -52.115  18.763  9.654 0.0000000000
125872  -51.729  18.174  9.168 0.0000000000
126745  -51.703  18.398  9.298 0.0000000000
124960  -49.306  18.167  7.249 0.0000000000
124937  -50.397  17.630  8.645 0.0000000000
124936  -49.447  17.179  8.236 0.0000000000
123978  -48.674  16.299  8.834 0.0000000000
123992  -48.245  16.236  8.385 0.0000000000
125867  -46.452  17.427  8.875 0.0000000000
125880  -45.618  17.515  8.023 0.0000000000
123078  -45.767  15.468  8.202 0.0000000000
123990  -46.489  15.877  7.881 0.0000000000
123079  -46.630  15.259  8.442 0.0000000000
123068  -47.303  15.046  9.030 0.0000000000
123057  -46.940  14.432  9.766 0.0000000000
121199  -45.068  12.619  10.539 0.0000000000
120277  -45.139  11.306  11.993 0.0000000000
112795  -58.097  4.934  17.528 0.0000000000
112800  -55.313  4.457  16.445 0.0000000000
134206  -52.034  28.090  20.881 0.0000000000
133274  -52.188  27.183  20.159 0.0000000000
133273  -51.822  27.225  19.442 0.0000000000
133282  -51.042  26.763  18.765 0.0000000000
133306  -50.257  26.071  16.754 0.0000000000
133305  -49.831  26.140  16.618 0.0000000000
120152  -49.021  11.949  22.120 0.0000000000
120166  -49.675  11.163  21.704 0.0000000000
130670  -41.728  23.442  21.336 0.0000000000
129036  -44.159  21.699  20.273 0.0000000000
127527  -56.159  19.505  13.727 0.0000000000
127525  -55.116  19.427  14.372 0.0000000000
126695  -56.125  18.706  13.576 0.0000000000
125817  -56.364  17.884  13.069 0.0000000000
124878  -55.785  16.710  13.013 0.0000000000
123922  -55.313  15.620  13.340 0.0000000000
124886  -55.935  16.335  12.326 0.0000000000
123955  -54.742  15.462  11.662 0.0000000000
123047  -53.440  14.771  11.600 0.0000000000
123954  -53.917  15.591  11.324 0.0000000000
124900  -52.543  16.572  10.532 0.0000000000
124918  -52.282  17.222  9.769 0.0000000000
132362  -47.537  25.629  21.390 0.0000000000
131516  -47.316  25.231  21.002 0.0000000000
132369  -47.621  25.285  20.985 0.0000000000
131533  -48.950  24.129  20.023 0.0000000000
130723  -51.614  22.973  17.384 0.0000000000
129890  -52.343  22.707  16.867 0.0000000000
129905  -53.804  22.270  16.345 0.0000000000
129918  -53.403  22.253  15.385 0.0000000000
129106  -53.460  21.700  14.472 0.0000000000
128311  -53.225  21.122  13.674 0.0000000000
128323  -53.140  20.293  12.947 0.0000000000
128310  -52.584  20.864  13.751 0.0000000000
128309  -51.908  20.428  13.927 0.0000000000
109639  -54.864  1.152  18.086 0.0000000000
116100  -55.335  6.504  18.971 0.0000000000
114971  -55.316  5.768  19.020 0.0000000000
114956  -56.210  6.160  19.308 0.0000000000
114957  -57.352  6.125  19.669 0.0000000000
113836  -57.768  5.290  19.573 0.0000000000
114958  -58.198  6.199  19.806 0.0000000000
116090  -58.417  7.384  19.781 0.0000000000
117239  -58.767  8.364  19.279 0.0000000000
135091  -37.291  28.123  23.693 0.0000000000
137497  -38.604  31.418  21.917 0.0000000000
136722  -37.542  30.043  21.934 0.0000000000
136730  -37.624  29.986  21.328 0.0000000000
136018  -37.955  29.128  20.813 0.0000000000
134199  -38.898  27.711  20.557 0.0000000000
133265  -39.336  26.863  20.770 0.0000000000
134200  -39.833  27.759  20.498 0.0000000000
134201  -40.779  27.693  20.269 0.0000000000
137509  -42.580  31.104  20.013 0.0000000000
136023  -42.737  29.520  20.064 0.0000000000
136024  -43.685  29.446  20.206 0.0000000000
135118  -45.228  27.716  20.826 0.0000000000
136012  -45.348  28.668  20.597 0.0000000000
136013  -46.239  28.963  20.766 0.0000000000
138363  -47.296  32.827  20.653 0.0000000000
138350  -47.663  32.122  21.169 0.0000000000
138342  -48.853  31.971  21.759 0.0000000000
137493  -49.714  31.260  22.386 0.0000000000
136718  -50.393  30.511  22.821 0.0000000000
137484  -50.346  31.269  22.782 0.0000000000
138335  -50.888  32.173  23.041 0.0000000000
138345  -51.353  32.151  22.249 0.0000000000
138353  -51.327  32.239  21.740 0.0000000000
140136  -50.474  34.174  21.923 0.0000000000
140159  -50.458  34.499  21.376 0.0000000000
123806  -52.674  15.336  27.349 0.0000000000
122888  -52.418  14.270  27.699 0.0000000000
121974  -51.849  13.387  27.592 0.0000000000
121046  -52.406  12.709  27.842 0.0000000000
119205  -53.789  10.484  25.655 0.0000000000
119182  -53.977  11.163  27.035 0.0000000000
119246  -53.362  11.041  22.329 0.0000000000
120157  -54.324  11.287  22.162 0.0000000000
120170  -55.311  11.676  21.623 0.0000000000
120185  -56.243  12.022  21.032 0.0000000000
120200  -57.010  11.873  20.410 0.0000000000
119268  -55.824  10.908  18.454 0.0000000000
123865  -43.298  15.492  19.383 0.0000000000
122951  -44.363  14.542  18.986 0.0000000000
122957  -45.041  14.644  18.620 0.0000000000
129042  -47.417  21.585  18.974 0.0000000000
128252  -46.672  21.131  19.040 0.0000000000
129053  -47.716  20.840  18.744 0.0000000000
128264  -48.062  20.268  18.482 0.0000000000
127477  -48.624  19.436  18.213 0.0000000000
125794  -51.236  17.768  15.693 0.0000000000
125784  -50.137  17.775  16.783 0.0000000000
124854  -49.853  16.736  16.055 0.0000000000
124853  -49.452  16.157  16.277 0.0000000000
123900  -49.064  15.592  16.397 0.0000000000
122969  -47.873  14.623  17.209 0.0000000000
122970  -48.465  14.583  16.722 0.0000000000
122051  -48.878  13.829  16.550 0.0000000000
121143  -49.231  13.110  16.656 0.0000000000
120223  -48.872  11.805  17.666 0.0000000000
121133  -49.577  12.354  17.041 0.0000000000
121144  -50.186  12.880  16.491 0.0000000000
121145  -51.220  12.878  16.590 0.0000000000
121153  -53.224  12.458  15.558 0.0000000000
120241  -53.174  11.442  15.890 0.0000000000
119284  -53.307  10.394  16.266 0.0000000000
119283  -53.058  9.761  15.949 0.0000000000
118296  -53.322  9.372  16.202 0.0000000000
117251  -53.150  8.836  16.031 0.0000000000
118322  -52.517  9.603  15.241 0.0000000000
118321  -52.088  9.356  14.792 0.0000000000
119302  -51.760  10.150  14.508 0.0000000000
121170  -50.308  12.282  13.174 0.0000000000
122088  -49.558  13.087  12.952 0.0000000000
121169  -49.130  12.338  13.417 0.0000000000
120260  -48.647  11.493  13.888 0.0000000000
119312  -48.060  11.129  14.098 0.0000000000
121168  -48.024  12.421  13.602 0.0000000000
121167  -47.003  12.352  13.487 0.0000000000
122085  -46.577  12.841  12.809 0.0000000000
125852  -50.662  18.215  9.266 0.0000000000
126743  -49.197  18.620  7.969 0.0000000000
125889  -48.382  17.896  7.672 0.0000000000
124946  -44.325  16.965  8.118 0.0000000000
124956  -45.277  17.142  7.564 0.0000000000
123998  -44.547  16.608  7.548 0.0000000000
123077  -44.791  15.638  7.940 0.0000000000
122127  -45.580  14.422  9.262 0.0000000000
122119  -46.151  14.163  9.786 0.0000000000
122118  -45.268  13.672  9.801 0.0000000000
120283  -44.425  11.583  10.592 0.0000000000
121198  -43.918  12.619  10.191 0.0000000000
109656  -57.662  1.585  17.370 0.0000000000
133257  -50.449  27.030  22.084 0.0000000000
132364  -49.917  26.429  21.409 0.0000000000
132372  -50.747  25.996  20.551 0.0000000000
132386  -51.481  26.278  19.439 0.0000000000
130746  -50.918  23.074  15.614 0.0000000000
130745  -50.177  23.217  15.573 0.0000000000
130744  -49.331  23.385  15.568 0.0000000000
131588  -49.104  24.107  15.648 0.0000000000
111718  -52.831  3.835  18.365 0.0000000000
113846  -53.006  5.329  18.221 0.0000000000
114969  -53.677  6.219  18.555 0.0000000000
116084  -52.913  8.148  19.487 0.0000000000
116085  -54.061  8.152  19.349 0.0000000000
116099  -54.600  7.141  18.862 0.0000000000
116086  -55.067  8.058  19.417 0.0000000000
117224  -55.487  9.082  20.805 0.0000000000
118271  -56.109  9.364  21.504 0.0000000000
138340  -39.407  32.542  22.470 0.0000000000
137498  -39.274  32.069  21.597 0.0000000000
137505  -39.029  31.408  21.134 0.0000000000
137512  -45.576  31.275  20.464 0.0000000000
139240  -46.816  33.050  20.162 0.0000000000
139241  -47.700  33.733  20.510 0.0000000000
139242  -48.525  34.487  20.993 0.0000000000
140177  -48.734  35.322  21.020 0.0000000000
140205  -47.671  35.844  18.907 0.0000000000
120144  -51.706  11.595  23.555 0.0000000000
119232  -52.412  11.111  23.008 0.0000000000
119245  -52.252  11.015  22.397 0.0000000000
119252  -53.081  11.131  21.306 0.0000000000
119259  -53.108  11.343  20.616 0.0000000000
126638  -44.098  18.404  19.237 0.0000000000
126646  -44.809  18.333  18.865 0.0000000000
128276  -52.248  20.264  17.477 0.0000000000
127480  -51.162  19.862  17.827 0.0000000000
127492  -52.219  19.900  17.090 0.0000000000
126671  -52.078  19.026  16.424 0.0000000000
126682  -52.488  18.833  15.655 0.0000000000
126692  -53.826  18.861  14.476 0.0000000000
126691  -52.977  18.629  14.707 0.0000000000
125795  -51.935  18.085  15.397 0.0000000000
125804  -51.747  17.454  14.877 0.0000000000
124865  -52.125  16.681  14.243 0.0000000000
123918  -52.070  15.646  14.508 0.0000000000
123001  -52.832  14.990  14.633 0.0000000000
123002  -53.568  14.873  14.404 0.0000000000
122991  -54.014  14.098  14.443 0.0000000000
123005  -55.322  14.915  13.126 0.0000000000
122992  -54.471  14.103  13.995 0.0000000000
122069  -54.184  13.577  14.118 0.0000000000
122077  -53.899  13.042  13.907 0.0000000000
121173  -53.337  12.463  13.676 0.0000000000
120264  -52.676  11.651  14.014 0.0000000000
121183  -52.876  12.824  13.005 0.0000000000
122101  -52.347  13.377  12.440 0.0000000000
122100  -51.169  13.354  12.369 0.0000000000
123029  -51.802  14.196  11.961 0.0000000000
123028  -50.694  14.399  11.959 0.0000000000
123027  -49.613  14.684  12.085 0.0000000000
123043  -49.222  15.341  11.264 0.0000000000
125834  -48.122  17.149  11.149 0.0000000000
125833  -46.867  17.085  10.826 0.0000000000
125848  -46.009  17.137  10.036 0.0000000000
124934  -44.822  17.003  9.230 0.0000000000
124933  -44.274  16.625  8.973 0.0000000000
124932  -43.580  16.047  9.112 0.0000000000
131513  -44.574  24.453  21.552 0.0000000000
130673  -44.821  23.657  21.100 0.0000000000
130674  -45.369  23.983  21.029 0.0000000000
130684  -45.509  23.598  20.640 0.0000000000
129861  -46.557  23.119  19.822 0.0000000000
130685  -46.742  23.689  20.150 0.0000000000
129043  -48.624  22.010  18.769 0.0000000000
129055  -49.455  21.515  18.557 0.0000000000
131534  -49.560  24.247  19.916 0.0000000000
130707  -50.286  23.089  18.795 0.0000000000
129867  -49.924  22.992  18.875 0.0000000000
129877  -50.152  22.443  18.599 0.0000000000
129056  -50.576  21.362  18.355 0.0000000000
128268  -51.721  20.365  17.839 0.0000000000
129068  -52.630  20.523  17.484 0.0000000000
128279  -53.953  20.611  16.867 0.0000000000
128289  -54.817  20.656  15.532 0.0000000000
129906  -54.379  21.696  16.212 0.0000000000
129096  -55.311  20.989  15.104 0.0000000000
128302  -55.414  20.444  14.920 0.0000000000
128314  -56.131  20.184  13.527 0.0000000000
127547  -55.734  19.526  11.721 0.0000000000
127566  -54.635  19.077  10.347 0.0000000000
126749  -54.229  18.875  9.754 0.0000000000
127565  -54.118  19.353  10.065 0.0000000000
126736  -52.861  18.973  9.799 0.0000000000
126725  -52.665  19.017  10.426 0.0000000000
127544  -53.191  19.379  11.717 0.0000000000
126713  -52.482  18.919  11.166 0.0000000000
126724  -51.917  18.854  10.326 0.0000000000
126723  -51.171  18.527  10.353 0.0000000000
125824  -50.032  17.776  11.399 0.0000000000
129091  -51.200  21.642  14.752 0.0000000000
128308  -51.119  20.492  14.479 0.0000000000
127522  -50.645  19.507  14.034 0.0000000000
128298  -49.695  20.740  15.029 0.0000000000
111719  -53.324  3.209  18.516 0.0000000000
111720  -54.580  3.229  18.705 0.0000000000
111721  -55.781  3.337  18.854 0.0000000000
108651  -57.145  1.195  17.811 0.0000000000
108652  -57.373  1.095  17.551 0.0000000000
110665  -57.708  2.599  17.931 0.0000000000
111724  -57.788  3.709  17.902 0.0000000000
112769  -58.536  4.886  18.883 0.0000000000
112782  -58.355  4.559  18.347 0.0000000000
112796  -58.464  5.572  17.575 0.0000000000
113861  -58.328  5.921  17.156 0.0000000000
114988  -57.930  6.619  16.690 0.0000000000
135101  -36.750  27.925  22.871 0.0000000000
136009  -36.845  28.745  21.897 0.0000000000
135116  -36.685  28.060  22.073 0.0000000000
134182  -36.598  27.151  22.391 0.0000000000
132351  -36.738  25.916  22.137 0.0000000000
131504  -36.891  24.355  22.238 0.0000000000
130666  -37.986  23.607  21.728 0.0000000000
130667  -38.755  23.577  21.594 0.0000000000
131508  -39.442  24.387  21.607 0.0000000000
131509  -40.397  24.366  21.609 0.0000000000
133247  -39.736  26.004  21.057 0.0000000000
132355  -40.094  25.206  21.464 0.0000000000
131510  -41.400  24.391  21.538 0.0000000000
131511  -42.458  24.430  21.453 0.0000000000
136739  -40.373  30.804  20.168 0.0000000000
134202  -41.750  27.637  20.253 0.0000000000
134203  -42.696  27.547  20.360 0.0000000000
133268  -42.170  26.804  20.813 0.0000000000
132359  -44.217  25.308  21.760 0.0000000000
134185  -45.613  26.936  21.330 0.0000000000
133254  -47.122  26.249  21.656 0.0000000000
134188  -48.656  27.023  22.184 0.0000000000
137499  -46.066  30.875  20.699 0.0000000000
136733  -46.197  30.248  20.699 0.0000000000
136014  -47.013  29.305  21.168 0.0000000000
137501  -47.616  30.971  21.150 0.0000000000
136724  -47.773  29.608  21.427 0.0000000000
136003  -47.759  28.657  21.683 0.0000000000
135104  -48.460  28.104  22.165 0.0000000000
134170  -49.005  27.570  22.472 0.0000000000
134189  -49.377  27.282  22.492 0.0000000000
133238  -50.054  27.327  22.664 0.0000000000
133239  -50.908  27.522  22.634 0.0000000000
134190  -51.896  28.029  22.056 0.0000000000
135998  -50.867  29.620  23.220 0.0000000000
135108  -51.595  28.887  22.611 0.0000000000
134205  -51.502  28.171  20.362 0.0000000000
137517  -51.206  31.466  21.302 0.0000000000
137516  -50.511  31.536  20.942 0.0000000000
141022  -49.401  35.501  21.344 0.0000000000
141023  -49.681  35.719  21.208 0.0000000000
140178  -50.156  35.322  21.091 0.0000000000
117192  -53.783  9.060  23.312 0.0000000000
118243  -54.538  9.533  24.182 0.0000000000
117210  -54.208  9.073  22.800 0.0000000000
117211  -55.010  9.207  22.936 0.0000000000
118266  -56.456  9.622  22.443 0.0000000000
121087  -54.806  12.129  25.955 0.0000000000
120123  -55.743  11.531  25.899 0.0000000000
120147  -55.469  11.496  24.310 0.0000000000
120148  -56.431  11.614  24.740 0.0000000000
120124  -56.491  11.387  25.652 0.0000000000
118246  -57.031  10.612  24.392 0.0000000000
118267  -57.210  10.078  22.827 0.0000000000
118272  -57.409  9.613  21.264 0.0000000000
118276  -58.237  8.999  20.507 0.0000000000
118282  -58.542  9.189  19.725 0.0000000000
118289  -58.601  9.193  18.910 0.0000000000
119264  -57.971  10.982  20.010 0.0000000000
117245  -58.848  8.539  18.336 0.0000000000
117244  -58.236  8.579  17.471 0.0000000000
116114  -58.081  7.361  16.909 0.0000000000
116113  -57.347  7.474  16.465 0.0000000000
122942  -45.257  13.759  21.703 0.0000000000
121110  -45.600  12.613  21.043 0.0000000000
121111  -46.342  12.452  21.279 0.0000000000
129850  -44.627  23.145  20.794 0.0000000000
128243  -44.547  21.056  19.777 0.0000000000
129040  -45.620  21.162  19.331 0.0000000000
128250  -45.051  20.342  19.225 0.0000000000
127473  -45.214  19.210  18.784 0.0000000000
126647  -45.658  18.317  18.694 0.0000000000
127489  -50.241  19.029  17.846 0.0000000000
126651  -49.035  18.774  17.910 0.0000000000
125776  -49.791  17.960  17.304 0.0000000000
126659  -48.908  18.122  17.709 0.0000000000
125766  -47.712  17.779  18.118 0.0000000000
125765  -46.987  17.511  18.286 0.0000000000
124829  -46.516  16.980  18.229 0.0000000000
124828  -45.994  16.434  18.389 0.0000000000
123879  -46.174  15.407  18.293 0.0000000000
122958  -45.777  14.660  18.374 0.0000000000
122034  -46.053  14.067  18.157 0.0000000000
122968  -47.134  14.594  17.685 0.0000000000
122042  -46.543  13.728  17.724 0.0000000000
121120  -45.587  12.844  18.476 0.0000000000
120189  -45.718  12.124  18.909 0.0000000000
120176  -46.544  11.432  20.022 0.0000000000
120163  -46.853  11.703  20.920 0.0000000000
120164  -47.838  11.527  21.188 0.0000000000
120178  -48.668  11.009  20.509 0.0000000000
120179  -49.563  10.867  20.862 0.0000000000
120207  -49.355  11.262  18.498 0.0000000000
120193  -49.911  10.901  19.664 0.0000000000
119256  -50.434  10.808  20.568 0.0000000000
119263  -51.337  11.044  19.808 0.0000000000
120181  -52.348  11.344  19.837 0.0000000000
120196  -52.998  11.629  19.279 0.0000000000
122066  -51.873  13.892  15.542 0.0000000000
122054  -51.601  13.348  16.053 0.0000000000
121135  -51.674  12.453  17.164 0.0000000000
121136  -52.178  12.379  17.131 0.0000000000
120210  -52.641  11.773  18.528 0.0000000000
120197  -53.985  11.821  19.486 0.0000000000
120212  -54.856  11.461  18.959 0.0000000000
118278  -55.616  10.426  18.058 0.0000000000
118284  -54.406  9.881  17.522 0.0000000000
118285  -55.157  9.790  17.779 0.0000000000
117242  -55.985  9.353  16.996 0.0000000000
116112  -56.251  7.596  16.223 0.0000000000
114984  -53.542  6.477  16.015 0.0000000000
117268  -52.968  8.335  15.646 0.0000000000
116127  -53.257  7.437  15.835 0.0000000000
114999  -52.566  6.542  15.835 0.0000000000
114998  -51.500  6.460  15.661 0.0000000000
120249  -51.338  10.887  14.192 0.0000000000
119301  -50.853  10.124  14.482 0.0000000000
118306  -50.357  8.632  14.872 0.0000000000
117265  -50.331  8.142  15.127 0.0000000000
116123  -49.897  7.403  15.385 0.0000000000
116122  -48.982  7.501  15.129 0.0000000000
116137  -48.092  7.545  14.741 0.0000000000
119298  -47.370  10.076  14.386 0.0000000000
118316  -47.007  9.304  14.471 0.0000000000
125874  -53.475  18.433  9.692 0.0000000000
124939  -51.935  17.715  9.230 0.0000000000
124917  -51.524  17.133  9.438 0.0000000000
125871  -50.993  18.107  9.006 0.0000000000
124916  -50.687  16.888  9.390 0.0000000000
123966  -49.700  16.420  9.706 0.0000000000
123949  -49.050  15.782  10.370 0.0000000000
123042  -48.224  15.154  10.688 0.0000000000
125868  -47.727  17.818  8.673 0.0000000000
124957  -46.272  17.130  7.486 0.0000000000
124001  -47.083  16.373  7.858 0.0000000000
124948  -47.644  16.539  7.960 0.0000000000
123977  -48.004  15.520  8.887 0.0000000000
123058  -47.652  14.977  9.741 0.0000000000
123025  -47.583  14.560  11.636 0.0000000000
122096  -46.707  13.710  11.929 0.0000000000
121180  -46.022  12.628  12.208 0.0000000000
121191  -45.990  12.955  11.141 0.0000000000
121179  -45.557  11.881  12.521 0.0000000000
109641  -56.881  1.492  18.092 0.0000000000
109642  -57.447  1.733  17.921 0.0000000000
111736  -52.832  2.935  18.404 0.0000000000
112768  -58.040  4.590  19.227 0.0000000000
112770  -58.694  5.222  18.415 0.0000000000
113850  -58.788  5.914  18.091 0.0000000000
113879  -52.871  4.910  15.941 0.0000000000
114980  -58.876  6.734  17.621 0.0000000000
114983  -53.048  6.069  15.998 0.0000000000
115000  -52.995  6.991  15.795 0.0000000000
116089  -57.825  6.937  20.088 0.0000000000
116103  -58.606  7.477  17.261 0.0000000000
117194  -55.283  9.386  23.445 0.0000000000
117217  -54.647  9.137  22.455 0.0000000000
117227  -58.132  8.303  20.454 0.0000000000
117234  -55.796  8.367  20.064 0.0000000000
117235  -56.761  7.920  20.108 0.0000000000
117237  -58.461  8.333  20.037 0.0000000000
117256  -58.189  7.873  17.108 0.0000000000
117266  -51.149  8.072  15.079 0.0000000000
117281  -50.699  8.539  14.865 0.0000000000
117283  -51.695  8.929  14.726 0.0000000000
118207  -56.278  10.745  26.241 0.0000000000
118208  -56.329  10.860  26.401 0.0000000000
118220  -56.035  10.430  25.678 0.0000000000
118221  -56.433  10.762  25.897 0.0000000000
118260  -55.737  9.467  23.169 0.0000000000
118262  -57.078  10.371  23.872 0.0000000000
118265  -55.399  9.342  22.308 0.0000000000
118269  -54.556  9.104  21.788 0.0000000000
118273  -57.896  8.783  20.713 0.0000000000
118275  -58.109  9.982  20.288 0.0000000000
118279  -56.083  10.533  18.055 0.0000000000
118286  -56.372  10.128  17.616 0.0000000000
118308  -52.828  9.273  15.742 0.0000000000
118315  -46.315  9.165  14.298 0.0000000000
118319  -50.437  9.150  14.651 0.0000000000
119188  -53.281  11.020  26.481 0.0000000000
119190  -55.926  10.897  26.706 0.0000000000
119191  -56.169  10.907  26.562 0.0000000000
119192  -56.474  10.980  26.225 0.0000000000
119208  -56.070  10.748  26.355 0.0000000000
119209  -56.811  10.965  25.523 0.0000000000
119233  -52.891  11.038  22.967 0.0000000000
119234  -57.047  10.877  24.722 0.0000000000
119235  -57.239  10.825  24.134 0.0000000000
119244  -51.183  10.994  22.192 0.0000000000
119247  -57.417  10.773  23.355 0.0000000000
119250  -50.675  10.869  21.462 0.0000000000
119262  -50.884  10.909  19.927 0.0000000000
119270  -57.752  11.177  19.085 0.0000000000
119273  -54.451  10.272  17.832 0.0000000000
119274  -56.470  10.638  18.073 0.0000000000
120079  -54.525  11.797  28.057 0.0000000000
120080  -55.167  11.872  27.935 0.0000000000
120090  -54.885  11.540  27.396 0.0000000000
120104  -56.024  11.106  26.603 0.0000000000
120105  -56.265  11.235  26.320 0.0000000000
120106  -56.590  11.169  25.941 0.0000000000
120125  -56.733  11.209  25.553 0.0000000000
120149  -56.926  11.292  24.832 0.0000000000
120150  -57.192  11.090  24.428 0.0000000000
120153  -49.727  11.708  22.449 0.0000000000
120156  -52.035  11.252  23.100 0.0000000000
120161  -57.279  11.241  23.934 0.0000000000
120177  -47.590  11.229  20.258 0.0000000000
120180  -51.708  11.225  19.686 0.0000000000
120182  -53.244  11.542  20.082 0.0000000000
120190  -46.382  11.647  19.101 0.0000000000
120203  -45.900  12.296  18.450 0.0000000000
120204  -46.287  12.008  18.459 0.0000000000
120215  -57.540  11.537  19.891 0.0000000000
120257  -45.844  11.300  13.534 0.0000000000
120259  -47.644  11.636  13.877 0.0000000000
121048  -54.244  12.328  28.284 0.0000000000
121049  -54.943  12.177  28.202 0.0000000000
121060  -55.237  12.168  27.632 0.0000000000
121061  -55.326  12.096  28.043 0.0000000000
121117  -45.930  11.945  20.639 0.0000000000
121122  -46.629  12.165  18.082 0.0000000000
121129  -45.777  13.295  18.213 0.0000000000
121130  -46.077  13.032  17.879 0.0000000000
121131  -46.981  12.553  17.624 0.0000000000
121142  -48.690  13.356  16.820 0.0000000000
121146  -52.390  12.645  16.519 0.0000000000
121165  -45.619  11.680  13.096 0.0000000000
121959  -52.838  13.250  28.071 0.0000000000
121962  -55.093  12.343  28.061 0.0000000000
121976  -54.877  12.976  27.337 0.0000000000
121977  -55.146  12.469  27.854 0.0000000000
122015  -46.300  13.657  21.886 0.0000000000
122022  -44.829  13.160  21.018 0.0000000000
122023  -45.964  13.329  21.599 0.0000000000
122028  -44.707  12.914  20.407 0.0000000000
122032  -44.835  13.971  18.813 0.0000000000
122033  -45.511  13.787  18.452 0.0000000000
122041  -45.996  13.566  18.096 0.0000000000
122067  -52.846  13.571  15.450 0.0000000000
122089  -50.423  12.997  12.752 0.0000000000
122091  -54.563  13.753  12.850 0.0000000000
122128  -46.164  14.549  9.275 0.0000000000
122872  -54.289  13.381  27.477 0.0000000000
122943  -45.757  13.759  21.781 0.0000000000
122978  -49.013  14.580  16.292 0.0000000000
123004  -54.899  14.647  13.597 0.0000000000
123016  -55.279  14.832  12.660 0.0000000000
123031  -53.838  14.079  12.193 0.0000000000
123032  -54.465  14.131  12.292 0.0000000000
123033  -54.892  14.286  12.456 0.0000000000
123034  -55.161  14.832  12.292 0.0000000000
123049  -54.786  14.647  12.033 0.0000000000
123066  -46.033  14.860  8.797 0.0000000000
123080  -47.058  15.131  8.656 0.0000000000
123792  -53.105  14.354  27.708 0.0000000000
123866  -43.930  15.148  19.128 0.0000000000
123877  -44.495  15.478  18.797 0.0000000000
123899  -48.674  15.105  16.551 0.0000000000
123932  -55.582  15.593  12.803 0.0000000000
123948  -48.612  15.597  10.081 0.0000000000
123956  -55.129  15.180  12.000 0.0000000000
123965  -48.858  16.139  9.652 0.0000000000
123979  -49.316  16.626  9.011 0.0000000000
123987  -43.842  16.155  7.740 0.0000000000
123988  -44.598  16.133  7.504 0.0000000000
123997  -44.143  16.588  7.639 0.0000000000
123999  -45.370  16.631  7.410 0.0000000000
124000  -46.350  16.545  7.553 0.0000000000
124815  -42.815  16.403  19.513 0.0000000000
124826  -44.116  16.380  18.922 0.0000000000
124836  -46.489  15.900  18.137 0.0000000000
124839  -48.661  16.634  17.228 0.0000000000
124845  -49.270  16.678  16.777 0.0000000000
124864  -51.397  16.667  14.792 0.0000000000
124879  -56.153  17.321  12.961 0.0000000000
124887  -56.262  17.182  12.572 0.0000000000
124899  -51.755  16.653  10.167 0.0000000000
124901  -53.362  16.572  10.777 0.0000000000
124919  -52.851  17.075  10.275 0.0000000000
124921  -55.350  17.109  11.125 0.0000000000
124935  -48.732  16.642  8.242 0.0000000000
124947  -44.845  17.256  7.835 0.0000000000
124949  -48.457  16.878  7.892 0.0000000000
124950  -49.331  17.856  7.528 0.0000000000
124954  -43.993  16.640  7.795 0.0000000000
124955  -44.445  16.914  7.664 0.0000000000
125762  -44.246  17.383  18.972 0.0000000000
125764  -46.160  17.497  18.495 0.0000000000
125783  -49.578  17.477  17.006 0.0000000000
125785  -50.788  18.071  16.478 0.0000000000
125793  -50.452  17.503  16.035 0.0000000000
125805  -52.408  17.839  14.545 0.0000000000
125809  -55.998  18.105  13.472 0.0000000000
125816  -56.016  17.545  13.188 0.0000000000
125837  -53.197  17.162  10.381 0.0000000000
125839  -56.413  17.977  11.516 0.0000000000
125847  -45.213  17.007  9.688 0.0000000000
125853  -52.422  17.717  9.469 0.0000000000
125856  -55.211  17.898  10.929 0.0000000000
125857  -55.896  18.159  11.073 0.0000000000
125865  -44.690  17.111  8.646 0.0000000000
125873  -52.536  18.201  9.421 0.0000000000
125875  -54.089  18.615  9.805 0.0000000000
125879  -44.888  17.335  8.229 0.0000000000
125883  -48.932  18.454  7.667 0.0000000000
125884  -49.697  18.314  7.310 0.0000000000
125887  -46.197  17.403  7.677 0.0000000000
125890  -49.135  18.271  7.372 0.0000000000
125891  -49.524  18.272  7.153 0.0000000000
126662  -51.007  18.897  17.248 0.0000000000
126694  -55.584  18.756  13.761 0.0000000000
126703  -56.433  18.688  12.962 0.0000000000
126714  -56.445  18.711  12.109 0.0000000000
126726  -55.608  18.864  11.168 0.0000000000
126738  -55.348  18.655  10.954 0.0000000000
126739  -55.753  18.466  11.117 0.0000000000
126744  -49.515  18.383  7.478 0.0000000000
126746  -52.282  18.532  9.494 0.0000000000
126748  -53.857  18.902  9.555 0.0000000000
126755  -49.407  18.457  7.457 0.0000000000
126756  -49.548  18.574  7.321 0.0000000000
126761  -49.591  18.423  7.149 0.0000000000
126762  -49.939  18.292  7.182 0.0000000000
127491  -51.587  19.601  17.348 0.0000000000
127500  -51.964  19.442  16.829 0.0000000000
127501  -52.591  19.669  16.561 0.0000000000
127513  -52.989  19.591  15.875 0.0000000000
127515  -54.592  19.926  15.048 0.0000000000
127517  -55.818  19.869  14.452 0.0000000000
127523  -51.391  19.777  13.823 0.0000000000
127524  -54.426  19.438  14.649 0.0000000000
127526  -55.743  19.368  14.154 0.0000000000
127534  -52.769  19.601  12.671 0.0000000000
127545  -53.802  19.794  11.441 0.0000000000
127546  -54.260  19.905  11.469 0.0000000000
127548  -56.023  19.419  11.914 0.0000000000
127558  -55.440  19.262  11.307 0.0000000000
127559  -55.846  19.136  11.492 0.0000000000
127564  -53.575  19.230  9.911 0.0000000000
127567  -55.101  18.979  10.844 0.0000000000
127572  -53.800  19.112  9.641 0.0000000000
127573  -54.115  19.108  9.718 0.0000000000
127574  -54.321  19.077  9.860 0.0000000000
128261  -45.566  19.685  18.844 0.0000000000
128278  -53.378  20.459  17.048 0.0000000000
128286  -53.105  20.150  16.735 0.0000000000
128288  -54.363  20.589  16.163 0.0000000000
128299  -50.505  21.001  14.839 0.0000000000
128300  -54.213  20.225  15.721 0.0000000000
128301  -54.752  20.333  15.342 0.0000000000
128303  -56.021  20.185  14.266 0.0000000000
128313  -55.826  20.742  14.309 0.0000000000
128327  -56.045  19.986  12.600 0.0000000000
128340  -55.635  19.872  11.997 0.0000000000
128341  -55.939  19.769  12.173 0.0000000000
128347  -55.216  19.774  11.557 0.0000000000
128348  -55.450  19.651  11.596 0.0000000000
129032  -43.996  22.218  20.594 0.0000000000
129041  -46.202  21.705  19.349 0.0000000000
129060  -53.553  21.279  17.421 0.0000000000
129069  -53.025  20.683  17.431 0.0000000000
129070  -53.685  20.942  17.312 0.0000000000
129080  -54.692  21.064  15.945 0.0000000000
129081  -55.048  20.802  15.360 0.0000000000
129094  -53.279  22.088  14.894 0.0000000000
129095  -54.777  21.405  15.295 0.0000000000
129107  -54.483  21.428  14.372 0.0000000000
129108  -55.353  21.253  14.401 0.0000000000
129118  -55.024  21.254  13.646 0.0000000000
129863  -46.157  22.337  19.599 0.0000000000
129876  -49.536  22.247  18.660 0.0000000000
129881  -53.413  21.446  17.478 0.0000000000
129893  -54.353  21.367  16.606 0.0000000000
129917  -52.524  22.371  15.435 0.0000000000
129927  -53.525  22.057  14.924 0.0000000000
129928  -53.828  21.956  14.924 0.0000000000
130695  -46.907  23.229  19.794 0.0000000000
130696  -47.547  23.365  19.692 0.0000000000
131500  -35.775  25.167  23.739 0.0000000000
131519  -45.651  24.131  20.937 0.0000000000
132335  -35.808  25.509  24.057 0.0000000000
132342  -35.776  25.383  23.864 0.0000000000
132343  -35.889  25.625  23.614 0.0000000000
132346  -36.306  25.452  22.642 0.0000000000
132347  -36.631  24.890  22.359 0.0000000000
132377  -51.770  26.373  19.976 0.0000000000
133240  -51.490  27.715  22.484 0.0000000000
133243  -36.561  26.303  22.371 0.0000000000
133245  -37.857  26.170  21.324 0.0000000000
133258  -51.429  27.304  21.949 0.0000000000
133262  -37.255  27.177  21.398 0.0000000000
133297  -49.859  26.488  16.973 0.0000000000
134157  -36.830  27.263  23.926 0.0000000000
134158  -37.230  27.544  24.240 0.0000000000
134159  -50.807  28.185  23.253 0.0000000000
134168  -47.525  27.369  21.817 0.0000000000
134172  -50.511  27.835  23.102 0.0000000000
134173  -51.322  28.097  22.986 0.0000000000
134198  -38.050  27.679  20.738 0.0000000000
135090  -36.836  27.630  23.419 0.0000000000
135093  -49.691  28.614  22.908 0.0000000000
135094  -49.926  28.650  23.077 0.0000000000
135096  -51.190  28.861  23.165 0.0000000000
135106  -50.120  28.177  23.188 0.0000000000
135117  -37.054  28.299  21.462 0.0000000000
135131  -37.650  28.437  20.923 0.0000000000
135997  -50.111  29.387  22.956 0.0000000000
135999  -51.376  29.730  22.950 0.0000000000
136001  -36.832  28.546  22.424 0.0000000000
136002  -37.153  29.239  22.396 0.0000000000
136011  -37.828  29.782  20.913 0.0000000000
136723  -38.088  30.706  22.419 0.0000000000
136727  -49.823  30.568  22.481 0.0000000000
136728  -51.621  30.727  22.129 0.0000000000
136735  -47.751  30.253  21.254 0.0000000000
137482  -38.818  31.146  23.434 0.0000000000
137485  -50.759  31.326  23.016 0.0000000000
137486  -51.183  31.380  22.888 0.0000000000
137490  -38.910  31.936  22.367 0.0000000000
137491  -48.322  30.898  21.375 0.0000000000
137492  -48.824  31.030  21.754 0.0000000000
137494  -51.419  31.433  22.452 0.0000000000
137502  -51.503  31.576  21.835 0.0000000000
137513  -46.314  31.527  20.649 0.0000000000
138332  -39.445  32.170  23.640 0.0000000000
138334  -50.284  31.859  22.899 0.0000000000
138336  -51.215  31.990  22.693 0.0000000000
138339  -38.904  32.038  22.993 0.0000000000
138344  -51.071  32.636  22.593 0.0000000000
138367  -51.318  31.987  21.493 0.0000000000
139215  -50.705  33.458  22.316 0.0000000000
140176  -48.027  34.822  20.458 0.0000000000
