#!ascii label  , from subject 4034 vox2ras=TkReg
967
70569  -36.165  -20.555  50.661 0.0000000000
65182  -21.565  -23.281  53.493 0.0000000000
62507  -28.744  -25.485  53.260 0.0000000000
95163  -43.850  0.266  30.893 0.0000000000
95225  -51.153  1.457  26.300 0.0000000000
63712  -15.125  -24.028  58.701 0.0000000000
91705  -41.146  -2.463  33.227 0.0000000000
71954  -38.873  -19.049  47.125 0.0000000000
65238  -33.068  -23.046  52.008 0.0000000000
65136  -18.376  -23.849  55.673 0.0000000000
61129  -18.326  -27.078  59.263 0.0000000000
67860  -31.178  -21.326  48.531 0.0000000000
70632  -31.249  -19.789  46.633 0.0000000000
65184  -24.950  -22.952  54.009 0.0000000000
65263  -29.317  -23.240  49.719 0.0000000000
82836  -36.730  -9.473  35.583 0.0000000000
86712  -40.275  -6.328  32.916 0.0000000000
88074  -44.314  -4.961  30.555 0.0000000000
56600  -10.452  -30.130  60.244 0.0000000000
55450  -7.476  -31.235  63.060 0.0000000000
73288  -32.528  -17.462  42.381 0.0000000000
77886  -33.532  -14.557  40.189 0.0000000000
79150  -34.889  -12.473  36.935 0.0000000000
58907  -14.547  -28.836  59.565 0.0000000000
63772  -21.728  -24.588  56.017 0.0000000000
66431  -22.799  -22.598  55.855 0.0000000000
69177  -34.969  -21.360  51.392 0.0000000000
69121  -20.712  -20.500  55.141 0.0000000000
65155  -19.687  -23.585  54.356 0.0000000000
62446  -20.531  -25.826  56.488 0.0000000000
69204  -30.575  -20.337  50.893 0.0000000000
66534  -30.446  -22.672  49.303 0.0000000000
86681  -36.445  -6.049  35.920 0.0000000000
85417  -38.993  -7.984  34.606 0.0000000000
88009  -37.805  -5.448  34.384 0.0000000000
90553  -41.732  -3.374  31.095 0.0000000000
91758  -43.744  -2.427  29.514 0.0000000000
90567  -46.345  -3.697  29.277 0.0000000000
92943  -45.596  -1.365  28.158 0.0000000000
92957  -47.528  -0.910  27.235 0.0000000000
73228  -29.594  -17.450  45.873 0.0000000000
71992  -32.298  -19.187  44.155 0.0000000000
74486  -30.463  -16.540  43.524 0.0000000000
77883  -31.095  -13.653  41.145 0.0000000000
80295  -32.257  -11.627  39.658 0.0000000000
77939  -33.624  -13.646  38.453 0.0000000000
81537  -33.112  -10.607  38.506 0.0000000000
82801  -34.264  -9.596  37.594 0.0000000000
63846  -26.550  -24.557  53.498 0.0000000000
61141  -12.420  -26.386  58.668 0.0000000000
61143  -14.627  -26.658  57.942 0.0000000000
52294  -8.536  -34.264  63.521 0.0000000000
51095  -6.806  -35.335  64.388 0.0000000000
89244  -39.217  -3.384  35.684 0.0000000000
71978  -38.539  -17.992  45.532 0.0000000000
63876  -31.014  -24.748  52.396 0.0000000000
65112  -16.625  -23.608  57.310 0.0000000000
61164  -16.743  -26.517  57.243 0.0000000000
61182  -18.520  -26.335  56.551 0.0000000000
97361  -53.156  2.805  25.144 0.0000000000
69222  -34.112  -20.657  49.483 0.0000000000
70614  -34.390  -19.828  47.705 0.0000000000
70593  -30.863  -20.104  48.023 0.0000000000
69159  -21.264  -20.826  53.293 0.0000000000
66464  -22.890  -22.633  53.361 0.0000000000
69186  -22.867  -20.926  51.820 0.0000000000
65209  -24.870  -22.728  51.481 0.0000000000
63900  -26.258  -24.201  51.156 0.0000000000
66497  -27.383  -22.422  51.044 0.0000000000
62556  -29.090  -25.244  50.705 0.0000000000
63945  -31.052  -24.285  49.736 0.0000000000
66536  -32.473  -22.780  49.524 0.0000000000
80337  -38.325  -11.574  35.870 0.0000000000
89281  -39.437  -4.160  32.553 0.0000000000
88059  -42.237  -5.644  31.680 0.0000000000
92968  -49.927  -0.903  26.227 0.0000000000
56598  -8.831  -30.512  61.065 0.0000000000
54399  -10.225  -32.499  63.669 0.0000000000
70635  -34.702  -19.765  46.645 0.0000000000
71995  -35.971  -18.535  44.500 0.0000000000
73273  -36.791  -17.481  43.416 0.0000000000
75645  -31.406  -15.507  41.709 0.0000000000
75647  -32.992  -15.939  41.016 0.0000000000
75632  -36.656  -16.043  42.433 0.0000000000
77889  -37.139  -15.056  40.985 0.0000000000
77923  -37.680  -14.414  39.197 0.0000000000
77963  -38.116  -13.514  37.654 0.0000000000
80335  -36.300  -11.366  35.944 0.0000000000
84106  -35.629  -8.308  36.505 0.0000000000
66414  -24.682  -22.269  56.422 0.0000000000
59958  -10.637  -26.694  60.561 0.0000000000
57731  -13.039  -29.362  59.930 0.0000000000
61127  -16.515  -27.800  59.448 0.0000000000
51093  -4.907  -35.381  65.289 0.0000000000
63795  -22.160  -24.210  55.233 0.0000000000
65113  -22.348  -23.325  56.797 0.0000000000
65138  -22.521  -23.470  55.409 0.0000000000
70550  -35.930  -20.905  51.106 0.0000000000
66448  -20.503  -22.036  53.637 0.0000000000
66447  -20.093  -22.261  54.272 0.0000000000
65156  -20.521  -23.930  53.977 0.0000000000
62484  -21.359  -25.067  54.862 0.0000000000
87991  -36.770  -5.526  36.291 0.0000000000
88008  -37.324  -5.409  34.953 0.0000000000
89242  -37.580  -4.669  35.249 0.0000000000
92903  -43.117  -0.909  31.177 0.0000000000
92902  -42.645  -1.637  30.674 0.0000000000
94075  -43.678  -1.008  29.696 0.0000000000
92927  -43.996  -1.564  29.318 0.0000000000
94066  -44.347  0.004  29.836 0.0000000000
95198  -45.415  0.378  28.719 0.0000000000
73252  -30.239  -17.265  44.521 0.0000000000
81495  -31.559  -11.128  40.906 0.0000000000
80308  -32.679  -11.588  39.034 0.0000000000
82767  -33.064  -9.616  39.658 0.0000000000
82768  -33.848  -9.019  39.353 0.0000000000
62506  -27.699  -25.343  53.545 0.0000000000
62486  -27.548  -25.029  54.687 0.0000000000
62487  -28.538  -25.396  54.331 0.0000000000
62400  -13.321  -25.049  58.688 0.0000000000
63730  -14.524  -24.632  58.124 0.0000000000
95232  -51.392  0.749  25.332 0.0000000000
52283  -7.685  -34.784  64.339 0.0000000000
71942  -38.730  -19.121  48.339 0.0000000000
71965  -38.515  -18.366  46.285 0.0000000000
65236  -31.826  -23.906  52.497 0.0000000000
66484  -32.960  -22.800  53.018 0.0000000000
66429  -18.643  -22.982  55.721 0.0000000000
66411  -17.960  -23.070  56.306 0.0000000000
66391  -17.396  -23.220  57.027 0.0000000000
65121  -17.306  -24.030  56.578 0.0000000000
63770  -17.238  -24.870  56.421 0.0000000000
62444  -18.292  -25.609  55.946 0.0000000000
62417  -21.124  -25.776  58.337 0.0000000000
62428  -20.539  -26.053  57.483 0.0000000000
69233  -32.826  -20.942  48.318 0.0000000000
70595  -32.954  -19.989  48.366 0.0000000000
69232  -31.613  -20.726  48.220 0.0000000000
71867  -21.660  -19.234  53.122 0.0000000000
69171  -22.363  -20.763  52.399 0.0000000000
71882  -22.999  -18.922  52.358 0.0000000000
69188  -24.871  -20.403  51.625 0.0000000000
67809  -25.242  -21.481  51.477 0.0000000000
63899  -25.644  -23.684  51.518 0.0000000000
65234  -25.742  -23.186  51.142 0.0000000000
66499  -29.258  -22.400  51.295 0.0000000000
66519  -28.499  -22.767  50.528 0.0000000000
63923  -27.443  -24.573  50.423 0.0000000000
63942  -28.349  -24.199  49.692 0.0000000000
63925  -29.609  -24.972  49.981 0.0000000000
63944  -30.180  -24.379  49.487 0.0000000000
67844  -30.912  -21.925  48.976 0.0000000000
66535  -31.402  -22.860  49.106 0.0000000000
67845  -31.829  -21.975  49.022 0.0000000000
67829  -33.648  -21.795  49.812 0.0000000000
81588  -37.905  -10.517  35.722 0.0000000000
81571  -38.794  -10.659  35.889 0.0000000000
82818  -38.492  -9.972  36.058 0.0000000000
85432  -39.479  -7.340  34.068 0.0000000000
85418  -40.014  -7.998  34.605 0.0000000000
90511  -40.703  -2.821  34.415 0.0000000000
90520  -39.338  -3.545  33.363 0.0000000000
91704  -40.438  -2.901  33.107 0.0000000000
89309  -42.878  -4.573  30.446 0.0000000000
89294  -41.635  -4.696  31.354 0.0000000000
88072  -42.787  -5.295  30.904 0.0000000000
88041  -43.900  -5.799  32.392 0.0000000000
92958  -48.394  -1.110  27.152 0.0000000000
95214  -48.650  0.790  27.143 0.0000000000
95223  -49.356  0.461  26.632 0.0000000000
57709  -9.628  -28.981  60.390 0.0000000000
57695  -9.066  -29.153  61.093 0.0000000000
56599  -9.416  -30.123  60.714 0.0000000000
54411  -10.255  -32.179  62.615 0.0000000000
54376  -9.729  -32.470  65.472 0.0000000000
70633  -32.407  -19.844  46.611 0.0000000000
70653  -32.799  -19.948  45.567 0.0000000000
73269  -32.180  -18.140  43.097 0.0000000000
70703  -34.127  -19.256  44.200 0.0000000000
73271  -34.411  -17.937  43.264 0.0000000000
73254  -35.941  -18.167  43.923 0.0000000000
73290  -34.663  -17.221  42.698 0.0000000000
77847  -30.752  -13.331  43.041 0.0000000000
77885  -32.619  -14.309  40.084 0.0000000000
76774  -32.121  -15.227  40.589 0.0000000000
76758  -33.144  -15.306  40.286 0.0000000000
75630  -34.806  -16.061  41.889 0.0000000000
75649  -35.099  -15.385  41.399 0.0000000000
76761  -36.436  -15.161  41.268 0.0000000000
77887  -35.599  -14.804  40.609 0.0000000000
77960  -34.486  -13.180  37.529 0.0000000000
77941  -35.865  -14.225  38.144 0.0000000000
79138  -35.882  -13.963  37.387 0.0000000000
77943  -37.880  -13.924  38.440 0.0000000000
79151  -36.179  -13.327  36.868 0.0000000000
79165  -36.777  -12.271  36.471 0.0000000000
79163  -35.133  -11.860  36.462 0.0000000000
84072  -35.343  -8.092  38.500 0.0000000000
84089  -35.098  -8.439  37.375 0.0000000000
85358  -35.483  -7.707  37.875 0.0000000000
66465  -23.700  -22.457  53.356 0.0000000000
67758  -24.009  -21.934  54.742 0.0000000000
65159  -24.811  -23.067  54.780 0.0000000000
58931  -13.244  -27.942  58.735 0.0000000000
58905  -12.370  -28.414  59.134 0.0000000000
57732  -14.060  -29.310  59.960 0.0000000000
60019  -17.374  -27.201  57.714 0.0000000000
59999  -16.282  -27.667  57.949 0.0000000000
61128  -17.344  -27.492  59.401 0.0000000000
63734  -22.223  -24.363  57.884 0.0000000000
65100  -22.445  -23.566  57.622 0.0000000000
66395  -22.813  -22.885  57.327 0.0000000000
67698  -23.637  -21.830  57.490 0.0000000000
67799  -33.784  -22.217  51.738 0.0000000000
66485  -33.719  -22.624  52.512 0.0000000000
69120  -19.982  -20.399  55.609 0.0000000000
66430  -19.405  -22.429  55.337 0.0000000000
65137  -19.064  -23.700  55.177 0.0000000000
62462  -18.777  -25.424  55.555 0.0000000000
62482  -20.180  -25.207  54.967 0.0000000000
62447  -21.284  -25.326  56.299 0.0000000000
67858  -30.160  -20.732  49.322 0.0000000000
69230  -30.239  -20.236  49.072 0.0000000000
66500  -29.867  -21.880  51.010 0.0000000000
66533  -29.806  -22.880  49.710 0.0000000000
67843  -30.294  -21.339  49.706 0.0000000000
84123  -36.434  -8.330  35.394 0.0000000000
84125  -38.291  -8.730  34.991 0.0000000000
85430  -37.545  -7.147  34.552 0.0000000000
86694  -38.135  -6.310  34.036 0.0000000000
86711  -39.314  -6.127  33.289 0.0000000000
91718  -41.438  -2.413  32.336 0.0000000000
91734  -41.690  -2.620  31.399 0.0000000000
91746  -42.346  -2.495  30.673 0.0000000000
90556  -43.865  -3.787  29.890 0.0000000000
89320  -45.507  -4.139  29.447 0.0000000000
90566  -45.271  -3.363  29.260 0.0000000000
91771  -45.394  -2.130  28.522 0.0000000000
91773  -47.286  -2.228  28.244 0.0000000000
94086  -46.167  -0.532  27.818 0.0000000000
95199  -46.146  0.422  28.097 0.0000000000
56601  -11.801  -30.593  60.275 0.0000000000
55471  -11.162  -31.303  61.055 0.0000000000
56579  -12.215  -30.776  62.302 0.0000000000
71972  -29.670  -18.544  45.410 0.0000000000
70676  -32.217  -19.413  44.832 0.0000000000
71990  -30.301  -18.186  44.747 0.0000000000
73268  -31.234  -17.850  43.578 0.0000000000
73287  -31.306  -17.318  42.594 0.0000000000
79090  -30.774  -12.288  42.609 0.0000000000
80246  -31.035  -11.304  42.162 0.0000000000
79113  -31.677  -12.487  40.554 0.0000000000
77918  -32.439  -13.326  39.554 0.0000000000
77919  -33.177  -13.825  39.188 0.0000000000
79123  -32.619  -12.604  39.048 0.0000000000
79136  -33.292  -12.550  38.337 0.0000000000
80320  -33.455  -11.535  37.927 0.0000000000
81553  -34.373  -10.561  37.043 0.0000000000
82800  -33.590  -9.879  38.150 0.0000000000
65161  -26.083  -23.876  53.838 0.0000000000
63820  -25.908  -23.871  55.282 0.0000000000
63821  -26.569  -24.258  54.839 0.0000000000
61142  -13.489  -26.488  58.334 0.0000000000
61124  -13.987  -27.375  58.481 0.0000000000
53355  -7.953  -33.533  62.517 0.0000000000
55449  -6.875  -31.656  63.393 0.0000000000
53341  -6.796  -33.566  63.551 0.0000000000
52292  -6.523  -34.453  64.014 0.0000000000
53329  -5.604  -34.063  64.851 0.0000000000
73240  -39.130  -17.406  45.359 0.0000000000
62509  -30.230  -25.174  52.778 0.0000000000
63799  -29.867  -24.772  54.312 0.0000000000
66371  -16.337  -22.922  58.056 0.0000000000
65111  -15.879  -23.962  57.408 0.0000000000
63747  -15.540  -24.689  57.103 0.0000000000
62441  -16.513  -25.408  56.688 0.0000000000
61165  -17.614  -26.635  57.337 0.0000000000
60002  -18.550  -27.267  58.147 0.0000000000
61183  -19.460  -26.329  56.610 0.0000000000
61149  -19.607  -26.559  57.924 0.0000000000
62415  -19.520  -26.024  59.178 0.0000000000
96326  -51.704  1.746  25.710 0.0000000000
70584  -35.188  -20.498  49.735 0.0000000000
70597  -35.269  -20.051  48.687 0.0000000000
70596  -34.168  -20.252  48.725 0.0000000000
70612  -32.136  -19.830  47.555 0.0000000000
70611  -31.071  -19.832  47.477 0.0000000000
70592  -29.970  -19.729  48.475 0.0000000000
70610  -29.999  -19.686  47.592 0.0000000000
70630  -29.266  -18.954  46.967 0.0000000000
71961  -28.811  -18.162  46.771 0.0000000000
66462  -21.024  -22.466  53.229 0.0000000000
65183  -22.357  -23.192  53.698 0.0000000000
67776  -22.205  -22.039  52.800 0.0000000000
67790  -22.739  -21.729  52.577 0.0000000000
67778  -23.946  -22.169  52.842 0.0000000000
70545  -24.348  -19.534  51.893 0.0000000000
67808  -24.342  -21.509  51.547 0.0000000000
66467  -24.805  -22.992  52.305 0.0000000000
63845  -25.857  -24.260  52.834 0.0000000000
63874  -26.387  -24.550  52.282 0.0000000000
62527  -28.034  -25.399  52.315 0.0000000000
66496  -26.467  -22.438  50.913 0.0000000000
63922  -26.793  -24.016  50.637 0.0000000000
62554  -27.563  -25.236  50.915 0.0000000000
62541  -28.629  -25.454  51.456 0.0000000000
62542  -29.589  -25.381  51.496 0.0000000000
62544  -31.176  -24.974  51.112 0.0000000000
65265  -32.201  -23.929  50.607 0.0000000000
65282  -30.793  -23.660  49.211 0.0000000000
65284  -32.341  -23.460  49.985 0.0000000000
66522  -32.620  -23.106  50.435 0.0000000000
67815  -33.709  -21.832  50.993 0.0000000000
69207  -34.347  -20.941  50.292 0.0000000000
69158  -20.804  -20.745  53.708 0.0000000000
84126  -39.405  -8.867  34.956 0.0000000000
89262  -38.840  -3.445  34.668 0.0000000000
89274  -38.626  -4.758  33.823 0.0000000000
88037  -39.922  -5.251  32.287 0.0000000000
90542  -40.604  -3.551  31.899 0.0000000000
88057  -40.466  -5.073  31.720 0.0000000000
86729  -41.278  -6.237  32.378 0.0000000000
86730  -42.353  -6.237  32.622 0.0000000000
94101  -50.825  -0.982  25.807 0.0000000000
95224  -50.151  0.726  26.316 0.0000000000
95216  -50.648  1.705  27.180 0.0000000000
57679  -8.178  -29.301  62.348 0.0000000000
55468  -8.392  -31.325  61.435 0.0000000000
55470  -10.502  -31.543  61.334 0.0000000000
54420  -9.795  -32.226  61.735 0.0000000000
54418  -8.151  -32.338  61.748 0.0000000000
53344  -9.198  -33.774  63.290 0.0000000000
70598  -36.243  -19.832  48.618 0.0000000000
70616  -36.411  -19.416  47.706 0.0000000000
71963  -36.603  -19.161  46.514 0.0000000000
70677  -33.181  -19.664  44.555 0.0000000000
71974  -35.038  -19.073  45.275 0.0000000000
71976  -36.885  -19.000  45.448 0.0000000000
71996  -37.189  -18.503  44.647 0.0000000000
73256  -37.442  -17.775  44.164 0.0000000000
73274  -37.675  -17.147  43.657 0.0000000000
74505  -30.589  -16.537  42.776 0.0000000000
73308  -31.783  -17.013  41.930 0.0000000000
76743  -30.882  -14.039  41.496 0.0000000000
75646  -32.185  -15.878  41.288 0.0000000000
74507  -33.162  -16.938  41.966 0.0000000000
74509  -34.810  -16.451  42.162 0.0000000000
74511  -36.450  -16.571  42.668 0.0000000000
77921  -35.485  -14.483  39.116 0.0000000000
77906  -37.415  -14.705  40.063 0.0000000000
79153  -38.375  -12.879  37.043 0.0000000000
80336  -37.293  -11.605  35.955 0.0000000000
81569  -36.483  -10.428  35.734 0.0000000000
81567  -35.006  -10.503  36.515 0.0000000000
82816  -35.986  -9.764  35.877 0.0000000000
82835  -35.885  -8.916  35.818 0.0000000000
85400  -35.835  -7.324  36.234 0.0000000000
86668  -36.129  -6.374  36.824 0.0000000000
66432  -23.300  -22.322  55.262 0.0000000000
67719  -23.663  -21.636  56.415 0.0000000000
65124  -25.754  -23.749  56.797 0.0000000000
58903  -10.545  -28.227  59.554 0.0000000000
61122  -11.492  -26.432  59.342 0.0000000000
58904  -11.355  -28.284  59.209 0.0000000000
57730  -11.934  -29.459  59.518 0.0000000000
56602  -13.062  -30.280  60.612 0.0000000000
61162  -15.096  -26.105  57.666 0.0000000000
61144  -15.657  -27.633  57.957 0.0000000000
59978  -15.211  -28.449  59.339 0.0000000000
51077  -6.547  -35.902  65.831 0.0000000000
51094  -5.824  -35.480  64.867 0.0000000000
52271  -5.008  -34.475  65.855 0.0000000000
70585  -36.123  -20.022  49.663 0.0000000000
63819  -21.753  -24.286  54.604 0.0000000000
65158  -22.158  -23.718  54.399 0.0000000000
65181  -20.792  -23.297  53.524 0.0000000000
66461  -20.471  -22.675  53.590 0.0000000000
65157  -21.315  -23.900  54.003 0.0000000000
87976  -37.138  -5.085  36.876 0.0000000000
87992  -37.044  -5.292  35.782 0.0000000000
89227  -37.606  -4.473  36.162 0.0000000000
94055  -43.597  0.070  31.204 0.0000000000
94065  -43.629  -0.395  30.278 0.0000000000
94076  -44.182  -0.731  29.425 0.0000000000
94067  -44.738  0.307  29.621 0.0000000000
82766  -32.504  -10.017  40.133 0.0000000000
96332  -51.998  1.420  25.020 0.0000000000
71955  -39.564  -18.436  47.327 0.0000000000
71964  -37.706  -18.817  46.411 0.0000000000
65237  -32.383  -23.556  51.747 0.0000000000
65212  -32.419  -23.401  52.956 0.0000000000
65213  -32.866  -23.023  52.426 0.0000000000
66412  -18.844  -22.135  56.533 0.0000000000
66410  -17.602  -23.568  56.523 0.0000000000
65122  -17.805  -23.995  56.105 0.0000000000
63771  -17.712  -24.822  56.121 0.0000000000
63792  -18.249  -24.748  55.723 0.0000000000
67861  -32.083  -21.326  48.658 0.0000000000
71881  -22.526  -19.188  52.477 0.0000000000
69189  -25.645  -20.776  51.732 0.0000000000
66495  -25.580  -22.298  51.231 0.0000000000
65262  -28.717  -23.267  49.899 0.0000000000
65279  -28.452  -23.696  49.708 0.0000000000
65280  -28.954  -23.746  49.568 0.0000000000
63943  -29.231  -24.361  49.577 0.0000000000
81587  -37.266  -10.384  35.624 0.0000000000
81570  -38.247  -10.192  36.029 0.0000000000
82837  -37.910  -9.698  35.765 0.0000000000
86696  -39.740  -6.742  33.578 0.0000000000
85433  -40.579  -7.285  33.763 0.0000000000
85442  -40.827  -6.835  33.140 0.0000000000
91698  -41.256  -2.718  33.959 0.0000000000
90522  -40.679  -2.798  33.684 0.0000000000
89310  -43.740  -4.408  30.295 0.0000000000
88073  -43.549  -5.204  30.705 0.0000000000
70634  -33.586  -19.844  46.639 0.0000000000
73270  -33.313  -18.174  43.083 0.0000000000
73289  -33.703  -17.488  42.504 0.0000000000
76759  -34.428  -14.950  40.703 0.0000000000
76760  -35.480  -14.986  40.898 0.0000000000
76776  -34.685  -14.714  40.382 0.0000000000
79137  -35.262  -13.609  37.401 0.0000000000
79164  -35.747  -12.153  36.395 0.0000000000
66451  -24.221  -22.583  54.442 0.0000000000
59977  -14.283  -28.094  59.003 0.0000000000
58906  -13.492  -28.468  59.214 0.0000000000
57733  -14.846  -29.344  60.099 0.0000000000
60001  -17.973  -27.340  58.394 0.0000000000
59980  -17.671  -27.491  58.906 0.0000000000
56567  -7.677  -30.400  63.256 0.0000000000
71941  -37.849  -19.367  48.520 0.0000000000
63750  -21.904  -24.959  57.079 0.0000000000
63751  -22.003  -24.035  56.938 0.0000000000
65123  -22.427  -23.138  56.148 0.0000000000
66413  -22.609  -22.744  56.603 0.0000000000
67697  -23.183  -22.333  57.877 0.0000000000
67718  -22.831  -21.961  56.844 0.0000000000
67800  -34.580  -21.712  52.090 0.0000000000
70477  -20.368  -19.985  55.668 0.0000000000
67734  -19.967  -21.270  55.053 0.0000000000
63816  -19.539  -24.632  54.845 0.0000000000
62465  -21.374  -25.226  55.380 0.0000000000
69220  -29.776  -20.105  49.844 0.0000000000
85415  -36.547  -7.147  35.239 0.0000000000
85429  -37.083  -7.616  34.735 0.0000000000
85416  -37.105  -6.648  34.865 0.0000000000
86693  -37.455  -6.180  34.633 0.0000000000
86710  -38.697  -5.960  33.600 0.0000000000
88021  -38.374  -5.360  33.907 0.0000000000
91719  -42.322  -1.950  32.250 0.0000000000
91735  -42.525  -1.769  31.382 0.0000000000
92915  -42.725  -1.966  30.340 0.0000000000
91747  -43.156  -2.485  30.183 0.0000000000
90555  -43.108  -3.505  30.275 0.0000000000
90564  -43.628  -3.126  29.845 0.0000000000
90565  -44.375  -3.354  29.493 0.0000000000
92928  -44.786  -1.341  28.732 0.0000000000
91770  -44.990  -1.911  28.603 0.0000000000
92942  -45.190  -1.691  28.494 0.0000000000
92944  -46.773  -1.341  27.674 0.0000000000
96298  -45.339  0.764  28.938 0.0000000000
71973  -30.548  -18.979  45.103 0.0000000000
73267  -30.520  -17.206  43.836 0.0000000000
73253  -30.708  -17.860  44.207 0.0000000000
73286  -30.556  -17.213  43.118 0.0000000000
80282  -31.904  -11.725  40.418 0.0000000000
80281  -31.549  -11.798  40.955 0.0000000000
77901  -32.041  -13.398  40.095 0.0000000000
79114  -32.125  -12.523  39.887 0.0000000000
81536  -32.733  -11.079  38.797 0.0000000000
79135  -32.984  -12.064  38.809 0.0000000000
80309  -33.029  -11.564  38.565 0.0000000000
81552  -33.700  -10.584  37.649 0.0000000000
82785  -33.959  -9.167  38.441 0.0000000000
62467  -28.481  -25.329  55.375 0.0000000000
62466  -27.823  -25.171  55.737 0.0000000000
62413  -13.872  -25.492  58.163 0.0000000000
62412  -13.107  -25.715  58.557 0.0000000000
52306  -8.177  -34.105  62.860 0.0000000000
53342  -7.382  -33.514  62.898 0.0000000000
52305  -7.717  -33.927  62.907 0.0000000000
53330  -6.259  -33.497  64.558 0.0000000000
51102  -6.235  -35.002  64.323 0.0000000000
73231  -39.230  -17.971  46.123 0.0000000000
73232  -40.097  -17.480  46.066 0.0000000000
73241  -39.834  -16.905  45.480 0.0000000000
62530  -30.590  -25.065  52.355 0.0000000000
63848  -30.141  -25.054  53.115 0.0000000000
63849  -30.666  -24.831  53.107 0.0000000000
66372  -16.861  -22.648  57.900 0.0000000000
65099  -16.416  -23.099  57.820 0.0000000000
65098  -15.917  -23.351  58.027 0.0000000000
63748  -16.204  -24.345  56.773 0.0000000000
62443  -17.777  -25.574  56.455 0.0000000000
62442  -17.145  -25.558  56.696 0.0000000000
61181  -17.805  -26.094  56.986 0.0000000000
60020  -18.125  -27.152  57.719 0.0000000000
61166  -18.343  -26.685  57.303 0.0000000000
62445  -19.839  -25.917  56.366 0.0000000000
61196  -19.484  -25.945  56.132 0.0000000000
61184  -20.074  -26.147  56.871 0.0000000000
62416  -20.018  -25.965  58.418 0.0000000000
70583  -34.486  -20.516  49.489 0.0000000000
69234  -33.643  -20.615  48.678 0.0000000000
70594  -31.940  -20.146  48.005 0.0000000000
70582  -29.745  -19.567  49.221 0.0000000000
71940  -28.734  -18.020  48.425 0.0000000000
70609  -29.215  -18.974  48.015 0.0000000000
70631  -30.219  -19.528  46.766 0.0000000000
67775  -21.554  -21.652  52.999 0.0000000000
69170  -21.701  -20.791  52.795 0.0000000000
69172  -22.884  -20.190  52.155 0.0000000000
67806  -23.058  -21.433  52.194 0.0000000000
67791  -23.470  -21.948  52.520 0.0000000000
67807  -23.474  -21.418  51.796 0.0000000000
66494  -24.927  -22.234  51.374 0.0000000000
67792  -24.024  -22.025  52.244 0.0000000000
66478  -24.610  -22.542  51.888 0.0000000000
65210  -25.012  -23.272  51.735 0.0000000000
63873  -25.616  -24.041  52.039 0.0000000000
63875  -27.162  -24.957  52.770 0.0000000000
63901  -27.140  -25.042  51.535 0.0000000000
67812  -27.668  -22.160  51.460 0.0000000000
67795  -27.834  -21.871  51.814 0.0000000000
67811  -27.187  -21.894  51.466 0.0000000000
66517  -27.030  -22.922  50.645 0.0000000000
63924  -28.606  -24.901  50.072 0.0000000000
62555  -28.143  -25.317  50.708 0.0000000000
62540  -27.861  -25.392  51.342 0.0000000000
63926  -30.554  -24.864  50.116 0.0000000000
62558  -30.825  -25.086  50.770 0.0000000000
63927  -31.428  -24.553  50.552 0.0000000000
63928  -31.930  -24.436  50.993 0.0000000000
65264  -31.703  -24.085  50.219 0.0000000000
66523  -33.223  -22.499  50.214 0.0000000000
69221  -33.715  -21.266  49.027 0.0000000000
69206  -33.875  -21.060  49.883 0.0000000000
69223  -34.570  -20.619  49.905 0.0000000000
70512  -21.450  -19.940  53.220 0.0000000000
70495  -21.166  -19.814  54.430 0.0000000000
70511  -21.109  -20.404  53.504 0.0000000000
67774  -20.879  -21.491  53.433 0.0000000000
79168  -39.400  -12.335  36.671 0.0000000000
81572  -39.923  -10.493  35.992 0.0000000000
84137  -38.177  -7.825  34.630 0.0000000000
89243  -38.253  -3.807  35.620 0.0000000000
90530  -39.380  -3.568  33.037 0.0000000000
89275  -38.894  -3.926  33.463 0.0000000000
88036  -39.216  -4.807  32.816 0.0000000000
91733  -40.977  -2.872  31.745 0.0000000000
90543  -41.388  -3.644  31.538 0.0000000000
88058  -41.213  -5.463  31.647 0.0000000000
88038  -40.654  -5.620  32.021 0.0000000000
86742  -41.651  -5.916  31.894 0.0000000000
86743  -41.889  -6.131  32.058 0.0000000000
88039  -42.515  -5.934  32.186 0.0000000000
94094  -48.908  -0.324  26.767 0.0000000000
92959  -49.482  -1.338  26.843 0.0000000000
95215  -49.600  1.403  27.007 0.0000000000
95231  -50.773  0.542  25.832 0.0000000000
56587  -8.893  -29.849  61.236 0.0000000000
57694  -8.687  -29.285  61.729 0.0000000000
56586  -8.364  -30.064  61.556 0.0000000000
56576  -7.774  -30.209  62.220 0.0000000000
56588  -11.094  -31.123  61.583 0.0000000000
56577  -10.891  -31.050  62.011 0.0000000000
54419  -8.914  -32.489  61.510 0.0000000000
54410  -9.343  -33.003  62.612 0.0000000000
54409  -8.403  -32.984  62.143 0.0000000000
54386  -9.416  -33.156  65.071 0.0000000000
70615  -35.474  -19.756  47.661 0.0000000000
70636  -35.760  -19.431  46.677 0.0000000000
70637  -36.390  -19.251  47.077 0.0000000000
71994  -34.868  -18.878  44.686 0.0000000000
70678  -34.273  -19.467  44.725 0.0000000000
71975  -35.700  -19.026  45.552 0.0000000000
73272  -35.611  -17.653  43.479 0.0000000000
73255  -36.497  -18.065  43.984 0.0000000000
75629  -30.702  -15.472  42.738 0.0000000000
74506  -31.169  -16.414  42.090 0.0000000000
77868  -30.778  -13.402  41.873 0.0000000000
77882  -30.961  -13.856  41.330 0.0000000000
75657  -32.594  -15.546  40.554 0.0000000000
76773  -31.946  -15.192  41.002 0.0000000000
74529  -32.719  -16.434  41.518 0.0000000000
74530  -33.582  -16.443  41.592 0.0000000000
74508  -34.021  -16.828  42.115 0.0000000000
74531  -34.200  -16.435  41.779 0.0000000000
75631  -35.338  -15.932  41.970 0.0000000000
74510  -35.817  -16.504  42.457 0.0000000000
75611  -37.113  -16.185  42.898 0.0000000000
77920  -34.301  -14.397  39.125 0.0000000000
77922  -36.607  -14.425  39.180 0.0000000000
77944  -38.812  -13.715  38.463 0.0000000000
77964  -39.037  -13.419  37.554 0.0000000000
80349  -36.964  -11.018  35.537 0.0000000000
82814  -34.779  -9.882  36.989 0.0000000000
82815  -35.397  -9.457  36.580 0.0000000000
84122  -35.907  -8.112  35.851 0.0000000000
66449  -23.011  -23.140  54.654 0.0000000000
66450  -23.614  -22.537  54.492 0.0000000000
67738  -24.285  -21.847  54.996 0.0000000000
67737  -23.751  -21.687  55.295 0.0000000000
67720  -24.298  -21.754  55.901 0.0000000000
67699  -24.290  -21.843  56.955 0.0000000000
63796  -26.040  -24.161  55.920 0.0000000000
65140  -25.505  -23.542  55.713 0.0000000000
63774  -26.338  -24.317  56.802 0.0000000000
62469  -29.945  -24.883  55.460 0.0000000000
59956  -9.901  -27.681  60.395 0.0000000000
59957  -10.311  -27.363  60.185 0.0000000000
61123  -12.085  -25.890  59.159 0.0000000000
61140  -11.886  -26.831  58.774 0.0000000000
59975  -11.747  -27.762  58.918 0.0000000000
56610  -12.622  -30.035  59.988 0.0000000000
56611  -12.993  -29.891  60.222 0.0000000000
62426  -16.030  -25.700  56.929 0.0000000000
62425  -15.340  -25.589  57.426 0.0000000000
61163  -15.726  -26.655  57.474 0.0000000000
61145  -16.387  -27.910  58.581 0.0000000000
59998  -15.963  -27.647  57.812 0.0000000000
61126  -15.794  -28.164  58.901 0.0000000000
96327  -52.591  2.036  25.357 0.0000000000
49937  -5.452  -36.405  65.217 0.0000000000
49928  -5.805  -36.520  65.645 0.0000000000
52281  -5.411  -34.687  65.265 0.0000000000
63773  -22.181  -23.787  56.091 0.0000000000
69193  -35.489  -21.195  51.082 0.0000000000
67757  -20.475  -21.348  54.069 0.0000000000
67756  -20.284  -21.504  54.543 0.0000000000
65180  -20.196  -23.196  53.764 0.0000000000
63817  -20.287  -24.590  54.487 0.0000000000
63818  -21.139  -24.576  54.509 0.0000000000
63794  -21.766  -24.815  55.026 0.0000000000
70567  -30.759  -19.662  51.521 0.0000000000
86682  -36.879  -6.080  35.154 0.0000000000
89260  -37.630  -4.948  34.707 0.0000000000
92916  -43.226  -1.494  30.080 0.0000000000
92929  -45.133  -0.806  28.466 0.0000000000
94085  -45.521  -0.337  28.322 0.0000000000
94077  -44.845  -0.197  28.993 0.0000000000
95185  -45.137  0.667  29.408 0.0000000000
73239  -29.781  -17.517  45.241 0.0000000000
74454  -30.302  -16.583  45.070 0.0000000000
74472  -30.538  -16.372  44.340 0.0000000000
81496  -32.028  -10.764  40.349 0.0000000000
81517  -32.570  -10.628  39.357 0.0000000000
81518  -32.972  -10.096  39.068 0.0000000000
82784  -33.349  -9.672  38.831 0.0000000000
62505  -27.068  -25.108  53.904 0.0000000000
62485  -26.923  -24.764  54.232 0.0000000000
63729  -13.814  -24.639  58.522 0.0000000000
62414  -14.704  -25.545  57.761 0.0000000000
94107  -51.028  0.091  25.677 0.0000000000
95233  -52.032  0.108  24.793 0.0000000000
52284  -8.456  -34.279  64.599 0.0000000000
51087  -7.129  -35.436  65.102 0.0000000000
73217  -39.241  -18.446  46.708 0.0000000000
63903  -31.493  -24.507  51.681 0.0000000000
63877  -31.370  -24.430  52.807 0.0000000000
66471  -32.741  -22.964  53.586 0.0000000000
66392  -17.878  -22.334  57.237 0.0000000000
62429  -21.292  -25.612  57.312 0.0000000000
62403  -20.826  -25.669  59.154 0.0000000000
70526  -21.865  -20.266  52.648 0.0000000000
70527  -22.202  -19.712  52.540 0.0000000000
70546  -25.135  -19.317  51.727 0.0000000000
65233  -25.160  -22.767  51.303 0.0000000000
66498  -28.280  -22.353  51.472 0.0000000000
66518  -27.701  -22.879  50.601 0.0000000000
65260  -27.207  -23.590  50.469 0.0000000000
65261  -27.934  -23.534  49.985 0.0000000000
66537  -33.112  -22.247  49.616 0.0000000000
67846  -32.867  -21.782  49.103 0.0000000000
80338  -39.608  -11.693  36.330 0.0000000000
82819  -39.157  -10.022  35.963 0.0000000000
89263  -39.901  -2.918  34.855 0.0000000000
89276  -39.382  -3.374  34.153 0.0000000000
90510  -40.166  -2.944  34.338 0.0000000000
90521  -39.872  -3.198  33.691 0.0000000000
90531  -40.006  -3.460  32.602 0.0000000000
90554  -42.274  -3.669  30.765 0.0000000000
90544  -41.948  -4.015  31.266 0.0000000000
89295  -42.262  -4.714  30.972 0.0000000000
88040  -42.930  -5.856  32.265 0.0000000000
88060  -43.297  -5.572  31.561 0.0000000000
88061  -44.438  -5.467  31.461 0.0000000000
94092  -47.303  -0.215  27.288 0.0000000000
94093  -48.013  -0.172  26.941 0.0000000000
94099  -49.640  -0.333  26.334 0.0000000000
54387  -10.058  -32.564  64.751 0.0000000000
70613  -33.248  -19.823  47.687 0.0000000000
70654  -33.967  -19.938  45.581 0.0000000000
72011  -31.979  -18.631  43.741 0.0000000000
72012  -32.955  -19.045  43.614 0.0000000000
72013  -34.131  -18.867  43.800 0.0000000000
72014  -35.116  -18.378  43.907 0.0000000000
76744  -30.766  -14.415  42.156 0.0000000000
77884  -31.754  -14.010  40.527 0.0000000000
76757  -32.098  -14.919  40.120 0.0000000000
76775  -32.472  -15.305  40.294 0.0000000000
75648  -34.271  -15.851  41.455 0.0000000000
76745  -35.994  -15.502  41.632 0.0000000000
76746  -36.872  -15.378  41.914 0.0000000000
77888  -36.024  -14.808  40.702 0.0000000000
77959  -33.837  -13.280  37.816 0.0000000000
77940  -34.634  -13.980  38.122 0.0000000000
77942  -36.969  -14.422  38.267 0.0000000000
77961  -36.417  -14.052  37.579 0.0000000000
77962  -37.197  -13.853  37.524 0.0000000000
79152  -37.397  -12.986  37.044 0.0000000000
80334  -35.411  -11.302  36.290 0.0000000000
84088  -34.678  -8.976  37.540 0.0000000000
82802  -34.878  -9.285  37.241 0.0000000000
85380  -35.621  -7.531  37.213 0.0000000000
66476  -23.252  -22.341  52.841 0.0000000000
67759  -24.178  -22.100  54.729 0.0000000000
66433  -24.705  -22.598  55.487 0.0000000000
59997  -13.099  -27.372  58.526 0.0000000000
59996  -12.262  -27.431  58.722 0.0000000000
58930  -12.866  -27.989  58.717 0.0000000000
60018  -16.549  -27.245  57.667 0.0000000000
60000  -17.126  -27.615  58.479 0.0000000000
61146  -16.916  -27.905  59.001 0.0000000000
71953  -37.711  -19.247  47.421 0.0000000000
63716  -22.245  -24.498  58.914 0.0000000000
65082  -22.550  -23.735  58.553 0.0000000000
66376  -23.057  -23.152  58.195 0.0000000000
66502  -33.078  -22.728  51.344 0.0000000000
67715  -19.520  -21.023  56.256 0.0000000000
63793  -18.830  -24.709  55.244 0.0000000000
62463  -19.648  -25.550  55.605 0.0000000000
62483  -20.876  -25.218  54.816 0.0000000000
62464  -20.686  -25.536  55.541 0.0000000000
63733  -21.874  -25.188  58.154 0.0000000000
67859  -30.388  -21.115  48.806 0.0000000000
69231  -30.645  -20.552  48.426 0.0000000000
66520  -29.346  -22.659  50.314 0.0000000000
66521  -30.074  -22.162  50.141 0.0000000000
67828  -30.208  -21.317  50.703 0.0000000000
84124  -37.281  -8.758  35.189 0.0000000000
84135  -36.831  -8.069  34.787 0.0000000000
84136  -37.519  -8.048  34.752 0.0000000000
85431  -38.524  -7.254  34.181 0.0000000000
86695  -38.970  -6.658  33.733 0.0000000000
91745  -41.833  -2.997  30.824 0.0000000000
89311  -44.672  -4.356  29.878 0.0000000000
89319  -44.939  -3.858  29.437 0.0000000000
91759  -44.708  -2.411  28.903 0.0000000000
91760  -45.713  -2.824  28.919 0.0000000000
92956  -47.063  -0.738  27.340 0.0000000000
95211  -46.472  -0.054  27.699 0.0000000000
94091  -46.758  -0.436  27.507 0.0000000000
95212  -46.871  0.262  27.596 0.0000000000
55478  -11.394  -31.015  60.780 0.0000000000
56578  -11.430  -30.973  62.080 0.0000000000
70651  -30.386  -19.346  45.864 0.0000000000
70652  -31.475  -19.672  45.475 0.0000000000
71991  -31.261  -18.833  44.377 0.0000000000
79104  -31.069  -12.386  41.359 0.0000000000
80265  -31.364  -11.250  41.405 0.0000000000
77900  -31.427  -13.177  40.657 0.0000000000
77902  -33.004  -13.950  39.938 0.0000000000
77903  -34.072  -14.416  40.043 0.0000000000
79124  -33.096  -13.195  38.695 0.0000000000
79149  -33.937  -12.442  37.562 0.0000000000
80321  -34.090  -11.496  37.214 0.0000000000
84071  -34.560  -8.702  38.011 0.0000000000
65160  -25.523  -23.538  54.604 0.0000000000
63797  -26.782  -24.489  56.033 0.0000000000
63822  -27.280  -24.706  55.502 0.0000000000
59976  -13.609  -27.851  58.759 0.0000000000
61110  -18.660  -26.444  60.245 0.0000000000
54408  -7.645  -32.706  62.333 0.0000000000
55458  -7.299  -31.906  62.578 0.0000000000
54396  -6.974  -32.674  62.992 0.0000000000
54395  -6.591  -32.535  63.892 0.0000000000
52293  -7.334  -34.482  63.463 0.0000000000
54384  -6.429  -32.201  64.941 0.0000000000
53319  -6.153  -32.894  65.242 0.0000000000
89245  -40.405  -3.773  36.012 0.0000000000
89264  -41.300  -3.417  35.391 0.0000000000
90512  -41.753  -2.823  34.641 0.0000000000
74460  -39.355  -16.525  44.747 0.0000000000
62508  -29.672  -25.319  53.038 0.0000000000
62488  -29.373  -25.213  53.938 0.0000000000
63823  -29.984  -24.861  53.562 0.0000000000
63824  -30.463  -24.483  54.022 0.0000000000
66354  -16.299  -22.824  58.470 0.0000000000
63732  -15.570  -23.775  58.048 0.0000000000
63731  -15.294  -24.212  57.913 0.0000000000
65110  -15.570  -24.174  57.563 0.0000000000
63768  -16.088  -25.011  56.565 0.0000000000
62427  -16.721  -25.877  56.876 0.0000000000
61147  -18.522  -27.174  58.574 0.0000000000
61195  -19.034  -26.110  55.863 0.0000000000
61168  -19.844  -26.348  57.439 0.0000000000
61167  -19.143  -26.714  57.395 0.0000000000
61148  -19.144  -26.825  58.468 0.0000000000
61130  -19.098  -26.448  59.556 0.0000000000
70591  -29.374  -18.879  48.878 0.0000000000
70650  -29.633  -19.031  46.166 0.0000000000
71971  -29.167  -18.383  46.140 0.0000000000
73227  -29.178  -17.625  46.327 0.0000000000
73210  -28.891  -17.471  47.285 0.0000000000
66463  -21.907  -22.614  53.085 0.0000000000
67789  -22.087  -21.387  52.658 0.0000000000
66477  -23.513  -22.321  52.857 0.0000000000
66466  -24.462  -22.607  53.050 0.0000000000
70529  -23.557  -19.541  52.173 0.0000000000
69187  -23.655  -20.437  51.738 0.0000000000
65185  -25.345  -23.514  53.074 0.0000000000
65186  -25.911  -24.101  53.311 0.0000000000
63847  -27.119  -24.997  53.443 0.0000000000
67810  -26.269  -21.565  51.790 0.0000000000
65235  -26.524  -23.423  50.743 0.0000000000
62528  -29.123  -25.551  52.308 0.0000000000
62529  -29.999  -25.384  52.262 0.0000000000
62557  -30.052  -25.167  50.741 0.0000000000
62543  -30.611  -25.142  51.546 0.0000000000
63902  -30.904  -24.833  51.988 0.0000000000
63904  -32.063  -24.175  51.232 0.0000000000
65281  -29.820  -23.605  49.379 0.0000000000
65283  -31.734  -23.720  49.681 0.0000000000
66501  -32.509  -23.288  51.034 0.0000000000
67816  -34.391  -21.382  51.003 0.0000000000
67830  -33.960  -21.320  50.430 0.0000000000
69192  -34.895  -21.266  50.766 0.0000000000
69208  -35.040  -20.917  50.338 0.0000000000
70568  -35.600  -20.792  50.564 0.0000000000
69122  -21.147  -20.224  55.077 0.0000000000
69143  -21.067  -20.327  54.846 0.0000000000
69142  -20.746  -20.526  54.368 0.0000000000
80339  -40.432  -11.114  36.441 0.0000000000
82838  -38.828  -9.549  35.560 0.0000000000
82839  -39.827  -9.706  35.529 0.0000000000
89228  -38.382  -4.014  36.512 0.0000000000
89261  -38.195  -4.494  34.447 0.0000000000
88022  -38.894  -5.234  33.361 0.0000000000
88023  -39.465  -5.602  32.861 0.0000000000
91717  -40.678  -2.847  32.418 0.0000000000
89282  -40.113  -4.308  31.964 0.0000000000
89293  -40.883  -4.461  31.608 0.0000000000
86728  -40.520  -5.889  32.376 0.0000000000
86713  -40.967  -6.634  32.849 0.0000000000
85449  -42.067  -6.695  32.981 0.0000000000
94108  -51.309  -0.499  25.414 0.0000000000
94100  -50.438  -0.360  25.865 0.0000000000
57662  -7.706  -29.154  63.073 0.0000000000
55459  -7.766  -31.199  62.404 0.0000000000
55477  -10.900  -31.031  60.629 0.0000000000
55476  -9.966  -31.011  60.658 0.0000000000
55475  -9.179  -31.021  60.807 0.0000000000
54421  -10.332  -31.902  61.978 0.0000000000
55469  -9.456  -31.737  61.047 0.0000000000
55467  -7.683  -31.927  61.903 0.0000000000
53356  -8.655  -33.612  62.628 0.0000000000
52295  -9.088  -34.148  63.038 0.0000000000
54398  -9.291  -33.000  64.011 0.0000000000
53343  -8.970  -33.745  64.158 0.0000000000
71952  -36.834  -19.207  47.342 0.0000000000
70655  -34.981  -19.447  45.677 0.0000000000
71962  -35.896  -19.188  46.193 0.0000000000
71977  -37.825  -18.480  45.518 0.0000000000
71997  -38.117  -18.138  44.772 0.0000000000
73257  -38.430  -17.319  44.399 0.0000000000
75609  -30.586  -15.907  44.020 0.0000000000
75610  -30.582  -15.238  43.873 0.0000000000
75628  -30.566  -15.930  43.363 0.0000000000
76756  -31.497  -14.642  41.130 0.0000000000
75655  -31.878  -15.337  41.242 0.0000000000
74528  -31.903  -16.408  41.595 0.0000000000
73309  -32.399  -16.893  41.809 0.0000000000
73291  -35.425  -16.991  42.701 0.0000000000
74487  -36.218  -17.040  42.862 0.0000000000
74488  -37.070  -16.641  43.031 0.0000000000
74489  -37.846  -16.514  43.527 0.0000000000
74474  -38.291  -16.179  43.685 0.0000000000
77904  -35.214  -14.702  40.189 0.0000000000
77905  -36.310  -14.602  40.077 0.0000000000
79154  -39.207  -12.770  37.017 0.0000000000
79167  -38.808  -12.385  36.415 0.0000000000
79166  -37.819  -12.346  36.392 0.0000000000
80350  -37.666  -11.048  35.477 0.0000000000
80333  -34.715  -11.381  36.610 0.0000000000
81568  -35.747  -10.480  36.120 0.0000000000
85414  -36.134  -7.714  35.633 0.0000000000
85401  -36.098  -6.675  35.979 0.0000000000
86667  -35.701  -7.005  37.038 0.0000000000
87975  -36.618  -5.746  36.624 0.0000000000
67736  -23.178  -21.872  55.921 0.0000000000
65139  -25.091  -23.212  55.267 0.0000000000
66434  -25.196  -23.026  55.702 0.0000000000
66415  -25.298  -22.849  56.411 0.0000000000
63752  -26.115  -24.065  57.328 0.0000000000
66397  -25.461  -23.073  57.519 0.0000000000
62468  -29.382  -24.984  55.049 0.0000000000
58877  -9.657  -28.023  60.553 0.0000000000
58878  -9.945  -28.194  60.016 0.0000000000
57710  -10.394  -29.076  59.806 0.0000000000
61105  -10.768  -26.797  59.853 0.0000000000
59995  -11.660  -27.163  58.874 0.0000000000
59974  -11.288  -27.356  59.154 0.0000000000
59973  -10.809  -27.484  59.511 0.0000000000
57729  -11.054  -28.995  59.490 0.0000000000
57711  -11.120  -29.726  59.768 0.0000000000
56590  -12.531  -30.606  61.380 0.0000000000
56603  -13.543  -30.126  61.091 0.0000000000
63746  -15.024  -24.903  57.603 0.0000000000
60017  -16.018  -27.432  57.688 0.0000000000
61125  -14.898  -27.766  58.553 0.0000000000
61109  -17.803  -26.792  60.326 0.0000000000
61107  -15.919  -27.960  60.058 0.0000000000
59959  -15.525  -28.522  60.130 0.0000000000
58908  -15.240  -29.047  59.906 0.0000000000
51086  -6.210  -35.786  65.225 0.0000000000
49936  -4.964  -36.406  64.823 0.0000000000
51084  -4.466  -34.968  65.317 0.0000000000
51085  -4.703  -34.823  65.566 0.0000000000
51103  -6.520  -35.130  64.030 0.0000000000
52282  -5.929  -34.572  64.584 0.0000000000
52307  -8.818  -34.119  62.864 0.0000000000
53357  -9.103  -33.816  62.840 0.0000000000
54385  -9.170  -33.372  64.876 0.0000000000
54397  -9.155  -33.367  64.607 0.0000000000
56566  -7.178  -30.812  63.574 0.0000000000
56589  -11.688  -30.996  61.326 0.0000000000
57712  -13.244  -29.853  60.343 0.0000000000
57713  -13.730  -29.728  60.719 0.0000000000
57734  -15.144  -29.191  60.249 0.0000000000
59979  -17.411  -27.627  58.945 0.0000000000
60021  -18.733  -27.110  57.730 0.0000000000
61121  -11.060  -27.005  59.458 0.0000000000
61180  -17.211  -26.155  56.992 0.0000000000
62398  -12.051  -25.712  59.644 0.0000000000
63749  -16.827  -24.300  56.653 0.0000000000
63769  -16.665  -24.910  56.517 0.0000000000
63946  -31.465  -24.146  50.049 0.0000000000
65097  -15.626  -23.877  57.801 0.0000000000
66479  -24.744  -22.978  51.926 0.0000000000
67735  -20.405  -21.024  54.647 0.0000000000
67777  -23.751  -22.258  52.863 0.0000000000
69173  -23.282  -19.943  52.153 0.0000000000
69185  -22.730  -21.214  52.240 0.0000000000
70494  -20.881  -20.151  53.788 0.0000000000
70513  -21.799  -19.339  52.867 0.0000000000
70528  -22.920  -19.576  52.294 0.0000000000
70656  -35.595  -19.299  46.013 0.0000000000
70679  -34.771  -19.187  45.098 0.0000000000
70702  -33.743  -19.357  44.102 0.0000000000
71993  -34.336  -19.132  44.337 0.0000000000
71998  -38.532  -17.706  45.027 0.0000000000
72015  -35.665  -18.228  43.905 0.0000000000
73238  -29.216  -17.893  45.645 0.0000000000
75656  -32.289  -15.536  40.963 0.0000000000
76755  -31.097  -14.055  41.264 0.0000000000
76777  -34.961  -14.829  40.562 0.0000000000
77867  -30.851  -13.697  41.477 0.0000000000
80351  -38.212  -10.909  35.575 0.0000000000
81474  -31.496  -10.945  41.218 0.0000000000
81589  -38.276  -10.598  35.787 0.0000000000
82817  -38.196  -9.930  36.086 0.0000000000
91761  -46.251  -3.038  28.849 0.0000000000
95164  -44.195  0.429  31.105 0.0000000000
95172  -43.722  0.102  30.717 0.0000000000
95173  -44.054  0.224  30.510 0.0000000000
96284  -45.367  1.019  29.096 0.0000000000
