#!ascii label  , from subject 3433 vox2ras=TkReg
1276
104797  -50.623  7.111  35.279 0.0000000000
114041  -49.786  21.075  19.949 0.0000000000
110767  -43.973  15.424  26.394 0.0000000000
107732  -52.177  12.556  24.028 0.0000000000
114134  -52.444  18.851  15.058 0.0000000000
110020  -50.381  14.415  18.051 0.0000000000
107155  -51.945  11.063  16.120 0.0000000000
107047  -47.574  12.372  23.674 0.0000000000
99559  -44.596  1.458  34.488 0.0000000000
104794  -46.269  7.689  35.565 0.0000000000
117562  -46.423  24.164  23.259 0.0000000000
116905  -47.160  23.233  18.482 0.0000000000
118371  -48.726  23.691  13.541 0.0000000000
109875  -48.166  13.222  32.034 0.0000000000
112476  -45.392  16.376  19.774 0.0000000000
111652  -49.160  14.805  24.837 0.0000000000
108446  -51.837  12.570  30.457 0.0000000000
106950  -48.728  10.821  30.024 0.0000000000
104889  -43.348  7.848  29.650 0.0000000000
104144  -51.423  6.324  33.067 0.0000000000
112576  -50.877  17.299  12.925 0.0000000000
110918  -52.440  14.766  13.727 0.0000000000
108616  -49.570  13.708  13.936 0.0000000000
107865  -48.397  12.798  17.553 0.0000000000
102388  -45.140  4.151  33.728 0.0000000000
104791  -42.772  7.514  36.346 0.0000000000
118934  -46.685  26.426  24.870 0.0000000000
116954  -47.539  22.467  15.141 0.0000000000
109150  -45.133  12.506  31.752 0.0000000000
110718  -46.144  15.006  28.943 0.0000000000
114788  -47.097  21.282  21.444 0.0000000000
114094  -47.546  19.343  18.056 0.0000000000
110013  -52.596  13.474  20.399 0.0000000000
110826  -50.195  14.487  21.817 0.0000000000
110812  -51.760  14.798  24.164 0.0000000000
110752  -50.222  14.644  27.175 0.0000000000
108455  -51.931  12.791  27.517 0.0000000000
106963  -51.028  10.326  29.416 0.0000000000
106993  -50.899  10.864  26.588 0.0000000000
106987  -45.310  11.332  26.591 0.0000000000
114082  -52.619  19.895  18.697 0.0000000000
112517  -49.993  17.755  16.865 0.0000000000
111753  -52.288  16.444  16.246 0.0000000000
109259  -53.017  13.145  17.590 0.0000000000
107825  -52.634  11.323  20.132 0.0000000000
107050  -50.433  12.062  23.659 0.0000000000
107110  -50.052  11.834  20.167 0.0000000000
107802  -47.443  12.733  21.269 0.0000000000
98674  -47.402  0.321  33.501 0.0000000000
101460  -48.195  4.049  34.730 0.0000000000
104066  -48.532  6.928  35.605 0.0000000000
116837  -45.073  24.094  25.760 0.0000000000
116177  -47.272  23.093  24.911 0.0000000000
116876  -49.025  22.700  22.147 0.0000000000
117599  -49.967  23.272  19.958 0.0000000000
116242  -50.685  21.673  17.693 0.0000000000
115588  -50.278  21.171  14.260 0.0000000000
115618  -50.340  20.963  12.156 0.0000000000
118391  -48.548  24.568  12.969 0.0000000000
106896  -44.448  10.030  34.389 0.0000000000
107639  -47.329  10.619  34.842 0.0000000000
107632  -49.354  10.207  34.726 0.0000000000
110816  -44.530  15.040  22.701 0.0000000000
110848  -48.352  15.329  19.057 0.0000000000
111680  -47.267  14.660  22.897 0.0000000000
111604  -46.815  15.484  26.357 0.0000000000
111572  -48.930  15.066  28.474 0.0000000000
109134  -50.457  12.879  32.282 0.0000000000
106914  -51.425  10.469  33.479 0.0000000000
105552  -51.092  8.312  31.588 0.0000000000
105532  -49.269  7.658  32.204 0.0000000000
104159  -46.909  6.880  31.807 0.0000000000
106990  -48.489  11.217  26.344 0.0000000000
105561  -45.398  9.281  30.178 0.0000000000
103328  -45.055  5.892  30.308 0.0000000000
103264  -50.110  5.424  35.119 0.0000000000
103304  -51.125  5.057  34.190 0.0000000000
104125  -51.347  6.282  33.991 0.0000000000
112592  -50.276  17.426  12.520 0.0000000000
110088  -50.042  15.511  13.294 0.0000000000
110080  -49.042  15.162  13.508 0.0000000000
108603  -48.443  14.181  14.464 0.0000000000
110731  -44.379  15.075  28.123 0.0000000000
114790  -48.931  21.361  20.639 0.0000000000
109218  -52.567  12.982  21.925 0.0000000000
109984  -52.059  14.172  22.899 0.0000000000
109982  -52.484  14.029  24.247 0.0000000000
109972  -52.329  14.190  25.646 0.0000000000
108467  -52.337  13.161  25.452 0.0000000000
107721  -51.760  11.941  26.534 0.0000000000
107010  -51.543  11.638  24.989 0.0000000000
114107  -52.917  19.687  16.894 0.0000000000
112520  -52.691  17.729  17.404 0.0000000000
112538  -52.879  17.124  15.694 0.0000000000
107890  -52.869  12.283  14.248 0.0000000000
109282  -52.698  13.424  15.006 0.0000000000
107869  -52.935  11.712  16.206 0.0000000000
108535  -53.150  12.232  18.291 0.0000000000
107135  -52.486  11.177  17.852 0.0000000000
107112  -51.564  10.985  20.057 0.0000000000
107133  -50.864  11.191  18.373 0.0000000000
107851  -48.152  12.838  18.669 0.0000000000
104124  -45.989  6.038  34.613 0.0000000000
102389  -46.498  4.392  33.644 0.0000000000
103283  -47.354  5.732  35.064 0.0000000000
102342  -48.708  5.132  35.328 0.0000000000
104087  -47.921  6.730  35.751 0.0000000000
118263  -46.411  25.328  24.374 0.0000000000
117530  -47.583  24.492  25.596 0.0000000000
117551  -48.020  24.007  24.057 0.0000000000
115462  -47.826  22.552  23.506 0.0000000000
117564  -48.171  23.784  23.027 0.0000000000
118333  -46.476  23.851  19.472 0.0000000000
117594  -48.665  23.621  20.505 0.0000000000
118337  -49.159  23.414  19.323 0.0000000000
116907  -50.502  22.300  18.776 0.0000000000
117621  -48.817  22.773  18.277 0.0000000000
117639  -48.223  23.533  14.128 0.0000000000
116956  -48.899  21.916  15.013 0.0000000000
116967  -49.552  22.334  14.101 0.0000000000
116318  -50.377  21.672  13.113 0.0000000000
117675  -49.692  22.789  13.075 0.0000000000
117686  -49.316  23.111  12.861 0.0000000000
118377  -48.510  24.409  13.268 0.0000000000
108426  -40.984  12.139  31.398 0.0000000000
106936  -40.574  10.009  31.694 0.0000000000
107672  -41.977  10.833  32.118 0.0000000000
106220  -42.829  9.561  33.876 0.0000000000
107674  -43.525  11.017  32.731 0.0000000000
109152  -46.966  13.102  32.047 0.0000000000
108397  -46.343  11.668  33.362 0.0000000000
109104  -48.105  11.967  33.675 0.0000000000
108363  -48.698  10.777  34.736 0.0000000000
109106  -49.230  12.004  33.626 0.0000000000
112464  -43.946  16.603  20.498 0.0000000000
111676  -43.483  15.773  21.868 0.0000000000
111689  -45.029  15.862  20.763 0.0000000000
110884  -49.834  15.361  16.515 0.0000000000
110872  -48.221  15.939  16.936 0.0000000000
110861  -49.000  15.074  18.310 0.0000000000
111683  -49.800  14.572  23.420 0.0000000000
111693  -48.872  14.691  22.214 0.0000000000
111666  -48.593  14.536  24.056 0.0000000000
110800  -47.553  14.515  24.476 0.0000000000
111628  -48.204  15.057  25.839 0.0000000000
111590  -47.955  15.603  27.077 0.0000000000
112413  -48.819  15.689  26.553 0.0000000000
109182  -51.729  13.531  29.418 0.0000000000
109912  -50.651  14.119  30.231 0.0000000000
109154  -51.166  13.305  31.154 0.0000000000
107661  -51.153  11.481  33.232 0.0000000000
107678  -51.463  11.565  32.392 0.0000000000
106238  -51.604  9.203  32.165 0.0000000000
106939  -51.591  10.463  31.321 0.0000000000
106283  -49.933  10.649  29.936 0.0000000000
106273  -50.267  9.884  30.702 0.0000000000
106253  -48.596  9.566  31.352 0.0000000000
104876  -48.314  7.842  32.120 0.0000000000
106252  -47.663  9.564  31.189 0.0000000000
107049  -49.490  12.234  23.647 0.0000000000
107007  -49.407  11.562  25.476 0.0000000000
107005  -47.533  11.714  25.498 0.0000000000
106289  -44.422  10.176  28.484 0.0000000000
106290  -45.257  10.660  28.352 0.0000000000
105565  -44.630  9.438  29.232 0.0000000000
104885  -45.145  8.276  30.726 0.0000000000
104883  -43.677  7.031  30.251 0.0000000000
102412  -44.217  4.860  29.207 0.0000000000
99550  -50.789  2.298  34.208 0.0000000000
104155  -51.227  6.185  32.254 0.0000000000
113377  -51.787  18.182  13.626 0.0000000000
112562  -52.557  16.503  13.928 0.0000000000
111787  -51.107  16.042  13.332 0.0000000000
109309  -51.189  13.981  13.716 0.0000000000
107898  -50.921  12.045  14.497 0.0000000000
107867  -50.065  11.692  17.017 0.0000000000
108581  -48.849  12.637  15.926 0.0000000000
100524  -44.644  2.327  34.106 0.0000000000
102361  -43.605  4.333  34.671 0.0000000000
104793  -44.935  7.315  35.561 0.0000000000
118945  -44.484  26.117  23.297 0.0000000000
116938  -47.753  22.098  16.495 0.0000000000
118363  -47.404  25.028  14.183 0.0000000000
118999  -47.853  25.475  14.136 0.0000000000
108429  -44.221  12.017  31.904 0.0000000000
109171  -45.573  13.346  31.050 0.0000000000
109910  -47.320  13.710  30.308 0.0000000000
112499  -46.259  17.659  18.357 0.0000000000
110011  -51.397  14.332  19.500 0.0000000000
110851  -50.727  14.510  20.165 0.0000000000
110840  -51.442  14.097  21.536 0.0000000000
110820  -51.045  14.628  23.014 0.0000000000
111669  -50.437  14.660  24.453 0.0000000000
111609  -50.118  14.785  26.220 0.0000000000
111633  -50.536  14.628  25.847 0.0000000000
109958  -51.250  14.285  27.440 0.0000000000
108453  -51.876  12.721  28.419 0.0000000000
107703  -51.692  11.156  29.733 0.0000000000
107712  -51.417  11.224  28.381 0.0000000000
106972  -50.929  10.705  28.373 0.0000000000
106970  -49.299  11.185  28.490 0.0000000000
107004  -46.472  11.850  25.556 0.0000000000
111648  -42.243  15.357  24.882 0.0000000000
113272  -51.545  20.034  19.067 0.0000000000
113307  -50.197  18.979  18.066 0.0000000000
112502  -51.475  18.294  17.899 0.0000000000
111739  -51.168  17.138  16.563 0.0000000000
110041  -50.827  14.625  16.333 0.0000000000
110895  -52.581  15.149  15.346 0.0000000000
110043  -52.327  14.430  15.971 0.0000000000
110031  -51.869  14.050  17.757 0.0000000000
109234  -52.629  13.533  19.348 0.0000000000
108502  -53.048  12.335  20.417 0.0000000000
107761  -52.222  12.018  22.425 0.0000000000
107052  -51.281  11.869  23.555 0.0000000000
107092  -51.678  11.339  21.788 0.0000000000
107090  -50.270  11.911  21.821 0.0000000000
107089  -49.441  12.310  21.846 0.0000000000
107131  -49.545  12.057  19.215 0.0000000000
107824  -48.898  12.359  20.635 0.0000000000
100544  -45.954  2.325  33.301 0.0000000000
100525  -47.633  2.862  33.653 0.0000000000
99548  -49.790  2.790  34.252 0.0000000000
101462  -49.423  3.995  34.929 0.0000000000
103263  -49.515  5.399  35.236 0.0000000000
104068  -49.501  6.581  35.366 0.0000000000
116186  -44.606  22.893  24.635 0.0000000000
116167  -46.357  23.491  25.549 0.0000000000
115469  -45.780  22.031  24.116 0.0000000000
114741  -47.528  21.752  23.247 0.0000000000
114754  -48.568  21.923  22.098 0.0000000000
115504  -49.546  21.947  21.402 0.0000000000
117583  -45.903  24.034  21.369 0.0000000000
117585  -47.537  23.768  21.406 0.0000000000
116886  -49.989  23.084  21.035 0.0000000000
115519  -50.484  21.624  19.894 0.0000000000
115530  -50.992  21.464  19.172 0.0000000000
115537  -52.459  21.213  18.005 0.0000000000
114853  -51.668  20.748  15.881 0.0000000000
116940  -48.987  21.857  16.331 0.0000000000
116251  -49.994  21.367  16.006 0.0000000000
114878  -50.731  20.069  15.082 0.0000000000
114901  -50.794  19.362  13.556 0.0000000000
114166  -51.201  19.081  12.144 0.0000000000
115617  -49.686  20.939  12.343 0.0000000000
117001  -48.587  22.889  12.561 0.0000000000
119672  -48.104  26.359  14.147 0.0000000000
106194  -43.735  9.083  35.494 0.0000000000
106183  -45.653  9.040  36.067 0.0000000000
107676  -44.981  11.443  33.205 0.0000000000
106898  -46.387  10.245  34.755 0.0000000000
106184  -46.608  9.149  35.778 0.0000000000
106173  -47.950  8.885  36.140 0.0000000000
106176  -48.793  8.718  35.245 0.0000000000
105483  -50.014  8.119  35.123 0.0000000000
110796  -44.006  14.922  24.575 0.0000000000
113323  -48.812  18.496  17.232 0.0000000000
111735  -47.553  16.858  17.309 0.0000000000
111716  -46.804  15.881  19.263 0.0000000000
110837  -49.278  14.792  20.507 0.0000000000
111705  -47.736  15.015  20.809 0.0000000000
111690  -46.079  15.492  21.147 0.0000000000
110817  -45.445  14.761  22.926 0.0000000000
110797  -45.012  14.669  24.818 0.0000000000
110768  -45.043  15.453  26.394 0.0000000000
111577  -46.021  15.809  27.391 0.0000000000
110719  -47.133  14.914  29.066 0.0000000000
110690  -48.636  13.744  30.668 0.0000000000
111574  -49.596  14.861  27.969 0.0000000000
110692  -49.712  14.059  30.088 0.0000000000
109877  -49.641  13.414  31.800 0.0000000000
108384  -49.972  11.670  33.798 0.0000000000
106899  -50.931  10.394  34.187 0.0000000000
105491  -51.073  8.373  34.913 0.0000000000
104822  -51.465  7.368  33.542 0.0000000000
104843  -51.397  7.271  32.617 0.0000000000
104879  -50.920  7.473  31.693 0.0000000000
106274  -50.894  9.756  30.444 0.0000000000
105551  -50.631  8.273  31.643 0.0000000000
104878  -50.158  7.155  32.069 0.0000000000
104161  -48.935  6.027  31.905 0.0000000000
104181  -47.955  5.454  30.505 0.0000000000
107024  -50.975  11.006  24.375 0.0000000000
106991  -49.373  11.361  26.431 0.0000000000
106969  -48.424  10.905  28.290 0.0000000000
106976  -46.805  11.295  27.341 0.0000000000
106958  -46.829  10.861  28.886 0.0000000000
106269  -46.824  10.118  30.412 0.0000000000
105546  -45.965  9.060  31.159 0.0000000000
103329  -45.890  5.717  30.475 0.0000000000
104089  -50.436  6.082  35.197 0.0000000000
103284  -50.713  5.241  34.839 0.0000000000
104105  -51.034  6.189  34.822 0.0000000000
112591  -49.888  17.491  12.462 0.0000000000
110923  -49.520  15.924  13.158 0.0000000000
110922  -48.919  15.886  13.288 0.0000000000
110749  -43.604  15.311  27.241 0.0000000000
114040  -49.359  21.166  20.137 0.0000000000
114048  -49.041  21.026  19.836 0.0000000000
114049  -49.674  20.661  19.520 0.0000000000
108482  -52.412  12.614  22.595 0.0000000000
109209  -52.405  13.212  22.984 0.0000000000
109203  -52.447  13.401  23.949 0.0000000000
109201  -52.487  13.568  24.794 0.0000000000
108473  -52.288  12.802  24.625 0.0000000000
108472  -52.035  12.278  25.076 0.0000000000
107731  -51.902  12.153  24.466 0.0000000000
114119  -52.460  19.637  15.671 0.0000000000
113334  -53.028  18.569  16.641 0.0000000000
113345  -52.842  18.254  15.755 0.0000000000
107879  -52.303  11.467  15.436 0.0000000000
107880  -53.020  11.943  14.992 0.0000000000
107868  -52.396  11.292  16.328 0.0000000000
107146  -52.619  11.327  16.949 0.0000000000
107145  -52.035  10.956  17.010 0.0000000000
107134  -51.724  10.949  18.125 0.0000000000
107144  -51.211  11.127  17.425 0.0000000000
98653  -45.151  0.647  34.736 0.0000000000
104808  -45.880  7.059  35.270 0.0000000000
103282  -46.618  5.780  34.637 0.0000000000
104103  -46.631  6.482  35.107 0.0000000000
104104  -47.469  6.339  35.455 0.0000000000
104795  -47.278  7.516  35.716 0.0000000000
117549  -46.655  24.536  24.102 0.0000000000
118265  -47.507  24.451  24.688 0.0000000000
117550  -47.436  24.229  24.085 0.0000000000
117563  -47.336  24.012  23.215 0.0000000000
117618  -46.246  23.441  18.376 0.0000000000
117604  -45.952  23.765  18.860 0.0000000000
117605  -46.721  23.664  18.999 0.0000000000
118335  -47.999  23.542  19.428 0.0000000000
117607  -48.277  23.139  18.689 0.0000000000
117608  -49.016  23.238  18.854 0.0000000000
117620  -48.415  22.680  18.146 0.0000000000
117643  -48.707  23.302  14.008 0.0000000000
116966  -49.082  22.502  14.292 0.0000000000
117644  -49.277  22.962  13.720 0.0000000000
117656  -49.643  22.778  13.372 0.0000000000
118379  -49.454  23.113  13.268 0.0000000000
118393  -49.432  23.214  13.100 0.0000000000
118378  -49.115  23.453  13.276 0.0000000000
108427  -42.055  12.011  31.541 0.0000000000
107689  -41.401  10.998  31.746 0.0000000000
107690  -42.345  11.288  31.958 0.0000000000
107673  -42.514  10.777  32.396 0.0000000000
109874  -47.426  13.045  32.167 0.0000000000
109118  -47.390  12.171  33.188 0.0000000000
109860  -48.275  12.705  32.719 0.0000000000
109105  -48.563  11.971  33.682 0.0000000000
109861  -48.853  12.793  32.678 0.0000000000
112487  -45.070  17.736  18.902 0.0000000000
112475  -44.811  16.615  19.885 0.0000000000
112465  -44.463  16.238  20.534 0.0000000000
110029  -50.283  14.642  17.024 0.0000000000
110874  -49.643  14.825  17.601 0.0000000000
110862  -49.803  14.804  18.735 0.0000000000
111667  -49.282  14.617  24.190 0.0000000000
111651  -48.748  14.768  25.048 0.0000000000
111629  -48.857  15.115  25.893 0.0000000000
111606  -48.453  15.429  26.431 0.0000000000
111607  -48.935  15.577  26.375 0.0000000000
109174  -51.427  13.522  30.413 0.0000000000
108432  -51.422  12.591  31.546 0.0000000000
107692  -51.654  11.569  31.384 0.0000000000
106930  -51.648  10.782  32.120 0.0000000000
107704  -51.762  11.393  30.312 0.0000000000
106951  -48.986  10.704  30.265 0.0000000000
106272  -49.458  10.330  30.582 0.0000000000
106271  -48.382  10.315  30.488 0.0000000000
107048  -48.534  12.295  23.651 0.0000000000
107021  -48.507  12.005  24.563 0.0000000000
107020  -47.530  12.112  24.602 0.0000000000
105564  -43.789  8.960  29.183 0.0000000000
104890  -44.104  8.616  29.768 0.0000000000
104884  -44.250  7.750  30.413 0.0000000000
104179  -43.377  6.469  29.899 0.0000000000
100511  -50.391  3.185  34.471 0.0000000000
103318  -51.311  5.280  32.533 0.0000000000
113393  -51.432  17.712  13.138 0.0000000000
112561  -52.023  17.169  13.325 0.0000000000
112577  -51.294  16.762  13.172 0.0000000000
109307  -50.208  14.185  13.675 0.0000000000
110083  -50.507  14.956  13.520 0.0000000000
108618  -50.678  13.472  13.917 0.0000000000
108607  -51.267  12.800  13.670 0.0000000000
108606  -50.523  12.722  14.231 0.0000000000
108592  -49.734  12.391  14.947 0.0000000000
108605  -49.501  13.248  14.254 0.0000000000
108590  -48.058  14.049  15.056 0.0000000000
102360  -42.871  4.312  35.049 0.0000000000
104085  -44.416  6.753  35.385 0.0000000000
104792  -43.803  7.485  36.015 0.0000000000
118946  -45.462  26.224  23.563 0.0000000000
118997  -47.152  26.295  14.398 0.0000000000
118996  -46.491  26.540  14.624 0.0000000000
110717  -45.169  14.818  28.670 0.0000000000
109908  -45.110  13.529  30.047 0.0000000000
109926  -45.680  14.133  29.355 0.0000000000
109909  -46.289  13.557  30.460 0.0000000000
109927  -46.718  14.128  29.477 0.0000000000
114768  -46.808  21.089  22.321 0.0000000000
113320  -46.660  18.328  18.111 0.0000000000
110012  -52.135  14.050  19.924 0.0000000000
110852  -51.432  14.191  20.524 0.0000000000
110001  -52.038  13.879  20.938 0.0000000000
109981  -52.177  14.392  23.771 0.0000000000
110828  -51.535  14.306  22.498 0.0000000000
110811  -51.111  14.700  23.862 0.0000000000
111670  -51.060  14.698  24.620 0.0000000000
111655  -50.858  14.679  25.263 0.0000000000
110801  -51.691  14.851  24.921 0.0000000000
109191  -52.310  13.634  26.029 0.0000000000
109965  -51.707  14.259  26.624 0.0000000000
109187  -51.865  13.601  27.573 0.0000000000
107713  -51.782  11.926  28.372 0.0000000000
107717  -51.778  12.006  27.460 0.0000000000
107720  -51.315  11.291  26.622 0.0000000000
107716  -51.356  11.341  27.481 0.0000000000
106981  -50.878  10.863  27.490 0.0000000000
106971  -50.213  10.986  28.479 0.0000000000
106980  -50.180  11.154  27.494 0.0000000000
113287  -52.015  19.537  19.196 0.0000000000
113309  -51.809  18.796  18.689 0.0000000000
111741  -52.561  17.055  16.854 0.0000000000
111740  -52.016  16.955  16.889 0.0000000000
111752  -51.336  16.359  16.137 0.0000000000
110885  -50.597  15.467  15.942 0.0000000000
110886  -51.496  15.402  15.988 0.0000000000
111779  -52.534  15.553  13.796 0.0000000000
111769  -52.874  15.824  14.653 0.0000000000
110906  -52.717  14.948  14.504 0.0000000000
109271  -52.659  13.483  16.251 0.0000000000
109270  -52.356  14.045  16.502 0.0000000000
110042  -51.784  14.363  16.543 0.0000000000
109258  -52.401  13.776  17.149 0.0000000000
109246  -52.534  13.580  18.244 0.0000000000
107839  -52.726  11.713  19.361 0.0000000000
108518  -53.078  12.342  19.473 0.0000000000
108519  -52.972  11.971  20.093 0.0000000000
108490  -52.738  12.268  21.338 0.0000000000
107783  -52.543  11.847  21.162 0.0000000000
107093  -52.110  11.580  21.677 0.0000000000
107103  -52.218  11.445  21.020 0.0000000000
107111  -50.720  11.308  20.098 0.0000000000
107101  -50.877  11.293  20.954 0.0000000000
107100  -50.174  11.887  20.969 0.0000000000
107866  -49.262  12.083  17.305 0.0000000000
107853  -49.805  11.845  17.821 0.0000000000
107852  -49.084  12.294  18.546 0.0000000000
107822  -47.439  12.992  20.344 0.0000000000
107836  -48.241  12.667  19.516 0.0000000000
101486  -44.928  3.082  33.662 0.0000000000
100543  -45.224  2.273  33.663 0.0000000000
102395  -45.332  3.475  33.545 0.0000000000
102390  -47.418  4.417  34.168 0.0000000000
101487  -47.209  4.001  33.729 0.0000000000
101489  -48.433  3.390  34.344 0.0000000000
100527  -48.957  2.798  34.086 0.0000000000
101461  -48.647  3.826  34.717 0.0000000000
100510  -49.883  3.306  34.542 0.0000000000
102364  -48.982  4.430  35.100 0.0000000000
103261  -48.454  5.949  35.551 0.0000000000
103262  -48.970  5.587  35.383 0.0000000000
103241  -48.737  6.320  35.522 0.0000000000
103242  -49.232  6.109  35.406 0.0000000000
104067  -48.984  6.707  35.426 0.0000000000
117538  -44.410  24.407  25.504 0.0000000000
117548  -43.233  24.009  24.636 0.0000000000
116847  -44.043  23.927  24.953 0.0000000000
116858  -43.775  23.377  24.494 0.0000000000
116174  -44.980  23.150  25.117 0.0000000000
118923  -46.526  26.487  25.158 0.0000000000
118239  -46.714  25.318  25.365 0.0000000000
116169  -47.687  23.328  25.481 0.0000000000
116840  -47.615  23.874  26.034 0.0000000000
116176  -46.615  23.095  25.070 0.0000000000
115458  -46.164  22.552  24.594 0.0000000000
115459  -46.944  22.538  24.438 0.0000000000
114740  -46.926  21.546  23.508 0.0000000000
115471  -47.279  22.001  23.860 0.0000000000
116189  -48.420  22.595  22.654 0.0000000000
115473  -48.073  22.348  22.926 0.0000000000
116202  -48.771  22.478  22.302 0.0000000000
115503  -49.098  21.969  21.756 0.0000000000
115491  -49.322  21.996  21.887 0.0000000000
118287  -47.121  23.894  20.766 0.0000000000
117595  -49.213  23.516  20.405 0.0000000000
117596  -49.797  23.292  20.762 0.0000000000
116215  -50.339  22.054  20.511 0.0000000000
116224  -50.571  22.022  19.954 0.0000000000
116233  -50.898  22.055  19.114 0.0000000000
116241  -50.554  22.065  18.358 0.0000000000
116239  -50.895  21.847  18.645 0.0000000000
115536  -51.702  21.661  17.884 0.0000000000
115543  -52.164  21.260  17.109 0.0000000000
115542  -51.333  21.298  17.039 0.0000000000
116250  -47.436  22.283  15.783 0.0000000000
116939  -48.343  21.876  16.327 0.0000000000
116957  -49.357  21.777  14.792 0.0000000000
116272  -49.734  21.343  15.360 0.0000000000
116295  -50.019  21.005  14.986 0.0000000000
115570  -50.590  20.593  15.455 0.0000000000
115589  -50.341  20.579  14.708 0.0000000000
114892  -50.573  20.026  14.146 0.0000000000
114891  -50.569  20.401  13.652 0.0000000000
116327  -50.319  21.347  12.615 0.0000000000
115610  -50.685  20.865  12.799 0.0000000000
115629  -51.040  20.442  11.599 0.0000000000
114174  -50.621  19.289  11.299 0.0000000000
115627  -50.262  20.508  11.906 0.0000000000
117673  -48.868  23.810  12.885 0.0000000000
117002  -49.258  22.586  12.713 0.0000000000
117685  -48.774  23.480  12.715 0.0000000000
117684  -48.169  23.866  12.520 0.0000000000
118406  -48.357  24.452  12.726 0.0000000000
119006  -48.031  25.441  13.549 0.0000000000
105497  -41.859  8.521  34.713 0.0000000000
106895  -44.001  9.990  34.282 0.0000000000
106193  -43.236  9.113  35.100 0.0000000000
106206  -44.568  9.542  34.907 0.0000000000
106182  -44.772  9.064  36.093 0.0000000000
106207  -45.125  9.468  35.010 0.0000000000
108430  -44.768  12.007  32.157 0.0000000000
108409  -44.360  11.666  32.428 0.0000000000
108410  -45.283  11.874  32.651 0.0000000000
107648  -47.080  11.153  34.300 0.0000000000
107659  -46.420  11.280  33.905 0.0000000000
107638  -46.735  10.349  34.795 0.0000000000
106885  -46.551  9.787  35.122 0.0000000000
106870  -47.297  9.711  35.503 0.0000000000
106185  -47.560  8.970  36.046 0.0000000000
106871  -48.095  9.555  35.751 0.0000000000
107631  -49.105  10.249  34.810 0.0000000000
106859  -48.624  9.179  35.378 0.0000000000
106873  -49.030  9.531  34.968 0.0000000000
105469  -49.197  8.002  35.199 0.0000000000
106874  -49.562  9.767  34.786 0.0000000000
110815  -43.722  15.385  22.557 0.0000000000
110795  -43.039  15.144  24.224 0.0000000000
112501  -50.626  18.447  17.548 0.0000000000
113306  -49.399  19.019  17.878 0.0000000000
112516  -49.037  17.696  16.821 0.0000000000
110860  -48.233  15.462  17.925 0.0000000000
110871  -47.839  16.374  17.072 0.0000000000
111726  -47.553  15.724  18.641 0.0000000000
111725  -46.927  16.588  18.191 0.0000000000
110838  -50.060  14.566  20.842 0.0000000000
110850  -49.959  14.774  19.817 0.0000000000
111707  -49.444  14.651  21.519 0.0000000000
111692  -47.991  14.795  21.935 0.0000000000
111706  -48.618  14.771  21.187 0.0000000000
111704  -46.872  15.508  20.418 0.0000000000
111691  -47.050  15.130  21.582 0.0000000000
111679  -46.255  15.005  22.266 0.0000000000
110786  -46.998  14.976  25.692 0.0000000000
110798  -46.021  14.674  24.946 0.0000000000
110785  -46.457  15.120  25.768 0.0000000000
110784  -45.490  15.154  25.670 0.0000000000
110769  -45.961  15.529  26.378 0.0000000000
110751  -45.621  15.681  27.054 0.0000000000
111588  -46.332  15.779  26.962 0.0000000000
111580  -48.323  15.432  27.969 0.0000000000
110734  -47.633  15.323  28.511 0.0000000000
110735  -48.144  15.172  28.635 0.0000000000
109929  -48.075  14.248  29.683 0.0000000000
111566  -48.539  14.615  29.299 0.0000000000
111594  -49.883  14.814  27.046 0.0000000000
111593  -49.873  14.919  26.964 0.0000000000
111583  -49.712  14.837  27.525 0.0000000000
110693  -50.192  14.121  30.053 0.0000000000
110681  -50.071  13.931  30.748 0.0000000000
110680  -49.688  13.794  31.005 0.0000000000
109863  -50.010  13.079  32.267 0.0000000000
109122  -50.014  12.502  33.011 0.0000000000
106198  -50.552  9.291  34.750 0.0000000000
106208  -51.223  9.458  34.117 0.0000000000
105499  -51.386  8.444  33.886 0.0000000000
105514  -51.566  8.366  32.896 0.0000000000
105533  -51.351  8.156  31.996 0.0000000000
104862  -51.188  7.022  32.024 0.0000000000
107708  -51.553  11.107  29.212 0.0000000000
106952  -51.369  10.490  30.233 0.0000000000
106254  -49.579  9.411  31.470 0.0000000000
106255  -50.434  9.199  31.337 0.0000000000
105550  -49.712  8.129  31.944 0.0000000000
104877  -49.801  7.506  32.095 0.0000000000
104154  -49.375  6.494  32.211 0.0000000000
104153  -48.867  6.740  32.269 0.0000000000
104875  -47.448  7.765  32.016 0.0000000000
104160  -48.145  6.732  31.983 0.0000000000
104171  -47.444  5.988  31.083 0.0000000000
103331  -47.478  5.452  30.509 0.0000000000
103330  -46.868  5.480  30.533 0.0000000000
107051  -50.989  11.629  23.578 0.0000000000
107023  -50.273  11.590  24.527 0.0000000000
106978  -48.478  10.972  27.278 0.0000000000
106979  -49.313  11.246  27.415 0.0000000000
106975  -45.776  11.295  27.482 0.0000000000
106279  -45.665  10.271  29.252 0.0000000000
106957  -46.365  10.914  28.698 0.0000000000
106280  -46.706  10.529  29.697 0.0000000000
106268  -46.096  9.878  30.280 0.0000000000
106250  -46.386  9.731  30.772 0.0000000000
104169  -45.285  6.913  30.928 0.0000000000
102345  -50.479  4.480  34.842 0.0000000000
102366  -51.005  4.178  34.376 0.0000000000
103315  -51.309  4.458  33.571 0.0000000000
112593  -50.485  17.241  12.694 0.0000000000
111799  -50.374  16.569  13.007 0.0000000000
111798  -50.109  16.739  12.853 0.0000000000
110924  -49.696  15.506  13.313 0.0000000000
109306  -49.546  14.277  13.704 0.0000000000
109299  -49.253  13.842  13.996 0.0000000000
109298  -48.836  14.407  13.944 0.0000000000
110716  -44.608  14.742  28.627 0.0000000000
114789  -47.853  21.565  20.979 0.0000000000
114805  -48.427  21.334  20.022 0.0000000000
114080  -48.309  19.752  18.268 0.0000000000
110002  -52.435  13.450  21.406 0.0000000000
109992  -52.004  13.955  21.942 0.0000000000
109993  -52.308  13.595  22.425 0.0000000000
109985  -52.366  13.828  23.392 0.0000000000
109978  -52.240  14.540  24.552 0.0000000000
110802  -52.181  14.595  25.250 0.0000000000
109979  -52.466  14.143  24.990 0.0000000000
109196  -52.428  13.692  25.447 0.0000000000
108458  -52.117  12.872  26.394 0.0000000000
108466  -52.079  12.472  25.612 0.0000000000
107729  -51.616  11.760  25.604 0.0000000000
107728  -51.259  11.183  26.066 0.0000000000
114096  -52.872  19.719  17.951 0.0000000000
112504  -52.724  18.341  18.031 0.0000000000
113325  -52.990  18.785  17.648 0.0000000000
112529  -52.883  17.461  16.486 0.0000000000
109289  -52.840  13.455  13.993 0.0000000000
110062  -52.670  14.177  14.333 0.0000000000
108583  -52.956  12.732  14.621 0.0000000000
108569  -52.994  12.604  15.648 0.0000000000
108553  -53.100  12.442  16.886 0.0000000000
107854  -53.000  11.647  17.453 0.0000000000
107838  -52.763  11.599  18.668 0.0000000000
107124  -52.594  11.545  19.517 0.0000000000
107113  -52.209  11.188  19.931 0.0000000000
107123  -52.195  11.164  19.055 0.0000000000
107122  -51.256  10.968  19.157 0.0000000000
107121  -50.474  11.424  19.316 0.0000000000
98673  -46.462  0.587  33.653 0.0000000000
104123  -45.215  5.870  34.539 0.0000000000
103302  -45.902  5.305  34.109 0.0000000000
103303  -47.074  5.143  34.355 0.0000000000
102363  -48.089  4.732  34.993 0.0000000000
102341  -48.355  5.417  35.434 0.0000000000
103260  -47.984  5.805  35.502 0.0000000000
104065  -48.213  7.201  35.770 0.0000000000
117526  -44.814  24.790  25.851 0.0000000000
118264  -46.762  25.233  24.772 0.0000000000
118251  -46.789  25.431  25.112 0.0000000000
118252  -47.326  24.829  25.019 0.0000000000
117539  -47.869  24.311  24.934 0.0000000000
116178  -47.580  23.092  24.540 0.0000000000
116850  -47.935  23.407  24.079 0.0000000000
116860  -48.189  23.483  23.152 0.0000000000
117565  -48.504  23.406  22.773 0.0000000000
118332  -45.638  23.938  19.324 0.0000000000
118301  -47.429  23.895  20.307 0.0000000000
118318  -47.732  23.817  19.915 0.0000000000
118320  -48.983  23.554  19.773 0.0000000000
117598  -49.482  23.381  19.589 0.0000000000
116895  -50.409  22.612  19.518 0.0000000000
117610  -49.940  22.928  19.063 0.0000000000
117623  -49.632  22.829  18.657 0.0000000000
116924  -49.877  22.290  17.827 0.0000000000
116955  -48.249  22.291  14.818 0.0000000000
116965  -48.648  22.711  14.381 0.0000000000
116294  -49.864  21.694  14.378 0.0000000000
115600  -50.536  20.912  13.620 0.0000000000
116307  -50.262  21.763  13.712 0.0000000000
116993  -49.974  22.286  13.274 0.0000000000
117003  -49.820  22.319  12.911 0.0000000000
116326  -49.794  21.676  12.588 0.0000000000
117687  -49.569  22.939  12.941 0.0000000000
117674  -49.302  23.357  12.945 0.0000000000
109146  -40.632  12.957  31.007 0.0000000000
108425  -39.942  12.423  31.157 0.0000000000
107688  -40.266  11.220  31.429 0.0000000000
106237  -42.298  9.432  33.517 0.0000000000
106928  -42.620  10.072  33.094 0.0000000000
106929  -43.272  10.396  33.297 0.0000000000
106911  -43.817  10.275  33.795 0.0000000000
109151  -46.287  13.106  31.746 0.0000000000
108411  -46.197  12.028  32.870 0.0000000000
109132  -46.998  12.469  32.683 0.0000000000
108398  -47.223  11.713  33.627 0.0000000000
108380  -47.552  11.238  34.419 0.0000000000
108361  -48.000  10.830  34.915 0.0000000000
108371  -48.541  11.339  34.401 0.0000000000
108372  -49.145  11.246  34.349 0.0000000000
108373  -49.580  11.239  34.258 0.0000000000
111687  -43.265  16.291  21.242 0.0000000000
111677  -44.356  15.535  21.799 0.0000000000
111750  -49.667  16.183  16.266 0.0000000000
111737  -49.166  16.633  16.542 0.0000000000
110873  -48.980  15.435  17.004 0.0000000000
111694  -49.637  14.582  22.476 0.0000000000
111682  -49.112  14.583  23.208 0.0000000000
111681  -48.322  14.585  23.003 0.0000000000
111665  -47.871  14.448  23.889 0.0000000000
111650  -47.888  14.672  24.997 0.0000000000
111627  -47.392  15.094  25.877 0.0000000000
111589  -47.116  15.768  27.011 0.0000000000
111605  -47.664  15.416  26.444 0.0000000000
111581  -48.919  15.436  27.488 0.0000000000
109945  -50.626  14.478  28.238 0.0000000000
109930  -50.511  14.361  29.035 0.0000000000
109931  -51.145  14.123  29.279 0.0000000000
109173  -51.046  13.755  30.675 0.0000000000
109153  -50.810  13.450  31.384 0.0000000000
108413  -51.023  12.507  32.291 0.0000000000
106915  -51.691  10.657  32.810 0.0000000000
106222  -51.713  9.626  33.078 0.0000000000
106223  -51.764  10.298  32.560 0.0000000000
106239  -51.753  10.029  32.169 0.0000000000
106257  -51.582  9.745  31.711 0.0000000000
106284  -50.314  10.311  30.018 0.0000000000
106285  -50.649  9.992  30.102 0.0000000000
105549  -48.829  8.631  31.899 0.0000000000
105531  -49.001  7.946  32.199 0.0000000000
105548  -47.736  8.610  31.798 0.0000000000
104857  -47.156  8.156  31.937 0.0000000000
107022  -49.452  11.940  24.570 0.0000000000
107006  -48.488  11.575  25.443 0.0000000000
106296  -44.901  10.943  27.678 0.0000000000
106278  -44.990  10.081  28.814 0.0000000000
105566  -45.114  9.383  29.614 0.0000000000
105560  -44.739  8.803  30.003 0.0000000000
104168  -44.195  6.457  30.311 0.0000000000
103338  -44.540  5.387  29.786 0.0000000000
104180  -43.925  5.906  29.986 0.0000000000
103337  -43.714  5.501  29.640 0.0000000000
98643  -50.734  1.812  33.991 0.0000000000
113358  -52.116  18.596  14.353 0.0000000000
113359  -52.681  17.878  14.968 0.0000000000
112548  -52.435  17.546  14.132 0.0000000000
111778  -51.924  16.092  13.075 0.0000000000
110917  -52.096  15.226  13.174 0.0000000000
110925  -50.724  15.691  13.423 0.0000000000
110926  -51.254  15.289  13.414 0.0000000000
109300  -51.685  13.905  13.373 0.0000000000
108608  -51.947  13.015  13.055 0.0000000000
107899  -51.378  12.017  13.978 0.0000000000
107878  -51.433  11.496  15.684 0.0000000000
107153  -50.747  11.403  16.948 0.0000000000
107886  -49.996  11.947  15.593 0.0000000000
108582  -49.499  12.163  15.635 0.0000000000
108591  -48.765  13.173  14.971 0.0000000000
100523  -43.999  2.544  34.532 0.0000000000
102362  -43.944  3.864  34.407 0.0000000000
102387  -44.217  4.414  34.332 0.0000000000
103258  -42.764  5.824  35.786 0.0000000000
103299  -43.698  4.965  34.765 0.0000000000
103300  -44.108  5.324  34.708 0.0000000000
104101  -44.532  6.326  35.005 0.0000000000
104807  -45.205  6.855  35.163 0.0000000000
118941  -46.659  26.382  24.640 0.0000000000
118947  -46.003  26.306  23.903 0.0000000000
118275  -45.922  25.261  23.914 0.0000000000
118274  -45.017  25.277  23.380 0.0000000000
116921  -47.754  22.530  17.741 0.0000000000
117637  -47.115  23.911  14.454 0.0000000000
117638  -47.742  23.656  14.281 0.0000000000
118364  -47.803  24.738  13.906 0.0000000000
118370  -48.195  24.395  13.661 0.0000000000
118998  -47.641  25.937  14.154 0.0000000000
109172  -46.148  13.476  31.151 0.0000000000
109890  -47.124  13.470  31.418 0.0000000000
109891  -48.013  13.600  31.010 0.0000000000
112488  -45.578  16.774  19.222 0.0000000000
110021  -51.221  14.222  18.436 0.0000000000
110010  -50.608  14.567  19.116 0.0000000000
110839  -50.778  14.283  21.165 0.0000000000
110827  -50.903  14.351  22.143 0.0000000000
111695  -50.352  14.542  22.740 0.0000000000
111684  -50.451  14.619  23.630 0.0000000000
111668  -49.867  14.644  24.323 0.0000000000
111653  -49.801  14.763  25.131 0.0000000000
111630  -49.345  15.091  26.018 0.0000000000
111631  -49.659  14.815  25.795 0.0000000000
111632  -50.085  14.713  25.669 0.0000000000
110770  -50.280  14.620  26.526 0.0000000000
110787  -51.515  14.665  25.725 0.0000000000
110771  -50.870  14.585  26.372 0.0000000000
110753  -50.596  14.568  26.982 0.0000000000
109946  -51.223  14.136  28.403 0.0000000000
109185  -51.743  13.551  28.434 0.0000000000
108450  -51.933  12.603  29.381 0.0000000000
107709  -51.849  11.796  29.229 0.0000000000
106962  -50.340  10.674  29.315 0.0000000000
106961  -49.430  10.918  29.619 0.0000000000
107019  -46.491  12.162  24.621 0.0000000000
107003  -45.469  11.619  25.437 0.0000000000
106303  -44.658  11.019  27.232 0.0000000000
106295  -44.195  10.712  27.739 0.0000000000
105570  -43.536  9.566  28.475 0.0000000000
104896  -43.175  8.644  28.855 0.0000000000
114050  -50.416  20.530  19.246 0.0000000000
114063  -50.033  20.041  18.932 0.0000000000
113286  -51.214  19.712  18.783 0.0000000000
113308  -51.034  18.969  18.268 0.0000000000
112518  -50.951  17.829  17.048 0.0000000000
112503  -52.248  18.192  18.124 0.0000000000
112519  -51.800  17.699  17.358 0.0000000000
111738  -50.231  17.037  16.515 0.0000000000
111751  -50.402  16.344  16.071 0.0000000000
110040  -50.328  14.973  16.412 0.0000000000
110030  -51.015  14.181  17.320 0.0000000000
112549  -52.866  16.832  14.822 0.0000000000
111760  -52.776  16.083  15.557 0.0000000000
110052  -52.533  14.267  15.234 0.0000000000
110887  -52.253  15.320  16.012 0.0000000000
110022  -52.049  14.075  18.853 0.0000000000
109247  -53.050  12.980  18.797 0.0000000000
109235  -53.045  12.946  19.899 0.0000000000
109226  -52.904  12.911  20.910 0.0000000000
107736  -51.790  12.052  23.530 0.0000000000
107760  -51.773  11.897  22.987 0.0000000000
107080  -51.658  11.720  22.526 0.0000000000
107079  -51.056  11.571  22.670 0.0000000000
107102  -51.686  11.119  20.971 0.0000000000
107091  -50.982  11.366  21.826 0.0000000000
107078  -50.398  12.069  22.701 0.0000000000
107077  -49.485  12.318  22.723 0.0000000000
107076  -48.564  12.421  22.745 0.0000000000
107143  -50.474  11.471  17.688 0.0000000000
107132  -50.046  11.724  18.630 0.0000000000
107120  -49.887  11.870  19.516 0.0000000000
107837  -49.021  12.289  19.738 0.0000000000
107109  -49.486  12.140  20.121 0.0000000000
99560  -45.205  1.419  34.175 0.0000000000
99576  -45.563  1.681  33.657 0.0000000000
99577  -46.168  1.438  33.435 0.0000000000
101501  -46.664  3.341  33.408 0.0000000000
100545  -46.929  2.391  33.333 0.0000000000
100546  -47.668  2.267  33.431 0.0000000000
99563  -49.365  2.148  33.758 0.0000000000
99564  -50.055  1.910  33.790 0.0000000000
99549  -50.277  2.407  34.140 0.0000000000
100485  -49.913  3.581  34.661 0.0000000000
100486  -50.067  3.681  34.707 0.0000000000
102343  -49.298  4.578  35.115 0.0000000000
102344  -49.883  4.617  35.018 0.0000000000
103244  -50.048  6.020  35.245 0.0000000000
104069  -50.018  6.486  35.329 0.0000000000
117528  -46.177  24.709  25.836 0.0000000000
117529  -46.938  24.629  25.808 0.0000000000
116839  -46.751  23.952  25.910 0.0000000000
116849  -45.296  23.603  25.604 0.0000000000
116175  -45.591  23.183  25.228 0.0000000000
115468  -44.972  22.156  24.060 0.0000000000
115486  -45.348  21.645  23.599 0.0000000000
115487  -46.146  21.513  23.633 0.0000000000
114751  -46.489  21.132  23.076 0.0000000000
114752  -47.272  21.344  22.890 0.0000000000
115472  -47.743  22.080  23.356 0.0000000000
114753  -47.915  21.752  22.644 0.0000000000
114770  -48.400  21.707  21.734 0.0000000000
114771  -49.096  21.744  21.449 0.0000000000
114792  -50.001  21.354  20.313 0.0000000000
117572  -46.168  23.987  22.278 0.0000000000
117573  -47.052  23.849  22.308 0.0000000000
117574  -47.918  23.678  22.232 0.0000000000
116881  -48.952  23.134  22.071 0.0000000000
117586  -48.445  23.620  21.135 0.0000000000
117587  -49.280  23.309  21.342 0.0000000000
116882  -49.305  23.026  21.780 0.0000000000
116214  -49.975  22.327  21.158 0.0000000000
115518  -50.143  21.754  20.614 0.0000000000
114793  -50.129  21.203  20.027 0.0000000000
114808  -50.954  21.024  19.222 0.0000000000
114065  -51.724  20.331  19.243 0.0000000000
114818  -52.468  20.694  18.895 0.0000000000
116896  -50.689  22.178  19.067 0.0000000000
115533  -51.981  21.623  18.872 0.0000000000
114825  -52.705  20.525  18.267 0.0000000000
114838  -52.677  20.552  17.385 0.0000000000
114854  -52.213  20.649  16.209 0.0000000000
114865  -52.169  20.317  15.658 0.0000000000
116922  -48.437  22.341  17.496 0.0000000000
116923  -49.013  22.324  17.522 0.0000000000
116925  -50.115  21.695  17.033 0.0000000000
116941  -49.651  21.608  16.216 0.0000000000
116252  -50.399  21.389  16.603 0.0000000000
115555  -51.189  20.855  16.194 0.0000000000
114864  -51.595  20.351  15.501 0.0000000000
114133  -51.589  19.583  14.863 0.0000000000
114149  -51.073  18.904  14.138 0.0000000000
114158  -51.114  18.589  13.384 0.0000000000
113392  -51.190  18.324  12.742 0.0000000000
114900  -50.656  20.146  13.240 0.0000000000
114157  -50.994  19.265  12.870 0.0000000000
113419  -50.786  18.354  11.731 0.0000000000
113404  -49.955  18.465  12.112 0.0000000000
116325  -49.085  21.912  12.565 0.0000000000
119009  -48.189  25.365  13.202 0.0000000000
105476  -42.629  8.218  36.187 0.0000000000
106204  -42.803  9.079  34.693 0.0000000000
105489  -42.685  8.653  35.521 0.0000000000
105477  -43.717  8.470  36.179 0.0000000000
105478  -44.802  8.287  36.206 0.0000000000
105479  -45.855  8.338  35.870 0.0000000000
108408  -43.845  11.611  32.186 0.0000000000
107675  -44.480  11.371  32.977 0.0000000000
106912  -44.929  10.605  34.026 0.0000000000
108396  -45.854  11.724  33.112 0.0000000000
106913  -45.503  10.749  34.138 0.0000000000
106897  -45.610  10.090  34.643 0.0000000000
106196  -45.571  9.383  35.308 0.0000000000
106197  -46.119  9.251  35.524 0.0000000000
105480  -46.902  8.330  35.803 0.0000000000
105481  -47.657  8.140  35.951 0.0000000000
104775  -48.069  7.883  35.888 0.0000000000
104776  -48.356  7.592  35.682 0.0000000000
106858  -48.383  9.235  35.682 0.0000000000
106175  -48.454  8.750  35.635 0.0000000000
104777  -48.780  7.359  35.449 0.0000000000
104778  -49.289  7.164  35.326 0.0000000000
105470  -49.569  7.553  35.241 0.0000000000
110782  -43.240  15.303  25.434 0.0000000000
113284  -49.761  19.479  18.520 0.0000000000
113322  -47.875  18.568  17.347 0.0000000000
111736  -48.269  16.859  16.763 0.0000000000
112515  -48.008  17.749  16.882 0.0000000000
112514  -47.116  17.681  17.710 0.0000000000
112500  -46.679  17.227  18.135 0.0000000000
111715  -46.279  16.620  18.853 0.0000000000
111703  -45.884  15.998  19.902 0.0000000000
110849  -49.152  15.009  19.444 0.0000000000
110836  -48.454  15.042  20.131 0.0000000000
111717  -47.649  15.465  19.748 0.0000000000
111678  -45.291  15.291  21.922 0.0000000000
110819  -46.860  14.520  23.543 0.0000000000
110808  -45.653  14.489  23.961 0.0000000000
110807  -44.692  14.657  23.728 0.0000000000
110783  -44.458  15.213  25.562 0.0000000000
110750  -44.717  15.444  27.200 0.0000000000
110732  -45.628  15.576  27.971 0.0000000000
111578  -46.523  15.829  27.578 0.0000000000
110733  -46.732  15.568  28.372 0.0000000000
109928  -47.573  14.232  29.600 0.0000000000
109911  -48.058  13.877  30.149 0.0000000000
110678  -48.634  13.541  31.417 0.0000000000
112421  -49.038  15.586  26.500 0.0000000000
112409  -48.987  15.936  27.283 0.0000000000
111573  -49.383  14.947  28.240 0.0000000000
110722  -50.204  14.565  28.065 0.0000000000
110706  -49.779  14.454  29.174 0.0000000000
111561  -49.441  14.348  29.456 0.0000000000
110691  -49.172  13.892  30.369 0.0000000000
110679  -49.165  13.658  31.245 0.0000000000
109876  -49.032  13.343  32.016 0.0000000000
109862  -49.523  12.871  32.568 0.0000000000
109107  -49.690  12.054  33.496 0.0000000000
108400  -50.552  12.091  33.157 0.0000000000
107649  -50.490  11.168  34.038 0.0000000000
106887  -50.188  10.101  34.589 0.0000000000
104810  -51.249  7.321  34.498 0.0000000000
106953  -51.562  10.630  30.675 0.0000000000
106938  -51.476  10.213  30.861 0.0000000000
106256  -51.251  9.345  31.281 0.0000000000
104174  -50.190  5.040  30.987 0.0000000000
104162  -49.811  5.956  31.937 0.0000000000
104173  -49.324  5.367  31.058 0.0000000000
104152  -48.579  6.912  32.239 0.0000000000
104172  -48.427  5.746  31.099 0.0000000000
107025  -51.400  11.688  24.420 0.0000000000
107009  -51.154  11.006  25.463 0.0000000000
107008  -50.253  11.223  25.456 0.0000000000
106992  -50.225  11.115  26.473 0.0000000000
106960  -48.355  10.819  29.515 0.0000000000
106966  -46.086  11.097  28.279 0.0000000000
106967  -46.936  11.062  28.105 0.0000000000
106977  -47.640  10.930  27.211 0.0000000000
106968  -47.652  10.815  28.111 0.0000000000
106959  -47.573  10.750  29.059 0.0000000000
106282  -47.920  10.472  30.150 0.0000000000
106251  -46.847  9.678  31.048 0.0000000000
105547  -46.935  8.962  31.614 0.0000000000
104874  -46.553  8.032  31.831 0.0000000000
104873  -45.685  7.784  31.304 0.0000000000
104158  -46.008  7.160  31.461 0.0000000000
104170  -46.371  6.310  31.094 0.0000000000
98642  -50.367  1.737  33.806 0.0000000000
98672  -45.940  0.837  33.775 0.0000000000
99561  -45.664  1.129  33.873 0.0000000000
99562  -48.772  2.408  33.767 0.0000000000
99578  -47.129  1.422  33.242 0.0000000000
100508  -48.754  3.220  34.355 0.0000000000
100509  -49.300  3.176  34.432 0.0000000000
100526  -48.330  2.831  33.886 0.0000000000
101437  -49.520  4.214  35.015 0.0000000000
101438  -49.724  4.017  34.908 0.0000000000
101459  -43.796  3.438  34.525 0.0000000000
101463  -49.744  3.759  34.777 0.0000000000
101485  -44.321  3.379  34.163 0.0000000000
101488  -47.854  3.663  34.143 0.0000000000
101500  -45.589  3.021  33.395 0.0000000000
101502  -47.313  3.086  33.566 0.0000000000
102365  -49.235  4.301  35.068 0.0000000000
102386  -43.885  4.746  34.617 0.0000000000
102396  -45.812  3.694  33.435 0.0000000000
103243  -49.719  6.018  35.305 0.0000000000
103280  -43.400  5.440  35.210 0.0000000000
103301  -44.821  5.154  34.262 0.0000000000
104086  -47.235  6.861  35.554 0.0000000000
104088  -48.385  6.630  35.662 0.0000000000
104102  -45.562  6.520  34.869 0.0000000000
104122  -44.641  5.681  34.613 0.0000000000
104157  -45.646  7.280  31.230 0.0000000000
104167  -43.734  6.637  30.176 0.0000000000
104779  -49.834  7.137  35.328 0.0000000000
104796  -47.889  7.506  35.868 0.0000000000
104809  -46.685  7.156  35.457 0.0000000000
104858  -47.435  8.190  31.932 0.0000000000
104859  -48.796  7.299  32.299 0.0000000000
104860  -49.491  7.223  32.278 0.0000000000
104861  -49.736  6.693  32.219 0.0000000000
105466  -47.978  8.541  36.064 0.0000000000
105467  -48.246  8.306  35.819 0.0000000000
105468  -48.591  8.093  35.514 0.0000000000
105482  -49.565  8.507  35.021 0.0000000000
105490  -43.193  8.590  35.863 0.0000000000
105529  -47.082  8.441  31.843 0.0000000000
105530  -47.323  8.386  31.849 0.0000000000
105571  -44.087  9.554  28.894 0.0000000000
106174  -48.200  8.973  35.966 0.0000000000
106181  -44.195  9.061  35.909 0.0000000000
106186  -47.978  9.127  36.078 0.0000000000
106187  -49.293  8.917  34.983 0.0000000000
106188  -49.842  9.112  34.892 0.0000000000
106195  -44.660  9.324  35.501 0.0000000000
106203  -42.427  8.990  34.288 0.0000000000
106205  -43.741  9.593  34.616 0.0000000000
106219  -42.094  8.967  33.915 0.0000000000
106221  -43.304  9.626  34.245 0.0000000000
106270  -47.520  10.097  30.536 0.0000000000
106281  -47.468  10.562  29.946 0.0000000000
106288  -43.824  10.253  28.161 0.0000000000
106857  -48.196  9.243  35.877 0.0000000000
106869  -46.861  9.508  35.449 0.0000000000
106872  -48.600  9.665  35.303 0.0000000000
106884  -45.947  9.672  34.934 0.0000000000
106886  -47.182  10.092  35.198 0.0000000000
106910  -43.123  10.118  33.540 0.0000000000
107081  -52.192  11.741  21.930 0.0000000000
107114  -52.616  11.559  19.934 0.0000000000
107119  -49.523  12.100  19.650 0.0000000000
107154  -51.358  11.264  16.543 0.0000000000
107628  -47.445  10.214  35.226 0.0000000000
107629  -47.853  10.386  35.232 0.0000000000
107630  -48.438  10.239  35.141 0.0000000000
107640  -47.799  10.738  34.942 0.0000000000
107641  -49.389  10.744  34.545 0.0000000000
107642  -49.799  10.734  34.467 0.0000000000
107646  -45.928  10.879  34.193 0.0000000000
107647  -46.560  10.750  34.464 0.0000000000
107656  -44.120  10.943  33.252 0.0000000000
107657  -44.638  11.035  33.502 0.0000000000
107658  -45.542  11.294  33.591 0.0000000000
107660  -46.841  11.245  34.100 0.0000000000
107662  -51.548  11.090  33.048 0.0000000000
107677  -51.240  11.974  32.570 0.0000000000
107737  -52.162  12.374  23.432 0.0000000000
107784  -52.918  11.879  20.855 0.0000000000
107805  -52.602  11.628  20.441 0.0000000000
107806  -52.813  11.872  20.537 0.0000000000
107826  -52.768  11.710  19.932 0.0000000000
107875  -48.874  12.376  16.719 0.0000000000
107876  -49.553  11.985  16.298 0.0000000000
107877  -50.571  11.670  16.163 0.0000000000
107887  -50.682  11.903  15.159 0.0000000000
107888  -51.542  11.722  14.796 0.0000000000
107889  -52.327  11.830  14.270 0.0000000000
107900  -51.926  12.297  13.579 0.0000000000
108362  -48.254  10.783  34.873 0.0000000000
108369  -47.619  10.997  34.691 0.0000000000
108370  -47.910  11.077  34.709 0.0000000000
108381  -48.044  11.651  34.072 0.0000000000
108382  -48.483  11.649  34.055 0.0000000000
108383  -49.534  11.640  33.897 0.0000000000
108399  -47.837  11.915  33.664 0.0000000000
108412  -46.710  11.975  33.129 0.0000000000
108414  -51.283  12.193  32.229 0.0000000000
108431  -51.114  13.009  31.625 0.0000000000
108459  -52.325  13.365  25.814 0.0000000000
108475  -52.327  12.835  23.604 0.0000000000
108491  -52.910  12.136  21.208 0.0000000000
108503  -53.086  12.183  20.870 0.0000000000
108536  -52.900  11.904  19.307 0.0000000000
108568  -48.530  12.725  16.695 0.0000000000
108593  -50.468  12.227  14.657 0.0000000000
108594  -52.515  12.483  13.701 0.0000000000
108595  -52.903  12.774  13.947 0.0000000000
108604  -48.788  13.754  14.366 0.0000000000
108609  -52.610  13.054  13.532 0.0000000000
108617  -49.987  13.545  13.876 0.0000000000
108619  -51.242  13.527  13.629 0.0000000000
109095  -48.730  11.644  34.036 0.0000000000
109096  -48.959  11.647  34.018 0.0000000000
109119  -47.876  12.282  33.243 0.0000000000
109120  -48.529  12.457  33.128 0.0000000000
109121  -49.578  12.411  33.158 0.0000000000
109130  -45.454  12.274  32.236 0.0000000000
109131  -45.897  12.418  32.339 0.0000000000
109133  -47.777  12.752  32.561 0.0000000000
109145  -40.151  12.950  30.957 0.0000000000
109190  -52.116  13.568  26.765 0.0000000000
109301  -52.364  13.550  13.399 0.0000000000
109305  -49.220  14.696  13.619 0.0000000000
109308  -50.793  14.084  13.807 0.0000000000
109846  -48.921  12.386  33.256 0.0000000000
109847  -49.259  12.516  33.062 0.0000000000
109878  -50.195  13.531  31.516 0.0000000000
109889  -46.464  13.493  31.224 0.0000000000
109892  -50.416  13.852  30.820 0.0000000000
109913  -51.063  14.163  29.997 0.0000000000
109944  -44.328  14.706  28.624 0.0000000000
109957  -50.745  14.520  27.635 0.0000000000
109966  -52.180  14.068  26.230 0.0000000000
109971  -52.042  14.440  26.002 0.0000000000
110074  -51.816  14.592  13.252 0.0000000000
110075  -52.346  14.099  13.635 0.0000000000
110081  -49.479  15.090  13.458 0.0000000000
110082  -49.910  15.066  13.406 0.0000000000
110084  -51.164  14.466  13.653 0.0000000000
110089  -50.139  15.300  13.369 0.0000000000
110704  -48.571  14.145  29.790 0.0000000000
110705  -48.978  14.090  29.851 0.0000000000
110707  -50.183  14.367  29.209 0.0000000000
110720  -48.034  14.758  29.209 0.0000000000
110721  -49.798  14.644  28.542 0.0000000000
110736  -50.068  14.645  27.862 0.0000000000
110788  -52.116  14.578  25.667 0.0000000000
110799  -47.018  14.653  24.976 0.0000000000
110809  -46.527  14.452  24.117 0.0000000000
110810  -47.223  14.416  23.978 0.0000000000
110818  -46.340  14.630  23.260 0.0000000000
110821  -51.668  14.565  23.362 0.0000000000
110859  -47.609  16.041  17.631 0.0000000000
110883  -49.398  15.681  16.497 0.0000000000
110930  -49.847  16.361  12.995 0.0000000000
110931  -49.948  15.928  13.135 0.0000000000
110932  -50.300  15.756  13.273 0.0000000000
111560  -49.274  14.121  29.819 0.0000000000
111567  -48.959  14.527  29.337 0.0000000000
111568  -49.077  14.751  29.196 0.0000000000
111571  -48.519  14.999  28.847 0.0000000000
111579  -47.392  15.683  27.750 0.0000000000
111582  -49.271  15.211  27.360 0.0000000000
111591  -48.721  15.649  26.978 0.0000000000
111592  -49.014  15.747  27.091 0.0000000000
111608  -49.105  15.672  26.358 0.0000000000
111610  -49.906  14.718  26.311 0.0000000000
111611  -50.311  14.615  26.179 0.0000000000
111626  -46.897  15.212  25.967 0.0000000000
111649  -47.334  14.829  25.452 0.0000000000
111654  -50.291  14.704  25.131 0.0000000000
111688  -44.063  15.962  21.054 0.0000000000
111702  -45.278  16.206  20.081 0.0000000000
111724  -46.515  17.026  18.384 0.0000000000
111749  -49.195  15.945  16.448 0.0000000000
111785  -49.402  16.701  12.882 0.0000000000
111786  -50.741  16.360  13.226 0.0000000000
111797  -49.843  16.779  12.794 0.0000000000
112408  -48.842  15.764  27.118 0.0000000000
112414  -48.938  15.680  26.802 0.0000000000
112415  -49.223  15.403  27.117 0.0000000000
112416  -50.039  15.153  26.855 0.0000000000
112420  -48.963  15.806  26.530 0.0000000000
112422  -49.920  15.299  26.474 0.0000000000
112423  -50.161  15.231  26.634 0.0000000000
112429  -49.384  15.551  26.241 0.0000000000
112430  -49.436  15.284  26.270 0.0000000000
112513  -46.791  18.093  17.998 0.0000000000
113271  -51.098  20.185  18.848 0.0000000000
113285  -50.480  19.508  18.589 0.0000000000
113288  -52.409  19.578  18.959 0.0000000000
113304  -47.100  19.194  18.133 0.0000000000
113310  -52.652  18.969  18.622 0.0000000000
113321  -47.163  18.669  17.877 0.0000000000
113324  -49.722  18.454  17.355 0.0000000000
113405  -50.421  18.061  12.051 0.0000000000
113406  -50.880  18.039  12.201 0.0000000000
113417  -50.327  18.939  11.626 0.0000000000
113418  -50.559  18.637  11.613 0.0000000000
114039  -48.959  21.062  20.016 0.0000000000
114047  -48.659  21.096  19.654 0.0000000000
114051  -51.098  20.546  19.043 0.0000000000
114064  -50.553  19.984  18.797 0.0000000000
114066  -52.247  20.125  19.119 0.0000000000
114095  -47.892  19.148  17.771 0.0000000000
114118  -51.955  19.993  15.176 0.0000000000
114175  -51.062  18.850  11.564 0.0000000000
114742  -47.801  21.897  23.059 0.0000000000
114750  -45.661  21.193  23.146 0.0000000000
114755  -49.021  21.994  21.992 0.0000000000
114769  -47.620  21.404  22.103 0.0000000000
114772  -49.662  21.781  21.224 0.0000000000
114791  -49.467  21.412  20.611 0.0000000000
114806  -48.902  21.219  20.204 0.0000000000
114807  -50.485  20.969  19.481 0.0000000000
114816  -48.193  21.224  19.534 0.0000000000
114817  -51.919  20.922  19.325 0.0000000000
114908  -51.035  20.037  12.402 0.0000000000
114916  -50.477  19.970  11.573 0.0000000000
114917  -51.090  19.906  11.595 0.0000000000
115460  -47.461  22.495  24.192 0.0000000000
115461  -47.676  22.509  23.766 0.0000000000
115470  -46.575  21.987  24.048 0.0000000000
115474  -48.478  22.275  22.479 0.0000000000
115488  -47.968  21.956  22.916 0.0000000000
115489  -48.119  22.021  22.661 0.0000000000
115490  -48.812  22.063  22.088 0.0000000000
115534  -52.552  21.056  18.552 0.0000000000
115556  -51.773  21.188  16.537 0.0000000000
115601  -50.431  20.713  14.182 0.0000000000
115619  -50.863  20.655  12.059 0.0000000000
115628  -50.721  20.481  11.659 0.0000000000
116166  -45.945  23.489  25.507 0.0000000000
116168  -47.158  23.411  25.643 0.0000000000
116179  -47.800  22.855  23.832 0.0000000000
116187  -45.419  22.516  24.584 0.0000000000
116188  -48.038  22.714  23.229 0.0000000000
116203  -49.141  22.294  22.054 0.0000000000
116210  -49.580  22.339  21.672 0.0000000000
116223  -50.287  22.486  20.577 0.0000000000
116232  -50.491  22.432  19.969 0.0000000000
116238  -50.666  22.074  18.647 0.0000000000
116273  -50.277  21.085  15.794 0.0000000000
116838  -45.836  23.877  25.688 0.0000000000
116841  -47.977  23.705  25.273 0.0000000000
116848  -44.773  23.517  25.296 0.0000000000
116851  -48.011  22.973  23.700 0.0000000000
116859  -44.327  23.416  24.838 0.0000000000
116861  -48.322  23.062  23.020 0.0000000000
116862  -48.683  22.784  22.473 0.0000000000
116874  -48.472  23.606  22.931 0.0000000000
116875  -48.693  23.178  22.489 0.0000000000
116877  -49.508  22.496  21.852 0.0000000000
116883  -49.579  22.614  21.647 0.0000000000
116885  -49.591  23.140  21.385 0.0000000000
116889  -50.241  22.923  20.365 0.0000000000
116906  -47.508  23.061  18.403 0.0000000000
116908  -50.715  22.097  18.838 0.0000000000
116942  -50.055  21.585  16.633 0.0000000000
116979  -49.879  22.286  13.717 0.0000000000
117527  -45.414  24.719  25.901 0.0000000000
117575  -48.656  23.363  22.132 0.0000000000
117576  -49.067  23.188  21.834 0.0000000000
117584  -46.731  23.892  21.435 0.0000000000
117588  -49.698  23.209  21.171 0.0000000000
117606  -47.431  23.447  18.914 0.0000000000
117609  -49.455  23.188  19.002 0.0000000000
117617  -45.435  23.586  18.122 0.0000000000
117619  -46.877  23.379  18.570 0.0000000000
117622  -49.316  22.793  18.446 0.0000000000
117645  -49.632  22.606  13.694 0.0000000000
117655  -49.435  22.990  13.482 0.0000000000
118240  -47.290  24.812  25.257 0.0000000000
118288  -47.759  23.783  20.760 0.0000000000
118302  -48.184  23.730  20.365 0.0000000000
118303  -48.722  23.630  20.168 0.0000000000
118319  -48.417  23.642  19.842 0.0000000000
118334  -47.237  23.746  19.510 0.0000000000
118336  -48.693  23.467  19.339 0.0000000000
118392  -48.956  23.790  13.037 0.0000000000
118940  -46.412  26.320  24.302 0.0000000000
119583  -46.488  27.045  24.163 0.0000000000
