#!ascii label  , from subject 3515 vox2ras=TkReg
872
50971  -38.079  -37.846  55.953 0.0000000000
47735  -21.097  -40.504  56.161 0.0000000000
46816  -30.018  -41.141  55.516 0.0000000000
69797  -41.707  -19.027  36.716 0.0000000000
74383  -45.450  -12.746  31.203 0.0000000000
46724  -14.242  -41.413  60.453 0.0000000000
69750  -42.204  -18.735  40.671 0.0000000000
54123  -38.845  -34.078  53.989 0.0000000000
47745  -34.705  -39.927  56.611 0.0000000000
47707  -17.128  -40.157  57.668 0.0000000000
43730  -17.333  -44.787  60.551 0.0000000000
51002  -35.234  -37.599  54.200 0.0000000000
54131  -34.059  -35.305  53.376 0.0000000000
47759  -25.492  -40.971  55.280 0.0000000000
50987  -31.429  -37.281  55.510 0.0000000000
62216  -36.173  -26.291  42.443 0.0000000000
65972  -38.660  -22.141  41.417 0.0000000000
67092  -45.278  -21.657  38.872 0.0000000000
40408  -11.151  -47.264  63.261 0.0000000000
39447  -7.692  -48.651  66.246 0.0000000000
55186  -33.145  -33.029  51.397 0.0000000000
56269  -33.210  -32.819  47.616 0.0000000000
57335  -35.568  -31.089  44.375 0.0000000000
42700  -14.054  -46.109  61.139 0.0000000000
46780  -20.574  -41.790  57.876 0.0000000000
47709  -23.150  -40.678  58.144 0.0000000000
48784  -36.434  -39.228  56.312 0.0000000000
50960  -20.291  -37.830  56.439 0.0000000000
48778  -19.137  -39.891  56.374 0.0000000000
46779  -19.319  -42.180  57.307 0.0000000000
52092  -33.919  -35.786  56.526 0.0000000000
50989  -33.487  -36.822  55.469 0.0000000000
65945  -35.346  -22.677  43.168 0.0000000000
65017  -37.266  -23.191  42.936 0.0000000000
67971  -36.467  -20.728  41.753 0.0000000000
67999  -42.897  -20.764  39.172 0.0000000000
68023  -44.390  -20.065  37.790 0.0000000000
68876  -46.461  -20.023  36.806 0.0000000000
69812  -43.598  -18.872  35.021 0.0000000000
70734  -43.819  -17.809  33.251 0.0000000000
55145  -32.131  -33.619  54.676 0.0000000000
54141  -32.829  -33.984  52.258 0.0000000000
56168  -30.212  -33.058  52.532 0.0000000000
57294  -30.336  -31.542  47.753 0.0000000000
58347  -31.759  -30.693  45.989 0.0000000000
56303  -33.754  -32.356  45.723 0.0000000000
59348  -32.950  -29.928  44.630 0.0000000000
60320  -33.881  -27.992  44.029 0.0000000000
46814  -28.032  -41.452  55.469 0.0000000000
43703  -12.260  -44.636  61.193 0.0000000000
43747  -13.991  -44.249  59.864 0.0000000000
37792  -7.586  -50.859  68.312 0.0000000000
36946  -6.373  -51.350  69.640 0.0000000000
69724  -38.526  -18.319  42.490 0.0000000000
57175  -37.859  -32.083  54.143 0.0000000000
47742  -32.461  -40.369  56.220 0.0000000000
47705  -15.841  -41.041  58.504 0.0000000000
44778  -15.307  -43.773  58.935 0.0000000000
45769  -16.903  -43.173  58.222 0.0000000000
76409  -47.206  -11.530  30.357 0.0000000000
49891  -36.595  -38.245  54.696 0.0000000000
52126  -37.528  -36.736  53.478 0.0000000000
53132  -34.820  -36.083  53.573 0.0000000000
50981  -21.950  -37.422  55.667 0.0000000000
47757  -23.359  -40.106  55.886 0.0000000000
49865  -24.949  -38.203  54.738 0.0000000000
48800  -26.861  -39.294  54.809 0.0000000000
47763  -29.322  -40.367  54.921 0.0000000000
50985  -29.623  -37.645  55.861 0.0000000000
48822  -31.083  -39.481  54.797 0.0000000000
48806  -33.171  -39.544  55.534 0.0000000000
49873  -35.430  -38.956  54.988 0.0000000000
59353  -38.368  -29.099  44.194 0.0000000000
67989  -40.239  -20.503  39.657 0.0000000000
65976  -42.042  -22.579  40.433 0.0000000000
71674  -45.573  -16.901  32.022 0.0000000000
40387  -9.019  -47.846  64.816 0.0000000000
38618  -9.369  -50.119  66.742 0.0000000000
54145  -36.801  -34.865  52.166 0.0000000000
56171  -35.694  -32.787  52.280 0.0000000000
57256  -35.079  -32.189  51.557 0.0000000000
56206  -30.169  -32.466  50.252 0.0000000000
56232  -32.519  -32.720  49.556 0.0000000000
56211  -35.913  -32.334  50.515 0.0000000000
56256  -36.344  -33.339  48.349 0.0000000000
56273  -36.970  -33.029  46.636 0.0000000000
57322  -37.569  -31.097  45.108 0.0000000000
59363  -35.570  -28.899  43.059 0.0000000000
63154  -34.760  -25.218  43.630 0.0000000000
46797  -24.910  -41.375  57.129 0.0000000000
43683  -11.173  -44.398  62.728 0.0000000000
41509  -12.501  -46.579  62.271 0.0000000000
42701  -15.765  -45.846  60.844 0.0000000000
37781  -5.194  -50.590  69.054 0.0000000000
46795  -20.822  -41.097  56.745 0.0000000000
46781  -21.518  -41.010  57.465 0.0000000000
47721  -22.168  -40.612  57.043 0.0000000000
49853  -37.532  -38.520  56.434 0.0000000000
48780  -20.440  -38.945  55.721 0.0000000000
49845  -19.473  -38.695  56.491 0.0000000000
47734  -20.130  -40.462  56.053 0.0000000000
46794  -19.891  -41.466  56.683 0.0000000000
67960  -34.785  -21.327  43.844 0.0000000000
67050  -35.632  -21.784  42.740 0.0000000000
68820  -35.613  -20.126  42.844 0.0000000000
69786  -42.892  -18.995  37.890 0.0000000000
68866  -43.773  -19.581  38.215 0.0000000000
68873  -43.266  -19.395  37.477 0.0000000000
68889  -43.729  -19.574  36.453 0.0000000000
68902  -42.500  -19.257  35.783 0.0000000000
69825  -41.979  -18.612  34.350 0.0000000000
55156  -31.400  -33.602  53.655 0.0000000000
59319  -30.676  -29.608  46.891 0.0000000000
58356  -32.439  -30.738  45.322 0.0000000000
60291  -32.429  -28.643  45.772 0.0000000000
60306  -33.094  -28.470  44.859 0.0000000000
46815  -29.129  -41.360  55.516 0.0000000000
45805  -29.229  -42.489  56.977 0.0000000000
45806  -29.854  -42.479  57.245 0.0000000000
45732  -13.178  -42.486  60.855 0.0000000000
45747  -13.555  -42.865  60.171 0.0000000000
73465  -45.811  -13.765  31.057 0.0000000000
37784  -7.219  -51.114  68.898 0.0000000000
54112  -39.985  -34.537  55.245 0.0000000000
56150  -38.533  -32.872  54.384 0.0000000000
47726  -33.648  -40.383  56.970 0.0000000000
47711  -34.004  -40.639  57.662 0.0000000000
48748  -18.093  -38.956  57.639 0.0000000000
48732  -17.079  -38.771  58.749 0.0000000000
48731  -16.450  -39.199  59.041 0.0000000000
47706  -16.491  -40.578  58.048 0.0000000000
46760  -16.022  -41.645  58.252 0.0000000000
46777  -17.233  -41.795  57.557 0.0000000000
45771  -19.933  -42.418  59.149 0.0000000000
45770  -19.125  -42.983  59.266 0.0000000000
51003  -36.314  -37.823  54.133 0.0000000000
51012  -35.997  -37.342  53.602 0.0000000000
51011  -35.366  -37.143  53.740 0.0000000000
52103  -22.660  -36.745  55.928 0.0000000000
50982  -23.139  -37.448  55.301 0.0000000000
50983  -24.334  -37.371  55.231 0.0000000000
49867  -26.692  -38.468  55.282 0.0000000000
49868  -27.514  -38.800  55.243 0.0000000000
48801  -27.524  -39.885  54.781 0.0000000000
49869  -28.340  -38.676  55.379 0.0000000000
50968  -31.600  -36.774  56.504 0.0000000000
50986  -30.345  -37.616  55.417 0.0000000000
49884  -30.369  -38.688  54.647 0.0000000000
49885  -31.251  -38.674  54.683 0.0000000000
48823  -31.881  -39.247  54.901 0.0000000000
49886  -32.069  -38.552  54.759 0.0000000000
51001  -34.203  -37.586  54.687 0.0000000000
49888  -33.926  -38.556  54.807 0.0000000000
49889  -34.906  -38.383  54.629 0.0000000000
49890  -35.829  -38.370  54.565 0.0000000000
61281  -37.420  -27.531  42.801 0.0000000000
61271  -38.650  -27.609  43.512 0.0000000000
63168  -38.072  -26.212  42.816 0.0000000000
67053  -38.125  -22.092  42.125 0.0000000000
65939  -38.258  -22.946  43.221 0.0000000000
69737  -40.481  -18.400  41.329 0.0000000000
69747  -39.039  -19.316  40.639 0.0000000000
68842  -40.827  -19.777  39.874 0.0000000000
67091  -44.328  -21.378  38.748 0.0000000000
67089  -42.648  -21.632  39.297 0.0000000000
65990  -44.136  -22.126  39.374 0.0000000000
65966  -43.646  -22.571  41.069 0.0000000000
70747  -44.219  -17.414  32.640 0.0000000000
71684  -43.257  -16.070  31.705 0.0000000000
72607  -44.311  -15.028  31.250 0.0000000000
41491  -9.786  -46.261  63.739 0.0000000000
41477  -9.185  -46.339  64.733 0.0000000000
40407  -10.079  -47.043  63.595 0.0000000000
38619  -10.548  -49.556  66.536 0.0000000000
37795  -10.151  -50.488  68.610 0.0000000000
52134  -35.902  -36.290  52.451 0.0000000000
53147  -37.427  -35.924  52.687 0.0000000000
54144  -35.685  -34.840  51.880 0.0000000000
55169  -33.098  -33.543  51.848 0.0000000000
55170  -34.055  -33.708  51.786 0.0000000000
56169  -33.873  -32.962  51.525 0.0000000000
57211  -35.467  -32.317  52.058 0.0000000000
56185  -34.524  -32.475  51.440 0.0000000000
58313  -29.367  -30.496  49.974 0.0000000000
56267  -31.122  -32.223  47.892 0.0000000000
56251  -30.915  -32.385  48.803 0.0000000000
56253  -32.887  -32.822  48.635 0.0000000000
56233  -33.684  -32.716  49.620 0.0000000000
56254  -34.062  -32.987  48.550 0.0000000000
56235  -36.518  -33.064  49.321 0.0000000000
56255  -35.376  -33.192  48.307 0.0000000000
57319  -35.115  -31.705  44.892 0.0000000000
56289  -35.493  -32.823  46.160 0.0000000000
56306  -36.611  -32.040  45.508 0.0000000000
56307  -37.274  -31.763  45.479 0.0000000000
57336  -36.474  -31.009  44.576 0.0000000000
59351  -36.789  -29.664  43.627 0.0000000000
58382  -35.316  -29.736  43.451 0.0000000000
61241  -34.096  -26.632  45.016 0.0000000000
61254  -34.540  -26.925  43.754 0.0000000000
63130  -34.480  -24.930  45.315 0.0000000000
47758  -24.472  -40.655  55.702 0.0000000000
47739  -24.386  -40.978  56.796 0.0000000000
46798  -25.564  -41.640  56.765 0.0000000000
42715  -12.996  -45.178  60.819 0.0000000000
41526  -12.346  -46.030  61.767 0.0000000000
41527  -13.046  -46.227  61.682 0.0000000000
43764  -16.628  -44.169  58.899 0.0000000000
42733  -15.561  -45.134  59.775 0.0000000000
42720  -16.725  -45.331  60.712 0.0000000000
45772  -20.513  -41.971  59.010 0.0000000000
46762  -21.732  -41.076  58.561 0.0000000000
46763  -22.612  -40.820  58.586 0.0000000000
47697  -23.670  -40.914  58.975 0.0000000000
48783  -35.371  -39.672  56.301 0.0000000000
47728  -35.182  -40.057  57.141 0.0000000000
49810  -19.119  -37.951  57.625 0.0000000000
49827  -18.725  -38.669  57.249 0.0000000000
48762  -18.166  -39.717  57.174 0.0000000000
46778  -18.148  -41.954  57.137 0.0000000000
46793  -19.009  -41.537  56.712 0.0000000000
45790  -20.182  -42.221  58.541 0.0000000000
52113  -34.457  -37.032  54.643 0.0000000000
52114  -34.676  -36.592  54.321 0.0000000000
50969  -32.620  -36.509  56.433 0.0000000000
50988  -32.450  -37.096  55.538 0.0000000000
52104  -33.695  -36.368  55.952 0.0000000000
64086  -35.924  -24.434  42.806 0.0000000000
64087  -36.837  -24.523  42.555 0.0000000000
65946  -36.194  -22.643  42.749 0.0000000000
67051  -36.625  -21.678  42.122 0.0000000000
67076  -37.761  -21.332  40.881 0.0000000000
68854  -42.416  -20.012  39.500 0.0000000000
68856  -43.437  -19.710  39.196 0.0000000000
68001  -43.927  -20.433  38.625 0.0000000000
67101  -44.956  -21.111  38.375 0.0000000000
68014  -46.305  -20.895  38.045 0.0000000000
68025  -45.897  -20.474  37.434 0.0000000000
68891  -45.841  -19.548  36.090 0.0000000000
69813  -44.554  -18.593  34.999 0.0000000000
69827  -43.969  -18.413  34.397 0.0000000000
69836  -42.602  -18.279  33.745 0.0000000000
40409  -12.275  -47.503  63.574 0.0000000000
39466  -10.692  -48.419  64.756 0.0000000000
40372  -11.885  -48.233  65.237 0.0000000000
54119  -32.825  -34.376  53.780 0.0000000000
54143  -34.339  -34.923  52.175 0.0000000000
55157  -32.059  -34.061  53.318 0.0000000000
55168  -32.262  -33.829  52.291 0.0000000000
55184  -31.503  -33.483  51.854 0.0000000000
58322  -29.458  -30.458  49.218 0.0000000000
59318  -30.047  -29.757  47.848 0.0000000000
57295  -31.013  -31.504  47.170 0.0000000000
56286  -32.448  -32.332  46.764 0.0000000000
56287  -33.513  -32.689  46.627 0.0000000000
57306  -32.338  -31.601  45.954 0.0000000000
58357  -33.112  -31.045  44.938 0.0000000000
57333  -34.030  -30.910  44.441 0.0000000000
58381  -34.594  -29.791  43.672 0.0000000000
60319  -33.482  -28.825  44.170 0.0000000000
46813  -27.044  -41.486  55.520 0.0000000000
45802  -26.523  -42.062  56.780 0.0000000000
45803  -27.302  -42.346  56.803 0.0000000000
43726  -12.899  -44.730  60.702 0.0000000000
42717  -14.296  -45.554  60.516 0.0000000000
37807  -7.932  -50.005  66.796 0.0000000000
39437  -7.140  -48.681  66.934 0.0000000000
37799  -6.980  -49.864  67.674 0.0000000000
38598  -6.207  -49.669  68.578 0.0000000000
38591  -5.353  -49.764  68.813 0.0000000000
57193  -38.122  -31.522  53.744 0.0000000000
46804  -31.475  -41.296  56.735 0.0000000000
46786  -31.320  -41.982  57.806 0.0000000000
48730  -15.751  -39.434  59.713 0.0000000000
47693  -15.127  -40.966  59.501 0.0000000000
45766  -14.983  -42.419  58.943 0.0000000000
45767  -15.591  -42.416  58.544 0.0000000000
44800  -16.480  -43.523  58.520 0.0000000000
44801  -17.379  -43.682  58.602 0.0000000000
45788  -18.488  -42.957  58.033 0.0000000000
44802  -18.244  -43.523  58.955 0.0000000000
44779  -17.790  -44.085  59.714 0.0000000000
76401  -45.823  -12.050  30.956 0.0000000000
50991  -37.727  -37.866  55.375 0.0000000000
51005  -37.953  -37.298  54.804 0.0000000000
51013  -36.774  -37.372  53.684 0.0000000000
52125  -36.607  -36.966  53.133 0.0000000000
53144  -34.542  -35.692  52.979 0.0000000000
53122  -34.440  -35.452  54.838 0.0000000000
54121  -34.342  -35.094  54.530 0.0000000000
54120  -33.632  -34.780  54.111 0.0000000000
55146  -33.198  -34.087  54.894 0.0000000000
48796  -21.939  -39.266  55.467 0.0000000000
47756  -22.393  -39.909  55.891 0.0000000000
48797  -22.979  -39.389  55.382 0.0000000000
48798  -23.958  -39.791  55.186 0.0000000000
48817  -25.239  -39.796  54.641 0.0000000000
50984  -25.417  -37.447  55.519 0.0000000000
49881  -25.530  -38.988  54.613 0.0000000000
47779  -26.463  -40.428  54.788 0.0000000000
47761  -27.226  -40.762  54.973 0.0000000000
47762  -28.269  -40.638  54.993 0.0000000000
49850  -28.429  -37.968  56.218 0.0000000000
48803  -29.012  -39.325  54.788 0.0000000000
47781  -29.960  -39.944  54.717 0.0000000000
47764  -30.362  -40.509  55.146 0.0000000000
47766  -32.042  -40.121  55.659 0.0000000000
47767  -32.656  -39.935  55.819 0.0000000000
48781  -33.811  -39.696  55.936 0.0000000000
49887  -32.929  -38.492  54.839 0.0000000000
48807  -34.072  -39.320  55.338 0.0000000000
48808  -34.974  -39.367  55.489 0.0000000000
48809  -35.729  -39.276  55.627 0.0000000000
49852  -36.846  -38.740  55.823 0.0000000000
50980  -20.982  -37.846  55.817 0.0000000000
64078  -38.415  -24.610  43.090 0.0000000000
69734  -37.362  -19.305  41.528 0.0000000000
68839  -37.961  -20.458  40.531 0.0000000000
67078  -39.175  -21.712  40.249 0.0000000000
67998  -42.078  -20.879  39.278 0.0000000000
67087  -40.800  -21.726  39.554 0.0000000000
65975  -41.116  -22.469  40.600 0.0000000000
65964  -41.710  -22.530  41.318 0.0000000000
71687  -46.051  -16.199  31.532 0.0000000000
72608  -45.534  -15.255  31.215 0.0000000000
74381  -44.267  -13.244  31.493 0.0000000000
41462  -8.987  -46.130  65.604 0.0000000000
40371  -8.454  -47.823  65.248 0.0000000000
39458  -10.141  -48.801  65.180 0.0000000000
39457  -9.174  -48.589  65.134 0.0000000000
38628  -8.122  -49.237  66.113 0.0000000000
37809  -8.877  -50.486  67.184 0.0000000000
52127  -38.141  -36.622  53.920 0.0000000000
53148  -38.048  -35.267  52.973 0.0000000000
54132  -37.773  -34.239  53.044 0.0000000000
55172  -36.384  -33.569  52.421 0.0000000000
55159  -37.195  -33.435  53.078 0.0000000000
56160  -36.772  -32.692  53.110 0.0000000000
57212  -36.352  -32.133  52.768 0.0000000000
57231  -36.472  -31.742  52.198 0.0000000000
56181  -30.491  -33.054  51.344 0.0000000000
56182  -31.719  -33.130  51.042 0.0000000000
57272  -29.851  -31.731  49.123 0.0000000000
56231  -31.500  -32.630  49.537 0.0000000000
56208  -32.116  -32.794  50.330 0.0000000000
56210  -34.550  -32.333  50.771 0.0000000000
57257  -35.673  -31.947  51.455 0.0000000000
56271  -35.421  -33.150  47.113 0.0000000000
55230  -36.572  -33.272  47.229 0.0000000000
58371  -38.010  -29.870  44.480 0.0000000000
59365  -37.241  -28.934  43.360 0.0000000000
60337  -36.144  -27.999  42.663 0.0000000000
59362  -34.643  -28.969  43.381 0.0000000000
61268  -35.038  -26.843  43.061 0.0000000000
62207  -35.446  -26.171  42.757 0.0000000000
64074  -34.589  -24.337  43.879 0.0000000000
65936  -34.405  -22.696  44.526 0.0000000000
47737  -22.740  -40.275  56.548 0.0000000000
47723  -23.948  -40.795  57.638 0.0000000000
45791  -26.097  -42.022  57.257 0.0000000000
42680  -10.724  -45.306  62.766 0.0000000000
43702  -11.664  -44.472  61.844 0.0000000000
42681  -11.254  -45.300  62.168 0.0000000000
40423  -11.439  -46.809  62.762 0.0000000000
44777  -14.802  -43.440  59.098 0.0000000000
42732  -14.869  -45.073  59.889 0.0000000000
41542  -15.050  -46.005  60.898 0.0000000000
36938  -6.487  -51.854  70.413 0.0000000000
36945  -5.798  -51.447  69.607 0.0000000000
38590  -5.016  -49.452  69.181 0.0000000000
50992  -38.297  -37.339  55.477 0.0000000000
46796  -21.504  -40.749  56.733 0.0000000000
47736  -21.897  -40.360  56.339 0.0000000000
48795  -20.894  -39.279  55.618 0.0000000000
48779  -20.070  -39.422  55.856 0.0000000000
47754  -20.722  -39.990  55.772 0.0000000000
68806  -35.274  -19.873  44.464 0.0000000000
68813  -35.359  -19.968  43.650 0.0000000000
68814  -35.894  -19.394  43.109 0.0000000000
69785  -42.479  -18.903  37.735 0.0000000000
68872  -42.701  -19.285  37.253 0.0000000000
68888  -42.691  -19.385  36.584 0.0000000000
68887  -42.145  -19.269  36.134 0.0000000000
69810  -41.806  -19.021  35.492 0.0000000000
46803  -30.195  -41.895  56.657 0.0000000000
45733  -13.778  -42.196  60.398 0.0000000000
74389  -45.601  -13.401  31.152 0.0000000000
73466  -46.589  -13.869  30.920 0.0000000000
74390  -45.952  -13.124  31.071 0.0000000000
55150  -39.308  -33.546  54.643 0.0000000000
55149  -38.705  -33.499  54.190 0.0000000000
47744  -34.052  -39.975  56.494 0.0000000000
47727  -34.405  -40.236  57.110 0.0000000000
48761  -17.476  -39.991  57.503 0.0000000000
48747  -17.262  -39.323  58.035 0.0000000000
48746  -16.566  -39.742  58.393 0.0000000000
47718  -16.944  -41.218  57.675 0.0000000000
50963  -23.768  -36.612  55.971 0.0000000000
49849  -27.731  -38.110  56.166 0.0000000000
49848  -27.072  -37.935  56.108 0.0000000000
50967  -30.634  -37.071  56.461 0.0000000000
50997  -30.676  -38.133  54.778 0.0000000000
50998  -31.338  -37.921  54.846 0.0000000000
50999  -32.251  -37.796  54.942 0.0000000000
61280  -36.974  -27.210  42.545 0.0000000000
62218  -37.667  -26.727  42.669 0.0000000000
62217  -36.938  -26.427  42.409 0.0000000000
65960  -38.569  -22.164  42.036 0.0000000000
65948  -38.278  -22.341  42.619 0.0000000000
65962  -39.934  -22.388  41.548 0.0000000000
69749  -41.214  -18.922  40.624 0.0000000000
69748  -40.091  -19.103  40.604 0.0000000000
65991  -44.851  -22.035  39.235 0.0000000000
65979  -44.811  -22.338  39.981 0.0000000000
41492  -10.606  -46.297  62.930 0.0000000000
53145  -35.275  -35.851  52.461 0.0000000000
53146  -36.278  -35.774  52.151 0.0000000000
55185  -32.403  -33.295  51.570 0.0000000000
56184  -33.642  -32.602  51.156 0.0000000000
56268  -32.157  -32.570  47.765 0.0000000000
56270  -34.336  -33.018  47.430 0.0000000000
57320  -36.056  -31.608  44.974 0.0000000000
58369  -36.087  -30.370  43.851 0.0000000000
58368  -35.037  -30.476  43.859 0.0000000000
47777  -24.956  -40.425  54.959 0.0000000000
46810  -24.937  -41.237  56.443 0.0000000000
46811  -25.434  -41.340  55.984 0.0000000000
42699  -13.539  -45.896  61.095 0.0000000000
41528  -13.799  -46.390  61.675 0.0000000000
41511  -14.216  -46.816  62.461 0.0000000000
43751  -17.078  -44.552  59.439 0.0000000000
43729  -16.745  -45.085  60.015 0.0000000000
41460  -7.818  -47.409  66.314 0.0000000000
40359  -7.440  -47.910  66.573 0.0000000000
53124  -39.263  -35.775  54.643 0.0000000000
46761  -21.080  -41.549  58.964 0.0000000000
47708  -22.358  -40.764  57.856 0.0000000000
47696  -23.238  -40.832  58.876 0.0000000000
48767  -35.968  -39.810  57.079 0.0000000000
50922  -20.590  -36.814  58.039 0.0000000000
50942  -19.872  -37.575  57.349 0.0000000000
49844  -18.839  -39.238  56.779 0.0000000000
47720  -18.494  -40.822  56.748 0.0000000000
47733  -19.298  -40.865  56.408 0.0000000000
52105  -34.035  -36.378  55.465 0.0000000000
52106  -34.187  -35.745  55.704 0.0000000000
65015  -35.696  -23.537  43.022 0.0000000000
67970  -35.847  -20.833  42.354 0.0000000000
67066  -36.829  -21.173  41.574 0.0000000000
67067  -37.425  -21.470  41.370 0.0000000000
67979  -36.985  -20.728  41.276 0.0000000000
68845  -43.202  -19.065  39.935 0.0000000000
68857  -43.688  -19.676  39.055 0.0000000000
68012  -44.417  -20.400  38.174 0.0000000000
67100  -44.425  -20.855  38.427 0.0000000000
68024  -44.972  -20.338  37.545 0.0000000000
68013  -45.410  -20.790  37.967 0.0000000000
68904  -44.171  -19.243  35.599 0.0000000000
68890  -44.764  -19.657  36.227 0.0000000000
55166  -30.804  -33.420  53.080 0.0000000000
55167  -31.444  -33.728  52.734 0.0000000000
55183  -30.836  -33.462  52.285 0.0000000000
58346  -31.114  -30.644  46.638 0.0000000000
57305  -31.685  -31.533  46.573 0.0000000000
59339  -32.491  -29.675  45.043 0.0000000000
58365  -32.848  -30.423  44.844 0.0000000000
58366  -33.459  -30.568  44.548 0.0000000000
59349  -33.342  -29.546  44.308 0.0000000000
60307  -33.645  -27.298  45.420 0.0000000000
46800  -26.801  -41.871  56.175 0.0000000000
46801  -27.697  -42.000  56.115 0.0000000000
45794  -28.700  -42.909  57.461 0.0000000000
44756  -12.976  -43.614  60.526 0.0000000000
43727  -13.698  -44.606  60.144 0.0000000000
42716  -13.350  -45.283  60.684 0.0000000000
37800  -7.527  -50.196  67.350 0.0000000000
37783  -6.538  -50.706  68.890 0.0000000000
38592  -5.913  -50.048  68.898 0.0000000000
56137  -38.953  -32.416  54.836 0.0000000000
57176  -38.435  -31.998  54.490 0.0000000000
46805  -32.186  -40.809  56.681 0.0000000000
47695  -16.235  -39.967  58.610 0.0000000000
47694  -15.605  -40.433  59.112 0.0000000000
46741  -15.158  -41.243  59.246 0.0000000000
46759  -15.402  -41.562  58.784 0.0000000000
45768  -16.431  -42.607  58.174 0.0000000000
44780  -18.545  -43.601  60.054 0.0000000000
51004  -37.278  -37.643  54.414 0.0000000000
52124  -35.622  -36.700  53.136 0.0000000000
55147  -33.996  -34.379  55.157 0.0000000000
49862  -21.472  -38.442  55.502 0.0000000000
49863  -22.506  -38.423  55.206 0.0000000000
49864  -23.794  -38.645  54.869 0.0000000000
49879  -24.222  -39.444  54.896 0.0000000000
48816  -24.504  -39.877  54.903 0.0000000000
49880  -24.690  -39.162  54.691 0.0000000000
49882  -26.266  -38.906  54.753 0.0000000000
48818  -26.141  -39.719  54.629 0.0000000000
48819  -26.854  -40.050  54.699 0.0000000000
48802  -28.310  -39.622  54.846 0.0000000000
50966  -29.852  -37.326  56.539 0.0000000000
49851  -29.166  -37.659  56.490 0.0000000000
49870  -29.390  -38.275  55.160 0.0000000000
48821  -30.268  -39.404  54.650 0.0000000000
47782  -30.611  -39.971  54.862 0.0000000000
47765  -31.240  -40.276  55.321 0.0000000000
48804  -31.738  -39.775  55.195 0.0000000000
48824  -32.650  -39.139  54.992 0.0000000000
48805  -32.361  -39.629  55.356 0.0000000000
51000  -33.223  -37.710  54.930 0.0000000000
49872  -34.674  -39.005  54.940 0.0000000000
49874  -36.305  -38.789  55.289 0.0000000000
49875  -37.089  -38.363  55.299 0.0000000000
50962  -21.814  -36.949  56.124 0.0000000000
50961  -21.284  -37.099  56.414 0.0000000000
59354  -39.028  -28.954  44.715 0.0000000000
62209  -38.498  -26.601  43.114 0.0000000000
62210  -39.202  -26.900  43.651 0.0000000000
65007  -37.084  -23.937  42.801 0.0000000000
64077  -37.714  -24.494  42.711 0.0000000000
65008  -37.535  -23.601  42.942 0.0000000000
69723  -37.171  -18.893  42.285 0.0000000000
69735  -38.106  -19.079  41.250 0.0000000000
68841  -39.696  -19.899  40.053 0.0000000000
69746  -38.462  -19.518  40.674 0.0000000000
68840  -38.701  -20.087  40.277 0.0000000000
67987  -38.517  -21.048  40.250 0.0000000000
67988  -39.442  -20.886  39.810 0.0000000000
65988  -42.347  -22.286  39.695 0.0000000000
67088  -41.716  -21.683  39.405 0.0000000000
65987  -41.410  -22.275  39.851 0.0000000000
65986  -40.529  -22.225  40.058 0.0000000000
65955  -44.193  -22.345  41.801 0.0000000000
68026  -46.765  -20.461  37.549 0.0000000000
70735  -44.834  -17.766  33.562 0.0000000000
71673  -44.596  -16.880  31.977 0.0000000000
70749  -46.109  -17.336  32.820 0.0000000000
73451  -44.075  -13.964  31.404 0.0000000000
73452  -45.086  -14.062  31.162 0.0000000000
40388  -9.468  -47.464  64.334 0.0000000000
41476  -8.820  -47.224  64.945 0.0000000000
39467  -11.211  -48.481  65.016 0.0000000000
39459  -10.878  -48.741  65.351 0.0000000000
38630  -9.762  -49.353  65.787 0.0000000000
38629  -8.822  -49.371  65.887 0.0000000000
38617  -8.351  -49.808  66.458 0.0000000000
37794  -9.482  -50.789  68.532 0.0000000000
54147  -37.997  -34.771  52.978 0.0000000000
54146  -37.595  -34.870  52.622 0.0000000000
54142  -33.362  -34.249  52.238 0.0000000000
55171  -35.139  -33.768  51.835 0.0000000000
55158  -36.742  -33.214  52.907 0.0000000000
56172  -36.246  -32.715  52.692 0.0000000000
57230  -35.610  -31.992  52.053 0.0000000000
57213  -37.307  -31.622  52.999 0.0000000000
56180  -29.589  -32.218  50.910 0.0000000000
57283  -29.839  -31.433  48.570 0.0000000000
57282  -29.498  -30.983  48.899 0.0000000000
56209  -33.194  -32.647  50.448 0.0000000000
56234  -34.999  -32.760  49.545 0.0000000000
57258  -36.729  -31.893  51.380 0.0000000000
56288  -34.524  -32.841  46.388 0.0000000000
56290  -36.399  -32.687  46.031 0.0000000000
56272  -36.151  -33.077  46.714 0.0000000000
57307  -37.977  -31.759  45.703 0.0000000000
57323  -38.452  -31.176  45.453 0.0000000000
58359  -38.105  -30.509  44.981 0.0000000000
59364  -36.455  -28.944  43.092 0.0000000000
60338  -36.940  -28.313  42.959 0.0000000000
59350  -33.938  -29.274  43.819 0.0000000000
62195  -34.550  -25.995  44.197 0.0000000000
62206  -34.922  -26.094  43.373 0.0000000000
63155  -35.297  -25.280  42.975 0.0000000000
47738  -23.653  -40.525  56.646 0.0000000000
47724  -24.495  -41.111  57.358 0.0000000000
46783  -24.723  -41.312  57.921 0.0000000000
46782  -24.245  -41.021  58.371 0.0000000000
45801  -26.072  -41.861  56.764 0.0000000000
45792  -26.806  -42.464  57.477 0.0000000000
46785  -30.657  -42.152  57.381 0.0000000000
43682  -10.700  -44.687  63.338 0.0000000000
44733  -12.243  -43.448  61.573 0.0000000000
44732  -11.680  -43.726  62.386 0.0000000000
42697  -11.957  -45.395  61.685 0.0000000000
41508  -11.533  -46.267  62.304 0.0000000000
40424  -11.942  -46.989  62.778 0.0000000000
40425  -12.817  -47.045  62.926 0.0000000000
44798  -15.235  -42.907  58.775 0.0000000000
42718  -15.303  -45.612  60.410 0.0000000000
41543  -15.433  -45.935  60.895 0.0000000000
76408  -46.105  -11.617  30.793 0.0000000000
36944  -5.466  -51.721  69.507 0.0000000000
37774  -5.113  -49.958  68.970 0.0000000000
50959  -19.714  -38.029  56.825 0.0000000000
49846  -20.193  -38.572  55.939 0.0000000000
67038  -34.974  -21.887  43.416 0.0000000000
67961  -35.195  -20.911  43.223 0.0000000000
68821  -36.295  -19.781  42.202 0.0000000000
69775  -43.612  -19.082  38.910 0.0000000000
68865  -43.334  -19.181  38.158 0.0000000000
68874  -44.320  -19.882  37.221 0.0000000000
68903  -43.223  -19.289  35.725 0.0000000000
69811  -42.682  -19.035  35.079 0.0000000000
55143  -30.964  -33.050  54.102 0.0000000000
56159  -30.361  -32.908  53.460 0.0000000000
59329  -31.397  -29.677  46.255 0.0000000000
59330  -31.952  -29.736  45.627 0.0000000000
60305  -32.670  -29.004  45.058 0.0000000000
46802  -28.774  -42.039  56.180 0.0000000000
44776  -13.901  -43.676  59.800 0.0000000000
73453  -46.130  -14.517  31.062 0.0000000000
73454  -47.104  -14.645  31.115 0.0000000000
36953  -8.192  -51.160  68.786 0.0000000000
36952  -7.667  -51.223  68.964 0.0000000000
36947  -7.250  -51.367  69.485 0.0000000000
56151  -39.036  -32.886  54.796 0.0000000000
56149  -37.901  -32.393  54.121 0.0000000000
47725  -32.874  -40.595  56.849 0.0000000000
46770  -34.381  -40.802  58.322 0.0000000000
49809  -18.278  -38.131  58.124 0.0000000000
49808  -17.520  -38.410  58.642 0.0000000000
49792  -17.181  -38.196  59.316 0.0000000000
46776  -16.654  -41.681  57.887 0.0000000000
45786  -16.923  -42.218  57.847 0.0000000000
45789  -19.657  -42.550  58.280 0.0000000000
49847  -26.311  -37.663  55.889 0.0000000000
49871  -30.150  -38.107  54.898 0.0000000000
60339  -37.737  -28.143  43.170 0.0000000000
60340  -38.327  -28.406  43.708 0.0000000000
61270  -38.025  -27.264  42.979 0.0000000000
62208  -38.065  -26.832  42.896 0.0000000000
63157  -38.443  -25.514  43.008 0.0000000000
65947  -37.297  -22.664  42.733 0.0000000000
65938  -37.566  -23.062  43.018 0.0000000000
69736  -39.305  -18.594  41.351 0.0000000000
67090  -43.487  -21.521  39.096 0.0000000000
65989  -43.273  -22.226  39.559 0.0000000000
65977  -43.001  -22.603  40.287 0.0000000000
65978  -43.940  -22.494  40.168 0.0000000000
65967  -44.613  -22.429  40.981 0.0000000000
71672  -43.652  -16.785  32.016 0.0000000000
71686  -45.009  -16.119  31.486 0.0000000000
71685  -44.017  -16.093  31.535 0.0000000000
72606  -43.377  -15.304  31.501 0.0000000000
40406  -9.562  -46.798  64.023 0.0000000000
38606  -9.711  -50.391  67.306 0.0000000000
52135  -36.508  -36.464  52.608 0.0000000000
52136  -37.069  -36.588  52.882 0.0000000000
56170  -34.879  -32.754  51.738 0.0000000000
57210  -35.218  -32.417  51.816 0.0000000000
57229  -35.123  -32.262  51.720 0.0000000000
56205  -29.631  -31.896  50.036 0.0000000000
56266  -30.416  -32.011  48.344 0.0000000000
56252  -31.825  -32.621  48.682 0.0000000000
56304  -34.750  -32.372  45.503 0.0000000000
56305  -35.740  -32.257  45.474 0.0000000000
56291  -37.374  -32.408  46.020 0.0000000000
57321  -36.824  -31.409  45.100 0.0000000000
57337  -37.013  -30.961  44.850 0.0000000000
58370  -37.270  -30.448  44.432 0.0000000000
58383  -36.044  -29.579  43.335 0.0000000000
63147  -34.443  -25.112  44.426 0.0000000000
64065  -34.343  -24.246  44.680 0.0000000000
42698  -12.786  -45.462  61.165 0.0000000000
41510  -13.330  -46.708  62.325 0.0000000000
43763  -15.956  -44.059  58.852 0.0000000000
43749  -15.308  -44.369  59.251 0.0000000000
43750  -16.215  -44.795  59.398 0.0000000000
42719  -16.124  -45.478  60.280 0.0000000000
54124  -39.333  -34.619  54.282 0.0000000000
45751  -20.311  -42.054  59.870 0.0000000000
46742  -20.948  -41.670  59.771 0.0000000000
46743  -21.674  -41.274  59.657 0.0000000000
49828  -19.348  -38.151  57.089 0.0000000000
47719  -17.460  -40.796  57.330 0.0000000000
50990  -34.077  -36.939  54.972 0.0000000000
63165  -36.024  -25.362  42.522 0.0000000000
63166  -36.803  -25.535  42.344 0.0000000000
65016  -36.714  -23.555  42.850 0.0000000000
67052  -37.620  -22.027  42.109 0.0000000000
67068  -38.101  -21.946  41.646 0.0000000000
68843  -41.880  -19.434  40.020 0.0000000000
68844  -42.682  -19.237  40.042 0.0000000000
68855  -43.068  -19.850  39.417 0.0000000000
68000  -43.513  -20.607  38.910 0.0000000000
67102  -45.782  -21.286  38.463 0.0000000000
68875  -45.372  -20.089  36.831 0.0000000000
69828  -44.905  -18.086  34.391 0.0000000000
69838  -44.289  -18.043  33.895 0.0000000000
69826  -43.045  -18.631  34.357 0.0000000000
69837  -43.435  -18.204  33.780 0.0000000000
70733  -42.868  -17.839  33.176 0.0000000000
40389  -10.437  -47.873  64.052 0.0000000000
40390  -11.634  -48.119  64.559 0.0000000000
54130  -33.436  -34.768  52.983 0.0000000000
54129  -32.742  -34.291  52.769 0.0000000000
58323  -29.641  -30.509  48.511 0.0000000000
58333  -29.882  -30.844  47.875 0.0000000000
58334  -30.369  -30.702  47.224 0.0000000000
56285  -31.655  -32.093  47.194 0.0000000000
56302  -32.966  -32.241  46.025 0.0000000000
57317  -33.055  -31.659  45.415 0.0000000000
57318  -33.958  -31.550  44.891 0.0000000000
57334  -34.628  -31.062  44.369 0.0000000000
58367  -34.122  -30.287  44.083 0.0000000000
62180  -34.675  -26.203  45.934 0.0000000000
46812  -26.185  -41.465  55.669 0.0000000000
46799  -26.090  -41.729  56.327 0.0000000000
45804  -28.252  -42.504  56.819 0.0000000000
44734  -12.713  -42.949  61.121 0.0000000000
44755  -12.513  -44.110  60.903 0.0000000000
44757  -18.032  -44.099  60.864 0.0000000000
38616  -7.619  -49.484  66.670 0.0000000000
38605  -7.046  -49.436  67.349 0.0000000000
38604  -6.621  -49.447  67.991 0.0000000000
37791  -6.842  -50.195  68.105 0.0000000000
39425  -6.154  -48.674  68.399 0.0000000000
39424  -6.043  -48.958  68.533 0.0000000000
38597  -6.038  -49.318  68.629 0.0000000000
70638  -38.697  -18.114  43.127 0.0000000000
69725  -39.748  -18.031  42.168 0.0000000000
69738  -41.580  -18.209  41.258 0.0000000000
47740  -30.871  -41.022  55.862 0.0000000000
47712  -34.827  -40.451  57.790 0.0000000000
47684  -15.246  -39.879  60.185 0.0000000000
47683  -14.919  -40.712  59.982 0.0000000000
46740  -14.757  -41.422  59.656 0.0000000000
45748  -14.280  -42.393  59.636 0.0000000000
46758  -14.887  -41.802  59.219 0.0000000000
44799  -15.649  -43.337  58.672 0.0000000000
45787  -17.395  -42.757  57.864 0.0000000000
44821  -17.982  -43.381  58.393 0.0000000000
44820  -17.814  -43.250  58.153 0.0000000000
75394  -45.640  -12.404  31.093 0.0000000000
52115  -37.906  -37.001  54.217 0.0000000000
54122  -34.502  -34.961  55.129 0.0000000000
53121  -34.471  -35.381  54.396 0.0000000000
53131  -34.492  -35.565  53.947 0.0000000000
55131  -32.826  -33.494  55.487 0.0000000000
47755  -21.487  -39.944  55.785 0.0000000000
48799  -24.355  -40.186  55.210 0.0000000000
47776  -24.559  -40.317  55.158 0.0000000000
50964  -24.896  -36.814  56.234 0.0000000000
49866  -25.929  -38.184  54.989 0.0000000000
47778  -25.758  -40.444  54.793 0.0000000000
47760  -26.350  -41.011  55.065 0.0000000000
49883  -29.873  -38.889  54.629 0.0000000000
48820  -29.630  -39.278  54.650 0.0000000000
47780  -29.471  -39.769  54.717 0.0000000000
47741  -31.725  -40.662  56.071 0.0000000000
47743  -33.246  -40.074  56.256 0.0000000000
48825  -33.369  -39.074  55.013 0.0000000000
48782  -34.503  -39.678  56.014 0.0000000000
50943  -20.702  -37.070  57.115 0.0000000000
50944  -21.248  -36.751  57.022 0.0000000000
50979  -20.513  -38.162  55.916 0.0000000000
61255  -39.060  -27.682  43.936 0.0000000000
64088  -37.276  -25.011  42.366 0.0000000000
63156  -38.093  -25.039  42.750 0.0000000000
65009  -38.441  -23.751  43.317 0.0000000000
69722  -36.431  -19.140  42.705 0.0000000000
68830  -36.767  -20.124  41.551 0.0000000000
68831  -37.359  -19.921  41.043 0.0000000000
67980  -37.498  -20.864  40.862 0.0000000000
67986  -37.956  -21.130  40.602 0.0000000000
67077  -38.306  -21.726  40.853 0.0000000000
65973  -39.265  -22.308  40.907 0.0000000000
68853  -41.664  -20.172  39.539 0.0000000000
67997  -41.058  -20.848  39.356 0.0000000000
67996  -40.269  -21.163  39.534 0.0000000000
67086  -39.967  -21.710  39.821 0.0000000000
65985  -39.810  -22.145  40.305 0.0000000000
65974  -40.223  -22.433  40.756 0.0000000000
65952  -41.325  -22.240  42.163 0.0000000000
65965  -42.676  -22.602  41.198 0.0000000000
72609  -46.587  -15.408  31.290 0.0000000000
73464  -45.428  -13.588  31.167 0.0000000000
74382  -45.120  -13.102  31.271 0.0000000000
75392  -44.119  -12.310  31.818 0.0000000000
41461  -8.334  -46.722  65.935 0.0000000000
40370  -7.889  -47.840  65.898 0.0000000000
39465  -9.852  -48.268  64.602 0.0000000000
39464  -9.363  -48.056  64.689 0.0000000000
38631  -10.489  -49.103  65.757 0.0000000000
39456  -8.306  -48.632  65.664 0.0000000000
37808  -8.387  -50.283  66.960 0.0000000000
37801  -8.381  -50.642  67.575 0.0000000000
37802  -9.357  -50.621  67.632 0.0000000000
37793  -8.653  -50.906  68.301 0.0000000000
53133  -37.820  -36.230  53.204 0.0000000000
53134  -38.418  -35.981  53.582 0.0000000000
54133  -38.483  -34.701  53.405 0.0000000000
55173  -37.166  -34.177  52.598 0.0000000000
55160  -38.130  -33.540  53.724 0.0000000000
56161  -37.488  -32.801  53.708 0.0000000000
57192  -37.358  -32.056  53.693 0.0000000000
57191  -36.793  -32.177  53.223 0.0000000000
57228  -29.279  -31.523  51.604 0.0000000000
56167  -29.561  -32.470  52.004 0.0000000000
57271  -29.547  -31.365  49.485 0.0000000000
56229  -29.887  -32.026  49.548 0.0000000000
56230  -30.602  -32.426  49.553 0.0000000000
56207  -31.078  -32.834  50.310 0.0000000000
56183  -32.702  -32.857  51.019 0.0000000000
57232  -37.531  -31.525  52.175 0.0000000000
56212  -37.166  -32.526  50.509 0.0000000000
55214  -36.092  -33.300  47.679 0.0000000000
55229  -36.056  -33.224  47.186 0.0000000000
59341  -38.696  -29.722  44.904 0.0000000000
59352  -37.603  -29.506  43.923 0.0000000000
59366  -37.856  -28.832  43.658 0.0000000000
60356  -37.233  -27.952  42.912 0.0000000000
60355  -36.869  -27.777  42.726 0.0000000000
61279  -36.383  -27.112  42.501 0.0000000000
60336  -34.986  -27.846  43.106 0.0000000000
61269  -35.651  -27.072  42.673 0.0000000000
64075  -35.185  -24.394  43.293 0.0000000000
65006  -34.984  -23.522  43.535 0.0000000000
65005  -34.469  -23.488  44.170 0.0000000000
65937  -34.737  -22.701  43.779 0.0000000000
67947  -34.653  -21.356  44.435 0.0000000000
67948  -34.925  -20.631  44.245 0.0000000000
47722  -23.007  -40.480  57.340 0.0000000000
47710  -23.727  -40.843  58.498 0.0000000000
46784  -25.461  -41.755  57.630 0.0000000000
45773  -26.179  -42.288  58.237 0.0000000000
46766  -25.337  -41.785  58.571 0.0000000000
45796  -30.428  -42.562  57.727 0.0000000000
42666  -10.173  -45.354  63.560 0.0000000000
41507  -10.980  -45.829  62.456 0.0000000000
41493  -11.158  -46.680  62.774 0.0000000000
40410  -13.256  -47.376  63.655 0.0000000000
43748  -14.387  -44.443  59.727 0.0000000000
43728  -14.194  -44.934  60.071 0.0000000000
41529  -14.599  -46.348  61.450 0.0000000000
42703  -17.041  -45.366  61.533 0.0000000000
41530  -15.581  -46.252  61.453 0.0000000000
74391  -46.916  -13.169  30.798 0.0000000000
36937  -6.024  -52.214  70.168 0.0000000000
37782  -5.604  -50.487  69.157 0.0000000000
38585  -5.038  -49.617  69.285 0.0000000000
36951  -4.935  -51.457  69.023 0.0000000000
37790  -4.665  -50.518  68.572 0.0000000000
37775  -5.220  -49.834  68.846 0.0000000000
37803  -9.865  -50.611  68.085 0.0000000000
38584  -4.979  -49.366  69.409 0.0000000000
42731  -14.435  -45.020  60.026 0.0000000000
43762  -15.547  -43.893  58.896 0.0000000000
47753  -20.320  -39.891  55.790 0.0000000000
48794  -20.484  -39.646  55.734 0.0000000000
48815  -24.217  -39.710  54.980 0.0000000000
49861  -20.728  -38.528  55.706 0.0000000000
52102  -22.090  -36.861  56.011 0.0000000000
54134  -38.917  -34.648  53.882 0.0000000000
55155  -30.903  -33.181  53.805 0.0000000000
55231  -37.361  -33.358  47.302 0.0000000000
56162  -37.959  -32.888  54.058 0.0000000000
56228  -29.678  -31.769  49.669 0.0000000000
56250  -30.212  -32.043  48.964 0.0000000000
58358  -37.646  -30.693  44.842 0.0000000000
59340  -32.858  -29.313  44.721 0.0000000000
60354  -36.573  -27.540  42.605 0.0000000000
61272  -39.118  -27.416  43.827 0.0000000000
62219  -38.072  -26.593  42.866 0.0000000000
63167  -37.651  -25.620  42.546 0.0000000000
64076  -37.281  -24.118  42.748 0.0000000000
67037  -34.531  -21.955  44.119 0.0000000000
68822  -36.936  -19.549  41.673 0.0000000000
68832  -38.068  -19.750  40.669 0.0000000000
69716  -38.391  -18.173  43.228 0.0000000000
69798  -42.366  -19.246  37.109 0.0000000000
75400  -46.276  -12.476  30.877 0.0000000000
