#!ascii label  , from subject 3515 vox2ras=TkReg
1300
39036  9.183  -47.202  68.091 0.0000000000
61326  40.316  -25.242  45.583 0.0000000000
45007  25.622  -42.081  61.554 0.0000000000
44947  35.951  -41.045  64.391 0.0000000000
48163  19.136  -39.100  58.749 0.0000000000
43827  15.806  -42.793  67.939 0.0000000000
72830  47.050  -13.454  40.695 0.0000000000
68790  46.532  -17.425  48.754 0.0000000000
51265  37.227  -35.078  54.630 0.0000000000
74894  51.671  -11.738  33.195 0.0000000000
48023  24.215  -39.446  64.862 0.0000000000
40763  13.189  -45.968  68.063 0.0000000000
72784  45.813  -13.713  44.679 0.0000000000
68837  42.349  -17.662  44.276 0.0000000000
58242  42.756  -28.607  48.249 0.0000000000
61279  45.681  -25.630  48.667 0.0000000000
55329  38.369  -31.335  48.555 0.0000000000
43993  34.661  -42.615  59.712 0.0000000000
42843  30.569  -43.415  63.043 0.0000000000
48044  20.712  -38.473  64.591 0.0000000000
45958  18.221  -40.176  68.054 0.0000000000
46028  16.737  -40.676  63.292 0.0000000000
42851  13.725  -43.171  62.457 0.0000000000
48118  22.879  -38.872  60.174 0.0000000000
74827  52.011  -11.817  41.047 0.0000000000
76667  51.015  -9.741  46.500 0.0000000000
65698  43.122  -21.254  47.797 0.0000000000
54316  38.794  -32.467  54.374 0.0000000000
47128  39.098  -39.411  58.754 0.0000000000
72874  49.322  -14.215  36.831 0.0000000000
73890  53.951  -12.617  36.711 0.0000000000
74882  56.767  -11.582  34.436 0.0000000000
48005  23.444  -38.373  67.424 0.0000000000
39911  11.283  -46.645  68.031 0.0000000000
40726  12.584  -45.358  71.500 0.0000000000
40739  10.327  -46.211  70.865 0.0000000000
69865  42.111  -16.126  41.583 0.0000000000
57177  43.150  -29.843  50.350 0.0000000000
58180  44.423  -28.745  50.791 0.0000000000
38148  4.896  -48.581  72.050 0.0000000000
57243  38.000  -29.865  46.350 0.0000000000
45025  27.419  -42.300  60.249 0.0000000000
43969  30.141  -42.575  60.791 0.0000000000
43917  27.914  -43.311  62.938 0.0000000000
48106  19.688  -38.961  61.492 0.0000000000
47059  18.188  -39.794  63.373 0.0000000000
46053  17.622  -40.166  61.606 0.0000000000
48140  20.679  -38.472  59.520 0.0000000000
48084  21.210  -38.509  62.461 0.0000000000
44903  16.726  -41.635  67.711 0.0000000000
72812  49.749  -12.883  41.518 0.0000000000
75787  51.388  -10.526  43.549 0.0000000000
73820  48.845  -11.985  43.418 0.0000000000
70721  45.784  -15.500  46.646 0.0000000000
73773  47.516  -12.789  48.035 0.0000000000
64014  39.523  -22.515  44.815 0.0000000000
65740  40.506  -20.790  45.239 0.0000000000
63988  41.391  -22.795  46.427 0.0000000000
53229  34.875  -33.746  53.180 0.0000000000
54332  36.650  -32.818  52.736 0.0000000000
53203  36.912  -33.507  55.061 0.0000000000
43910  35.280  -42.674  62.329 0.0000000000
45037  37.302  -41.595  59.269 0.0000000000
44985  37.611  -40.891  62.059 0.0000000000
72878  45.406  -14.045  37.932 0.0000000000
72893  47.039  -13.491  36.747 0.0000000000
72861  48.183  -13.775  38.517 0.0000000000
72859  50.727  -13.927  38.614 0.0000000000
74907  55.508  -10.812  31.878 0.0000000000
73915  54.800  -12.015  33.360 0.0000000000
74874  55.693  -11.692  35.699 0.0000000000
72920  53.240  -13.308  34.080 0.0000000000
46023  24.730  -40.859  63.276 0.0000000000
44968  26.240  -42.567  64.602 0.0000000000
45988  26.299  -41.616  66.516 0.0000000000
42760  14.817  -44.045  67.830 0.0000000000
42709  15.957  -43.405  70.857 0.0000000000
41704  14.476  -44.579  70.668 0.0000000000
71850  44.349  -14.267  40.056 0.0000000000
72804  45.745  -13.591  42.411 0.0000000000
71817  43.940  -14.703  42.431 0.0000000000
69820  43.808  -15.945  44.302 0.0000000000
68817  44.209  -17.497  46.066 0.0000000000
59372  41.768  -27.080  46.888 0.0000000000
61298  42.938  -25.595  47.055 0.0000000000
60293  44.239  -26.963  48.144 0.0000000000
49205  36.733  -37.392  54.108 0.0000000000
47039  37.582  -39.806  64.695 0.0000000000
39028  6.809  -47.789  68.087 0.0000000000
39875  8.688  -46.901  71.525 0.0000000000
39001  6.662  -48.093  71.188 0.0000000000
60349  39.226  -26.844  44.828 0.0000000000
58277  39.715  -28.519  46.144 0.0000000000
56281  40.670  -30.163  48.340 0.0000000000
55298  40.980  -31.587  50.825 0.0000000000
44018  32.294  -42.151  59.140 0.0000000000
43938  32.678  -43.185  61.769 0.0000000000
43892  33.460  -42.949  63.863 0.0000000000
42787  29.555  -43.764  65.493 0.0000000000
43855  31.915  -43.086  65.893 0.0000000000
48006  21.232  -38.254  66.976 0.0000000000
47999  19.768  -39.186  68.570 0.0000000000
47029  19.048  -39.291  65.911 0.0000000000
45994  17.679  -40.346  65.928 0.0000000000
44938  16.102  -41.587  65.406 0.0000000000
46055  16.134  -40.962  61.076 0.0000000000
44977  15.193  -41.762  62.505 0.0000000000
43863  14.829  -42.989  65.687 0.0000000000
41788  13.099  -44.891  64.444 0.0000000000
40836  11.460  -45.777  64.730 0.0000000000
39974  9.301  -46.554  65.198 0.0000000000
45068  25.249  -41.205  59.118 0.0000000000
47135  23.966  -39.658  58.804 0.0000000000
47083  24.068  -40.300  61.127 0.0000000000
48061  23.474  -39.267  62.688 0.0000000000
48042  22.589  -38.547  64.275 0.0000000000
74785  52.826  -10.799  44.927 0.0000000000
74777  48.076  -11.935  45.317 0.0000000000
67770  40.544  -18.794  43.738 0.0000000000
67745  42.471  -19.017  46.183 0.0000000000
66682  44.322  -19.072  47.805 0.0000000000
63969  44.583  -22.984  48.126 0.0000000000
65684  45.646  -20.739  49.110 0.0000000000
55313  35.837  -32.392  49.111 0.0000000000
54355  38.918  -32.523  51.796 0.0000000000
55270  40.873  -31.362  54.125 0.0000000000
47172  37.656  -39.870  56.074 0.0000000000
49170  38.500  -37.636  56.282 0.0000000000
47078  39.058  -38.943  61.937 0.0000000000
49123  39.847  -37.233  59.462 0.0000000000
51233  38.485  -35.171  56.798 0.0000000000
54264  38.986  -33.108  57.127 0.0000000000
55239  40.707  -31.793  57.203 0.0000000000
72913  50.623  -13.680  34.600 0.0000000000
71886  52.093  -13.934  36.846 0.0000000000
73872  53.417  -12.164  38.693 0.0000000000
47995  24.072  -38.570  68.854 0.0000000000
39913  9.800  -46.865  67.563 0.0000000000
39887  11.115  -46.520  69.464 0.0000000000
39889  9.652  -46.888  69.534 0.0000000000
56226  42.950  -30.437  52.097 0.0000000000
57151  43.902  -29.654  52.255 0.0000000000
38168  2.912  -49.222  70.895 0.0000000000
45026  26.345  -42.217  60.568 0.0000000000
43971  28.045  -42.553  60.731 0.0000000000
43944  26.369  -42.595  61.765 0.0000000000
48122  19.508  -39.025  60.289 0.0000000000
47101  18.854  -39.325  60.950 0.0000000000
47118  18.769  -39.392  59.769 0.0000000000
49145  20.500  -38.288  58.452 0.0000000000
48141  19.977  -38.728  59.591 0.0000000000
48121  20.276  -38.723  60.475 0.0000000000
43826  16.398  -42.138  68.404 0.0000000000
43807  16.311  -42.392  68.893 0.0000000000
72829  48.147  -13.398  40.747 0.0000000000
73845  48.953  -12.492  42.442 0.0000000000
72814  47.471  -13.085  41.724 0.0000000000
69769  45.879  -16.636  47.550 0.0000000000
71753  46.909  -14.688  48.269 0.0000000000
62220  39.690  -24.192  45.079 0.0000000000
64002  40.483  -22.756  45.739 0.0000000000
63142  41.085  -23.665  46.204 0.0000000000
51298  35.670  -35.314  53.234 0.0000000000
52236  35.926  -34.418  54.050 0.0000000000
53218  36.036  -33.650  54.221 0.0000000000
52198  37.000  -34.023  55.345 0.0000000000
44967  35.392  -42.125  63.379 0.0000000000
43908  36.587  -41.953  62.117 0.0000000000
44965  36.487  -41.027  63.722 0.0000000000
72849  46.624  -13.682  39.727 0.0000000000
72862  47.112  -13.737  38.676 0.0000000000
72848  47.647  -13.647  39.671 0.0000000000
72847  48.806  -13.633  39.608 0.0000000000
74902  53.197  -11.938  32.485 0.0000000000
73917  52.673  -12.633  33.171 0.0000000000
73916  53.990  -12.727  33.672 0.0000000000
73918  51.508  -12.780  33.662 0.0000000000
47042  24.578  -40.219  64.057 0.0000000000
46005  25.350  -41.384  64.557 0.0000000000
47013  25.374  -40.228  66.280 0.0000000000
41752  13.703  -45.415  67.639 0.0000000000
41719  14.360  -44.757  69.598 0.0000000000
41720  13.724  -45.334  69.360 0.0000000000
40720  11.885  -45.473  72.563 0.0000000000
41684  12.896  -45.250  72.506 0.0000000000
70810  43.113  -15.122  39.718 0.0000000000
71826  43.892  -14.608  41.508 0.0000000000
70790  43.248  -15.037  41.211 0.0000000000
69838  41.896  -17.075  43.201 0.0000000000
70771  42.952  -15.951  43.298 0.0000000000
69822  42.820  -16.982  44.066 0.0000000000
68825  44.024  -16.898  45.324 0.0000000000
68826  43.351  -17.541  45.131 0.0000000000
58261  41.954  -28.246  47.506 0.0000000000
59356  43.171  -27.556  47.645 0.0000000000
58241  43.517  -28.310  48.522 0.0000000000
71862  43.598  -14.734  38.868 0.0000000000
38164  6.907  -48.102  69.609 0.0000000000
38165  6.065  -48.320  69.765 0.0000000000
58307  38.268  -27.795  44.530 0.0000000000
58291  39.363  -27.981  45.498 0.0000000000
58292  38.582  -28.431  45.163 0.0000000000
56302  37.831  -30.523  47.224 0.0000000000
56300  39.447  -30.335  47.712 0.0000000000
56283  39.042  -30.956  48.462 0.0000000000
56261  40.881  -30.467  49.030 0.0000000000
56248  39.830  -31.550  49.797 0.0000000000
45040  31.056  -42.073  59.210 0.0000000000
43914  31.023  -43.237  62.281 0.0000000000
43939  31.592  -43.028  61.545 0.0000000000
43913  31.891  -43.267  62.322 0.0000000000
42840  32.921  -43.249  62.718 0.0000000000
42822  31.890  -43.369  63.738 0.0000000000
43856  27.319  -43.044  65.681 0.0000000000
42807  28.128  -43.635  64.775 0.0000000000
42770  28.294  -43.340  66.449 0.0000000000
43838  30.863  -43.095  66.882 0.0000000000
43835  33.368  -42.252  66.211 0.0000000000
48027  20.641  -38.445  65.543 0.0000000000
48018  19.969  -38.697  66.672 0.0000000000
47043  19.470  -38.988  65.384 0.0000000000
46027  17.534  -40.237  63.862 0.0000000000
47045  18.237  -39.809  64.435 0.0000000000
46011  16.969  -40.663  64.384 0.0000000000
44937  16.688  -41.088  65.688 0.0000000000
44975  16.393  -41.043  64.021 0.0000000000
46078  16.273  -40.621  59.286 0.0000000000
43925  13.870  -42.705  61.673 0.0000000000
44995  14.984  -41.755  61.588 0.0000000000
42850  14.406  -42.708  62.931 0.0000000000
43881  14.862  -42.634  64.583 0.0000000000
42831  14.307  -43.039  63.605 0.0000000000
42793  14.301  -43.857  65.772 0.0000000000
42832  13.485  -43.974  63.597 0.0000000000
40837  10.291  -46.157  64.801 0.0000000000
46091  26.187  -41.070  58.182 0.0000000000
46114  25.733  -40.469  57.617 0.0000000000
48138  22.590  -38.631  59.420 0.0000000000
48137  23.241  -38.979  59.395 0.0000000000
47116  24.041  -39.900  59.454 0.0000000000
48101  23.218  -39.237  60.633 0.0000000000
47068  23.747  -39.744  61.803 0.0000000000
48102  22.724  -38.884  61.074 0.0000000000
48064  20.900  -38.487  63.527 0.0000000000
48063  21.862  -38.448  63.354 0.0000000000
48043  21.644  -38.375  64.439 0.0000000000
49052  21.820  -38.170  65.972 0.0000000000
46993  19.011  -39.566  68.307 0.0000000000
39868  7.901  -46.728  72.915 0.0000000000
40723  8.812  -46.230  72.682 0.0000000000
75796  53.496  -10.334  42.389 0.0000000000
76698  51.368  -10.069  44.600 0.0000000000
76696  52.810  -10.048  44.730 0.0000000000
76681  52.237  -9.981  45.771 0.0000000000
76655  51.500  -10.157  47.151 0.0000000000
72791  45.543  -13.699  43.639 0.0000000000
73823  47.102  -12.756  43.973 0.0000000000
72783  46.406  -13.265  45.028 0.0000000000
74735  48.164  -11.903  48.354 0.0000000000
65712  41.981  -20.803  46.901 0.0000000000
66709  41.386  -19.647  45.544 0.0000000000
66685  42.371  -20.227  47.034 0.0000000000
67728  43.440  -18.990  47.075 0.0000000000
66671  44.091  -20.179  48.170 0.0000000000
61280  44.943  -25.635  48.047 0.0000000000
62176  44.085  -24.116  47.516 0.0000000000
62174  45.453  -24.701  48.182 0.0000000000
54373  35.126  -32.737  49.782 0.0000000000
54330  38.147  -32.611  53.182 0.0000000000
54344  38.171  -32.670  52.297 0.0000000000
54343  38.853  -32.447  52.677 0.0000000000
55281  40.262  -31.788  52.996 0.0000000000
55271  39.897  -31.863  53.988 0.0000000000
44016  34.136  -42.282  58.974 0.0000000000
45057  35.693  -41.998  58.316 0.0000000000
46074  38.020  -40.968  59.429 0.0000000000
46088  37.737  -41.054  58.290 0.0000000000
47148  38.608  -39.662  57.539 0.0000000000
48209  38.393  -38.491  56.068 0.0000000000
48173  39.003  -38.611  57.747 0.0000000000
47065  38.351  -39.419  62.943 0.0000000000
51219  39.918  -35.483  59.270 0.0000000000
50203  39.357  -36.525  58.012 0.0000000000
52167  39.398  -34.698  57.834 0.0000000000
53169  38.382  -33.954  56.936 0.0000000000
53167  40.174  -33.779  58.010 0.0000000000
72892  47.880  -13.567  36.571 0.0000000000
71897  49.824  -14.146  35.460 0.0000000000
71895  51.521  -14.384  35.904 0.0000000000
71888  50.829  -14.373  36.621 0.0000000000
73867  51.793  -12.704  40.292 0.0000000000
72857  52.168  -13.307  38.792 0.0000000000
74838  52.987  -11.706  39.873 0.0000000000
74837  53.701  -11.390  39.538 0.0000000000
74891  56.256  -11.318  33.648 0.0000000000
73899  54.908  -12.126  35.701 0.0000000000
74852  56.028  -11.329  37.569 0.0000000000
74853  55.107  -11.404  37.646 0.0000000000
48013  24.438  -39.163  66.377 0.0000000000
48012  25.186  -39.611  66.979 0.0000000000
48003  25.034  -39.195  67.637 0.0000000000
40782  12.525  -46.352  67.648 0.0000000000
40748  13.121  -45.849  69.034 0.0000000000
39886  11.718  -46.409  69.345 0.0000000000
40738  11.084  -45.963  70.815 0.0000000000
40721  10.670  -45.510  72.583 0.0000000000
68863  40.962  -17.389  41.940 0.0000000000
68850  41.310  -17.745  43.329 0.0000000000
57195  42.892  -29.515  49.472 0.0000000000
58218  43.611  -28.758  49.258 0.0000000000
57160  43.963  -29.295  51.013 0.0000000000
57150  44.532  -28.913  51.846 0.0000000000
38166  5.162  -48.648  70.045 0.0000000000
38167  4.154  -48.880  70.403 0.0000000000
38158  3.233  -49.214  72.036 0.0000000000
57258  37.717  -29.413  45.527 0.0000000000
56285  37.358  -31.032  47.896 0.0000000000
43998  29.672  -42.244  60.077 0.0000000000
43999  28.735  -42.229  60.148 0.0000000000
43941  29.596  -42.861  61.620 0.0000000000
42844  29.681  -43.458  63.121 0.0000000000
48065  19.817  -38.806  63.758 0.0000000000
47058  18.892  -39.288  63.904 0.0000000000
47069  18.770  -39.365  62.929 0.0000000000
47070  18.230  -39.802  62.360 0.0000000000
46042  16.869  -40.551  62.213 0.0000000000
41830  12.550  -43.973  62.179 0.0000000000
42867  11.673  -43.912  61.407 0.0000000000
48160  21.573  -38.189  58.466 0.0000000000
48139  21.637  -38.350  59.381 0.0000000000
48103  22.235  -38.654  61.492 0.0000000000
48120  21.139  -38.497  60.483 0.0000000000
48105  20.680  -38.643  61.496 0.0000000000
45959  17.672  -40.633  67.603 0.0000000000
73856  50.824  -12.592  41.320 0.0000000000
75798  51.911  -10.718  42.630 0.0000000000
74807  50.447  -11.647  42.714 0.0000000000
74796  50.194  -11.204  43.630 0.0000000000
74787  49.325  -11.061  44.718 0.0000000000
71777  45.861  -14.568  46.110 0.0000000000
72778  46.555  -13.430  45.835 0.0000000000
71765  46.539  -14.599  47.224 0.0000000000
71752  47.473  -14.388  48.877 0.0000000000
65741  39.813  -21.071  44.769 0.0000000000
64867  39.923  -21.744  45.083 0.0000000000
64854  40.922  -22.029  46.120 0.0000000000
64840  42.290  -21.686  47.185 0.0000000000
62163  46.054  -24.713  48.968 0.0000000000
54348  34.732  -33.029  51.490 0.0000000000
54347  35.615  -32.876  51.678 0.0000000000
54333  35.819  -32.862  52.584 0.0000000000
54319  36.791  -32.875  53.573 0.0000000000
54304  38.184  -32.695  54.851 0.0000000000
43964  35.208  -42.734  60.517 0.0000000000
45038  36.428  -42.071  59.291 0.0000000000
45023  36.858  -41.901  60.330 0.0000000000
45022  37.576  -41.432  60.355 0.0000000000
46062  38.170  -40.814  60.541 0.0000000000
72895  45.168  -13.386  36.834 0.0000000000
73894  45.769  -12.569  36.312 0.0000000000
72877  46.555  -13.788  37.752 0.0000000000
72876  47.537  -13.756  37.587 0.0000000000
72875  48.482  -13.966  37.307 0.0000000000
71859  50.434  -14.189  38.006 0.0000000000
72846  50.031  -13.655  39.716 0.0000000000
74901  54.115  -11.410  32.029 0.0000000000
74900  55.312  -11.408  32.702 0.0000000000
74892  55.629  -11.598  34.011 0.0000000000
74883  56.347  -11.471  34.709 0.0000000000
73907  55.012  -12.019  34.605 0.0000000000
73908  54.304  -12.705  34.828 0.0000000000
73900  54.218  -12.757  35.794 0.0000000000
44989  25.037  -41.634  62.158 0.0000000000
43919  26.012  -42.567  62.717 0.0000000000
44969  25.788  -42.313  63.781 0.0000000000
44950  26.309  -42.386  65.338 0.0000000000
44915  26.880  -42.042  66.914 0.0000000000
43828  15.257  -43.452  67.659 0.0000000000
42725  15.587  -43.411  70.010 0.0000000000
42726  14.955  -44.068  69.815 0.0000000000
42710  15.208  -43.930  70.793 0.0000000000
40725  13.258  -45.281  70.940 0.0000000000
41683  13.939  -44.967  72.408 0.0000000000
72832  45.201  -13.888  40.614 0.0000000000
72815  46.444  -13.404  41.641 0.0000000000
72817  44.986  -13.958  41.242 0.0000000000
72792  45.100  -13.954  42.838 0.0000000000
71805  44.641  -14.454  43.541 0.0000000000
70791  42.698  -15.580  41.827 0.0000000000
70770  43.498  -15.454  43.358 0.0000000000
71797  44.805  -14.703  44.374 0.0000000000
70731  45.019  -15.742  45.679 0.0000000000
69784  45.358  -16.605  46.697 0.0000000000
68804  45.422  -17.482  47.452 0.0000000000
60333  40.704  -26.400  46.047 0.0000000000
61314  41.434  -25.467  46.343 0.0000000000
60317  42.305  -26.428  46.979 0.0000000000
60315  43.860  -26.634  47.623 0.0000000000
60292  44.940  -26.682  48.618 0.0000000000
59313  44.276  -28.062  49.288 0.0000000000
60279  45.229  -27.031  49.633 0.0000000000
60278  45.886  -26.325  49.984 0.0000000000
50265  37.086  -36.481  54.294 0.0000000000
46003  36.690  -40.462  64.578 0.0000000000
72880  43.594  -13.488  37.029 0.0000000000
71876  44.382  -14.290  38.330 0.0000000000
71875  44.863  -14.191  38.838 0.0000000000
76771  51.743  -9.648  33.613 0.0000000000
75862  51.232  -10.699  33.737 0.0000000000
39037  8.413  -47.391  67.613 0.0000000000
39016  9.205  -47.151  69.430 0.0000000000
39018  7.658  -47.804  69.218 0.0000000000
39000  7.477  -47.651  71.621 0.0000000000
38979  7.331  -47.061  73.271 0.0000000000
38147  5.795  -48.375  71.663 0.0000000000
61339  39.201  -24.900  44.581 0.0000000000
60363  38.894  -26.194  44.399 0.0000000000
60348  39.847  -26.327  45.267 0.0000000000
60334  40.172  -26.921  45.758 0.0000000000
58276  40.466  -28.015  46.492 0.0000000000
58262  40.831  -28.649  47.113 0.0000000000
57242  38.968  -29.489  46.352 0.0000000000
57227  40.086  -29.673  47.382 0.0000000000
57213  41.129  -29.732  48.224 0.0000000000
56260  41.583  -30.310  49.321 0.0000000000
56235  42.127  -30.921  51.382 0.0000000000
56227  42.051  -30.916  52.493 0.0000000000
43994  33.720  -42.624  59.815 0.0000000000
43997  30.650  -42.369  59.943 0.0000000000
43967  32.190  -42.829  60.705 0.0000000000
43965  34.254  -42.906  60.632 0.0000000000
43937  33.794  -43.149  61.632 0.0000000000
43891  34.042  -42.877  63.417 0.0000000000
44949  34.500  -42.168  64.343 0.0000000000
43918  26.756  -42.922  62.710 0.0000000000
42826  28.458  -43.611  63.923 0.0000000000
42824  30.192  -43.590  63.828 0.0000000000
42768  30.199  -43.544  66.236 0.0000000000
42786  30.457  -43.642  65.394 0.0000000000
42803  31.544  -43.420  64.506 0.0000000000
43854  32.723  -42.838  65.473 0.0000000000
43853  33.608  -42.338  65.295 0.0000000000
44912  35.023  -41.287  65.961 0.0000000000
49020  22.149  -38.276  68.290 0.0000000000
48007  20.581  -38.506  67.334 0.0000000000
48008  19.873  -38.853  67.576 0.0000000000
47016  18.751  -39.599  66.668 0.0000000000
47044  18.884  -39.370  64.966 0.0000000000
47030  18.326  -39.818  65.625 0.0000000000
47006  17.988  -40.261  67.114 0.0000000000
45977  17.214  -40.806  66.388 0.0000000000
44919  16.646  -41.371  66.440 0.0000000000
44920  16.043  -41.918  66.483 0.0000000000
47119  17.900  -39.936  59.581 0.0000000000
46054  16.823  -40.585  61.253 0.0000000000
46043  16.338  -40.823  61.813 0.0000000000
45029  15.136  -41.405  60.048 0.0000000000
44994  15.708  -41.230  61.967 0.0000000000
44976  15.835  -41.357  63.249 0.0000000000
43900  15.588  -41.763  63.882 0.0000000000
43862  15.454  -42.268  65.547 0.0000000000
42777  13.889  -44.646  66.494 0.0000000000
41765  13.586  -45.116  66.571 0.0000000000
41801  12.553  -44.796  63.623 0.0000000000
41776  12.608  -45.451  64.958 0.0000000000
40814  12.321  -45.764  65.438 0.0000000000
40799  11.365  -46.462  66.464 0.0000000000
39951  10.315  -46.635  66.119 0.0000000000
39931  9.656  -46.848  66.761 0.0000000000
39933  8.044  -47.181  66.283 0.0000000000
39047  7.246  -47.375  66.566 0.0000000000
45065  27.741  -41.520  58.551 0.0000000000
45045  26.031  -41.781  59.600 0.0000000000
45027  25.242  -41.653  60.481 0.0000000000
46093  24.325  -40.177  58.673 0.0000000000
46064  24.548  -40.949  60.371 0.0000000000
45028  24.699  -41.308  60.915 0.0000000000
47067  24.163  -40.298  62.011 0.0000000000
48060  23.986  -39.603  62.917 0.0000000000
48041  23.442  -38.949  63.955 0.0000000000
48083  22.067  -38.543  62.326 0.0000000000
48062  22.716  -38.690  63.109 0.0000000000
48024  23.409  -38.743  65.267 0.0000000000
48015  22.601  -38.243  66.322 0.0000000000
49038  22.507  -38.197  66.896 0.0000000000
39874  9.309  -46.611  71.145 0.0000000000
40722  9.597  -45.812  72.459 0.0000000000
75785  53.158  -10.099  43.508 0.0000000000
73835  47.713  -12.568  43.226 0.0000000000
73810  47.973  -12.236  44.263 0.0000000000
75766  49.144  -10.702  45.785 0.0000000000
73790  47.522  -12.472  46.820 0.0000000000
74760  48.562  -11.160  46.744 0.0000000000
75737  49.899  -10.283  47.413 0.0000000000
67780  40.112  -18.696  42.926 0.0000000000
67769  41.197  -18.441  44.101 0.0000000000
66717  40.454  -19.713  44.544 0.0000000000
66716  41.044  -19.371  44.915 0.0000000000
67760  42.319  -18.365  45.058 0.0000000000
67752  43.330  -18.234  45.907 0.0000000000
67742  44.338  -18.113  46.865 0.0000000000
67725  45.474  -18.097  48.038 0.0000000000
63125  42.327  -23.721  46.991 0.0000000000
63971  43.218  -22.671  47.482 0.0000000000
64825  43.431  -21.786  47.917 0.0000000000
63099  45.696  -23.686  48.602 0.0000000000
63956  45.110  -22.662  48.513 0.0000000000
65696  44.355  -20.754  48.384 0.0000000000
66658  45.272  -20.173  48.881 0.0000000000
66669  45.454  -19.106  48.593 0.0000000000
55331  36.422  -31.586  48.213 0.0000000000
55330  37.676  -31.535  48.542 0.0000000000
54358  36.298  -32.836  50.909 0.0000000000
55300  38.017  -32.416  50.276 0.0000000000
55311  38.556  -31.730  49.301 0.0000000000
55290  40.564  -31.864  51.830 0.0000000000
55280  41.217  -31.441  52.792 0.0000000000
56217  41.864  -30.868  53.697 0.0000000000
45056  36.819  -41.531  58.059 0.0000000000
48218  37.543  -38.289  54.978 0.0000000000
49189  37.937  -37.529  55.455 0.0000000000
50230  37.924  -36.408  55.684 0.0000000000
46037  37.717  -40.277  62.771 0.0000000000
46050  38.428  -39.774  61.947 0.0000000000
47110  39.149  -39.479  60.022 0.0000000000
48131  39.747  -38.030  59.947 0.0000000000
48152  39.459  -38.301  58.555 0.0000000000
49138  39.216  -37.581  57.836 0.0000000000
51248  38.497  -35.896  56.781 0.0000000000
52197  37.478  -34.455  55.629 0.0000000000
53185  37.815  -33.665  56.284 0.0000000000
54278  37.771  -33.055  55.943 0.0000000000
54289  38.835  -32.614  55.987 0.0000000000
54249  40.555  -33.573  58.517 0.0000000000
55240  40.011  -32.236  56.910 0.0000000000
55250  39.559  -32.243  55.833 0.0000000000
55260  41.070  -31.341  55.520 0.0000000000
75863  50.681  -10.962  34.225 0.0000000000
73919  50.885  -12.571  33.938 0.0000000000
72912  51.605  -13.732  34.385 0.0000000000
71902  52.246  -14.224  35.695 0.0000000000
72887  53.228  -13.166  36.843 0.0000000000
72872  51.736  -13.809  37.970 0.0000000000
72871  52.517  -13.370  37.980 0.0000000000
73880  53.702  -12.360  37.734 0.0000000000
74845  54.068  -11.529  38.631 0.0000000000
49012  22.472  -38.395  68.925 0.0000000000
49011  23.039  -38.459  69.086 0.0000000000
39899  9.836  -46.892  68.458 0.0000000000
56215  43.479  -30.057  52.963 0.0000000000
45006  26.179  -42.367  61.241 0.0000000000
43973  26.460  -42.460  61.131 0.0000000000
48142  19.450  -39.021  59.451 0.0000000000
44904  15.992  -42.206  67.185 0.0000000000
69768  46.446  -16.562  48.269 0.0000000000
69755  46.940  -16.512  49.062 0.0000000000
62219  40.211  -24.351  45.492 0.0000000000
62211  40.699  -24.453  45.931 0.0000000000
51286  36.780  -35.385  53.891 0.0000000000
51287  36.261  -34.915  53.786 0.0000000000
52235  36.472  -34.716  54.058 0.0000000000
52218  36.230  -34.070  54.456 0.0000000000
52217  36.747  -34.374  54.706 0.0000000000
44966  35.998  -41.734  63.261 0.0000000000
74893  52.400  -11.599  32.711 0.0000000000
47027  24.896  -40.121  65.109 0.0000000000
47014  24.703  -39.737  65.670 0.0000000000
41736  13.644  -45.544  68.498 0.0000000000
70797  43.311  -14.979  40.409 0.0000000000
70798  42.606  -15.564  40.651 0.0000000000
68849  42.026  -17.265  43.553 0.0000000000
69837  42.530  -16.601  43.395 0.0000000000
68836  42.999  -17.185  44.399 0.0000000000
58260  42.567  -27.970  47.630 0.0000000000
38177  6.373  -48.015  68.853 0.0000000000
59400  37.186  -27.617  43.825 0.0000000000
58308  37.633  -28.111  44.355 0.0000000000
58293  37.253  -28.892  44.828 0.0000000000
56284  38.161  -30.970  48.042 0.0000000000
56262  39.849  -31.092  49.159 0.0000000000
56263  39.219  -31.360  49.108 0.0000000000
42842  31.432  -43.375  63.009 0.0000000000
42841  32.215  -43.315  62.974 0.0000000000
43840  27.522  -42.751  66.675 0.0000000000
42771  27.722  -43.175  66.101 0.0000000000
48045  19.974  -38.676  64.943 0.0000000000
48117  23.309  -39.211  59.947 0.0000000000
48026  21.403  -38.298  65.365 0.0000000000
46994  18.601  -39.914  68.451 0.0000000000
39857  7.633  -46.858  73.473 0.0000000000
40716  8.192  -46.504  73.697 0.0000000000
74814  52.308  -11.236  41.390 0.0000000000
75804  52.914  -10.635  41.556 0.0000000000
76683  50.559  -9.999  45.474 0.0000000000
76682  51.610  -9.822  45.697 0.0000000000
76666  51.733  -9.895  46.607 0.0000000000
72790  46.352  -13.108  44.154 0.0000000000
65711  42.746  -20.775  47.459 0.0000000000
65710  43.199  -20.190  47.628 0.0000000000
65697  43.540  -20.755  48.026 0.0000000000
62175  44.579  -24.666  47.579 0.0000000000
54317  38.157  -32.635  54.018 0.0000000000
54329  38.780  -32.419  53.546 0.0000000000
55282  39.443  -32.131  53.196 0.0000000000
55272  39.276  -32.216  53.948 0.0000000000
44015  34.954  -42.320  58.914 0.0000000000
46087  38.462  -40.387  58.524 0.0000000000
51208  40.062  -35.498  60.200 0.0000000000
51220  39.588  -35.530  58.331 0.0000000000
52166  39.899  -34.740  58.681 0.0000000000
53155  39.931  -34.226  58.085 0.0000000000
53154  40.241  -34.092  58.872 0.0000000000
72891  48.645  -13.664  36.108 0.0000000000
72890  49.329  -13.991  35.813 0.0000000000
71889  49.989  -14.376  36.245 0.0000000000
73854  52.061  -12.263  40.539 0.0000000000
74826  52.653  -11.491  40.642 0.0000000000
74890  56.747  -11.424  33.389 0.0000000000
74881  57.103  -11.761  34.174 0.0000000000
73898  57.292  -12.229  34.745 0.0000000000
73889  54.678  -12.048  36.641 0.0000000000
74864  55.498  -11.639  36.660 0.0000000000
73879  54.371  -11.963  37.339 0.0000000000
48014  23.251  -38.451  66.611 0.0000000000
48004  24.098  -38.518  67.734 0.0000000000
39928  11.841  -46.575  67.496 0.0000000000
39910  11.998  -46.588  68.233 0.0000000000
39897  11.480  -46.617  68.794 0.0000000000
39877  10.782  -46.378  70.180 0.0000000000
40750  11.507  -46.168  69.982 0.0000000000
40727  11.436  -45.578  71.632 0.0000000000
40728  10.458  -45.789  71.636 0.0000000000
57194  43.360  -29.399  49.761 0.0000000000
38179  4.384  -48.669  69.381 0.0000000000
45043  28.132  -42.014  59.612 0.0000000000
44000  28.222  -42.268  60.163 0.0000000000
43942  28.528  -42.921  61.712 0.0000000000
43916  29.104  -43.253  62.468 0.0000000000
48086  19.402  -39.000  62.673 0.0000000000
47086  18.345  -39.708  61.507 0.0000000000
46041  17.518  -40.206  62.783 0.0000000000
49129  20.592  -38.368  58.940 0.0000000000
49128  20.988  -38.233  58.811 0.0000000000
48085  20.258  -38.689  62.569 0.0000000000
44902  17.365  -41.029  68.215 0.0000000000
44886  17.329  -41.224  68.815 0.0000000000
72811  50.195  -12.807  41.416 0.0000000000
74816  50.932  -11.821  42.109 0.0000000000
73843  50.342  -12.431  41.816 0.0000000000
73833  49.255  -12.085  42.853 0.0000000000
74808  49.836  -11.710  43.067 0.0000000000
74797  49.442  -11.557  43.695 0.0000000000
74786  49.807  -11.087  44.166 0.0000000000
71766  46.131  -14.827  46.726 0.0000000000
71776  46.301  -14.339  46.579 0.0000000000
70720  46.203  -15.141  47.046 0.0000000000
64020  39.010  -22.456  44.347 0.0000000000
64868  39.413  -21.694  44.565 0.0000000000
64001  40.865  -22.965  46.112 0.0000000000
64841  41.625  -21.787  46.648 0.0000000000
63987  42.047  -22.717  46.979 0.0000000000
54335  34.280  -33.467  51.972 0.0000000000
54334  34.907  -33.125  52.439 0.0000000000
54321  35.337  -33.157  53.167 0.0000000000
53217  36.523  -33.436  54.472 0.0000000000
54307  36.405  -33.154  54.062 0.0000000000
54306  36.899  -32.970  54.366 0.0000000000
54305  37.551  -32.825  54.509 0.0000000000
54291  37.537  -32.965  55.264 0.0000000000
43935  35.723  -42.600  61.432 0.0000000000
43963  36.094  -42.404  60.412 0.0000000000
44986  36.935  -41.428  62.472 0.0000000000
45005  37.163  -41.686  61.212 0.0000000000
45004  37.637  -41.192  61.382 0.0000000000
46051  38.067  -40.541  61.589 0.0000000000
72860  49.508  -14.087  38.260 0.0000000000
72828  49.312  -13.298  40.749 0.0000000000
72827  50.486  -13.019  40.915 0.0000000000
73923  54.056  -12.212  32.725 0.0000000000
73922  54.580  -11.794  32.657 0.0000000000
72919  53.830  -13.072  34.350 0.0000000000
72910  53.687  -13.293  34.949 0.0000000000
46039  24.952  -41.413  62.790 0.0000000000
46022  25.144  -41.508  63.521 0.0000000000
45989  25.819  -41.383  65.731 0.0000000000
44951  25.899  -42.009  64.918 0.0000000000
44932  26.090  -41.959  65.503 0.0000000000
44931  26.397  -42.076  66.046 0.0000000000
42741  15.375  -43.603  68.826 0.0000000000
42742  14.801  -44.323  68.894 0.0000000000
41694  14.773  -44.556  71.601 0.0000000000
40736  12.993  -45.575  70.198 0.0000000000
71849  44.839  -14.028  40.248 0.0000000000
71836  44.604  -14.127  40.824 0.0000000000
71825  44.514  -14.248  41.764 0.0000000000
71816  44.551  -14.308  42.612 0.0000000000
71806  44.109  -14.745  43.109 0.0000000000
69836  43.074  -16.108  43.573 0.0000000000
70758  43.674  -15.785  44.022 0.0000000000
70757  44.132  -15.334  44.157 0.0000000000
70745  44.790  -15.409  45.089 0.0000000000
69807  44.070  -16.180  44.822 0.0000000000
69796  44.712  -16.426  45.753 0.0000000000
69785  44.788  -17.024  46.339 0.0000000000
68805  44.826  -17.527  46.845 0.0000000000
60332  41.580  -26.393  46.574 0.0000000000
59355  43.774  -27.379  48.018 0.0000000000
60316  43.081  -26.581  47.237 0.0000000000
60314  44.506  -26.350  47.932 0.0000000000
58197  44.071  -28.796  50.208 0.0000000000
58217  44.286  -28.399  49.745 0.0000000000
58196  44.601  -28.309  50.353 0.0000000000
59297  45.084  -27.571  50.487 0.0000000000
60268  45.551  -26.885  50.372 0.0000000000
61258  46.351  -25.842  50.283 0.0000000000
50280  36.126  -36.782  53.433 0.0000000000
51297  36.242  -36.087  53.381 0.0000000000
50266  36.563  -36.549  53.772 0.0000000000
72879  44.443  -13.881  37.382 0.0000000000
71877  43.628  -14.298  37.850 0.0000000000
71861  44.305  -14.384  39.246 0.0000000000
71860  44.808  -14.096  39.569 0.0000000000
72851  45.193  -13.944  39.882 0.0000000000
39027  7.675  -47.678  68.285 0.0000000000
39010  6.634  -48.217  70.329 0.0000000000
39009  7.514  -47.878  70.398 0.0000000000
38990  6.553  -47.865  72.394 0.0000000000
38156  4.992  -48.637  71.048 0.0000000000
62230  38.803  -24.061  44.223 0.0000000000
61340  38.330  -25.069  43.799 0.0000000000
59399  38.029  -27.174  44.087 0.0000000000
60364  37.917  -26.059  43.613 0.0000000000
60362  39.458  -25.649  44.827 0.0000000000
58263  40.082  -29.086  46.807 0.0000000000
57244  37.206  -29.914  46.043 0.0000000000
57257  38.471  -29.289  45.795 0.0000000000
56282  40.089  -30.415  48.257 0.0000000000
57228  39.219  -29.886  47.116 0.0000000000
57214  40.539  -29.902  47.958 0.0000000000
57226  40.752  -29.477  47.631 0.0000000000
57197  41.512  -29.970  48.890 0.0000000000
56247  40.491  -31.297  49.913 0.0000000000
56246  41.765  -30.697  50.179 0.0000000000
55297  41.648  -31.271  50.987 0.0000000000
55289  41.490  -31.448  51.695 0.0000000000
44017  33.194  -42.206  59.066 0.0000000000
43995  32.737  -42.558  59.850 0.0000000000
43968  31.149  -42.726  60.688 0.0000000000
43966  33.239  -42.918  60.722 0.0000000000
42820  33.365  -43.116  63.280 0.0000000000
42839  33.640  -43.145  62.722 0.0000000000
43871  34.505  -42.424  63.895 0.0000000000
43872  33.961  -42.521  64.354 0.0000000000
43895  26.284  -42.757  63.271 0.0000000000
43894  26.796  -43.001  63.899 0.0000000000
42806  28.972  -43.769  64.708 0.0000000000
42825  29.324  -43.658  63.896 0.0000000000
42805  29.863  -43.738  64.640 0.0000000000
43837  31.764  -42.934  66.736 0.0000000000
42767  31.091  -43.340  66.094 0.0000000000
42785  31.289  -43.435  65.277 0.0000000000
42784  31.974  -43.250  65.150 0.0000000000
42802  32.349  -43.208  64.524 0.0000000000
44930  34.450  -41.804  65.006 0.0000000000
47997  21.347  -38.374  67.931 0.0000000000
47028  19.566  -38.937  66.106 0.0000000000
47015  19.396  -39.123  66.752 0.0000000000
47004  19.187  -39.354  67.590 0.0000000000
46010  17.658  -40.306  64.921 0.0000000000
47017  18.147  -40.067  66.595 0.0000000000
45976  17.739  -40.431  66.717 0.0000000000
46066  16.591  -40.636  60.293 0.0000000000
45014  14.851  -41.710  60.740 0.0000000000
43846  14.948  -43.407  66.883 0.0000000000
42813  13.654  -44.399  64.816 0.0000000000
42794  13.800  -44.579  65.945 0.0000000000
41775  13.102  -45.233  65.350 0.0000000000
41831  12.059  -44.153  62.031 0.0000000000
41816  12.452  -44.270  62.700 0.0000000000
40862  11.819  -45.339  64.031 0.0000000000
40835  12.227  -45.497  64.612 0.0000000000
40798  12.101  -46.304  66.591 0.0000000000
40815  11.171  -46.276  65.745 0.0000000000
39973  9.976  -46.549  65.501 0.0000000000
40816  10.455  -46.423  65.521 0.0000000000
39952  9.444  -46.787  65.984 0.0000000000
39953  8.583  -46.877  65.770 0.0000000000
39954  7.561  -46.958  65.649 0.0000000000
39046  8.001  -47.362  66.897 0.0000000000
45067  25.732  -41.373  58.927 0.0000000000
45066  26.649  -41.552  58.762 0.0000000000
45046  25.342  -41.434  59.580 0.0000000000
47159  24.190  -39.592  57.778 0.0000000000
46116  24.596  -40.253  58.170 0.0000000000
47099  24.084  -40.143  60.244 0.0000000000
46076  24.426  -40.562  59.444 0.0000000000
46052  24.418  -40.924  61.370 0.0000000000
47056  23.985  -39.742  62.468 0.0000000000
48040  24.040  -39.523  63.567 0.0000000000
48104  21.564  -38.540  61.469 0.0000000000
48025  22.388  -38.303  65.553 0.0000000000
48016  21.242  -38.271  66.141 0.0000000000
49039  21.821  -38.161  66.606 0.0000000000
49028  21.940  -38.189  67.412 0.0000000000
47998  20.613  -38.696  68.368 0.0000000000
43790  16.209  -42.886  70.255 0.0000000000
39017  8.722  -47.368  69.776 0.0000000000
39890  9.213  -46.987  70.090 0.0000000000
39880  8.960  -46.996  70.654 0.0000000000
40715  8.881  -46.036  73.382 0.0000000000
40714  9.868  -45.640  73.421 0.0000000000
40705  10.141  -45.943  73.949 0.0000000000
75797  52.706  -10.375  42.561 0.0000000000
75786  52.267  -10.207  43.379 0.0000000000
75776  52.690  -10.160  45.086 0.0000000000
72803  46.808  -13.006  42.961 0.0000000000
73811  47.606  -12.358  44.742 0.0000000000
74789  48.018  -12.066  44.902 0.0000000000
74788  48.360  -11.836  44.667 0.0000000000
74776  48.791  -11.112  45.600 0.0000000000
73774  47.089  -13.108  47.142 0.0000000000
73791  46.986  -12.936  46.288 0.0000000000
74746  48.612  -11.239  47.739 0.0000000000
75727  49.327  -10.895  47.976 0.0000000000
75738  49.079  -10.597  47.179 0.0000000000
75726  49.986  -10.927  48.123 0.0000000000
75736  50.590  -10.348  47.704 0.0000000000
67771  39.856  -19.202  43.376 0.0000000000
68851  40.597  -18.306  43.126 0.0000000000
65748  39.959  -20.448  44.623 0.0000000000
66701  42.081  -19.765  46.430 0.0000000000
67754  42.067  -18.941  45.649 0.0000000000
67761  41.609  -18.679  44.779 0.0000000000
67753  42.770  -18.440  45.619 0.0000000000
67744  43.010  -18.830  46.449 0.0000000000
67727  44.054  -18.742  47.292 0.0000000000
67726  44.793  -18.403  47.649 0.0000000000
67713  45.290  -18.734  48.264 0.0000000000
61299  42.162  -25.522  46.741 0.0000000000
62192  41.942  -24.588  46.646 0.0000000000
62191  42.674  -24.629  47.006 0.0000000000
63111  44.315  -23.617  47.820 0.0000000000
63112  43.748  -23.547  47.482 0.0000000000
63970  43.958  -22.657  47.962 0.0000000000
64811  46.114  -21.629  49.353 0.0000000000
63955  45.825  -22.650  49.095 0.0000000000
64812  45.376  -21.680  48.938 0.0000000000
64813  44.732  -21.627  48.530 0.0000000000
65685  45.002  -20.759  48.748 0.0000000000
55312  37.120  -32.295  49.445 0.0000000000
54346  36.510  -32.833  51.809 0.0000000000
54356  38.231  -32.636  51.298 0.0000000000
55299  39.512  -32.072  50.634 0.0000000000
47149  38.051  -40.124  56.951 0.0000000000
46104  37.340  -40.820  57.024 0.0000000000
47185  37.502  -39.409  55.403 0.0000000000
49188  38.262  -38.115  55.793 0.0000000000
50243  37.556  -36.497  54.960 0.0000000000
49171  38.201  -37.022  55.917 0.0000000000
46002  37.147  -40.062  64.406 0.0000000000
46020  37.282  -40.106  63.902 0.0000000000
47054  37.836  -39.736  63.593 0.0000000000
47093  39.051  -39.327  61.064 0.0000000000
49109  39.903  -37.271  60.394 0.0000000000
48151  39.711  -37.945  59.182 0.0000000000
49137  39.627  -37.340  58.620 0.0000000000
51232  38.955  -35.570  57.441 0.0000000000
51249  38.068  -35.461  56.140 0.0000000000
52180  38.113  -34.505  56.528 0.0000000000
53168  39.258  -33.820  57.443 0.0000000000
53184  38.506  -33.475  56.878 0.0000000000
54277  38.376  -32.953  56.455 0.0000000000
54276  39.265  -32.669  56.696 0.0000000000
54248  41.029  -32.907  58.400 0.0000000000
55230  40.499  -32.345  57.563 0.0000000000
55249  40.433  -31.760  56.204 0.0000000000
55248  41.226  -31.343  56.668 0.0000000000
75856  50.807  -10.243  34.384 0.0000000000
73893  46.755  -12.638  36.064 0.0000000000
73910  50.353  -12.536  34.344 0.0000000000
73909  50.945  -13.105  34.101 0.0000000000
72902  52.750  -13.807  36.143 0.0000000000
72888  52.439  -13.659  37.038 0.0000000000
71873  51.020  -14.154  37.731 0.0000000000
72873  51.255  -13.904  38.279 0.0000000000
73873  52.818  -12.792  38.801 0.0000000000
73881  53.111  -12.787  38.151 0.0000000000
72870  53.014  -13.096  37.546 0.0000000000
75825  54.450  -11.063  39.913 0.0000000000
74906  55.986  -10.573  31.812 0.0000000000
74899  56.275  -10.943  32.408 0.0000000000
74873  56.376  -11.536  35.646 0.0000000000
49018  23.497  -38.431  68.835 0.0000000000
39912  10.541  -46.712  67.816 0.0000000000
39898  10.635  -46.712  68.812 0.0000000000
39888  10.457  -46.613  69.645 0.0000000000
39878  10.083  -46.534  70.238 0.0000000000
57161  43.379  -30.021  51.427 0.0000000000
57152  43.435  -30.092  52.016 0.0000000000
43972  26.984  -42.592  60.999 0.0000000000
43943  27.412  -42.877  61.782 0.0000000000
47085  18.873  -39.354  61.983 0.0000000000
47102  18.137  -39.800  60.649 0.0000000000
48161  20.248  -38.501  58.955 0.0000000000
44887  16.816  -41.813  69.066 0.0000000000
43789  16.538  -42.354  69.739 0.0000000000
73844  49.471  -12.511  42.188 0.0000000000
72813  48.631  -12.844  41.894 0.0000000000
72801  48.305  -12.623  42.374 0.0000000000
73834  48.461  -12.406  42.788 0.0000000000
70709  45.798  -16.079  47.149 0.0000000000
70708  46.320  -15.617  47.593 0.0000000000
70691  46.868  -15.658  48.631 0.0000000000
63155  39.614  -23.334  45.001 0.0000000000
64013  39.994  -22.610  45.305 0.0000000000
63154  40.099  -23.475  45.418 0.0000000000
63143  40.579  -23.609  45.826 0.0000000000
63126  41.710  -23.661  46.554 0.0000000000
52245  35.262  -34.375  53.503 0.0000000000
53228  35.463  -33.698  53.717 0.0000000000
53204  36.441  -33.816  54.614 0.0000000000
43889  35.550  -42.268  62.917 0.0000000000
43909  36.159  -42.140  62.357 0.0000000000
46038  37.249  -40.822  62.887 0.0000000000
72863  46.140  -13.839  38.834 0.0000000000
73924  53.469  -12.481  32.945 0.0000000000
72921  52.349  -13.397  33.944 0.0000000000
46006  24.999  -40.887  63.989 0.0000000000
47041  25.032  -40.643  64.589 0.0000000000
47026  25.272  -40.746  65.258 0.0000000000
41751  14.085  -44.729  67.318 0.0000000000
41735  14.207  -44.913  68.437 0.0000000000
41705  13.766  -45.116  70.403 0.0000000000
40719  12.566  -45.234  72.207 0.0000000000
71851  43.763  -14.671  39.822 0.0000000000
71837  43.854  -14.588  40.636 0.0000000000
69852  41.767  -16.778  42.474 0.0000000000
69851  42.338  -16.119  42.436 0.0000000000
69821  43.374  -16.475  44.181 0.0000000000
69808  43.726  -16.793  44.853 0.0000000000
68818  43.666  -17.909  45.902 0.0000000000
59358  41.573  -27.752  47.084 0.0000000000
59357  42.358  -27.394  47.244 0.0000000000
59334  44.087  -27.729  48.616 0.0000000000
58179  44.852  -28.248  51.255 0.0000000000
39019  7.117  -47.861  68.710 0.0000000000
59398  38.749  -27.341  44.646 0.0000000000
59387  39.297  -27.427  45.132 0.0000000000
58278  38.961  -28.979  45.819 0.0000000000
57229  38.537  -30.038  46.928 0.0000000000
56301  38.719  -30.501  47.542 0.0000000000
45039  31.567  -42.101  59.187 0.0000000000
43940  30.600  -42.914  61.542 0.0000000000
42860  33.365  -43.219  62.212 0.0000000000
43912  32.423  -43.272  62.436 0.0000000000
42821  32.766  -43.192  63.666 0.0000000000
43875  26.742  -42.889  65.047 0.0000000000
43874  27.370  -43.321  64.840 0.0000000000
42789  27.873  -43.434  65.576 0.0000000000
42788  28.645  -43.698  65.571 0.0000000000
43836  32.638  -42.670  66.513 0.0000000000
48017  20.596  -38.444  66.415 0.0000000000
48028  20.007  -38.651  65.838 0.0000000000
45995  17.110  -40.717  65.356 0.0000000000
44956  16.517  -41.079  64.861 0.0000000000
44957  15.985  -41.474  64.321 0.0000000000
46067  15.850  -41.021  60.130 0.0000000000
43951  14.279  -42.218  61.067 0.0000000000
43924  14.501  -42.362  62.240 0.0000000000
43901  15.008  -42.187  63.444 0.0000000000
42812  14.255  -43.488  64.666 0.0000000000
41800  13.244  -44.557  64.089 0.0000000000
40863  10.861  -45.509  63.877 0.0000000000
46092  25.057  -40.820  58.542 0.0000000000
48158  23.196  -38.817  58.624 0.0000000000
47136  23.640  -39.253  58.702 0.0000000000
47117  23.633  -39.425  59.406 0.0000000000
47100  23.643  -39.598  60.105 0.0000000000
47084  23.613  -39.729  60.915 0.0000000000
48081  23.243  -39.242  61.539 0.0000000000
48082  22.759  -38.806  62.044 0.0000000000
38999  8.087  -47.196  71.950 0.0000000000
39867  8.315  -46.769  72.412 0.0000000000
75777  50.935  -10.415  44.145 0.0000000000
76710  52.361  -9.983  44.123 0.0000000000
76697  52.360  -9.973  44.944 0.0000000000
75763  52.403  -10.471  45.673 0.0000000000
76665  52.121  -10.224  46.323 0.0000000000
75747  52.089  -10.867  46.356 0.0000000000
73812  46.878  -12.860  44.639 0.0000000000
73804  46.962  -12.831  45.380 0.0000000000
73759  48.027  -12.626  48.952 0.0000000000
66726  39.992  -19.502  43.902 0.0000000000
65727  41.237  -20.776  46.080 0.0000000000
65739  40.987  -20.267  45.534 0.0000000000
66700  42.595  -19.308  46.558 0.0000000000
66684  42.872  -19.686  47.087 0.0000000000
66683  43.762  -19.632  47.727 0.0000000000
62189  44.100  -25.197  47.348 0.0000000000
62190  43.650  -24.642  47.226 0.0000000000
63110  44.928  -23.737  48.192 0.0000000000
65683  46.393  -20.610  49.527 0.0000000000
55314  35.168  -32.512  49.084 0.0000000000
54372  36.116  -32.737  50.014 0.0000000000
54331  37.441  -32.762  52.913 0.0000000000
54345  37.381  -32.789  51.992 0.0000000000
55291  39.645  -32.256  52.173 0.0000000000
46103  38.099  -40.477  57.631 0.0000000000
47171  38.320  -39.548  56.655 0.0000000000
48194  38.298  -39.132  56.152 0.0000000000
48193  38.660  -38.734  56.756 0.0000000000
49154  38.844  -37.873  57.138 0.0000000000
47053  38.342  -39.329  64.063 0.0000000000
48035  38.781  -39.186  64.237 0.0000000000
48054  38.934  -38.967  63.654 0.0000000000
48073  39.169  -38.699  62.769 0.0000000000
50202  39.780  -36.395  58.894 0.0000000000
52179  38.750  -34.574  57.157 0.0000000000
73892  47.541  -12.983  36.008 0.0000000000
73891  48.145  -13.108  35.869 0.0000000000
72904  49.562  -13.415  35.138 0.0000000000
72903  50.035  -13.880  34.958 0.0000000000
71904  51.218  -14.366  34.962 0.0000000000
71896  50.550  -14.401  35.473 0.0000000000
71887  51.712  -14.056  37.067 0.0000000000
72845  51.280  -13.231  39.914 0.0000000000
72844  51.854  -13.241  39.331 0.0000000000
73866  52.355  -12.615  39.757 0.0000000000
73865  53.061  -12.136  39.327 0.0000000000
47994  24.830  -38.884  68.623 0.0000000000
40764  12.592  -46.290  68.570 0.0000000000
40749  12.291  -46.051  69.510 0.0000000000
40737  11.980  -45.747  70.598 0.0000000000
40713  10.877  -45.571  73.448 0.0000000000
69866  41.495  -16.711  41.279 0.0000000000
57211  42.528  -29.331  48.890 0.0000000000
58219  42.919  -29.034  48.982 0.0000000000
57176  43.663  -29.268  50.091 0.0000000000
57159  44.461  -28.838  51.215 0.0000000000
38178  5.367  -48.434  69.094 0.0000000000
38180  3.409  -48.736  69.731 0.0000000000
38157  4.037  -48.891  71.483 0.0000000000
38149  4.062  -48.780  72.515 0.0000000000
43970  29.122  -42.553  60.842 0.0000000000
43915  30.089  -43.177  62.341 0.0000000000
48066  19.184  -39.073  63.311 0.0000000000
43952  13.428  -42.770  60.929 0.0000000000
42865  13.427  -43.039  61.634 0.0000000000
42852  12.974  -43.874  62.573 0.0000000000
42866  12.693  -43.539  61.450 0.0000000000
48119  22.108  -38.584  60.509 0.0000000000
73855  51.380  -12.536  40.909 0.0000000000
74815  51.641  -11.552  41.788 0.0000000000
74806  51.190  -11.222  42.673 0.0000000000
73832  49.864  -12.073  42.511 0.0000000000
74795  50.789  -11.065  43.276 0.0000000000
75788  50.720  -10.741  43.845 0.0000000000
75778  50.283  -10.525  44.645 0.0000000000
75764  50.143  -10.265  45.206 0.0000000000
71787  45.533  -14.474  45.225 0.0000000000
72779  46.019  -13.858  45.523 0.0000000000
72771  46.258  -13.966  46.158 0.0000000000
72770  46.655  -13.718  46.715 0.0000000000
72754  46.962  -13.734  47.780 0.0000000000
72735  47.267  -13.978  48.456 0.0000000000
72753  47.382  -13.531  48.301 0.0000000000
65749  39.317  -20.758  44.204 0.0000000000
64855  40.433  -21.873  45.558 0.0000000000
65728  40.777  -21.358  45.763 0.0000000000
64826  42.881  -21.748  47.565 0.0000000000
61268  46.394  -25.484  49.579 0.0000000000
54359  35.388  -32.871  50.752 0.0000000000
54320  35.984  -33.000  53.524 0.0000000000
54318  37.488  -32.760  53.753 0.0000000000
43992  35.543  -42.444  59.506 0.0000000000
43934  36.556  -42.108  61.483 0.0000000000
46073  38.700  -40.281  59.670 0.0000000000
72894  46.103  -13.463  36.844 0.0000000000
71874  50.182  -14.330  37.290 0.0000000000
72826  51.070  -12.986  40.599 0.0000000000
74908  54.908  -11.100  31.923 0.0000000000
74884  55.823  -11.565  34.950 0.0000000000
43945  25.815  -42.362  62.165 0.0000000000
44988  25.419  -42.032  62.669 0.0000000000
43857  26.820  -42.616  65.868 0.0000000000
43841  26.869  -42.393  66.385 0.0000000000
45971  26.097  -41.028  66.740 0.0000000000
45952  26.535  -41.059  67.771 0.0000000000
45970  26.515  -41.472  67.078 0.0000000000
47137  18.377  -39.546  58.686 0.0000000000
42697  15.556  -43.945  71.387 0.0000000000
41696  12.897  -45.128  72.011 0.0000000000
41695  13.583  -44.969  71.580 0.0000000000
72831  46.089  -13.599  40.645 0.0000000000
72816  45.574  -13.702  41.420 0.0000000000
72805  45.066  -13.914  42.036 0.0000000000
71804  45.016  -14.207  44.024 0.0000000000
70781  43.301  -15.135  42.202 0.0000000000
70782  42.816  -15.740  42.791 0.0000000000
70769  44.060  -14.964  43.556 0.0000000000
71788  45.100  -14.734  44.894 0.0000000000
70744  45.179  -14.950  45.247 0.0000000000
70730  45.342  -15.222  45.734 0.0000000000
69795  45.247  -15.906  46.104 0.0000000000
68791  45.949  -17.443  48.122 0.0000000000
61315  40.792  -25.324  46.019 0.0000000000
61297  43.698  -25.742  47.264 0.0000000000
61296  44.348  -25.724  47.525 0.0000000000
59333  44.708  -27.527  49.129 0.0000000000
60291  45.662  -26.255  49.250 0.0000000000
51285  37.332  -35.726  54.536 0.0000000000
45986  35.956  -40.755  65.067 0.0000000000
46004  36.194  -40.749  64.694 0.0000000000
47025  36.871  -40.190  65.523 0.0000000000
72896  44.435  -13.212  36.799 0.0000000000
72864  45.372  -14.002  39.146 0.0000000000
72850  45.766  -13.806  39.814 0.0000000000
75861  51.948  -10.713  32.944 0.0000000000
39025  9.215  -47.215  68.989 0.0000000000
39026  8.500  -47.493  68.657 0.0000000000
39008  8.285  -47.396  71.002 0.0000000000
38989  7.554  -47.130  72.670 0.0000000000
38155  5.895  -48.401  70.673 0.0000000000
38980  6.878  -47.312  73.597 0.0000000000
63161  39.157  -23.258  44.526 0.0000000000
62229  39.309  -23.954  44.677 0.0000000000
61327  39.771  -25.118  45.165 0.0000000000
60347  40.437  -25.836  45.713 0.0000000000
59373  41.025  -27.397  46.617 0.0000000000
59386  39.795  -27.454  45.638 0.0000000000
59374  40.310  -27.458  46.116 0.0000000000
58243  41.604  -28.987  47.887 0.0000000000
57241  39.638  -29.377  46.716 0.0000000000
58244  41.083  -29.231  47.691 0.0000000000
57212  41.947  -29.455  48.547 0.0000000000
57196  42.094  -29.913  49.314 0.0000000000
56245  42.570  -30.347  50.317 0.0000000000
56234  42.731  -30.500  50.921 0.0000000000
56216  42.777  -30.495  53.339 0.0000000000
45041  30.137  -41.984  59.294 0.0000000000
43996  31.696  -42.404  59.721 0.0000000000
43936  34.788  -42.918  61.495 0.0000000000
42859  33.790  -43.173  62.250 0.0000000000
43911  34.335  -42.987  62.445 0.0000000000
43890  34.903  -42.518  63.225 0.0000000000
44948  35.113  -41.883  64.070 0.0000000000
43893  27.686  -43.464  64.061 0.0000000000
42845  28.878  -43.505  63.248 0.0000000000
42769  29.255  -43.622  66.354 0.0000000000
42804  30.728  -43.596  64.566 0.0000000000
42823  31.051  -43.488  63.773 0.0000000000
43873  33.158  -42.893  64.550 0.0000000000
44929  35.290  -41.213  64.990 0.0000000000
47987  21.666  -38.590  69.076 0.0000000000
47005  18.432  -39.930  67.556 0.0000000000
47057  19.401  -39.029  64.584 0.0000000000
45960  17.073  -41.125  67.026 0.0000000000
43845  15.530  -42.609  66.605 0.0000000000
46065  17.363  -40.258  60.479 0.0000000000
46029  16.263  -40.890  62.515 0.0000000000
45013  15.456  -41.367  60.935 0.0000000000
43880  15.488  -41.978  64.529 0.0000000000
42776  14.267  -44.279  66.704 0.0000000000
41764  13.938  -44.669  66.771 0.0000000000
40781  13.067  -45.865  67.070 0.0000000000
42833  12.878  -44.239  63.111 0.0000000000
40861  12.337  -45.232  64.168 0.0000000000
41789  12.685  -45.216  64.501 0.0000000000
40813  12.786  -45.570  65.612 0.0000000000
40797  12.871  -45.674  66.088 0.0000000000
39929  11.212  -46.553  67.112 0.0000000000
39950  10.916  -46.528  66.473 0.0000000000
39930  10.417  -46.681  66.969 0.0000000000
39914  9.174  -47.088  67.326 0.0000000000
39932  8.767  -47.086  66.652 0.0000000000
39038  7.470  -47.581  67.444 0.0000000000
39048  6.259  -47.375  66.576 0.0000000000
39039  6.610  -47.644  67.283 0.0000000000
39029  6.168  -47.811  67.811 0.0000000000
45044  27.051  -41.953  59.525 0.0000000000
46075  24.920  -41.066  59.493 0.0000000000
46063  25.001  -41.289  59.975 0.0000000000
45008  24.866  -41.485  61.463 0.0000000000
46040  24.575  -40.991  62.300 0.0000000000
47055  24.310  -40.134  62.945 0.0000000000
49051  22.233  -38.167  66.261 0.0000000000
49037  23.048  -38.262  67.332 0.0000000000
49027  22.647  -38.176  67.746 0.0000000000
43808  15.927  -42.849  69.303 0.0000000000
39879  9.513  -46.753  70.414 0.0000000000
40740  9.800  -46.450  70.826 0.0000000000
39866  9.071  -46.380  71.951 0.0000000000
40729  9.740  -46.147  71.468 0.0000000000
75805  52.293  -10.829  41.963 0.0000000000
72802  47.872  -12.697  42.474 0.0000000000
73836  47.324  -12.714  43.506 0.0000000000
73822  47.648  -12.458  43.898 0.0000000000
73821  48.255  -12.175  43.754 0.0000000000
74798  48.848  -11.739  44.053 0.0000000000
74775  49.225  -10.839  45.271 0.0000000000
76684  50.101  -10.038  45.798 0.0000000000
73803  47.554  -12.405  45.789 0.0000000000
74747  47.958  -11.805  47.375 0.0000000000
74761  48.065  -11.804  46.268 0.0000000000
75750  49.074  -10.644  46.240 0.0000000000
75749  49.533  -10.280  46.583 0.0000000000
76657  50.606  -9.929  47.149 0.0000000000
76656  51.166  -9.975  47.235 0.0000000000
68864  40.463  -18.089  42.467 0.0000000000
68838  41.612  -18.116  44.134 0.0000000000
66718  39.786  -20.021  44.209 0.0000000000
66710  40.885  -19.946  45.162 0.0000000000
67762  40.939  -18.960  44.452 0.0000000000
68827  42.709  -18.009  45.020 0.0000000000
67743  43.735  -18.341  46.504 0.0000000000
62210  41.293  -24.525  46.263 0.0000000000
63124  43.054  -23.698  47.225 0.0000000000
63986  42.668  -23.020  47.175 0.0000000000
63972  42.622  -22.356  47.285 0.0000000000
63957  44.497  -22.307  48.276 0.0000000000
64824  44.066  -21.642  48.235 0.0000000000
66670  44.785  -19.624  48.377 0.0000000000
66657  45.793  -19.623  49.081 0.0000000000
67712  45.945  -18.426  48.667 0.0000000000
54371  36.831  -32.695  50.280 0.0000000000
54357  37.242  -32.763  50.949 0.0000000000
55301  37.317  -32.583  50.215 0.0000000000
55310  39.411  -31.604  49.570 0.0000000000
45075  36.773  -41.215  57.280 0.0000000000
48210  37.947  -38.766  55.554 0.0000000000
49204  37.339  -37.468  54.657 0.0000000000
51264  37.583  -35.451  55.226 0.0000000000
46021  37.057  -40.693  63.393 0.0000000000
47066  37.929  -39.774  63.097 0.0000000000
46036  38.141  -39.808  62.547 0.0000000000
46061  38.668  -40.099  60.812 0.0000000000
48092  39.535  -38.413  61.678 0.0000000000
49097  39.942  -37.458  61.475 0.0000000000
48111  39.676  -38.120  60.854 0.0000000000
47092  39.374  -38.734  61.257 0.0000000000
47109  39.447  -38.755  60.421 0.0000000000
47127  39.501  -38.691  59.460 0.0000000000
50216  38.817  -36.796  57.110 0.0000000000
50229  38.346  -36.529  56.313 0.0000000000
52216  37.258  -34.790  55.071 0.0000000000
53186  37.297  -33.799  55.607 0.0000000000
53202  37.468  -33.419  55.644 0.0000000000
54290  38.232  -32.782  55.647 0.0000000000
54303  38.852  -32.523  55.234 0.0000000000
54232  40.549  -33.882  59.085 0.0000000000
54263  40.051  -33.003  57.635 0.0000000000
55262  39.437  -32.193  54.726 0.0000000000
55261  40.207  -31.787  55.054 0.0000000000
56208  41.822  -30.899  54.962 0.0000000000
74895  50.860  -11.827  33.816 0.0000000000
71903  51.900  -14.334  35.093 0.0000000000
72911  52.760  -13.955  34.917 0.0000000000
72901  53.469  -13.338  35.897 0.0000000000
71872  51.481  -14.008  37.575 0.0000000000
74854  54.418  -11.595  37.997 0.0000000000
74844  54.919  -11.155  38.718 0.0000000000
74836  54.448  -11.170  39.285 0.0000000000
38176  7.021  -47.953  69.100 0.0000000000
38988  7.976  -47.015  72.339 0.0000000000
39856  8.269  -46.465  73.115 0.0000000000
39896  12.066  -46.483  68.908 0.0000000000
42759  15.356  -43.502  68.046 0.0000000000
44928  35.672  -40.960  64.902 0.0000000000
44946  36.362  -40.831  64.233 0.0000000000
44987  36.373  -41.795  62.705 0.0000000000
45024  27.958  -42.290  60.179 0.0000000000
45987  35.590  -40.955  65.131 0.0000000000
47040  37.090  -40.006  65.153 0.0000000000
47077  39.327  -38.712  61.624 0.0000000000
47985  23.424  -38.692  69.469 0.0000000000
48093  39.381  -38.568  62.201 0.0000000000
49010  23.315  -38.529  69.145 0.0000000000
49017  23.793  -38.448  68.702 0.0000000000
54262  40.718  -32.619  57.892 0.0000000000
54292  37.154  -32.995  54.830 0.0000000000
56225  43.445  -30.086  52.325 0.0000000000
57178  42.491  -30.075  49.921 0.0000000000
59312  44.701  -27.836  49.757 0.0000000000
59335  43.469  -27.938  48.182 0.0000000000
71796  45.289  -14.230  44.471 0.0000000000
71835  44.897  -14.014  40.555 0.0000000000
71858  50.726  -14.108  38.110 0.0000000000
71894  52.139  -14.068  36.451 0.0000000000
72833  44.947  -13.998  40.899 0.0000000000
72858  51.516  -13.610  38.819 0.0000000000
72889  52.111  -13.754  37.510 0.0000000000
72914  50.023  -13.239  34.725 0.0000000000
73842  51.031  -12.207  41.588 0.0000000000
75748  51.763  -10.414  46.925 0.0000000000
75765  49.641  -10.441  45.542 0.0000000000
75779  49.725  -10.636  44.949 0.0000000000
76668  50.176  -9.956  46.387 0.0000000000
76699  50.739  -10.135  44.901 0.0000000000
76709  52.816  -10.019  44.372 0.0000000000
76711  51.859  -10.079  43.896 0.0000000000
