#!ascii label  , from subject 3515 vox2ras=TkReg
836
72371  18.855  -14.553  -6.591 0.2500000000
71297  19.381  -15.388  -6.958 0.2500000000
70389  19.789  -16.285  -7.081 0.7500000000
74417  18.707  -12.349  -7.443 0.2500000000
74401  18.510  -13.050  -6.714 0.1250000000
73419  18.879  -13.530  -7.138 0.2500000000
72383  19.797  -14.604  -7.650 0.7500000000
72370  19.314  -14.856  -7.065 0.3750000000
71313  19.992  -15.594  -7.460 0.8750000000
70388  20.570  -16.321  -7.590 0.8750000000
74416  19.275  -13.076  -7.735 0.3750000000
73418  19.397  -13.755  -7.595 0.3750000000
73437  19.881  -13.460  -8.219 0.8750000000
72384  19.209  -14.113  -7.237 0.7500000000
71328  21.819  -15.044  -8.768 1.0000000000
72399  20.817  -14.615  -8.485 1.0000000000
72400  20.287  -14.088  -8.336 0.8750000000
70402  21.087  -15.909  -8.033 1.0000000000
72382  20.376  -14.842  -8.040 0.8750000000
70401  21.706  -15.896  -8.311 1.0000000000
74435  19.098  -11.546  -8.032 0.2500000000
74434  19.557  -12.292  -8.263 0.7500000000
74433  20.380  -12.657  -8.688 0.8750000000
73436  20.806  -13.662  -8.699 0.8750000000
72422  21.609  -15.171  -10.772 1.0000000000
72398  21.601  -14.414  -8.881 1.0000000000
73451  21.847  -13.925  -9.245 1.0000000000
71326  23.242  -15.091  -8.628 1.0000000000
71327  22.523  -15.052  -8.919 1.0000000000
70400  22.413  -15.743  -8.504 1.0000000000
74418  18.236  -11.610  -7.109 0.1250000000
74452  20.784  -11.924  -9.078 1.0000000000
75420  20.155  -11.757  -8.770 0.8750000000
73452  21.114  -12.874  -8.919 1.0000000000
72408  23.045  -14.196  -9.059 1.0000000000
72420  22.747  -14.475  -10.424 1.0000000000
71339  22.626  -15.111  -9.796 1.0000000000
71310  24.363  -15.282  -7.553 1.0000000000
79156  18.659  -7.702  -8.674 0.2500000000
75404  18.592  -11.238  -7.628 0.2500000000
75422  19.015  -10.719  -8.185 0.3750000000
75421  19.648  -11.111  -8.581 0.5000000000
75440  20.325  -10.822  -9.195 1.0000000000
75441  19.821  -10.514  -8.931 0.6250000000
75438  21.905  -11.409  -9.400 1.0000000000
74451  21.528  -12.293  -9.150 1.0000000000
73434  23.509  -13.394  -8.639 1.0000000000
73449  22.852  -13.622  -9.190 1.0000000000
74432  22.713  -12.208  -8.971 1.0000000000
74430  24.050  -12.469  -8.226 1.0000000000
72396  24.386  -14.217  -7.716 1.0000000000
74415  24.899  -12.471  -7.666 1.0000000000
73417  25.124  -13.422  -7.456 1.0000000000
79155  19.082  -7.490  -9.217 0.5000000000
78171  18.990  -8.348  -9.011 0.3750000000
77270  18.863  -8.833  -8.821 0.3750000000
77269  19.237  -9.238  -9.043 0.5000000000
77268  19.944  -9.177  -9.446 0.5000000000
76365  20.330  -9.873  -9.401 0.8750000000
76364  20.906  -10.144  -9.517 1.0000000000
77266  21.349  -9.348  -9.443 1.0000000000
75419  22.523  -11.479  -9.113 1.0000000000
76363  21.645  -10.358  -9.465 1.0000000000
75417  23.795  -11.565  -8.324 1.0000000000
75418  23.115  -11.516  -8.746 1.0000000000
75402  25.619  -11.539  -7.455 1.0000000000
74414  25.923  -12.557  -7.338 0.8750000000
78170  19.519  -8.340  -9.386 0.5000000000
79154  19.739  -7.425  -9.560 0.6250000000
79153  20.515  -7.421  -9.608 0.6250000000
78168  20.980  -8.373  -9.533 1.0000000000
77267  20.628  -9.211  -9.487 0.7500000000
77249  22.108  -9.514  -9.229 1.0000000000
77231  24.576  -9.683  -7.754 1.0000000000
77232  23.913  -9.941  -8.199 1.0000000000
77247  23.345  -9.851  -8.521 1.0000000000
77248  22.739  -9.742  -8.833 1.0000000000
76329  25.169  -10.565  -7.564 1.0000000000
76330  24.244  -10.663  -7.958 1.0000000000
76344  23.552  -10.693  -8.418 1.0000000000
76328  26.347  -10.488  -7.247 0.8750000000
75401  26.750  -11.633  -7.163 0.8750000000
79140  22.035  -7.543  -8.961 1.0000000000
78137  24.834  -8.601  -7.529 1.0000000000
78139  23.196  -8.161  -8.464 1.0000000000
79127  25.092  -7.491  -7.367 1.0000000000
77229  27.041  -9.182  -7.345 1.0000000000
77230  25.654  -9.478  -7.389 1.0000000000
78136  25.940  -8.353  -7.301 1.0000000000
80178  19.202  -6.514  -9.409 0.5000000000
80177  19.967  -6.478  -9.635 0.8750000000
80176  20.789  -6.498  -9.573 1.0000000000
81179  22.489  -5.691  -8.655 1.0000000000
80166  22.313  -6.601  -8.801 1.0000000000
80175  21.561  -6.563  -9.263 1.0000000000
81167  24.657  -5.552  -7.536 1.0000000000
80164  23.648  -6.025  -8.082 1.0000000000
80151  26.425  -6.195  -7.317 1.0000000000
80152  25.347  -6.411  -7.324 1.0000000000
80153  24.198  -6.551  -7.733 1.0000000000
79125  27.093  -7.460  -7.553 1.0000000000
78135  26.775  -8.075  -7.411 0.8750000000
85236  20.545  -1.464  -9.208 1.0000000000
85238  19.385  -2.153  -9.398 0.3750000000
84225  20.028  -2.472  -9.380 0.8750000000
82164  21.740  -4.184  -8.841 1.0000000000
82147  24.776  -4.482  -7.573 1.0000000000
82162  23.704  -4.468  -8.085 1.0000000000
86208  20.284  -0.417  -9.326 0.8750000000
85221  21.141  -1.811  -8.927 1.0000000000
84224  20.845  -2.458  -9.043 1.0000000000
85220  21.819  -1.505  -8.733 1.0000000000
83184  21.768  -3.468  -8.753 1.0000000000
82148  24.238  -3.908  -7.821 1.0000000000
83182  23.863  -3.345  -8.059 1.0000000000
83166  25.454  -3.778  -7.734 1.0000000000
85235  21.184  -1.168  -9.010 1.0000000000
85217  24.849  -1.471  -8.347 1.0000000000
85218  23.863  -1.483  -8.313 1.0000000000
84209  23.351  -2.452  -8.302 1.0000000000
87093  21.390  -0.061  -9.197 1.0000000000
86191  22.388  -0.567  -8.668 1.0000000000
85219  22.826  -1.500  -8.441 1.0000000000
90524  19.897  4.676  -9.358 0.1250000000
91381  20.098  5.231  -9.100 0.1250000000
90525  19.869  4.382  -9.968 0.2500000000
91382  19.762  5.294  -9.772 0.1250000000
91399  19.562  5.220  -10.597 0.3750000000
92305  19.448  6.106  -10.205 0.2500000000
91415  19.564  5.275  -11.311 0.5000000000
92333  19.134  6.100  -12.051 0.3750000000
92317  19.063  6.162  -11.150 0.2500000000
94032  18.788  7.649  -10.888 0.2500000000
92318  18.681  6.705  -11.769 0.2500000000
92334  18.620  7.008  -12.250 0.2500000000
93215  18.689  7.166  -11.256 0.2500000000
92351  18.923  7.024  -12.549 0.3750000000
92352  18.631  7.341  -12.531 0.2500000000
72357  18.488  -14.718  -6.028 0.1250000000
71311  23.693  -15.772  -7.904 1.0000000000
79152  21.295  -7.471  -9.443 0.8750000000
80165  23.245  -6.579  -8.319 1.0000000000
70358  18.551  -16.108  -5.365 0.1250000000
69431  20.224  -17.125  -7.085 0.7500000000
74402  18.186  -12.251  -6.476 0.1250000000
69430  21.001  -17.325  -7.520 1.0000000000
72358  18.355  -14.372  -5.757 0.1250000000
70386  22.257  -16.588  -8.048 1.0000000000
70385  23.145  -16.230  -8.069 1.0000000000
70383  24.857  -15.996  -7.089 1.0000000000
76331  18.433  -10.240  -7.741 0.3750000000
78172  18.676  -8.464  -8.618 0.2500000000
77251  18.639  -9.243  -8.383 0.2500000000
73416  26.181  -13.567  -7.199 0.8750000000
77228  28.061  -9.611  -7.582 0.8750000000
84212  18.728  -2.808  -9.071 0.1250000000
81191  19.367  -5.534  -9.562 0.3750000000
81190  20.217  -5.529  -9.619 0.6250000000
79138  26.981  -6.871  -7.526 1.0000000000
85237  19.590  -1.413  -9.279 0.8750000000
84226  19.264  -2.765  -9.403 0.3750000000
83200  19.869  -3.584  -9.459 0.8750000000
82146  25.849  -4.539  -7.511 1.0000000000
83165  26.208  -3.903  -7.908 1.0000000000
84193  25.374  -3.076  -8.022 1.0000000000
86207  20.981  -0.527  -9.231 1.0000000000
84208  24.413  -2.458  -8.156 1.0000000000
87107  21.084  0.489  -9.427 0.8750000000
87106  21.752  0.939  -9.317 1.0000000000
87091  22.906  0.300  -8.643 1.0000000000
90514  20.805  4.472  -7.809 0.1250000000
89662  20.010  3.499  -8.773 0.1250000000
89688  20.475  3.592  -10.283 0.6250000000
90541  19.940  4.399  -10.814 0.6250000000
91414  19.912  5.241  -11.647 0.5000000000
92332  20.216  6.019  -12.092 0.5000000000
92304  20.215  6.300  -9.383 0.2500000000
93203  19.605  6.747  -9.972 0.2500000000
92350  19.641  6.840  -12.572 0.5000000000
93213  19.373  7.809  -10.299 0.1250000000
93225  18.395  7.474  -11.907 0.2500000000
94074  17.978  8.494  -13.219 0.2500000000
93241  19.143  7.525  -13.021 0.3750000000
94073  18.554  8.839  -14.045 0.2500000000
94043  18.577  8.169  -11.267 0.1250000000
71282  18.550  -15.177  -5.805 0.1250000000
71298  18.918  -15.514  -6.340 0.3750000000
70372  19.238  -16.235  -6.495 0.5000000000
73401  18.577  -13.713  -6.518 0.1250000000
71312  20.543  -15.321  -7.950 0.8750000000
70387  21.423  -16.597  -7.888 1.0000000000
73435  21.300  -14.109  -8.832 1.0000000000
71329  21.187  -15.366  -8.353 1.0000000000
70399  22.860  -15.548  -8.593 1.0000000000
72397  23.709  -14.171  -8.378 1.0000000000
73450  22.420  -13.808  -9.266 1.0000000000
74450  22.186  -12.578  -9.163 1.0000000000
71325  23.816  -14.680  -7.991 1.0000000000
76348  18.884  -10.016  -8.376 0.3750000000
76347  19.377  -10.171  -8.718 0.5000000000
75439  21.178  -11.173  -9.439 1.0000000000
73433  24.232  -13.348  -7.965 1.0000000000
74431  23.226  -12.534  -8.756 1.0000000000
74449  22.620  -12.962  -9.025 1.0000000000
76366  19.837  -9.974  -9.176 0.6250000000
78169  20.228  -8.325  -9.568 0.6250000000
78153  21.749  -8.479  -9.248 1.0000000000
76345  22.919  -10.636  -8.802 1.0000000000
76346  22.329  -10.525  -9.232 1.0000000000
75403  24.614  -11.541  -7.834 1.0000000000
74413  26.969  -12.736  -7.155 0.8750000000
78152  22.688  -8.634  -8.759 1.0000000000
78151  23.142  -9.265  -8.597 1.0000000000
78138  23.724  -8.834  -8.223 1.0000000000
79139  22.830  -7.526  -8.593 1.0000000000
79128  24.150  -7.718  -7.773 1.0000000000
80154  23.738  -7.128  -7.970 1.0000000000
79126  26.247  -7.272  -7.297 1.0000000000
81189  21.074  -5.584  -9.423 0.7500000000
81188  21.791  -5.720  -9.001 1.0000000000
82163  22.404  -4.579  -8.638 1.0000000000
81178  23.250  -5.475  -8.331 1.0000000000
81166  25.575  -5.396  -7.341 1.0000000000
81177  23.955  -5.510  -7.949 1.0000000000
82173  21.454  -4.672  -9.039 1.0000000000
83198  21.438  -3.971  -8.961 1.0000000000
83185  21.197  -2.993  -8.875 1.0000000000
84211  21.482  -2.459  -8.770 1.0000000000
83183  22.900  -3.468  -8.435 1.0000000000
84210  22.333  -2.480  -8.548 1.0000000000
83167  24.710  -3.394  -7.860 1.0000000000
86192  21.596  -0.570  -8.972 1.0000000000
86190  23.359  -0.552  -8.429 1.0000000000
87092  22.012  0.344  -9.064 1.0000000000
90517  20.218  4.429  -8.672 0.1250000000
90518  19.905  4.073  -9.275 0.1250000000
90556  19.858  4.819  -11.329 0.7500000000
93243  18.350  7.735  -12.587 0.2500000000
93260  18.554  8.076  -13.283 0.2500000000
70373  18.781  -16.167  -5.926 0.2500000000
70349  18.549  -16.285  -4.838 0.1250000000
69432  19.616  -16.902  -6.653 0.6250000000
69429  21.875  -17.439  -7.692 1.0000000000
83201  19.077  -3.658  -9.354 0.5000000000
82175  19.604  -4.567  -9.562 0.7500000000
82174  20.518  -4.570  -9.462 0.8750000000
83199  20.877  -3.527  -9.164 1.0000000000
87967  23.014  1.611  -8.952 1.0000000000
87090  23.896  0.354  -8.597 1.0000000000
89671  20.006  3.442  -9.513 0.3750000000
90540  20.554  4.102  -10.869 0.7500000000
89689  20.082  3.815  -10.132 0.5000000000
90555  20.251  4.625  -11.297 0.7500000000
93259  19.348  8.281  -13.613 0.2500000000
65427  20.857  -21.357  -5.638 0.7500000000
65425  22.628  -21.525  -5.354 0.7500000000
65428  20.129  -21.382  -5.412 0.7500000000
66334  20.345  -20.718  -5.879 0.7500000000
65426  21.695  -21.389  -5.595 0.7500000000
66333  21.193  -20.715  -6.065 0.7500000000
66358  20.592  -20.085  -6.315 0.7500000000
66331  23.310  -20.842  -5.453 0.7500000000
66332  22.217  -20.498  -5.996 0.7500000000
66357  21.459  -19.983  -6.445 0.7500000000
68385  20.028  -18.579  -6.512 0.7500000000
69413  19.774  -17.711  -6.556 0.6250000000
67342  21.808  -19.401  -6.739 0.7500000000
67358  21.612  -18.771  -7.066 0.8750000000
67359  21.127  -18.569  -7.098 0.8750000000
67324  22.868  -20.088  -5.866 0.7500000000
67341  22.630  -19.460  -6.393 0.7500000000
68398  22.231  -18.284  -7.295 0.8750000000
68399  21.411  -18.120  -7.349 0.8750000000
68367  24.096  -18.943  -5.799 0.7500000000
68383  23.345  -18.652  -6.462 0.7500000000
68397  22.859  -18.216  -7.045 0.8750000000
68382  24.362  -18.273  -6.183 0.7500000000
69411  23.834  -17.534  -6.918 0.8750000000
69427  23.497  -16.924  -7.488 0.8750000000
70370  25.226  -16.648  -6.613 0.8750000000
70371  24.482  -17.030  -6.809 0.8750000000
71307  28.383  -15.602  -7.225 0.3750000000
71308  27.113  -15.424  -6.701 0.6250000000
72381  25.362  -14.432  -7.242 0.7500000000
72379  27.643  -14.595  -6.999 0.5000000000
73415  27.220  -13.723  -7.120 0.7500000000
72394  29.294  -14.613  -8.672 0.1250000000
72395  29.006  -14.741  -7.877 0.3750000000
73432  28.710  -13.587  -7.647 0.6250000000
72418  29.262  -14.914  -10.316 0.1250000000
73448  29.244  -13.922  -9.317 0.1250000000
74428  29.173  -12.748  -8.504 0.1250000000
74448  29.179  -12.676  -9.682 0.1250000000
75415  28.998  -11.679  -8.061 0.6250000000
76342  28.699  -10.657  -7.859 0.6250000000
76327  27.817  -10.611  -7.279 0.7500000000
73460  28.932  -13.638  -10.449 0.1250000000
75449  28.368  -11.614  -11.127 0.1250000000
76361  29.143  -10.859  -9.683 0.1250000000
77244  29.011  -10.352  -8.468 0.5000000000
76326  28.379  -10.075  -7.705 0.6250000000
77246  28.011  -8.863  -7.807 0.7500000000
77265  29.022  -9.706  -9.956 0.5000000000
78167  28.698  -8.571  -9.558 0.5000000000
78149  28.216  -8.156  -8.560 0.6250000000
78150  27.538  -8.098  -7.716 0.7500000000
87108  20.196  0.606  -9.390 0.6250000000
87971  19.992  1.580  -9.267 0.5000000000
87970  20.729  1.550  -9.635 0.7500000000
79150  28.344  -7.727  -9.485 0.6250000000
80174  27.831  -5.956  -8.977 0.6250000000
80163  27.194  -6.365  -7.653 0.8750000000
79171  27.942  -7.423  -10.482 0.5000000000
79151  28.069  -6.944  -9.339 0.6250000000
81176  27.449  -5.239  -8.429 0.7500000000
81165  26.457  -5.263  -7.436 0.8750000000
84207  25.260  -2.330  -8.219 0.8750000000
82144  27.104  -4.752  -8.151 0.7500000000
83181  26.203  -3.448  -8.200 0.8750000000
84206  26.039  -2.819  -8.423 0.8750000000
85216  25.770  -1.521  -8.764 0.8750000000
85234  25.919  -0.991  -9.278 0.8750000000
80204  27.309  -6.412  -10.906 0.3750000000
80192  27.758  -6.304  -10.046 0.5000000000
81218  27.444  -5.829  -10.465 0.5000000000
83179  27.241  -3.999  -9.069 0.6250000000
79185  26.315  -6.898  -12.253 0.2500000000
81205  27.340  -4.894  -10.347 0.5000000000
88800  20.561  2.672  -9.835 0.6250000000
88799  21.258  2.491  -9.868 0.7500000000
87969  21.558  1.526  -9.535 0.8750000000
87089  24.974  0.397  -8.815 0.7500000000
86206  25.638  -0.381  -9.142 0.8750000000
83197  26.965  -3.464  -9.303 0.6250000000
84223  26.659  -2.701  -9.575 0.7500000000
81219  27.080  -5.264  -10.891 0.3750000000
82201  26.749  -4.288  -10.984 0.5000000000
85246  26.119  -1.582  -10.687 0.7500000000
80205  26.522  -6.202  -11.722 0.2500000000
88798  22.191  2.351  -9.550 0.8750000000
88788  24.044  1.732  -8.802 0.8750000000
89667  22.892  3.217  -9.548 0.7500000000
87966  24.783  1.536  -8.891 0.8750000000
87121  25.702  0.405  -9.824 0.7500000000
84236  26.468  -2.518  -10.458 0.5000000000
121032  25.555  -4.195  -12.494 0.2500000000
83236  25.705  -3.440  -12.135 0.5000000000
83222  26.335  -3.401  -11.267 0.5000000000
80216  25.678  -6.276  -12.858 0.2500000000
88801  20.155  2.692  -9.480 0.5000000000
89687  21.006  3.491  -10.460 0.6250000000
89686  21.423  3.807  -10.493 0.7500000000
90523  22.618  3.879  -10.014 0.7500000000
90538  21.968  4.224  -10.515 0.7500000000
90522  23.520  3.927  -9.859 0.7500000000
89685  24.657  3.560  -10.084 0.7500000000
89666  24.062  3.221  -9.441 0.7500000000
90537  23.027  4.512  -10.301 0.7500000000
89665  24.875  2.887  -9.692 0.7500000000
88815  25.620  2.156  -10.770 0.7500000000
89684  25.259  3.005  -10.377 0.7500000000
86228  25.539  -0.788  -11.787 0.5000000000
87133  25.690  0.049  -11.295 0.3750000000
88001  25.785  0.521  -10.750 0.6250000000
85257  25.387  -1.690  -12.183 0.3750000000
90554  20.735  4.476  -11.209 0.6250000000
90539  21.143  4.176  -10.885 0.7500000000
91396  22.491  5.025  -10.829 0.7500000000
91395  23.428  5.006  -10.832 0.7500000000
90553  24.864  4.189  -11.654 0.7500000000
89705  25.350  3.162  -11.327 0.6250000000
87163  25.012  0.774  -12.705 0.3750000000
88010  25.344  1.328  -12.279 0.3750000000
121049  25.053  -2.630  -12.719 0.1250000000
86261  23.949  -1.178  -13.525 0.1250000000
86243  24.553  -0.997  -13.006 0.2500000000
91397  21.545  4.771  -11.070 0.6250000000
91412  21.987  5.563  -11.389 0.7500000000
91411  23.137  5.669  -11.361 0.6250000000
91410  24.091  5.123  -11.409 0.7500000000
88845  25.265  2.222  -12.566 0.3750000000
90552  25.191  3.527  -11.875 0.3750000000
89706  24.954  3.707  -10.780 0.7500000000
87164  24.463  0.144  -13.332 0.2500000000
88017  24.919  1.378  -12.968 0.3750000000
88834  25.549  2.199  -11.749 0.6250000000
85301  22.561  -2.273  -14.310 0.1250000000
86262  23.183  -1.252  -14.028 0.1250000000
84286  22.947  -3.206  -14.111 0.1250000000
91413  20.845  5.127  -11.533 0.6250000000
92329  23.256  6.142  -11.867 0.3750000000
91429  24.393  5.092  -12.316 0.3750000000
89738  24.293  3.292  -14.449 0.2500000000
89728  25.109  3.011  -12.858 0.3750000000
87184  23.358  0.047  -14.342 0.1250000000
88018  24.457  1.411  -13.666 0.3750000000
88852  24.849  2.267  -13.276 0.3750000000
85302  21.883  -2.185  -15.027 0.1250000000
87165  23.712  -0.550  -13.777 0.1250000000
92349  20.754  7.015  -12.559 0.3750000000
92347  23.227  6.391  -12.445 0.3750000000
92330  22.577  6.344  -11.853 0.3750000000
91452  23.839  5.376  -14.111 0.3750000000
91440  23.841  5.709  -12.922 0.3750000000
89746  24.048  3.785  -14.844 0.3750000000
90581  24.596  4.087  -13.654 0.3750000000
91439  24.359  4.928  -13.270 0.3750000000
88032  21.960  0.706  -15.588 0.1250000000
88030  23.910  1.471  -14.465 0.1250000000
88861  24.088  2.438  -14.603 0.2500000000
86280  21.507  -1.120  -15.297 0.1250000000
93257  21.574  7.883  -14.062 0.2500000000
92364  22.500  7.154  -14.240 0.2500000000
92348  22.166  7.171  -12.826 0.3750000000
90599  23.166  4.411  -15.731 0.1250000000
92374  23.115  6.284  -14.662 0.3750000000
92363  23.210  6.452  -13.498 0.3750000000
90598  23.834  4.143  -15.092 0.1250000000
90592  23.761  4.776  -14.957 0.2500000000
88880  21.820  2.241  -16.507 0.1250000000
89747  23.603  3.291  -15.291 0.1250000000
93239  21.023  7.701  -13.286 0.3750000000
91460  22.614  5.369  -15.971 0.1250000000
92382  22.107  6.211  -16.294 0.1250000000
90600  22.367  4.710  -16.345 0.1250000000
88061  21.324  1.211  -16.719 0.1250000000
90608  21.763  4.339  -16.861 0.1250000000
93283  21.114  7.010  -17.057 0.1250000000
91467  21.385  5.279  -17.368 0.1250000000
92385  21.421  6.101  -17.033 0.1250000000
89765  21.219  3.202  -17.755 0.1250000000
88884  21.266  2.118  -17.704 0.1250000000
69428  22.880  -17.432  -7.510 0.8750000000
71296  25.965  -16.316  -6.506 0.6250000000
83164  26.595  -4.122  -8.105 0.8750000000
83209  26.914  -3.602  -10.243 0.5000000000
81231  26.118  -4.738  -11.939 0.3750000000
88816  20.971  2.994  -10.058 0.6250000000
89668  21.780  3.330  -10.061 0.7500000000
88797  23.318  2.166  -9.064 0.8750000000
88795  25.397  2.173  -9.780 0.7500000000
87965  25.227  1.318  -9.218 0.7500000000
84248  26.078  -2.400  -11.241 0.5000000000
85256  25.784  -1.602  -11.461 0.5000000000
86219  25.999  -0.728  -10.278 0.7500000000
84249  25.684  -2.438  -11.915 0.5000000000
88870  22.691  2.260  -15.830 0.1250000000
92381  22.777  6.049  -15.525 0.2500000000
91466  21.905  5.343  -16.680 0.1250000000
89757  21.503  3.281  -17.092 0.1250000000
74429  28.581  -12.379  -7.607 0.5000000000
75400  27.779  -11.942  -7.197 0.6250000000
78186  28.297  -8.673  -10.732 0.3750000000
79170  28.412  -8.061  -10.102 0.3750000000
79184  27.080  -7.419  -11.717 0.2500000000
89755  22.759  3.358  -16.066 0.1250000000
79196  26.272  -7.545  -12.845 0.1250000000
64576  21.580  -22.843  -4.759 0.7500000000
64577  20.383  -22.398  -4.879 0.7500000000
64575  22.607  -23.093  -4.615 0.7500000000
64602  21.199  -22.003  -5.242 0.7500000000
64600  23.066  -22.409  -4.839 0.7500000000
67323  23.489  -19.632  -5.758 0.7500000000
67322  24.626  -19.642  -5.489 0.6250000000
68381  25.293  -18.253  -5.923 0.6250000000
70369  26.299  -16.901  -6.338 0.5000000000
70368  27.281  -16.934  -6.511 0.3750000000
70381  28.737  -16.722  -7.680 0.1250000000
71323  29.219  -15.548  -8.637 0.1250000000
71337  29.302  -15.564  -9.571 0.1250000000
72417  29.660  -15.144  -10.792 0.1250000000
73472  29.171  -13.975  -11.701 0.1250000000
73473  28.708  -13.309  -11.398 0.1250000000
74467  28.431  -12.358  -11.592 0.1250000000
75456  27.883  -11.444  -12.061 0.1250000000
76362  28.662  -10.735  -10.608 0.1250000000
78197  28.004  -9.255  -11.347 0.1250000000
78187  27.733  -8.050  -11.213 0.2500000000
121022  24.722  -5.204  -13.584 0.1250000000
84275  24.030  -3.898  -13.555 0.1250000000
83254  22.949  -4.001  -14.390 0.1250000000
89670  20.286  3.235  -9.864 0.3750000000
84287  22.370  -3.270  -14.759 0.1250000000
84297  21.499  -2.271  -15.919 0.1250000000
84296  22.062  -2.912  -15.617 0.1250000000
87202  21.225  -0.039  -15.827 0.1250000000
87222  21.383  0.219  -17.426 0.1250000000
93271  21.017  8.342  -15.161 0.2500000000
94093  20.409  8.555  -16.171 0.1250000000
90609  21.357  4.292  -17.573 0.1250000000
88071  21.642  1.422  -17.979 0.1250000000
90620  21.296  4.302  -18.043 0.1250000000
85222  18.960  -1.191  -8.918 0.3750000000
86188  25.179  -0.677  -8.665 0.8750000000
70384  24.138  -16.444  -7.341 0.8750000000
68400  20.617  -18.116  -7.042 0.7500000000
72380  26.533  -14.543  -6.953 0.7500000000
75416  28.416  -11.339  -7.509 0.6250000000
82145  26.625  -4.566  -7.811 0.8750000000
87956  22.644  0.836  -8.856 0.8750000000
87955  23.325  1.215  -8.810 0.8750000000
86189  24.375  -0.552  -8.483 0.8750000000
93240  20.046  7.656  -13.160 0.3750000000
94072  19.425  8.847  -14.381 0.1250000000
93258  20.377  8.460  -14.095 0.2500000000
64603  20.636  -21.785  -5.310 0.7500000000
64601  22.113  -22.194  -5.057 0.7500000000
65424  23.461  -21.826  -5.072 0.7500000000
66335  19.416  -20.386  -5.462 0.7500000000
66359  19.986  -20.212  -6.056 0.7500000000
66356  22.036  -19.869  -6.462 0.7500000000
67343  20.865  -19.165  -6.760 0.7500000000
67357  22.187  -18.934  -6.884 0.8750000000
68384  22.642  -18.709  -6.827 0.8750000000
69410  24.808  -17.533  -6.404 0.7500000000
69409  25.790  -17.594  -6.136 0.6250000000
71309  25.732  -15.582  -6.803 0.7500000000
70382  28.149  -16.822  -6.913 0.2500000000
71294  27.567  -16.192  -6.688 0.5000000000
71295  26.665  -16.211  -6.526 0.6250000000
72378  28.384  -14.476  -7.375 0.5000000000
71324  29.016  -15.477  -7.852 0.2500000000
71306  29.041  -16.006  -7.911 0.1250000000
73431  29.216  -13.915  -8.332 0.2500000000
74412  27.922  -13.032  -7.249 0.6250000000
72435  28.978  -14.242  -11.094 0.1250000000
75414  29.274  -11.971  -8.683 0.5000000000
75436  29.272  -11.757  -9.350 0.1250000000
74460  28.661  -12.582  -10.754 0.1250000000
76341  29.200  -11.057  -8.696 0.5000000000
75437  28.908  -11.713  -10.238 0.1250000000
77245  28.730  -9.523  -8.435 0.6250000000
79137  27.646  -7.021  -8.235 0.6250000000
81187  27.659  -5.083  -9.059 0.6250000000
85215  26.341  -2.276  -9.014 0.7500000000
86205  25.916  -0.578  -9.657 0.7500000000
83208  27.198  -4.155  -10.103 0.5000000000
89669  21.204  3.106  -10.087 0.6250000000
87105  25.543  0.484  -9.439 0.7500000000
88796  24.607  2.170  -9.088 0.7500000000
87132  25.827  -0.055  -10.621 0.6250000000
87986  25.693  0.992  -10.154 0.7500000000
121039  25.169  -3.784  -12.866 0.1250000000
121026  25.255  -4.803  -13.023 0.1250000000
80217  25.160  -5.588  -13.306 0.1250000000
90536  24.205  4.361  -10.519 0.7500000000
88002  25.690  1.088  -11.340 0.6250000000
87145  25.282  0.166  -12.281 0.3750000000
85270  24.731  -1.557  -12.804 0.3750000000
85285  24.386  -2.083  -13.223 0.1250000000
85286  23.398  -2.337  -13.692 0.1250000000
89729  24.766  3.127  -13.575 0.3750000000
90570  24.774  4.317  -12.727 0.3750000000
87183  24.100  0.764  -13.986 0.2500000000
86279  22.339  -1.165  -14.634 0.1250000000
92331  21.417  6.275  -11.953 0.3750000000
88853  24.454  2.343  -14.027 0.2500000000
87185  22.160  -0.081  -15.137 0.1250000000
88031  22.873  1.127  -15.219 0.1250000000
91459  23.313  5.429  -15.200 0.3750000000
91451  24.294  4.710  -13.876 0.3750000000
88047  22.251  1.377  -15.784 0.1250000000
88048  21.663  1.098  -16.134 0.1250000000
87212  21.251  0.559  -16.350 0.1250000000
88862  23.568  2.230  -15.086 0.1250000000
85316  21.207  -1.786  -16.112 0.1250000000
86294  20.972  -1.123  -15.863 0.1250000000
92375  22.408  6.769  -15.386 0.2500000000
90607  22.447  4.043  -16.375 0.1250000000
88879  22.327  2.803  -16.263 0.1250000000
88881  21.328  2.213  -17.203 0.1250000000
93270  21.799  7.572  -15.223 0.1250000000
93277  21.706  7.024  -16.210 0.1250000000
93282  21.518  6.577  -16.704 0.1250000000
88062  21.198  1.205  -17.308 0.1250000000
89756  22.063  3.350  -16.553 0.1250000000
94098  20.574  8.123  -17.126 0.1250000000
93278  21.163  7.852  -16.243 0.1250000000
63740  21.105  -23.593  -4.384 0.7500000000
63739  22.159  -23.839  -4.473 0.7500000000
67325  19.035  -19.167  -5.469 0.5000000000
67344  19.822  -19.454  -6.141 0.6250000000
68366  24.913  -18.870  -5.684 0.6250000000
76377  28.054  -10.681  -11.444 0.1250000000
77284  28.358  -9.805  -11.016 0.1250000000
86302  21.262  -0.758  -17.009 0.1250000000
87213  20.986  0.091  -16.672 0.1250000000
64578  19.288  -22.499  -4.360 0.7500000000
66314  18.977  -20.747  -4.981 0.5000000000
62878  21.776  -24.609  -4.227 0.6250000000
63737  23.925  -24.246  -5.258 0.3750000000
64573  24.293  -23.562  -5.338 0.2500000000
64599  24.000  -22.662  -4.956 0.3750000000
69408  26.952  -17.868  -6.289 0.3750000000
65423  24.303  -21.766  -5.132 0.5000000000
67321  25.505  -19.538  -5.590 0.3750000000
62876  23.608  -25.036  -5.087 0.5000000000
63738  23.117  -24.093  -4.763 0.6250000000
61957  21.491  -25.242  -3.942 0.6250000000
66315  18.600  -20.657  -4.376 0.3750000000
65403  18.740  -21.738  -4.173 0.3750000000
63741  20.019  -23.434  -4.157 0.6250000000
61955  23.354  -25.650  -4.569 0.3750000000
66336  18.856  -20.398  -4.972 0.2500000000
62875  24.572  -24.978  -5.282 0.3750000000
64598  24.951  -23.000  -5.621 0.2500000000
63736  24.606  -24.220  -5.598 0.2500000000
65422  25.375  -21.647  -5.613 0.2500000000
66329  25.395  -20.439  -5.503 0.3750000000
67339  26.146  -20.137  -5.809 0.2500000000
68380  26.269  -18.641  -5.904 0.2500000000
68379  27.074  -18.845  -6.362 0.2500000000
77233  18.007  -9.211  -7.351 0.1250000000
80179  18.647  -6.627  -8.812 0.2500000000
69426  27.778  -17.621  -6.748 0.2500000000
82176  18.891  -4.610  -9.297 0.3750000000
81192  18.755  -5.592  -9.134 0.2500000000
88790  19.892  2.540  -8.826 0.2500000000
78154  18.309  -8.185  -7.997 0.1250000000
69414  19.107  -17.107  -6.063 0.2500000000
66330  24.425  -20.633  -5.257 0.5000000000
65402  19.292  -21.446  -4.901 0.5000000000
64574  23.544  -23.358  -4.840 0.5000000000
68396  27.744  -18.600  -6.889 0.2500000000
67326  18.685  -19.745  -4.918 0.3750000000
68387  18.702  -17.546  -5.488 0.2500000000
67320  26.115  -19.297  -5.770 0.2500000000
62877  22.725  -24.838  -4.597 0.6250000000
63760  25.106  -23.985  -5.905 0.2500000000
61954  24.342  -25.825  -4.681 0.3750000000
62879  20.748  -24.494  -3.910 0.6250000000
61036  23.279  -26.191  -4.098 0.3750000000
61956  22.391  -25.645  -4.130 0.5000000000
67338  26.765  -19.641  -6.228 0.2500000000
77234  17.627  -9.671  -6.598 0.1250000000
61942  19.377  -25.256  -3.092 0.5000000000
61037  22.715  -26.315  -3.886 0.2500000000
61023  21.995  -26.501  -3.715 0.3750000000
61939  21.790  -25.779  -3.871 0.5000000000
61941  20.369  -25.269  -3.550 0.5000000000
62856  18.753  -24.426  -3.083 0.5000000000
62880  19.998  -24.132  -3.798 0.5000000000
62855  19.553  -24.436  -3.507 0.5000000000
63742  19.162  -23.198  -3.942 0.3750000000
63718  19.496  -23.757  -3.778 0.5000000000
61921  17.816  -25.539  -1.737 0.1250000000
61919  18.918  -25.604  -2.691 0.3750000000
64556  18.481  -22.585  -3.624 0.2500000000
58883  18.018  -28.100  -1.345 0.1250000000
61007  18.152  -26.287  -1.876 0.2500000000
59996  19.675  -26.523  -2.804 0.3750000000
59992  23.106  -27.456  -3.112 0.2500000000
59994  21.375  -27.481  -3.228 0.3750000000
61024  20.884  -26.354  -3.460 0.5000000000
60986  17.290  -26.753  -1.244 0.1250000000
61006  18.896  -26.366  -2.479 0.3750000000
59995  20.374  -26.921  -3.044 0.3750000000
62835  17.716  -24.633  -1.891 0.1250000000
64548  18.001  -22.768  -2.720 0.1250000000
78198  27.494  -8.730  -11.790 0.1250000000
61940  21.250  -25.730  -3.732 0.5000000000
65388  18.363  -21.450  -3.386 0.2500000000
61025  20.006  -26.062  -3.165 0.5000000000
61026  19.390  -25.955  -2.824 0.3750000000
61943  18.684  -25.031  -2.745 0.2500000000
62834  18.184  -24.471  -2.525 0.1250000000
63705  18.193  -23.695  -2.919 0.1250000000
63719  18.786  -23.620  -3.488 0.1250000000
61008  17.560  -26.204  -1.481 0.1250000000
61009  17.202  -26.145  -1.224 0.1250000000
61920  18.304  -25.415  -2.287 0.2500000000
62836  17.456  -25.052  -1.481 0.1250000000
61922  17.337  -25.616  -1.350 0.1250000000
64547  18.246  -23.171  -3.246 0.1250000000
59966  17.488  -27.439  -1.281 0.1250000000
59965  17.951  -27.431  -1.490 0.1250000000
59981  19.659  -27.306  -2.507 0.3750000000
58910  21.977  -27.857  -3.169 0.2500000000
63706  17.741  -23.731  -2.273 0.1250000000
58898  19.297  -28.056  -1.946 0.2500000000
59980  20.675  -27.665  -2.815 0.2500000000
68368  18.844  -18.641  -5.436 0.2500000000
59993  22.423  -27.517  -3.295 0.2500000000
58899  18.672  -28.039  -1.690 0.1250000000
59982  18.523  -27.325  -1.903 0.1250000000
58897  20.240  -28.180  -2.311 0.1250000000
68369  18.470  -18.397  -4.981 0.1250000000
86209  19.576  -0.214  -9.116 0.1250000000
87109  19.805  0.634  -9.181 0.1250000000
87094  19.515  0.603  -8.761 0.1250000000
87082  19.256  0.530  -7.905 0.1250000000
87957  19.605  1.477  -8.350 0.1250000000
88784  19.757  2.263  -7.834 0.1250000000
88778  19.608  2.275  -6.851 0.1250000000
67309  18.409  -19.401  -4.100 0.1250000000
82165  18.574  -4.710  -8.681 0.1250000000
86193  19.085  -0.333  -8.455 0.1250000000
87076  19.401  0.467  -6.909 0.1250000000
87942  19.450  1.499  -6.350 0.1250000000
88783  20.188  2.935  -7.366 0.1250000000
85223  18.932  -2.018  -9.274 0.1250000000
69415  18.663  -16.805  -5.555 0.1250000000
68386  19.183  -18.336  -5.842 0.1250000000
68354  18.517  -18.300  -3.881 0.1250000000
87946  19.443  1.417  -7.355 0.1250000000
88777  19.939  3.094  -6.396 0.1250000000
61953  24.954  -25.386  -4.747 0.1250000000
62893  25.090  -24.544  -5.582 0.1250000000
63759  25.816  -23.631  -6.077 0.1250000000
64597  25.843  -22.671  -6.266 0.1250000000
66355  25.988  -20.981  -5.926 0.1250000000
65446  26.834  -21.694  -7.029 0.1250000000
66354  26.618  -20.800  -6.541 0.1250000000
66377  27.800  -20.607  -7.631 0.1250000000
67355  28.376  -19.663  -8.038 0.1250000000
67356  27.795  -19.582  -7.356 0.1250000000
58895  22.318  -28.123  -2.713 0.1250000000
59979  21.108  -27.809  -2.951 0.1250000000
59978  22.884  -27.793  -2.892 0.1250000000
61005  23.476  -27.257  -3.030 0.1250000000
61021  24.186  -26.390  -3.868 0.1250000000
61937  25.373  -25.673  -3.902 0.1250000000
61020  24.849  -26.136  -3.735 0.1250000000
62874  25.537  -24.873  -4.832 0.1250000000
62891  26.158  -23.977  -5.703 0.1250000000
63773  26.378  -23.166  -6.404 0.1250000000
64621  26.602  -22.494  -6.697 0.1250000000
64620  27.363  -22.329  -7.111 0.1250000000
69425  28.376  -17.811  -7.500 0.1250000000
68413  28.853  -18.539  -8.422 0.1250000000
67337  27.378  -19.400  -6.729 0.1250000000
62892  25.680  -24.251  -5.607 0.1250000000
61022  23.183  -26.904  -3.566 0.1250000000
61004  24.105  -26.999  -2.818 0.1250000000
65447  26.172  -21.755  -6.441 0.1250000000
66378  27.139  -20.993  -7.219 0.1250000000
65465  27.477  -21.523  -7.379 0.1250000000
66353  27.284  -20.209  -6.942 0.1250000000
68395  28.224  -18.860  -7.673 0.1250000000
66376  28.784  -20.615  -8.157 0.1250000000
58878  23.162  -28.284  -1.856 0.1250000000
59977  23.459  -27.608  -2.547 0.1250000000
62853  25.894  -25.107  -4.100 0.1250000000
68412  29.425  -18.929  -8.760 0.1250000000
58911  21.743  -27.975  -3.022 0.1250000000
60985  17.785  -26.910  -1.556 0.1250000000
61035  23.799  -26.140  -4.436 0.1250000000
61938  24.688  -26.033  -4.080 0.1250000000
61958  20.969  -25.185  -3.779 0.5000000000
62820  17.264  -25.097  -1.176 0.1250000000
62854  20.169  -24.580  -3.681 0.5000000000
64572  24.732  -23.736  -5.681 0.2500000000
67340  23.127  -19.236  -6.206 0.7500000000
68364  26.048  -18.936  -5.759 0.2500000000
68365  25.701  -18.900  -5.718 0.2500000000
69412  23.225  -17.966  -7.007 0.8750000000
71338  23.044  -14.739  -9.840 1.0000000000
71340  22.068  -14.951  -9.574 1.0000000000
71351  29.914  -15.638  -10.634 0.1250000000
71353  22.983  -14.514  -10.327 1.0000000000
71354  22.692  -14.953  -10.586 1.0000000000
71355  22.002  -15.230  -10.596 1.0000000000
71356  21.587  -15.143  -11.105 1.0000000000
71357  21.702  -14.665  -11.173 1.0000000000
71372  22.080  -14.969  -11.127 1.0000000000
71373  22.153  -15.296  -10.953 1.0000000000
71374  21.848  -15.232  -11.048 1.0000000000
71375  21.766  -15.017  -11.195 1.0000000000
72372  18.452  -14.018  -6.207 0.1250000000
72407  29.284  -14.919  -9.313 0.1250000000
72409  22.011  -14.616  -9.158 1.0000000000
72419  23.017  -14.107  -9.920 1.0000000000
72421  21.894  -14.899  -10.064 1.0000000000
72423  21.763  -14.995  -11.134 1.0000000000
72436  22.437  -14.651  -11.030 1.0000000000
73414  28.034  -13.874  -7.199 0.6250000000
73461  22.792  -14.051  -9.870 1.0000000000
73462  22.504  -14.838  -10.205 1.0000000000
73463  22.005  -15.026  -10.834 1.0000000000
73474  22.030  -14.571  -11.096 1.0000000000
73487  28.613  -12.824  -11.886 0.1250000000
74427  29.291  -12.339  -8.700 0.5000000000
74447  29.309  -12.303  -8.976 0.5000000000
76343  28.341  -10.850  -7.488 0.6250000000
77250  19.034  -9.670  -8.664 0.5000000000
77264  29.177  -10.259  -9.041 0.5000000000
79129  23.484  -7.658  -8.230 1.0000000000
79136  28.160  -7.432  -8.867 0.6250000000
80150  27.001  -5.787  -7.557 0.8750000000
80162  27.443  -5.930  -8.072 0.8750000000
81164  27.099  -5.231  -7.820 0.8750000000
81204  27.577  -5.302  -9.926 0.5000000000
82159  27.274  -4.498  -8.655 0.7500000000
82160  26.867  -4.321  -8.229 0.8750000000
82161  24.272  -5.000  -7.788 1.0000000000
82171  27.473  -4.561  -9.398 0.6250000000
82172  21.996  -5.175  -8.799 1.0000000000
82186  27.391  -4.555  -10.004 0.5000000000
82187  27.128  -4.458  -10.443 0.5000000000
83180  26.686  -3.710  -8.512 0.8750000000
83196  27.231  -4.043  -9.683 0.6250000000
83223  25.947  -2.917  -11.637 0.5000000000
84192  25.855  -3.395  -8.030 1.0000000000
84194  24.940  -2.799  -8.022 1.0000000000
84205  26.589  -2.965  -8.926 0.7500000000
84263  24.765  -2.000  -12.813 0.3750000000
85233  26.256  -1.572  -9.676 0.7500000000
85269  24.983  -1.764  -12.584 0.3750000000
85315  21.422  -1.939  -15.672 0.1250000000
86227  25.899  -0.762  -11.031 0.5000000000
86242  25.053  -0.990  -12.484 0.3750000000
87104  25.730  0.017  -9.623 0.7500000000
87120  25.845  0.088  -10.062 0.7500000000
87146  24.840  -0.404  -12.767 0.2500000000
87203  20.926  -0.552  -16.187 0.1250000000
87953  24.898  1.135  -8.872 0.8750000000
87954  24.369  1.165  -8.787 0.8750000000
87968  22.448  1.390  -9.122 1.0000000000
87985  25.782  0.403  -10.385 0.7500000000
88787  24.485  1.685  -8.837 0.7500000000
88817  20.753  3.228  -10.127 0.6250000000
88871  22.114  1.726  -16.106 0.1250000000
89720  25.314  2.993  -12.131 0.6250000000
89739  23.916  2.824  -14.859 0.2500000000
90521  24.157  3.827  -9.924 0.7500000000
90569  25.090  3.652  -12.392 0.3750000000
90580  24.917  3.664  -13.056 0.3750000000
90591  24.177  4.340  -14.449 0.3750000000
91398  21.037  4.574  -11.245 0.6250000000
91430  23.794  5.819  -11.999 0.3750000000
93214  19.110  7.130  -10.494 0.2500000000
93242  18.609  7.584  -12.832 0.2500000000
93261  18.250  7.918  -13.009 0.2500000000
94031  18.990  8.219  -10.634 0.1250000000
94042  18.774  8.370  -10.924 0.1250000000
121020  21.892  -14.836  -11.201 1.0000000000
