#!ascii label  , from subject 4067 vox2ras=TkReg
887
97446  17.004  -11.356  -22.044 0.2500000000
97463  17.585  -11.255  -22.523 0.2500000000
96429  18.146  -12.085  -23.076 0.7500000000
99671  16.146  -8.636  -21.338 0.2500000000
99670  16.400  -9.357  -21.511 0.1250000000
99686  16.320  -8.613  -21.637 0.3750000000
99685  16.490  -9.253  -22.049 0.2500000000
97462  18.087  -11.027  -22.948 0.7500000000
96445  19.449  -12.294  -24.003 0.8750000000
99684  17.136  -9.448  -22.625 0.3750000000
98596  17.623  -10.325  -22.789 0.8750000000
98610  19.336  -10.110  -24.354 1.0000000000
98611  18.768  -10.277  -23.814 1.0000000000
98595  18.187  -10.321  -23.309 0.8750000000
97476  19.848  -11.476  -24.314 1.0000000000
97478  18.544  -11.140  -23.455 0.8750000000
100689  15.614  -8.296  -21.285 0.2500000000
100703  16.720  -8.287  -22.682 0.7500000000
100702  17.313  -8.867  -22.956 0.8750000000
99702  17.695  -9.447  -23.285 0.8750000000
98623  19.962  -9.939  -24.736 1.0000000000
99714  18.854  -9.280  -24.275 1.0000000000
97503  20.721  -10.385  -25.433 1.0000000000
97491  20.408  -10.973  -24.890 1.0000000000
97492  19.767  -10.730  -24.430 1.0000000000
100670  15.623  -8.483  -20.937 0.1250000000
100704  16.042  -7.886  -21.728 0.6250000000
100719  17.518  -8.290  -23.490 1.0000000000
99715  18.037  -9.049  -23.943 1.0000000000
99726  20.200  -9.195  -25.621 1.0000000000
99727  19.734  -9.115  -25.345 1.0000000000
98631  20.888  -9.941  -25.687 1.0000000000
98622  20.403  -9.832  -25.203 1.0000000000
99724  22.100  -9.497  -25.013 1.0000000000
98621  21.217  -10.167  -25.393 1.0000000000
106013  13.153  -3.175  -19.455 0.2500000000
100690  15.220  -7.778  -21.273 0.2500000000
101700  15.079  -7.176  -21.332 0.3750000000
100705  15.418  -7.540  -21.490 0.5000000000
101717  16.715  -7.220  -22.916 1.0000000000
101699  15.611  -7.086  -21.798 0.6250000000
100720  17.003  -7.774  -23.162 1.0000000000
152467  18.784  -7.267  -24.727 1.0000000000
101733  17.870  -7.298  -24.126 1.0000000000
99738  20.421  -9.081  -25.966 1.0000000000
99739  19.466  -8.791  -26.135 1.0000000000
152469  18.925  -7.559  -25.717 1.0000000000
100756  20.780  -8.484  -25.783 1.0000000000
99725  21.576  -9.459  -25.430 1.0000000000
100743  21.376  -8.301  -25.491 1.0000000000
100742  21.908  -8.661  -25.309 1.0000000000
104873  13.652  -4.128  -20.113 0.5000000000
104849  13.089  -4.391  -19.467 0.3750000000
104889  13.986  -5.257  -20.427 0.3750000000
102716  14.050  -6.047  -20.472 0.5000000000
103769  14.715  -5.430  -21.338 0.5000000000
103787  16.522  -5.626  -23.085 0.8750000000
102751  16.836  -6.359  -23.327 1.0000000000
102750  17.409  -6.347  -23.937 1.0000000000
102789  20.564  -6.932  -25.655 1.0000000000
102787  22.183  -6.848  -25.027 1.0000000000
101750  21.037  -7.617  -25.551 1.0000000000
101748  22.330  -7.925  -25.161 0.8750000000
106032  13.800  -3.328  -19.869 0.5000000000
104888  14.366  -4.644  -20.696 0.5000000000
104887  15.102  -4.494  -21.603 0.6250000000
104905  15.839  -4.474  -22.264 0.6250000000
104904  16.590  -4.571  -22.981 1.0000000000
103788  16.045  -5.464  -22.517 0.7500000000
103806  17.594  -5.536  -24.270 1.0000000000
104949  20.751  -5.023  -26.216 1.0000000000
103840  19.752  -6.339  -25.568 1.0000000000
103823  18.888  -5.824  -24.884 1.0000000000
104959  21.373  -5.286  -26.017 1.0000000000
102802  20.944  -6.291  -25.929 1.0000000000
103838  21.777  -5.651  -25.416 0.8750000000
106042  14.916  -3.522  -21.204 0.5000000000
106055  16.237  -3.434  -22.642 0.8750000000
106077  18.422  -3.576  -25.258 1.0000000000
104923  17.502  -4.512  -24.319 1.0000000000
106085  20.958  -3.631  -25.766 1.0000000000
104951  19.033  -4.106  -25.658 1.0000000000
103824  18.146  -5.179  -24.628 1.0000000000
107151  21.040  -2.571  -25.078 1.0000000000
104934  22.264  -4.609  -24.243 1.0000000000
104948  21.568  -4.581  -25.587 1.0000000000
104935  22.086  -4.185  -24.980 1.0000000000
107135  15.370  -2.658  -21.523 0.5000000000
108288  18.926  -1.604  -25.740 1.0000000000
107152  18.212  -2.675  -24.816 1.0000000000
106067  17.198  -3.475  -24.153 1.0000000000
108279  20.829  -1.526  -25.404 1.0000000000
108270  21.893  -1.607  -23.994 1.0000000000
108278  21.493  -1.536  -24.818 1.0000000000
107158  20.496  -2.574  -25.806 1.0000000000
107142  22.235  -2.684  -23.851 1.0000000000
106075  22.004  -3.548  -24.371 0.8750000000
111415  17.999  1.241  -24.573 1.0000000000
111407  16.720  1.207  -23.096 0.3750000000
110416  18.214  0.756  -24.959 0.8750000000
109367  18.408  -0.804  -25.498 1.0000000000
109358  21.380  -0.521  -25.239 1.0000000000
109364  20.646  -0.535  -25.756 1.0000000000
112459  18.246  2.254  -24.764 0.8750000000
112472  18.753  1.958  -25.515 1.0000000000
111425  18.478  1.298  -25.217 1.0000000000
111424  19.050  1.278  -25.696 1.0000000000
110425  19.393  0.372  -25.994 1.0000000000
110415  21.638  0.512  -24.839 1.0000000000
110423  21.066  0.482  -25.437 1.0000000000
113497  19.020  3.004  -24.756 0.7500000000
112471  19.403  2.318  -25.873 1.0000000000
111423  19.834  1.420  -25.792 1.0000000000
112457  21.692  2.744  -24.829 1.0000000000
111422  20.648  1.500  -25.610 1.0000000000
111414  21.356  1.550  -25.136 1.0000000000
112470  20.278  2.567  -26.257 1.0000000000
112469  21.084  2.511  -25.619 1.0000000000
117184  19.830  7.903  -23.980 0.1250000000
117195  18.799  7.877  -25.658 0.2500000000
118073  19.117  8.263  -25.457 0.1250000000
118088  18.844  8.412  -26.096 0.3750000000
118087  19.384  8.738  -25.589 0.2500000000
118102  19.277  8.294  -26.543 0.5000000000
119015  18.813  9.105  -27.063 0.2500000000
119025  19.165  9.489  -28.197 0.3750000000
119000  19.788  9.306  -25.319 0.2500000000
119001  19.294  9.275  -26.093 0.2500000000
119940  19.726  10.729  -26.625 0.2500000000
119941  19.220  10.284  -27.549 0.2500000000
119951  18.916  10.338  -28.727 0.3750000000
119928  19.169  9.964  -26.558 0.2500000000
119960  19.450  10.386  -29.564 0.3750000000
120901  19.254  11.263  -29.144 0.2500000000
97447  16.806  -11.264  -21.474 0.1250000000
98579  16.926  -10.398  -22.340 0.2500000000
97489  21.579  -11.210  -25.078 1.0000000000
106068  16.727  -3.431  -23.457 0.8750000000
107159  19.945  -2.527  -26.221 1.0000000000
96412  17.218  -12.373  -21.632 0.1250000000
95353  17.894  -12.841  -22.684 0.6250000000
95351  19.354  -13.391  -23.669 0.7500000000
99651  16.319  -8.919  -21.164 0.1250000000
95369  19.915  -13.234  -24.390 1.0000000000
96444  20.218  -12.221  -24.503 1.0000000000
96459  21.411  -12.170  -25.199 1.0000000000
97475  22.212  -11.296  -24.788 1.0000000000
101667  14.880  -7.103  -20.514 0.3750000000
103723  13.035  -5.549  -19.225 0.2500000000
102701  13.592  -6.082  -20.210 0.2500000000
100741  22.490  -8.679  -24.915 0.8750000000
103821  22.609  -5.560  -23.754 0.8750000000
101732  22.561  -7.786  -24.574 0.8750000000
104922  22.803  -4.623  -23.409 0.8750000000
111395  16.692  1.344  -22.289 0.1250000000
110399  16.740  0.499  -22.625 0.1250000000
108262  15.538  -1.718  -21.399 0.3750000000
107134  15.980  -2.287  -22.179 0.6250000000
107150  21.743  -2.568  -24.547 1.0000000000
106066  22.406  -3.695  -23.630 0.8750000000
112461  17.401  1.415  -23.710 0.5000000000
110409  17.057  -0.115  -24.164 0.8750000000
109357  21.800  -0.520  -24.454 1.0000000000
110414  22.096  0.531  -24.020 1.0000000000
111406  22.540  1.554  -23.708 1.0000000000
112458  18.893  2.569  -25.431 1.0000000000
113507  19.258  3.329  -25.777 0.8750000000
113530  20.056  3.448  -26.848 1.0000000000
113506  20.956  3.247  -26.038 1.0000000000
117173  20.243  7.443  -23.119 0.1250000000
116267  19.316  7.232  -24.420 0.1250000000
116281  19.417  6.623  -25.186 0.6250000000
119024  19.679  8.771  -28.574 0.5000000000
118072  19.742  8.632  -24.804 0.2500000000
118981  20.273  9.643  -24.458 0.2500000000
119927  20.021  10.390  -25.533 0.2500000000
119034  19.143  9.573  -29.092 0.5000000000
120913  19.387  11.261  -29.901 0.3750000000
121821  19.268  12.165  -29.649 0.2500000000
96430  17.539  -12.267  -22.385 0.3750000000
98580  16.509  -10.395  -21.822 0.1250000000
96428  18.804  -12.632  -23.513 0.7500000000
96446  18.732  -11.893  -23.731 0.8750000000
99701  18.325  -9.668  -23.695 1.0000000000
97477  19.206  -11.144  -24.002 1.0000000000
96460  20.818  -12.129  -25.000 1.0000000000
97490  20.956  -10.966  -25.462 1.0000000000
101698  16.151  -7.232  -22.300 0.8750000000
100732  18.393  -8.274  -24.359 1.0000000000
99737  21.103  -9.382  -25.908 1.0000000000
152464  19.345  -8.958  -25.337 1.0000000000
100731  19.435  -8.345  -25.058 1.0000000000
98620  21.778  -10.313  -24.992 1.0000000000
102700  14.257  -6.472  -20.301 0.3750000000
102732  15.250  -6.622  -21.495 0.5000000000
102731  15.686  -6.331  -22.040 0.8750000000
101716  17.261  -7.208  -23.444 1.0000000000
100755  21.380  -8.912  -25.671 1.0000000000
100757  19.866  -7.927  -26.201 1.0000000000
152461  18.450  -8.383  -26.005 1.0000000000
152466  19.197  -7.738  -26.170 1.0000000000
101767  20.504  -7.762  -25.722 1.0000000000
101749  21.733  -7.661  -25.316 1.0000000000
102714  15.221  -6.010  -21.471 0.6250000000
103822  19.145  -6.706  -24.966 1.0000000000
102771  18.184  -6.290  -24.493 1.0000000000
102788  21.321  -6.599  -25.566 1.0000000000
103837  22.267  -5.707  -24.591 0.8750000000
104924  17.053  -4.257  -23.695 1.0000000000
104936  18.512  -4.711  -25.260 1.0000000000
104960  21.145  -5.471  -26.230 1.0000000000
103841  19.173  -5.119  -25.472 1.0000000000
104950  19.783  -4.586  -25.857 1.0000000000
106088  18.987  -3.217  -25.691 1.0000000000
106078  17.777  -3.524  -24.680 1.0000000000
106087  19.563  -3.413  -25.960 1.0000000000
104937  18.068  -4.290  -24.819 1.0000000000
106086  20.281  -3.611  -26.150 1.0000000000
106076  21.547  -3.516  -25.038 1.0000000000
107144  16.499  -2.368  -23.140 0.7500000000
107143  17.044  -2.486  -23.882 1.0000000000
107153  17.583  -2.645  -24.428 1.0000000000
108280  18.025  -2.054  -24.523 1.0000000000
107161  18.745  -2.542  -25.385 1.0000000000
108289  18.460  -1.715  -24.919 1.0000000000
109365  19.896  -0.554  -26.261 1.0000000000
108287  19.574  -1.549  -26.229 1.0000000000
108286  20.280  -1.539  -26.124 1.0000000000
107160  19.301  -2.469  -25.923 1.0000000000
111417  17.212  1.076  -23.599 0.7500000000
110417  17.655  0.250  -24.548 1.0000000000
110410  17.004  0.356  -23.636 0.7500000000
108290  18.023  -1.578  -24.581 1.0000000000
109366  19.029  -0.631  -26.142 1.0000000000
109368  17.922  -0.919  -24.750 1.0000000000
110427  18.006  -0.289  -25.216 1.0000000000
110426  18.464  0.290  -25.562 1.0000000000
110424  20.239  0.435  -25.734 1.0000000000
111413  21.838  1.598  -24.347 1.0000000000
113505  21.503  3.509  -25.673 1.0000000000
113521  20.493  3.754  -26.366 1.0000000000
112502  19.843  3.237  -26.939 1.0000000000
116242  19.719  6.973  -22.539 0.1250000000
117194  19.281  7.786  -24.998 0.1250000000
116257  19.490  7.043  -23.531 0.1250000000
118060  20.251  8.944  -23.717 0.2500000000
116280  19.239  7.303  -25.015 0.3750000000
117207  18.950  7.438  -25.454 0.5000000000
119014  19.237  8.930  -27.843 0.5000000000
118101  19.709  8.450  -27.372 0.7500000000
120888  19.539  11.218  -28.196 0.2500000000
96394  17.429  -12.623  -20.836 0.1250000000
95324  17.483  -13.578  -21.215 0.1250000000
95352  18.500  -13.424  -22.915 0.6250000000
109344  16.640  -0.372  -22.126 0.5000000000
108281  17.571  -1.666  -24.255 0.8750000000
108272  16.567  -1.319  -22.639 0.7500000000
108271  16.994  -1.335  -23.576 0.8750000000
109353  16.954  -0.428  -23.030 0.7500000000
109359  17.369  -0.687  -24.163 1.0000000000
113522  19.938  3.775  -26.472 1.0000000000
114474  21.275  4.717  -26.742 1.0000000000
114447  21.795  4.189  -25.555 1.0000000000
116268  18.982  6.515  -23.941 0.3750000000
116294  19.379  6.566  -26.671 0.7500000000
117222  19.604  7.702  -26.661 0.7500000000
117208  18.769  7.523  -26.131 0.5000000000
121820  19.562  11.799  -30.259 0.2500000000
90737  20.901  -17.385  -23.810 0.7500000000
90746  23.262  -16.746  -23.700 0.7500000000
90738  20.076  -17.371  -23.618 0.7500000000
90749  19.875  -16.793  -23.809 0.7500000000
91872  22.761  -16.612  -23.732 0.7500000000
91874  21.528  -17.065  -23.773 0.7500000000
91888  21.379  -16.451  -24.037 0.7500000000
91890  20.079  -16.393  -24.005 0.7500000000
91886  23.236  -16.092  -24.012 0.7500000000
91887  22.358  -16.148  -24.201 0.7500000000
94230  19.286  -14.475  -23.200 0.7500000000
93035  20.989  -15.528  -24.081 0.7500000000
93018  20.609  -14.900  -23.902 0.8750000000
94229  20.164  -14.239  -23.987 0.8750000000
93032  23.454  -15.290  -23.852 0.7500000000
93033  22.667  -15.098  -23.942 0.7500000000
94247  22.140  -14.720  -24.432 0.7500000000
94248  21.049  -14.341  -24.599 0.8750000000
94249  20.402  -13.774  -24.492 0.8750000000
94261  22.669  -14.500  -24.126 0.7500000000
94262  21.925  -13.961  -24.645 0.8750000000
95368  20.568  -13.173  -24.755 0.8750000000
95381  23.063  -13.574  -24.108 0.7500000000
95382  22.493  -13.408  -24.890 0.8750000000
96427  23.662  -11.880  -24.028 0.8750000000
96443  22.746  -12.002  -24.755 0.8750000000
97474  22.834  -11.354  -24.334 0.8750000000
98609  22.281  -10.448  -24.527 0.8750000000
99699  24.853  -9.730  -23.250 0.3750000000
99700  23.834  -9.664  -23.329 0.6250000000
99711  22.973  -9.636  -23.661 0.7500000000
99712  22.416  -9.590  -24.327 0.7500000000
100729  23.206  -8.745  -23.462 0.7500000000
100730  22.492  -8.702  -23.951 0.7500000000
101713  25.617  -7.751  -23.197 0.1250000000
101714  24.503  -7.808  -23.026 0.3750000000
101715  23.564  -7.856  -23.369 0.6250000000
101731  22.844  -7.847  -23.727 0.6250000000
102769  23.126  -7.286  -23.508 0.6250000000
101712  26.555  -7.600  -23.760 0.1250000000
102747  24.939  -6.775  -22.705 0.1250000000
103803  25.493  -5.772  -22.602 0.1250000000
102749  23.001  -6.134  -23.482 0.6250000000
103805  23.304  -5.531  -23.225 0.6250000000
102746  26.067  -6.620  -23.166 0.1250000000
103779  26.194  -4.957  -22.686 0.1250000000
104899  24.419  -4.491  -22.428 0.1250000000
104921  23.560  -4.614  -22.794 0.5000000000
106065  22.976  -3.734  -22.918 0.7500000000
102745  26.857  -6.304  -24.073 0.1250000000
106050  23.756  -3.684  -22.329 0.5000000000
114448  19.052  4.180  -24.458 0.5000000000
114458  19.634  4.469  -25.674 0.7500000000
108257  23.398  -1.679  -22.239 0.6250000000
108269  22.596  -1.822  -23.125 0.6250000000
108256  24.501  -1.623  -21.973 0.5000000000
109350  22.846  -0.570  -22.561 0.6250000000
109351  22.224  -0.557  -23.514 0.8750000000
112456  22.473  2.514  -24.187 0.8750000000
110408  22.775  0.501  -23.277 0.7500000000
112447  23.210  2.435  -23.693 0.8750000000
113495  22.513  3.580  -24.500 0.8750000000
109338  24.825  -0.635  -21.881 0.3750000000
109339  23.899  -0.661  -22.218 0.5000000000
110406  24.352  0.859  -22.068 0.5000000000
111405  23.435  1.481  -23.250 0.6250000000
110393  25.102  0.477  -21.613 0.2500000000
111404  24.143  1.577  -22.572 0.5000000000
115358  19.504  5.279  -25.085 0.6250000000
115374  19.584  5.538  -25.985 0.7500000000
114476  20.044  4.826  -26.213 0.8750000000
114475  20.539  4.729  -26.696 0.8750000000
114446  22.302  4.557  -25.063 0.7500000000
114445  23.277  4.491  -24.564 0.8750000000
111390  24.894  1.583  -22.004 0.3750000000
112445  24.691  2.464  -22.508 0.5000000000
114436  24.394  4.475  -23.624 0.7500000000
111389  25.836  1.475  -21.696 0.2500000000
115391  20.750  5.250  -27.148 0.8750000000
115372  21.508  5.403  -27.150 0.8750000000
114473  21.678  5.012  -26.301 0.8750000000
116292  21.648  6.187  -27.142 0.7500000000
115348  22.451  5.443  -25.460 0.8750000000
115346  23.806  5.437  -24.571 0.7500000000
113485  23.747  3.430  -23.666 0.5000000000
114425  25.983  4.085  -22.683 0.2500000000
113483  25.447  3.706  -22.708 0.5000000000
112430  26.438  2.332  -22.085 0.2500000000
115349  19.182  5.572  -24.164 0.5000000000
116293  20.672  6.183  -27.195 0.7500000000
117220  21.229  7.309  -27.467 0.7500000000
117219  22.199  7.205  -26.923 0.7500000000
117218  22.872  7.577  -26.394 0.7500000000
116291  22.361  6.215  -26.583 0.7500000000
118099  22.018  7.964  -27.850 0.7500000000
116279  23.050  6.153  -25.897 0.7500000000
116265  23.386  6.303  -25.053 0.7500000000
117205  23.202  7.212  -25.563 0.7500000000
116256  24.711  5.969  -23.782 0.5000000000
116264  24.333  6.436  -24.199 0.3750000000
114434  26.374  4.809  -22.874 0.2500000000
115340  24.952  5.462  -23.432 0.3750000000
116255  25.385  6.387  -23.862 0.3750000000
117221  20.208  7.521  -27.384 0.6250000000
118098  22.507  8.234  -26.888 0.7500000000
118086  23.185  8.423  -25.984 0.7500000000
118980  23.544  9.159  -25.286 0.6250000000
118069  25.407  8.216  -24.272 0.3750000000
118070  24.467  8.275  -24.641 0.3750000000
115338  26.915  5.612  -23.322 0.1250000000
117182  26.964  7.181  -23.747 0.1250000000
117183  26.136  7.124  -23.842 0.2500000000
117226  20.696  7.857  -27.871 0.6250000000
118100  21.191  8.209  -28.042 0.7500000000
119012  21.865  9.088  -27.524 0.6250000000
119011  22.846  9.184  -26.563 0.7500000000
118979  24.159  9.293  -24.839 0.3750000000
118999  23.378  9.309  -25.918 0.3750000000
118977  25.891  9.131  -24.524 0.2500000000
118978  25.025  9.015  -24.738 0.3750000000
118071  23.683  8.308  -25.110 0.6250000000
118066  28.083  7.914  -24.719 0.1250000000
118067  27.481  8.480  -24.686 0.1250000000
116252  27.806  6.373  -23.788 0.1250000000
118108  20.026  8.115  -28.023 0.6250000000
118107  20.459  8.309  -28.253 0.6250000000
119949  21.899  10.111  -27.663 0.3750000000
119013  21.465  8.523  -28.032 0.3750000000
119939  22.704  9.977  -27.010 0.3750000000
121781  25.200  11.588  -26.021 0.2500000000
119926  23.780  9.702  -25.493 0.3750000000
118995  27.301  9.544  -25.316 0.1250000000
118997  25.382  9.677  -25.031 0.3750000000
118998  24.797  9.510  -25.020 0.3750000000
117188  28.369  7.228  -24.898 0.1250000000
118976  26.727  9.160  -24.630 0.1250000000
120911  20.360  10.853  -29.739 0.3750000000
119023  20.902  9.082  -28.725 0.3750000000
120899  21.895  11.105  -27.985 0.3750000000
119950  21.342  10.117  -28.523 0.3750000000
120898  22.905  11.495  -27.151 0.3750000000
120886  22.535  10.714  -27.275 0.3750000000
121792  24.379  11.687  -26.599 0.3750000000
119937  24.316  10.523  -25.910 0.3750000000
120885  23.233  10.829  -26.690 0.3750000000
120881  27.847  11.282  -26.941 0.1250000000
119924  25.649  10.398  -25.532 0.1250000000
120872  25.921  11.414  -26.019 0.2500000000
119009  28.494  9.272  -26.415 0.1250000000
121804  21.207  12.052  -28.831 0.2500000000
122592  22.182  12.783  -28.529 0.2500000000
120900  20.925  10.934  -28.901 0.3750000000
122590  24.538  13.361  -27.682 0.1250000000
121803  22.415  12.283  -27.688 0.3750000000
121802  24.023  12.215  -27.325 0.2500000000
121799  26.772  12.431  -27.921 0.1250000000
121791  25.200  12.121  -26.465 0.1250000000
121819  20.299  12.003  -30.177 0.3750000000
121805  20.563  11.459  -29.351 0.3750000000
122607  21.344  13.026  -29.327 0.2500000000
122605  24.049  13.824  -28.670 0.1250000000
122619  23.086  14.088  -29.405 0.1250000000
123416  23.564  14.793  -29.856 0.1250000000
121815  27.253  12.941  -28.383 0.1250000000
123414  25.759  14.200  -29.124 0.1250000000
124192  22.289  15.592  -30.756 0.1250000000
124176  25.338  15.030  -29.647 0.1250000000
123427  23.359  15.253  -30.377 0.1250000000
123412  27.416  14.492  -29.879 0.1250000000
121827  27.680  13.034  -29.018 0.1250000000
95384  21.175  -13.144  -25.081 0.8750000000
97461  23.447  -11.433  -23.802 0.6250000000
107128  24.085  -2.690  -21.998 0.6250000000
112446  23.954  2.496  -23.095 0.5000000000
112431  25.507  2.379  -22.198 0.3750000000
115373  20.190  5.539  -26.597 0.8750000000
116308  21.208  5.678  -27.282 0.8750000000
116309  20.946  5.545  -27.305 0.7500000000
115371  21.873  5.456  -26.779 0.8750000000
116266  23.078  5.758  -25.446 0.7500000000
114444  23.963  4.788  -24.197 0.7500000000
114435  25.389  4.516  -23.093 0.5000000000
120896  26.813  12.194  -27.573 0.1250000000
122606  22.656  13.440  -28.925 0.2500000000
124177  24.501  15.122  -29.866 0.1250000000
123413  26.723  14.332  -29.430 0.1250000000
102748  23.612  -6.725  -23.137 0.5000000000
102770  22.644  -6.742  -23.895 0.7500000000
109337  25.744  -0.538  -21.572 0.2500000000
113494  23.282  3.755  -24.185 0.7500000000
121801  25.318  12.852  -27.415 0.1250000000
110392  26.264  0.407  -21.534 0.1250000000
89571  22.130  -18.486  -23.435 0.7500000000
89572  21.193  -18.355  -23.318 0.7500000000
89573  20.255  -18.233  -23.245 0.7500000000
90739  19.581  -17.037  -23.347 0.7500000000
89570  23.142  -18.470  -23.587 0.7500000000
90736  21.758  -17.585  -23.567 0.7500000000
90734  23.774  -17.285  -23.820 0.7500000000
93020  19.414  -15.426  -23.159 0.6250000000
93036  20.290  -15.753  -23.895 0.7500000000
91885  24.050  -16.170  -23.840 0.6250000000
93048  23.157  -14.991  -24.122 0.7500000000
94260  23.293  -14.633  -23.726 0.6250000000
95367  23.657  -13.582  -23.578 0.6250000000
96426  23.943  -11.943  -23.791 0.5000000000
97459  24.780  -11.295  -23.416 0.3750000000
97460  24.072  -11.333  -23.362 0.5000000000
99698  25.851  -9.783  -23.565 0.1250000000
100716  26.211  -8.716  -23.615 0.1250000000
101711  27.077  -7.447  -24.255 0.1250000000
102768  27.079  -5.658  -24.635 0.1250000000
103801  26.844  -5.244  -24.435 0.1250000000
103802  26.357  -5.235  -23.262 0.1250000000
104920  26.611  -4.223  -23.193 0.1250000000
104897  26.137  -4.464  -22.579 0.1250000000
107127  25.272  -2.653  -21.578 0.1250000000
108255  25.439  -1.485  -21.667 0.2500000000
112429  27.372  2.309  -22.176 0.1250000000
114423  27.418  3.847  -22.442 0.1250000000
115337  27.893  5.727  -23.527 0.1250000000
116261  28.168  6.463  -24.195 0.1250000000
118097  28.866  8.235  -26.420 0.1250000000
117204  29.071  7.109  -25.756 0.1250000000
120894  28.178  11.036  -27.791 0.1250000000
119969  28.384  10.687  -29.442 0.1250000000
122621  20.624  13.457  -30.512 0.2500000000
123418  21.534  14.170  -30.189 0.1250000000
123441  20.731  14.843  -31.765 0.1250000000
124190  24.005  15.535  -30.564 0.1250000000
124202  22.809  15.968  -31.325 0.1250000000
124175  26.229  14.880  -29.741 0.1250000000
121826  28.045  12.912  -29.699 0.1250000000
124174  26.991  14.873  -29.876 0.1250000000
107141  22.537  -2.950  -23.124 0.7500000000
113499  17.728  2.540  -23.888 0.3750000000
96458  22.212  -12.288  -25.172 0.8750000000
113520  21.182  3.940  -26.148 0.8750000000
114457  21.550  4.361  -26.067 0.8750000000
113496  21.888  3.727  -25.074 0.8750000000
119033  19.891  9.505  -29.391 0.3750000000
120912  19.839  10.981  -30.132 0.3750000000
121829  19.675  12.480  -30.406 0.1250000000
121828  20.062  12.750  -30.678 0.2500000000
90748  20.361  -16.876  -23.998 0.7500000000
91873  22.086  -16.844  -23.704 0.7500000000
90735  22.725  -17.396  -23.535 0.7500000000
90745  23.627  -16.551  -23.856 0.7500000000
91856  19.321  -16.613  -22.962 0.7500000000
91875  19.612  -16.159  -23.587 0.7500000000
93034  21.775  -15.424  -24.353 0.7500000000
93019  19.951  -15.160  -23.550 0.7500000000
94212  18.643  -14.380  -22.612 0.6250000000
94246  22.544  -14.780  -24.106 0.7500000000
94263  21.485  -13.672  -24.968 0.8750000000
96457  22.801  -12.733  -24.679 0.7500000000
96442  23.434  -12.376  -24.142 0.6250000000
98608  22.858  -10.528  -23.944 0.7500000000
98592  25.398  -10.793  -23.554 0.2500000000
98593  24.422  -10.568  -23.267 0.5000000000
98594  23.545  -10.545  -23.447 0.6250000000
100718  24.178  -8.765  -23.246 0.5000000000
100717  25.222  -8.770  -23.302 0.2500000000
103804  24.300  -5.585  -22.660 0.5000000000
103781  25.061  -5.046  -22.538 0.1250000000
104898  25.289  -4.370  -22.392 0.1250000000
106049  24.712  -3.625  -22.004 0.1250000000
107129  23.177  -2.764  -22.570 0.6250000000
110407  23.609  0.486  -22.492 0.6250000000
115347  23.138  5.275  -25.144 0.7500000000
113474  25.234  3.093  -22.495 0.3750000000
115357  22.167  5.539  -26.109 0.7500000000
113484  24.654  3.485  -22.974 0.5000000000
114424  26.692  4.035  -22.470 0.1250000000
113473  26.024  3.285  -22.355 0.2500000000
113472  26.977  3.190  -22.204 0.1250000000
117193  23.888  7.352  -24.724 0.6250000000
117191  25.455  7.291  -24.111 0.3750000000
117192  24.758  7.411  -24.359 0.3750000000
115339  25.930  5.525  -23.410 0.1250000000
116254  26.461  6.398  -23.610 0.3750000000
118057  25.963  7.793  -23.854 0.3750000000
118068  26.462  8.394  -24.174 0.1250000000
117189  27.648  7.342  -24.303 0.1250000000
119925  24.552  10.002  -25.461 0.3750000000
119938  23.639  10.062  -26.190 0.3750000000
118996  26.303  9.800  -25.067 0.2500000000
118085  27.709  8.843  -25.337 0.1250000000
118084  28.317  8.318  -25.451 0.1250000000
119032  20.382  9.680  -29.386 0.3750000000
119010  27.824  9.716  -25.959 0.1250000000
119936  27.265  10.957  -26.306 0.1250000000
119923  26.681  10.549  -25.722 0.1250000000
119958  20.685  10.073  -29.303 0.3750000000
122591  23.251  13.127  -27.963 0.3750000000
120897  23.725  11.478  -26.766 0.3750000000
119935  27.918  10.283  -26.537 0.1250000000
120882  26.767  11.887  -26.778 0.1250000000
120895  27.410  11.905  -27.892 0.1250000000
120910  27.691  12.258  -28.501 0.1250000000
121790  25.958  12.405  -26.843 0.1250000000
119008  28.958  9.241  -26.870 0.1250000000
119934  28.421  9.948  -26.979 0.1250000000
122608  20.714  12.701  -29.970 0.2500000000
123401  24.837  14.051  -28.687 0.1250000000
122617  26.039  13.744  -28.717 0.1250000000
121816  26.333  12.968  -28.050 0.1250000000
122602  26.948  13.523  -28.675 0.1250000000
123417  22.394  14.425  -30.055 0.1250000000
123428  22.699  15.084  -30.366 0.1250000000
123415  24.634  14.427  -29.222 0.1250000000
121814  27.810  12.566  -28.882 0.1250000000
122604  25.441  13.664  -28.174 0.1250000000
124203  21.600  15.870  -31.474 0.1250000000
123429  21.434  14.786  -30.731 0.1250000000
88439  21.469  -19.491  -22.862 0.7500000000
88440  20.714  -18.905  -22.828 0.7500000000
93004  18.847  -15.305  -22.649 0.5000000000
94245  23.938  -14.319  -23.502 0.6250000000
96441  24.172  -12.726  -23.588 0.5000000000
106064  26.354  -3.576  -22.643 0.1250000000
106063  26.814  -3.423  -23.411 0.1250000000
106048  25.663  -3.611  -22.140 0.1250000000
114433  27.395  4.658  -22.992 0.1250000000
119957  28.364  10.408  -28.470 0.1250000000
120909  28.239  11.714  -28.831 0.1250000000
89555  20.094  -18.982  -22.711 0.7500000000
90723  19.178  -17.420  -22.654 0.5000000000
87322  23.000  -20.576  -23.315 0.6250000000
88437  23.547  -19.564  -23.463 0.6250000000
89568  24.946  -18.594  -23.279 0.3750000000
89569  24.105  -18.516  -23.567 0.6250000000
90722  25.332  -17.609  -23.082 0.2500000000
90733  24.603  -17.538  -23.543 0.3750000000
96425  24.575  -11.981  -23.504 0.3750000000
88438  22.542  -19.542  -23.339 0.6250000000
91884  24.506  -15.814  -23.805 0.5000000000
93031  24.035  -15.297  -23.846 0.5000000000
94244  24.547  -14.551  -23.703 0.3750000000
88435  25.333  -19.638  -23.092 0.5000000000
88436  24.523  -19.625  -23.453 0.6250000000
95366  24.439  -13.623  -23.656 0.5000000000
86203  23.369  -21.580  -23.303 0.6250000000
90724  18.654  -17.286  -22.210 0.3750000000
89556  19.506  -18.510  -22.548 0.3750000000
88423  20.495  -19.696  -22.508 0.6250000000
87319  25.387  -20.355  -22.675 0.3750000000
87320  24.884  -20.683  -23.137 0.5000000000
88421  25.895  -19.710  -22.246 0.3750000000
91855  25.767  -17.050  -23.233 0.2500000000
95339  18.260  -14.004  -22.420 0.3750000000
91870  25.141  -16.436  -23.750 0.2500000000
93030  24.832  -15.338  -23.717 0.3750000000
94243  25.426  -14.516  -23.896 0.2500000000
96440  25.045  -12.723  -23.864 0.2500000000
102672  13.446  -6.232  -19.142 0.1250000000
107114  14.620  -1.893  -20.020 0.2500000000
98607  25.827  -11.454  -23.996 0.2500000000
108251  15.455  -1.272  -20.461 0.2500000000
112460  17.616  1.799  -23.951 0.2500000000
104825  12.845  -4.508  -18.688 0.1250000000
102682  14.202  -6.512  -19.653 0.2500000000
108261  16.300  -1.242  -21.743 0.3750000000
89574  19.669  -17.746  -23.146 0.5000000000
91871  24.446  -16.888  -24.026 0.5000000000
97473  25.336  -11.768  -23.594 0.2500000000
91857  18.738  -16.428  -22.495 0.3750000000
91876  19.236  -15.992  -22.925 0.3750000000
93005  18.268  -15.684  -22.312 0.3750000000
87321  23.939  -20.613  -23.342 0.6250000000
89554  25.681  -18.643  -22.757 0.2500000000
90721  26.287  -17.658  -22.676 0.2500000000
87323  22.001  -20.640  -23.175 0.6250000000
87307  25.223  -20.964  -22.595 0.3750000000
93017  25.491  -15.384  -23.615 0.2500000000
95365  25.147  -13.697  -24.194 0.2500000000
84933  21.000  -21.964  -22.249 0.5000000000
86190  24.797  -21.644  -22.498 0.2500000000
84930  23.979  -22.878  -22.788 0.3750000000
84944  23.626  -22.548  -23.132 0.5000000000
86205  22.092  -21.390  -22.997 0.5000000000
87293  20.194  -20.730  -21.870 0.5000000000
87308  21.347  -20.448  -22.642 0.5000000000
86192  21.492  -21.414  -22.619 0.5000000000
87310  19.944  -20.246  -22.159 0.3750000000
88422  21.002  -20.074  -22.538 0.5000000000
83677  19.819  -23.472  -21.311 0.1250000000
84916  20.865  -22.713  -21.828 0.3750000000
87311  19.365  -20.059  -21.884 0.2500000000
81342  21.174  -25.887  -21.220 0.1250000000
83676  20.408  -23.549  -21.496 0.2500000000
83693  21.983  -23.620  -22.363 0.3750000000
84929  24.412  -22.628  -22.337 0.2500000000
83692  22.602  -23.491  -22.867 0.3750000000
83705  23.091  -23.268  -23.324 0.5000000000
82438  20.039  -24.733  -20.644 0.1250000000
83675  21.377  -23.685  -21.882 0.3750000000
86161  19.300  -21.970  -20.865 0.1250000000
87295  18.772  -20.427  -21.438 0.1250000000
108254  26.183  -1.345  -21.560 0.1250000000
88424  19.679  -19.506  -22.318 0.3750000000
86202  24.139  -21.555  -23.040 0.3750000000
86204  22.585  -21.484  -23.251 0.5000000000
88425  19.079  -19.351  -21.717 0.2500000000
88426  18.793  -18.935  -21.564 0.2500000000
86176  25.273  -21.626  -21.494 0.2500000000
84932  21.737  -22.733  -22.358 0.5000000000
86191  22.270  -22.042  -22.843 0.5000000000
84943  24.194  -22.260  -22.791 0.3750000000
84945  22.872  -22.594  -23.360 0.3750000000
83691  23.530  -23.609  -22.858 0.3750000000
84915  21.362  -23.022  -21.952 0.3750000000
86178  20.348  -21.497  -21.761 0.2500000000
87294  19.684  -20.675  -21.636 0.1250000000
87309  20.672  -20.693  -22.330 0.5000000000
82456  20.070  -24.011  -21.126 0.1250000000
83657  19.392  -23.587  -20.808 0.1250000000
84917  19.743  -22.644  -21.425 0.1250000000
82437  20.454  -25.065  -20.849 0.1250000000
82455  20.769  -24.769  -21.336 0.1250000000
82454  21.491  -24.632  -21.873 0.3750000000
83674  23.662  -24.096  -22.150 0.2500000000
86179  19.456  -21.400  -21.338 0.1250000000
81351  22.203  -25.314  -22.197 0.2500000000
81349  23.180  -25.459  -22.256 0.2500000000
83690  24.059  -23.201  -22.523 0.2500000000
81341  21.774  -25.489  -21.817 0.1250000000
82467  22.943  -24.583  -22.617 0.2500000000
82468  22.130  -24.551  -22.308 0.2500000000
81350  22.658  -25.416  -22.287 0.1250000000
92992  17.827  -15.606  -21.908 0.1250000000
113498  18.183  3.355  -24.017 0.1250000000
114449  18.478  3.894  -24.046 0.1250000000
113487  17.878  3.558  -23.062 0.1250000000
114439  18.404  4.049  -23.576 0.1250000000
114438  18.922  4.849  -23.308 0.1250000000
114427  18.231  4.437  -22.601 0.1250000000
115342  18.698  5.759  -23.316 0.1250000000
113488  17.624  2.837  -23.252 0.1250000000
114426  18.390  5.221  -22.967 0.1250000000
115320  18.047  4.871  -20.689 0.1250000000
112448  17.236  2.243  -23.327 0.1250000000
108240  14.975  -1.145  -19.687 0.1250000000
89557  18.762  -18.236  -21.920 0.1250000000
91841  18.195  -16.461  -21.582 0.1250000000
112421  16.827  1.933  -22.151 0.1250000000
113476  17.844  2.742  -22.542 0.1250000000
113475  18.567  3.167  -22.251 0.1250000000
114402  17.455  3.826  -20.180 0.1250000000
115319  18.557  5.777  -21.278 0.1250000000
112449  17.058  1.659  -23.434 0.1250000000
95340  17.665  -13.526  -22.241 0.1250000000
91858  18.208  -16.210  -22.109 0.1250000000
108250  16.178  -1.185  -20.993 0.1250000000
94199  17.631  -14.635  -21.606 0.1250000000
94213  18.048  -14.765  -22.306 0.1250000000
92976  17.748  -15.597  -21.140 0.1250000000
114412  17.962  3.850  -21.334 0.1250000000
115332  18.747  5.498  -22.397 0.1250000000
115333  18.410  4.844  -21.630 0.1250000000
113461  17.793  2.576  -21.247 0.1250000000
116230  18.362  5.838  -20.263 0.1250000000
87292  25.863  -20.495  -21.444 0.1250000000
88420  26.472  -19.226  -21.821 0.1250000000
89553  26.365  -18.678  -22.299 0.1250000000
90707  26.729  -18.135  -22.225 0.1250000000
91854  26.168  -16.426  -23.018 0.1250000000
91869  25.709  -15.912  -23.468 0.1250000000
93016  26.109  -15.413  -23.355 0.1250000000
94227  25.942  -14.790  -23.664 0.1250000000
94225  27.215  -14.097  -22.834 0.1250000000
94226  26.536  -14.449  -23.250 0.1250000000
94242  26.119  -14.225  -23.959 0.1250000000
96423  26.691  -12.660  -23.667 0.1250000000
96439  25.640  -13.038  -24.128 0.1250000000
96411  27.279  -12.619  -23.172 0.1250000000
98606  26.092  -11.620  -24.136 0.1250000000
83656  24.422  -24.055  -20.957 0.1250000000
82466  23.373  -24.634  -22.243 0.1250000000
83673  24.182  -23.579  -21.705 0.1250000000
83672  24.607  -23.034  -21.193 0.1250000000
88406  26.327  -19.809  -21.501 0.1250000000
89540  26.779  -18.535  -21.769 0.1250000000
90706  27.275  -17.564  -21.955 0.1250000000
91853  27.131  -16.464  -22.487 0.1250000000
93003  26.751  -15.498  -22.760 0.1250000000
94211  27.159  -14.778  -22.598 0.1250000000
98591  26.316  -10.922  -24.101 0.1250000000
97456  27.497  -10.990  -23.579 0.1250000000
97457  27.125  -11.641  -23.650 0.1250000000
86189  25.272  -21.277  -22.238 0.1250000000
97472  25.822  -12.206  -24.007 0.1250000000
90720  26.730  -17.039  -22.552 0.1250000000
95350  26.377  -13.538  -23.771 0.1250000000
86177  24.740  -22.090  -21.983 0.1250000000
86160  25.337  -22.162  -20.868 0.1250000000
82453  23.767  -24.584  -21.677 0.1250000000
86175  25.918  -20.975  -20.711 0.1250000000
95349  26.959  -13.458  -23.268 0.1250000000
95338  27.579  -13.427  -22.709 0.1250000000
96424  26.129  -12.840  -24.004 0.1250000000
96410  27.907  -12.571  -22.683 0.1250000000
82436  24.654  -24.587  -20.565 0.1250000000
83655  24.805  -23.517  -20.624 0.1250000000
89539  27.141  -18.396  -21.200 0.1250000000
82452  24.254  -24.583  -21.170 0.1250000000
83704  23.282  -23.075  -23.320 0.3750000000
84913  25.002  -22.584  -21.025 0.1250000000
84914  24.693  -22.580  -21.623 0.1250000000
84931  22.367  -22.740  -22.959 0.5000000000
86180  18.987  -21.298  -21.178 0.1250000000
86193  20.841  -21.401  -22.292 0.5000000000
87306  25.524  -20.752  -22.148 0.1250000000
88404  27.229  -18.922  -20.704 0.1250000000
89541  18.569  -17.981  -21.669 0.1250000000
90747  20.804  -16.783  -24.054 0.7500000000
91840  18.404  -16.783  -22.062 0.1250000000
91889  20.640  -16.312  -24.010 0.7500000000
93047  23.553  -15.149  -23.795 0.7500000000
93049  23.070  -14.956  -24.356 0.7500000000
93065  23.368  -14.872  -24.884 0.7500000000
93066  23.194  -15.003  -24.782 0.7500000000
94228  20.624  -14.516  -24.169 0.8750000000
94259  23.867  -14.849  -23.738 0.6250000000
94276  23.106  -14.942  -24.424 0.7500000000
94277  22.959  -15.032  -24.609 0.7500000000
95364  25.856  -13.652  -24.183 0.1250000000
95383  21.805  -13.139  -25.181 0.8750000000
97445  27.541  -12.050  -23.080 0.1250000000
97458  26.376  -11.972  -24.042 0.1250000000
97502  20.886  -10.279  -25.611 1.0000000000
98632  20.666  -9.780  -25.637 1.0000000000
99713  19.511  -9.271  -24.834 1.0000000000
100671  15.092  -8.008  -20.918 0.2500000000
100767  19.148  -8.223  -26.300 1.0000000000
101682  14.802  -7.207  -20.910 0.3750000000
102671  13.856  -6.392  -18.821 0.1250000000
102683  13.454  -6.242  -19.720 0.2500000000
102715  14.656  -6.353  -20.999 0.5000000000
102730  16.329  -6.381  -22.685 1.0000000000
102801  21.156  -6.110  -25.982 1.0000000000
103737  13.334  -5.553  -19.843 0.2500000000
103755  13.714  -5.644  -20.322 0.3750000000
103768  15.348  -5.375  -21.963 0.7500000000
103770  14.256  -5.593  -20.669 0.3750000000
103780  25.844  -5.041  -22.482 0.1250000000
103807  17.021  -5.322  -23.707 1.0000000000
103839  20.596  -6.087  -25.982 1.0000000000
103853  21.313  -5.811  -25.972 1.0000000000
103854  21.019  -5.804  -26.237 1.0000000000
104848  13.298  -3.781  -19.771 0.2500000000
104874  13.610  -4.981  -20.165 0.3750000000
104947  22.218  -4.910  -25.120 1.0000000000
106043  14.392  -3.495  -20.412 0.5000000000
106056  15.674  -3.488  -21.836 0.8750000000
107115  13.842  -2.423  -19.657 0.2500000000
107123  14.905  -2.434  -20.784 0.5000000000
107124  14.393  -2.740  -20.079 0.5000000000
109352  16.939  -0.426  -23.808 0.8750000000
110394  24.180  -0.015  -21.841 0.3750000000
110418  17.407  0.693  -23.918 0.7500000000
111416  17.633  1.071  -23.985 0.7500000000
112437  16.701  1.914  -22.832 0.1250000000
112487  20.068  3.190  -26.925 1.0000000000
112488  19.714  3.013  -26.607 1.0000000000
112501  19.989  3.269  -27.192 1.0000000000
113482  28.003  3.959  -22.773 0.1250000000
113486  23.089  3.119  -24.110 0.8750000000
113531  19.928  3.404  -27.016 1.0000000000
114437  23.737  4.189  -24.048 0.7500000000
114456  21.800  4.925  -25.676 0.8750000000
114491  20.979  4.923  -27.137 0.8750000000
114492  20.763  4.964  -27.027 0.8750000000
115341  24.325  5.456  -23.899 0.5000000000
115390  21.137  5.202  -27.267 0.8750000000
116253  27.331  6.470  -23.608 0.1250000000
116262  27.671  6.715  -23.977 0.1250000000
116263  25.005  6.871  -24.196 0.3750000000
116278  23.186  6.580  -25.462 0.7500000000
117181  27.385  6.932  -23.923 0.1250000000
117190  27.048  7.848  -24.118 0.1250000000
117206  22.817  6.859  -26.321 0.7500000000
117227  20.318  7.963  -27.919 0.6250000000
118056  26.530  7.688  -23.894 0.1250000000
118096  29.132  8.987  -26.787 0.1250000000
118105  29.204  9.097  -27.109 0.1250000000
118994  27.918  9.136  -25.703 0.1250000000
119020  29.060  9.281  -27.062 0.1250000000
119021  28.859  9.410  -27.209 0.1250000000
119022  21.480  9.589  -28.110 0.3750000000
119904  24.026  9.752  -25.095 0.3750000000
119905  23.821  9.538  -25.090 0.3750000000
119922  27.425  10.245  -25.927 0.1250000000
119948  28.463  10.129  -27.613 0.1250000000
119959  20.102  10.163  -29.767 0.3750000000
120871  26.685  11.240  -26.169 0.1250000000
120873  24.930  10.959  -25.851 0.2500000000
120880  28.238  10.578  -27.140 0.1250000000
120883  25.996  12.018  -26.463 0.2500000000
120884  24.101  11.068  -26.213 0.3750000000
121782  24.750  11.548  -26.163 0.2500000000
121800  26.281  12.541  -27.506 0.1250000000
121817  25.848  12.978  -27.806 0.1250000000
121818  20.783  12.482  -29.525 0.2500000000
121830  19.366  12.291  -30.216 0.2500000000
122589  25.126  13.401  -27.650 0.1250000000
122603  26.432  13.444  -28.476 0.1250000000
122615  27.392  13.678  -29.186 0.1250000000
122616  26.557  13.855  -28.899 0.1250000000
122618  23.858  14.228  -29.328 0.1250000000
122620  21.858  13.882  -29.604 0.1250000000
123400  25.176  14.071  -28.829 0.1250000000
124187  26.701  15.382  -30.194 0.1250000000
124191  23.141  15.522  -30.778 0.1250000000
152460  18.880  -8.925  -25.823 1.0000000000
152462  18.770  -8.542  -26.241 1.0000000000
152463  18.722  -8.111  -26.236 1.0000000000
152465  19.356  -8.004  -26.301 1.0000000000
152468  18.789  -6.525  -24.721 1.0000000000
