#!ascii label  , from subject 4032 vox2ras=TkReg
388
85578  -31.225  -8.124  -32.024 0.0000000000
90803  -29.850  -3.512  -30.386 0.0000000000
102203  -29.991  8.763  -32.315 0.0000000000
99386  -32.186  5.149  -31.241 0.0000000000
94527  -33.146  0.524  -31.675 0.0000000000
90833  -35.207  -3.182  -32.291 0.0000000000
103087  -28.581  9.975  -33.339 0.0000000000
97340  -32.205  3.401  -31.220 0.0000000000
95416  -29.708  0.704  -30.608 0.0000000000
88669  -30.962  -5.859  -32.545 0.0000000000
90816  -31.977  -3.420  -32.367 0.0000000000
88658  -33.184  -4.797  -31.640 0.0000000000
81581  -27.738  -12.048  -29.262 0.0000000000
85575  -29.396  -9.377  -32.697 0.0000000000
107582  -26.262  14.823  -32.824 0.0000000000
106857  -28.419  13.700  -34.201 0.0000000000
106828  -29.424  13.187  -32.515 0.0000000000
105981  -30.903  11.973  -30.444 0.0000000000
103953  -32.819  10.449  -29.415 0.0000000000
101328  -31.074  7.443  -31.397 0.0000000000
101297  -33.562  7.525  -29.358 0.0000000000
98354  -34.584  5.017  -29.392 0.0000000000
97319  -35.538  3.239  -29.786 0.0000000000
95440  -36.834  1.076  -31.231 0.0000000000
92722  -31.506  -1.481  -30.923 0.0000000000
92747  -34.447  -0.965  -33.251 0.0000000000
95432  -28.775  1.664  -30.619 0.0000000000
95414  -28.323  0.963  -30.416 0.0000000000
86580  -31.890  -7.581  -33.425 0.0000000000
88671  -32.220  -5.809  -32.851 0.0000000000
87575  -32.080  -6.399  -32.150 0.0000000000
78244  -28.033  -15.257  -26.184 0.0000000000
79364  -28.530  -14.689  -26.575 0.0000000000
80473  -28.948  -13.420  -27.435 0.0000000000
86540  -29.229  -7.490  -31.128 0.0000000000
85537  -28.258  -8.677  -30.667 0.0000000000
106845  -28.711  13.338  -33.574 0.0000000000
102213  -29.208  9.532  -32.706 0.0000000000
104982  -29.616  10.912  -31.910 0.0000000000
103969  -30.472  10.272  -30.994 0.0000000000
104955  -32.275  11.284  -29.718 0.0000000000
103054  -30.827  9.248  -30.996 0.0000000000
100371  -31.402  6.482  -31.085 0.0000000000
101310  -32.172  7.347  -29.954 0.0000000000
100373  -32.556  6.318  -29.843 0.0000000000
100356  -34.266  6.673  -29.249 0.0000000000
99370  -33.048  5.406  -29.693 0.0000000000
95437  -32.871  1.481  -31.272 0.0000000000
97317  -33.492  3.157  -30.292 0.0000000000
95417  -33.467  1.383  -30.912 0.0000000000
95419  -35.728  1.336  -30.492 0.0000000000
95438  -34.834  0.592  -31.414 0.0000000000
91757  -29.235  -2.508  -30.338 0.0000000000
93640  -29.993  -0.927  -30.786 0.0000000000
91758  -30.259  -2.512  -30.564 0.0000000000
90831  -33.465  -2.853  -32.466 0.0000000000
91772  -32.984  -2.238  -32.216 0.0000000000
91785  -34.551  -2.358  -32.734 0.0000000000
93690  -36.298  -0.827  -33.293 0.0000000000
91787  -36.521  -2.213  -32.564 0.0000000000
82632  -28.249  -11.629  -28.871 0.0000000000
82655  -27.967  -11.579  -29.791 0.0000000000
83569  -28.494  -11.077  -28.833 0.0000000000
83597  -28.741  -10.640  -30.348 0.0000000000
97337  -29.990  3.585  -30.799 0.0000000000
98392  -31.906  4.426  -31.329 0.0000000000
96335  -30.538  2.475  -30.766 0.0000000000
96336  -31.467  2.477  -31.068 0.0000000000
94525  -31.560  0.575  -31.707 0.0000000000
89771  -30.187  -4.476  -31.014 0.0000000000
90815  -31.275  -3.464  -31.876 0.0000000000
89787  -31.763  -4.440  -32.325 0.0000000000
89788  -32.547  -4.663  -32.325 0.0000000000
89789  -33.834  -4.174  -31.939 0.0000000000
80489  -29.021  -12.781  -28.015 0.0000000000
89770  -29.392  -4.560  -30.324 0.0000000000
88654  -29.701  -6.009  -31.553 0.0000000000
86570  -30.228  -7.827  -32.879 0.0000000000
84612  -30.850  -9.195  -33.207 0.0000000000
108982  -27.683  16.691  -32.973 0.0000000000
106827  -27.359  13.778  -32.162 0.0000000000
106855  -26.827  14.320  -33.494 0.0000000000
130207  -29.158  15.460  -33.941 0.0000000000
130211  -30.202  15.225  -33.158 0.0000000000
107585  -31.414  15.079  -32.124 0.0000000000
106009  -29.122  11.679  -32.959 0.0000000000
106830  -31.031  13.282  -31.334 0.0000000000
107572  -32.216  14.065  -31.372 0.0000000000
106818  -33.208  13.281  -30.456 0.0000000000
104970  -34.365  11.991  -30.700 0.0000000000
103973  -34.945  10.993  -30.426 0.0000000000
101326  -29.861  7.769  -31.704 0.0000000000
102187  -31.548  8.418  -30.159 0.0000000000
103037  -33.477  9.530  -29.503 0.0000000000
103039  -35.253  9.549  -30.323 0.0000000000
101299  -35.409  7.937  -30.171 0.0000000000
98356  -36.436  5.530  -30.009 0.0000000000
98394  -33.175  3.984  -30.509 0.0000000000
98373  -34.957  4.188  -29.524 0.0000000000
94508  -28.619  0.195  -30.447 0.0000000000
94524  -30.818  0.477  -31.245 0.0000000000
93653  -32.227  -0.358  -31.585 0.0000000000
91770  -31.531  -2.382  -31.874 0.0000000000
93663  -32.802  -0.719  -32.015 0.0000000000
94538  -33.842  0.129  -32.216 0.0000000000
93666  -35.099  0.045  -32.805 0.0000000000
94550  -37.643  -0.065  -32.902 0.0000000000
84595  -29.166  -10.204  -32.241 0.0000000000
84596  -29.865  -10.077  -32.390 0.0000000000
85577  -30.844  -8.597  -31.749 0.0000000000
85599  -32.291  -7.993  -32.941 0.0000000000
86573  -32.222  -7.461  -32.793 0.0000000000
86572  -31.851  -7.545  -32.469 0.0000000000
87574  -31.544  -6.800  -31.785 0.0000000000
87573  -31.183  -7.292  -31.408 0.0000000000
78245  -29.008  -15.513  -26.131 0.0000000000
102214  -29.569  9.464  -32.563 0.0000000000
103080  -29.792  9.535  -32.464 0.0000000000
103070  -30.304  9.405  -31.871 0.0000000000
103053  -30.416  9.786  -31.375 0.0000000000
103071  -30.585  9.037  -31.519 0.0000000000
98390  -30.425  4.604  -31.203 0.0000000000
99384  -30.785  5.597  -31.450 0.0000000000
99385  -31.502  5.509  -31.355 0.0000000000
100372  -31.958  6.439  -30.513 0.0000000000
99368  -31.919  5.807  -31.029 0.0000000000
99369  -32.426  5.434  -30.491 0.0000000000
94510  -33.252  1.047  -31.359 0.0000000000
95418  -34.504  1.050  -30.823 0.0000000000
94511  -33.659  0.753  -31.245 0.0000000000
90832  -34.169  -3.000  -32.577 0.0000000000
91786  -35.521  -2.282  -32.698 0.0000000000
90835  -36.898  -2.493  -32.074 0.0000000000
90834  -36.256  -2.764  -32.080 0.0000000000
97338  -30.914  3.547  -31.107 0.0000000000
96334  -29.385  2.537  -30.765 0.0000000000
95433  -29.920  1.316  -30.940 0.0000000000
95434  -31.082  1.450  -31.206 0.0000000000
95435  -31.811  1.526  -31.605 0.0000000000
88655  -30.343  -5.413  -31.649 0.0000000000
89786  -31.084  -4.680  -31.735 0.0000000000
89801  -31.594  -5.237  -32.401 0.0000000000
89803  -32.324  -5.296  -32.551 0.0000000000
77107  -27.182  -16.063  -25.951 0.0000000000
77094  -27.607  -16.752  -25.652 0.0000000000
80490  -29.451  -12.463  -27.823 0.0000000000
88635  -29.403  -5.817  -30.506 0.0000000000
86560  -28.994  -8.744  -31.881 0.0000000000
86561  -29.491  -8.024  -31.986 0.0000000000
85576  -29.758  -8.610  -32.815 0.0000000000
85596  -30.978  -8.640  -33.323 0.0000000000
85587  -29.841  -9.809  -33.355 0.0000000000
108283  -26.941  15.094  -32.737 0.0000000000
108273  -27.648  15.975  -32.388 0.0000000000
108282  -27.076  15.660  -32.806 0.0000000000
108293  -27.024  15.831  -33.731 0.0000000000
107596  -26.874  15.135  -33.551 0.0000000000
106014  -27.695  13.222  -33.573 0.0000000000
106844  -26.668  13.600  -33.208 0.0000000000
106856  -27.647  13.856  -34.072 0.0000000000
107597  -27.557  14.917  -34.331 0.0000000000
107598  -28.409  14.474  -34.759 0.0000000000
130212  -29.272  14.272  -33.408 0.0000000000
130218  -30.147  14.819  -32.562 0.0000000000
130237  -30.598  13.875  -31.789 0.0000000000
104995  -29.294  11.095  -32.627 0.0000000000
105980  -30.345  11.718  -31.083 0.0000000000
106815  -30.453  12.364  -31.116 0.0000000000
106816  -31.229  12.962  -30.751 0.0000000000
107571  -31.512  13.655  -31.271 0.0000000000
107562  -31.757  13.478  -30.695 0.0000000000
106831  -32.664  13.690  -30.763 0.0000000000
106817  -32.256  13.299  -30.098 0.0000000000
105969  -33.187  12.150  -29.953 0.0000000000
104956  -33.171  11.443  -29.569 0.0000000000
103972  -34.323  11.359  -30.228 0.0000000000
103954  -33.974  10.674  -29.893 0.0000000000
100388  -30.357  6.665  -31.520 0.0000000000
100387  -29.571  6.793  -31.137 0.0000000000
101327  -30.496  7.613  -31.617 0.0000000000
102186  -31.146  8.190  -31.033 0.0000000000
101296  -32.789  7.718  -29.603 0.0000000000
102169  -32.352  8.231  -29.703 0.0000000000
102170  -33.101  8.478  -29.543 0.0000000000
103038  -34.504  9.656  -29.924 0.0000000000
102171  -34.104  8.642  -29.418 0.0000000000
102172  -35.121  8.792  -29.756 0.0000000000
101298  -34.661  7.752  -29.467 0.0000000000
99352  -33.924  5.586  -29.337 0.0000000000
100357  -35.277  6.935  -29.689 0.0000000000
99353  -34.902  5.912  -29.360 0.0000000000
99355  -36.294  6.275  -30.501 0.0000000000
99354  -35.860  6.149  -29.618 0.0000000000
98393  -32.500  4.330  -30.877 0.0000000000
97341  -32.809  3.258  -30.869 0.0000000000
97318  -34.367  3.114  -29.749 0.0000000000
98374  -36.150  4.442  -29.809 0.0000000000
95420  -36.405  1.597  -30.508 0.0000000000
95450  -37.719  0.680  -31.616 0.0000000000
93638  -28.100  -0.648  -30.679 0.0000000000
92711  -30.598  -1.553  -30.704 0.0000000000
93651  -30.719  -0.505  -30.809 0.0000000000
93652  -31.527  -0.385  -31.252 0.0000000000
91771  -32.218  -2.328  -32.197 0.0000000000
92733  -33.162  -1.388  -32.428 0.0000000000
92724  -32.544  -1.401  -31.913 0.0000000000
93664  -33.450  -0.433  -32.456 0.0000000000
93674  -34.154  -0.662  -32.980 0.0000000000
93665  -34.311  -0.069  -32.498 0.0000000000
93675  -34.824  -0.548  -33.153 0.0000000000
92750  -37.304  -1.129  -33.286 0.0000000000
93677  -36.685  -0.446  -33.135 0.0000000000
93678  -37.945  -0.493  -33.297 0.0000000000
84557  -29.336  -9.894  -30.026 0.0000000000
84578  -29.208  -10.298  -31.312 0.0000000000
84579  -30.160  -9.615  -31.158 0.0000000000
95415  -29.199  0.895  -30.292 0.0000000000
87589  -31.577  -6.836  -33.336 0.0000000000
88670  -31.745  -5.768  -32.877 0.0000000000
87590  -32.077  -6.681  -33.195 0.0000000000
87584  -32.186  -6.628  -32.731 0.0000000000
88657  -32.380  -5.560  -31.912 0.0000000000
88656  -32.043  -6.126  -31.552 0.0000000000
88637  -31.671  -6.197  -30.997 0.0000000000
78230  -27.649  -15.850  -25.868 0.0000000000
80472  -28.055  -13.900  -27.519 0.0000000000
80457  -28.845  -14.127  -26.950 0.0000000000
87553  -29.126  -6.942  -30.345 0.0000000000
87552  -28.540  -7.328  -29.993 0.0000000000
86539  -28.613  -8.007  -31.051 0.0000000000
107569  -27.716  14.583  -32.187 0.0000000000
106015  -28.183  13.301  -33.852 0.0000000000
105995  -29.242  12.529  -32.703 0.0000000000
103996  -29.188  10.572  -33.054 0.0000000000
103997  -29.640  10.226  -32.361 0.0000000000
104966  -30.150  11.059  -31.378 0.0000000000
104967  -30.669  11.092  -30.629 0.0000000000
105982  -31.930  12.147  -30.179 0.0000000000
104968  -31.493  11.188  -30.221 0.0000000000
103970  -31.163  10.282  -30.459 0.0000000000
103971  -31.799  10.352  -29.689 0.0000000000
100389  -30.977  6.550  -31.532 0.0000000000
101309  -31.456  7.356  -30.660 0.0000000000
101311  -32.793  7.047  -29.472 0.0000000000
100355  -33.288  6.393  -29.345 0.0000000000
96338  -32.405  2.358  -31.116 0.0000000000
96316  -33.008  2.225  -30.666 0.0000000000
96317  -33.840  2.017  -30.117 0.0000000000
96318  -34.983  2.157  -30.202 0.0000000000
96319  -36.140  2.352  -30.293 0.0000000000
95439  -35.481  0.806  -31.279 0.0000000000
92709  -28.649  -1.574  -30.476 0.0000000000
92710  -29.657  -1.612  -30.574 0.0000000000
90817  -32.946  -3.319  -32.336 0.0000000000
91784  -33.683  -2.204  -32.570 0.0000000000
92734  -34.023  -1.432  -33.093 0.0000000000
93688  -35.371  -0.823  -33.319 0.0000000000
91806  -35.526  -1.516  -33.342 0.0000000000
91798  -36.035  -1.750  -33.178 0.0000000000
91799  -36.970  -1.745  -32.982 0.0000000000
92737  -38.643  -1.783  -33.281 0.0000000000
91788  -37.434  -2.253  -32.522 0.0000000000
81565  -28.450  -12.482  -28.778 0.0000000000
83596  -28.331  -11.128  -29.714 0.0000000000
83618  -28.647  -10.595  -30.955 0.0000000000
98391  -31.217  4.539  -31.396 0.0000000000
97339  -31.646  3.495  -31.272 0.0000000000
96337  -32.000  2.460  -31.371 0.0000000000
95436  -32.364  1.492  -31.558 0.0000000000
94526  -32.262  0.650  -31.890 0.0000000000
90804  -30.659  -3.514  -31.082 0.0000000000
89802  -32.089  -5.219  -32.617 0.0000000000
90818  -33.754  -3.470  -32.429 0.0000000000
89804  -34.503  -3.721  -32.337 0.0000000000
89805  -35.076  -3.870  -32.334 0.0000000000
89790  -35.053  -4.201  -31.913 0.0000000000
88639  -33.294  -5.146  -30.782 0.0000000000
77093  -26.774  -17.286  -25.858 0.0000000000
80499  -27.916  -12.780  -29.213 0.0000000000
80488  -28.269  -13.300  -28.458 0.0000000000
81566  -29.080  -12.165  -28.366 0.0000000000
88636  -29.742  -5.219  -31.044 0.0000000000
88668  -30.211  -6.151  -32.188 0.0000000000
87572  -29.608  -6.902  -31.189 0.0000000000
87581  -30.090  -6.972  -32.024 0.0000000000
87582  -30.397  -6.734  -32.781 0.0000000000
86579  -31.038  -7.685  -33.332 0.0000000000
84614  -31.845  -8.678  -33.411 0.0000000000
85589  -31.150  -9.032  -32.513 0.0000000000
108976  -27.887  16.643  -31.885 0.0000000000
106843  -26.089  14.255  -33.043 0.0000000000
106854  -26.164  14.613  -33.195 0.0000000000
130213  -30.518  15.726  -33.365 0.0000000000
130219  -30.801  15.571  -32.948 0.0000000000
108983  -31.740  15.859  -32.632 0.0000000000
108284  -32.372  15.685  -32.563 0.0000000000
105996  -29.674  11.995  -32.127 0.0000000000
130230  -30.293  13.571  -31.899 0.0000000000
130229  -31.018  14.136  -31.670 0.0000000000
107584  -31.573  14.221  -31.614 0.0000000000
107573  -32.752  14.354  -31.796 0.0000000000
106846  -33.509  14.092  -31.941 0.0000000000
105998  -34.177  12.893  -31.247 0.0000000000
106806  -32.603  12.478  -29.912 0.0000000000
105983  -33.667  12.519  -30.372 0.0000000000
101325  -28.998  7.967  -31.249 0.0000000000
102204  -30.604  8.502  -31.559 0.0000000000
103055  -31.517  9.514  -30.138 0.0000000000
103036  -32.282  9.263  -29.495 0.0000000000
103056  -35.012  10.143  -30.365 0.0000000000
100374  -35.795  7.346  -30.398 0.0000000000
100375  -36.314  7.148  -31.059 0.0000000000
99371  -36.665  6.353  -31.503 0.0000000000
98371  -32.906  4.659  -30.183 0.0000000000
98372  -33.751  4.348  -29.736 0.0000000000
98355  -35.503  5.195  -29.514 0.0000000000
94509  -29.487  0.197  -30.478 0.0000000000
93639  -29.199  -0.665  -30.528 0.0000000000
93650  -29.926  -0.312  -30.646 0.0000000000
91759  -31.072  -2.482  -31.116 0.0000000000
92723  -32.053  -1.450  -31.412 0.0000000000
93654  -32.782  -0.086  -31.762 0.0000000000
94528  -34.268  0.367  -31.855 0.0000000000
94529  -35.108  0.372  -31.816 0.0000000000
94530  -35.929  0.514  -31.978 0.0000000000
93676  -35.625  -0.382  -33.145 0.0000000000
93667  -35.930  0.059  -32.665 0.0000000000
94540  -36.924  0.328  -32.356 0.0000000000
85557  -28.627  -9.386  -31.450 0.0000000000
84605  -29.652  -10.265  -33.117 0.0000000000
84597  -30.635  -9.537  -32.432 0.0000000000
84606  -30.365  -9.820  -33.147 0.0000000000
84607  -31.217  -9.237  -33.008 0.0000000000
84608  -31.789  -8.837  -33.227 0.0000000000
84613  -31.462  -8.892  -33.312 0.0000000000
85588  -30.205  -9.050  -33.229 0.0000000000
85590  -31.704  -8.399  -32.643 0.0000000000
85591  -32.157  -7.906  -32.720 0.0000000000
85597  -31.640  -8.363  -33.412 0.0000000000
85598  -32.086  -8.291  -33.293 0.0000000000
86563  -31.390  -7.655  -32.017 0.0000000000
86571  -30.535  -7.188  -33.211 0.0000000000
86578  -30.584  -8.328  -33.232 0.0000000000
86581  -32.221  -7.485  -33.118 0.0000000000
87583  -31.964  -6.954  -32.478 0.0000000000
87588  -30.928  -6.701  -33.196 0.0000000000
88672  -31.436  -6.257  -33.116 0.0000000000
88673  -31.896  -6.242  -33.205 0.0000000000
88674  -32.145  -6.231  -33.185 0.0000000000
90819  -35.512  -3.875  -32.111 0.0000000000
91797  -35.359  -1.831  -33.285 0.0000000000
91807  -35.783  -1.425  -33.326 0.0000000000
92735  -34.823  -1.953  -33.234 0.0000000000
92736  -37.852  -1.887  -33.349 0.0000000000
92748  -34.967  -1.286  -33.359 0.0000000000
92749  -36.579  -1.347  -33.205 0.0000000000
92761  -35.589  -1.177  -33.353 0.0000000000
92762  -36.089  -1.183  -33.310 0.0000000000
92763  -36.572  -0.965  -33.272 0.0000000000
93655  -34.446  0.161  -32.233 0.0000000000
93656  -34.766  0.124  -32.229 0.0000000000
93657  -35.364  0.198  -32.300 0.0000000000
93689  -35.927  -0.790  -33.308 0.0000000000
94523  -30.151  0.340  -30.761 0.0000000000
94539  -34.135  0.168  -32.235 0.0000000000
94551  -38.392  -0.162  -33.041 0.0000000000
96320  -36.959  2.770  -30.561 0.0000000000
103955  -34.617  10.356  -30.160 0.0000000000
103986  -30.112  10.275  -31.654 0.0000000000
104969  -33.789  11.679  -30.137 0.0000000000
105968  -32.634  11.919  -29.835 0.0000000000
105984  -34.053  12.641  -30.731 0.0000000000
105997  -33.731  13.023  -30.797 0.0000000000
106807  -33.045  12.802  -30.038 0.0000000000
106829  -30.380  13.014  -31.565 0.0000000000
106832  -33.341  13.671  -31.241 0.0000000000
106842  -25.888  14.635  -32.996 0.0000000000
107563  -32.079  13.758  -30.782 0.0000000000
107570  -30.830  13.581  -31.585 0.0000000000
107581  -26.195  15.060  -33.083 0.0000000000
107583  -26.773  14.597  -32.734 0.0000000000
107586  -33.177  15.023  -32.180 0.0000000000
108281  -26.781  15.467  -33.314 0.0000000000
108981  -26.987  16.007  -33.417 0.0000000000
108988  -27.124  16.406  -33.804 0.0000000000
108990  -31.107  16.107  -33.396 0.0000000000
130208  -30.330  16.072  -33.661 0.0000000000
130217  -30.218  14.195  -32.147 0.0000000000
