#!ascii label  , from subject 4032 vox2ras=TkReg
1196
113434  37.942  23.630  10.966 0.0000000000
114199  41.650  24.466  19.055 0.0000000000
108297  42.844  17.414  12.601 0.0000000000
110162  35.596  19.761  14.935 0.0000000000
108322  36.681  17.872  9.898 0.0000000000
115938  39.206  26.791  18.516 0.0000000000
115017  35.642  25.188  20.917 0.0000000000
119079  35.676  30.520  22.903 0.0000000000
105310  40.326  14.093  19.558 0.0000000000
105359  35.956  14.662  14.091 0.0000000000
115092  42.581  25.811  14.212 0.0000000000
111865  42.617  21.495  7.920 0.0000000000
111026  42.296  20.815  12.326 0.0000000000
109197  44.346  18.109  17.678 0.0000000000
121937  37.207  35.201  21.483 0.0000000000
117611  40.884  28.447  21.246 0.0000000000
107316  38.346  16.107  7.208 0.0000000000
111823  37.190  21.536  13.494 0.0000000000
109276  36.919  17.760  13.060 0.0000000000
110189  39.473  19.847  11.788 0.0000000000
115110  39.155  25.223  13.161 0.0000000000
114272  36.131  24.637  11.647 0.0000000000
116784  33.300  27.434  20.731 0.0000000000
102550  41.234  12.085  21.946 0.0000000000
103448  37.562  12.254  20.846 0.0000000000
99589  40.660  8.646  20.569 0.0000000000
121261  38.409  33.749  16.775 0.0000000000
115046  44.147  25.087  16.920 0.0000000000
113432  43.401  23.642  11.551 0.0000000000
112614  42.644  23.229  14.704 0.0000000000
108237  38.468  17.799  19.119 0.0000000000
109200  41.147  17.943  17.088 0.0000000000
109155  42.121  18.457  21.099 0.0000000000
107172  45.109  16.565  21.578 0.0000000000
114974  39.462  26.386  22.500 0.0000000000
118385  38.137  28.929  23.119 0.0000000000
114986  42.260  26.178  21.868 0.0000000000
115922  43.279  26.551  19.324 0.0000000000
110208  43.987  18.569  8.890 0.0000000000
108379  41.253  18.386  6.797 0.0000000000
107290  40.693  16.479  9.541 0.0000000000
109310  34.195  18.454  10.196 0.0000000000
108368  35.309  17.749  7.618 0.0000000000
117661  40.180  29.375  18.818 0.0000000000
117664  37.553  28.441  18.396 0.0000000000
115029  38.939  25.097  19.874 0.0000000000
112575  40.319  22.882  17.108 0.0000000000
120514  32.833  31.961  20.104 0.0000000000
120486  34.315  32.723  22.466 0.0000000000
116755  35.587  27.445  22.154 0.0000000000
106266  41.349  16.167  16.082 0.0000000000
106306  39.348  16.302  13.292 0.0000000000
105327  38.515  14.761  17.087 0.0000000000
103467  35.605  11.663  17.337 0.0000000000
115142  40.252  25.177  11.586 0.0000000000
113441  40.474  22.917  9.759 0.0000000000
114276  42.557  24.635  9.929 0.0000000000
111856  43.923  21.470  9.545 0.0000000000
109289  44.939  18.465  11.330 0.0000000000
110159  40.763  20.459  14.286 0.0000000000
109242  43.735  18.463  14.479 0.0000000000
108265  44.905  17.376  15.478 0.0000000000
107192  44.364  16.073  18.966 0.0000000000
105294  43.223  14.684  21.400 0.0000000000
122551  37.181  35.870  18.781 0.0000000000
119809  36.833  32.283  18.416 0.0000000000
119773  36.299  30.874  20.900 0.0000000000
119115  39.586  30.610  19.792 0.0000000000
116802  40.855  28.045  19.848 0.0000000000
115050  41.497  25.353  16.185 0.0000000000
109324  40.366  19.208  8.808 0.0000000000
109376  38.009  18.176  6.408 0.0000000000
107354  36.549  16.303  4.926 0.0000000000
107271  37.402  16.324  10.464 0.0000000000
112638  37.711  22.454  12.257 0.0000000000
111028  38.332  20.884  12.856 0.0000000000
111842  38.759  21.535  11.877 0.0000000000
115144  38.274  25.312  11.515 0.0000000000
115129  37.934  25.361  12.465 0.0000000000
113435  36.964  23.793  11.492 0.0000000000
113425  36.848  23.262  12.002 0.0000000000
101564  41.655  10.153  23.103 0.0000000000
101578  40.532  10.601  21.924 0.0000000000
99579  41.701  8.551  21.735 0.0000000000
105400  34.751  14.907  8.135 0.0000000000
114209  43.437  24.179  17.886 0.0000000000
113394  43.642  23.909  15.824 0.0000000000
113370  42.627  23.570  17.233 0.0000000000
109158  38.889  18.186  21.049 0.0000000000
108226  40.802  17.552  19.644 0.0000000000
115012  40.526  25.968  21.421 0.0000000000
115887  40.493  26.309  22.367 0.0000000000
114186  42.136  24.947  20.252 0.0000000000
114197  43.740  25.015  19.015 0.0000000000
108317  43.285  17.767  10.429 0.0000000000
108333  42.162  17.775  9.472 0.0000000000
108319  41.233  17.382  10.926 0.0000000000
109248  33.899  18.742  14.887 0.0000000000
109263  34.800  18.099  13.570 0.0000000000
109307  37.205  17.914  10.924 0.0000000000
109293  35.322  18.072  11.542 0.0000000000
108324  35.341  18.547  9.594 0.0000000000
109346  34.326  18.260  8.687 0.0000000000
109344  36.066  18.487  8.257 0.0000000000
116803  39.838  27.921  19.243 0.0000000000
117663  38.503  28.322  18.428 0.0000000000
116812  38.134  27.421  18.298 0.0000000000
111814  35.331  21.566  14.740 0.0000000000
111011  34.242  20.649  15.314 0.0000000000
115015  37.069  25.474  20.713 0.0000000000
114202  37.748  24.357  19.074 0.0000000000
114203  36.741  24.332  18.930 0.0000000000
115879  34.420  26.267  22.040 0.0000000000
116766  34.395  27.367  21.450 0.0000000000
114978  35.929  25.705  22.236 0.0000000000
114990  37.574  25.818  21.448 0.0000000000
105313  41.186  14.877  17.989 0.0000000000
106267  40.456  15.602  16.274 0.0000000000
105314  40.324  14.568  18.448 0.0000000000
101596  38.071  10.870  19.836 0.0000000000
103462  37.258  12.259  18.592 0.0000000000
101606  36.906  10.622  18.186 0.0000000000
115108  41.591  25.425  13.028 0.0000000000
115154  41.578  25.085  10.613 0.0000000000
115124  43.021  25.303  11.975 0.0000000000
112635  43.044  22.844  12.266 0.0000000000
112656  43.462  22.688  10.758 0.0000000000
111033  43.326  20.971  10.834 0.0000000000
110196  44.264  19.789  10.254 0.0000000000
110177  44.236  18.960  11.360 0.0000000000
111788  39.579  21.940  16.310 0.0000000000
111800  40.116  21.687  15.630 0.0000000000
110146  39.797  20.443  15.826 0.0000000000
109198  43.375  18.253  17.493 0.0000000000
109228  42.840  18.462  15.423 0.0000000000
109227  44.093  18.273  15.559 0.0000000000
109240  45.422  18.106  14.861 0.0000000000
109208  45.551  17.909  16.138 0.0000000000
107213  44.444  16.814  16.661 0.0000000000
108231  45.180  17.232  18.433 0.0000000000
106207  44.176  16.052  23.307 0.0000000000
106234  44.753  15.772  21.981 0.0000000000
122539  37.378  35.887  19.912 0.0000000000
121962  36.656  34.821  18.913 0.0000000000
121240  36.350  33.883  19.431 0.0000000000
119736  34.321  31.948  24.240 0.0000000000
121202  35.800  33.652  24.040 0.0000000000
119753  36.180  30.986  23.594 0.0000000000
117613  38.958  28.020  21.576 0.0000000000
118412  37.521  29.245  21.346 0.0000000000
118411  38.021  29.269  20.610 0.0000000000
119116  38.229  30.224  19.773 0.0000000000
118409  40.365  29.900  20.372 0.0000000000
118408  41.021  30.120  20.198 0.0000000000
116781  41.751  28.189  20.485 0.0000000000
115048  43.269  25.738  16.317 0.0000000000
115944  42.269  25.919  17.900 0.0000000000
115069  42.130  25.757  15.273 0.0000000000
116003  41.236  25.973  13.882 0.0000000000
112674  41.576  22.163  8.778 0.0000000000
111052  40.898  20.663  9.794 0.0000000000
111062  41.640  20.797  8.357 0.0000000000
108365  39.579  16.816  7.101 0.0000000000
109375  39.168  17.894  6.733 0.0000000000
108392  38.690  17.307  6.219 0.0000000000
109392  37.484  18.025  5.757 0.0000000000
107342  37.721  16.331  5.749 0.0000000000
106308  37.459  15.354  13.247 0.0000000000
106320  38.469  15.988  11.709 0.0000000000
106322  36.543  15.424  12.263 0.0000000000
111008  36.971  20.550  14.581 0.0000000000
109262  35.986  18.159  13.857 0.0000000000
110173  37.631  19.746  14.045 0.0000000000
109290  38.469  18.681  12.189 0.0000000000
109306  38.491  18.388  11.008 0.0000000000
115052  39.045  25.254  16.199 0.0000000000
112628  35.977  22.704  13.374 0.0000000000
104350  40.818  13.537  20.731 0.0000000000
104354  39.520  13.381  19.863 0.0000000000
103446  39.417  12.532  21.228 0.0000000000
101589  38.791  10.756  20.607 0.0000000000
115067  43.742  25.622  15.624 0.0000000000
115106  43.176  25.263  13.335 0.0000000000
114243  43.944  24.636  14.663 0.0000000000
113415  42.723  23.363  13.722 0.0000000000
112637  42.131  22.373  13.099 0.0000000000
109202  38.466  18.685  17.795 0.0000000000
109214  39.733  18.964  16.560 0.0000000000
109201  39.687  18.057  17.420 0.0000000000
108233  42.195  17.755  18.578 0.0000000000
109178  43.678  18.407  19.622 0.0000000000
109176  44.864  17.822  19.753 0.0000000000
109132  43.883  18.303  21.143 0.0000000000
107151  43.720  17.261  23.137 0.0000000000
106209  42.385  15.737  23.454 0.0000000000
123061  36.879  36.336  22.347 0.0000000000
116745  37.418  28.348  23.492 0.0000000000
118386  37.333  29.483  23.439 0.0000000000
116743  38.938  27.946  24.069 0.0000000000
116741  39.850  27.435  23.193 0.0000000000
116749  40.997  27.358  22.301 0.0000000000
116780  43.021  27.742  20.177 0.0000000000
115906  42.875  26.765  20.646 0.0000000000
115039  43.725  25.475  17.605 0.0000000000
110228  43.949  19.551  7.565 0.0000000000
111076  42.104  19.931  6.479 0.0000000000
109356  42.519  18.575  7.166 0.0000000000
108347  41.306  17.401  8.161 0.0000000000
107303  39.622  16.391  8.346 0.0000000000
104389  34.767  13.365  14.969 0.0000000000
105369  34.877  14.662  12.688 0.0000000000
109296  32.566  17.854  11.334 0.0000000000
109277  35.680  17.861  12.740 0.0000000000
109294  34.236  18.529  11.320 0.0000000000
109311  33.364  18.213  10.185 0.0000000000
108339  34.000  17.577  9.319 0.0000000000
107306  34.823  16.784  8.205 0.0000000000
106375  35.306  15.773  7.432 0.0000000000
118452  39.843  29.843  17.639 0.0000000000
118453  38.759  29.384  17.468 0.0000000000
115028  40.108  25.153  20.162 0.0000000000
114211  41.081  24.141  18.085 0.0000000000
113357  40.020  23.837  18.167 0.0000000000
112562  38.636  22.968  18.132 0.0000000000
111783  37.786  21.562  17.458 0.0000000000
110978  37.525  20.656  17.514 0.0000000000
110122  37.010  19.158  18.490 0.0000000000
121235  33.755  33.017  21.111 0.0000000000
120487  33.428  32.108  23.203 0.0000000000
119080  34.551  31.008  22.693 0.0000000000
118394  35.755  29.008  22.058 0.0000000000
115876  37.507  26.719  22.826 0.0000000000
114989  38.657  25.864  21.639 0.0000000000
107248  42.702  16.855  14.160 0.0000000000
107258  41.327  16.938  13.112 0.0000000000
106277  40.626  16.017  15.105 0.0000000000
106278  39.414  15.618  15.370 0.0000000000
105337  37.307  14.507  15.956 0.0000000000
104362  38.126  13.523  18.489 0.0000000000
104368  37.164  13.542  17.438 0.0000000000
104377  36.072  13.307  16.026 0.0000000000
115156  39.552  25.002  10.892 0.0000000000
112659  39.328  23.164  10.544 0.0000000000
114288  40.202  24.249  9.911 0.0000000000
114286  41.336  24.022  9.724 0.0000000000
113455  42.344  22.917  8.929 0.0000000000
114268  43.316  24.539  11.220 0.0000000000
113447  43.264  23.387  9.562 0.0000000000
111864  43.526  21.409  8.049 0.0000000000
110207  44.699  19.674  8.748 0.0000000000
109304  44.891  18.605  9.857 0.0000000000
108295  45.202  17.703  12.125 0.0000000000
112588  41.711  22.963  16.484 0.0000000000
111812  41.068  21.930  14.384 0.0000000000
111018  41.559  20.946  13.178 0.0000000000
109230  40.726  19.235  15.584 0.0000000000
110157  41.876  19.183  13.954 0.0000000000
110168  43.033  19.270  12.588 0.0000000000
109272  44.444  18.599  12.324 0.0000000000
108282  45.535  17.883  12.959 0.0000000000
108284  43.768  17.254  13.666 0.0000000000
107226  43.158  16.539  15.789 0.0000000000
107204  43.138  16.288  17.536 0.0000000000
106255  42.294  15.473  18.932 0.0000000000
106252  45.126  16.121  19.992 0.0000000000
106245  43.753  15.421  20.453 0.0000000000
105295  42.139  14.074  21.127 0.0000000000
103443  42.173  13.502  22.383 0.0000000000
121973  36.857  34.738  17.682 0.0000000000
120536  37.331  33.082  17.419 0.0000000000
119821  38.672  32.153  17.594 0.0000000000
119752  36.782  31.154  23.172 0.0000000000
121233  35.871  32.952  20.816 0.0000000000
119792  36.020  31.973  19.611 0.0000000000
119124  38.393  31.097  18.962 0.0000000000
119806  40.253  31.657  19.020 0.0000000000
119113  40.982  30.445  19.898 0.0000000000
117649  40.514  29.139  19.562 0.0000000000
115925  40.176  27.193  19.224 0.0000000000
115923  42.484  26.769  19.411 0.0000000000
115945  41.200  26.120  17.803 0.0000000000
115044  39.638  25.515  17.009 0.0000000000
115071  39.995  25.307  15.219 0.0000000000
115127  39.844  25.403  12.374 0.0000000000
111840  40.166  21.593  10.896 0.0000000000
110198  39.642  19.248  10.955 0.0000000000
108334  39.130  18.207  9.545 0.0000000000
110242  40.911  19.257  7.190 0.0000000000
109342  39.036  17.991  7.743 0.0000000000
108350  37.537  17.845  8.237 0.0000000000
109362  36.229  18.328  7.172 0.0000000000
108396  36.131  17.187  5.816 0.0000000000
107260  39.839  16.533  12.283 0.0000000000
106331  39.211  16.092  10.227 0.0000000000
106354  38.592  16.064  8.812 0.0000000000
105375  36.085  15.268  11.168 0.0000000000
105404  37.338  15.009  7.817 0.0000000000
99587  42.627  8.297  20.746 0.0000000000
99606  41.482  8.888  18.907 0.0000000000
112650  38.307  22.691  11.637 0.0000000000
114281  38.214  24.493  10.770 0.0000000000
114270  37.817  24.560  11.072 0.0000000000
112651  37.466  23.140  11.843 0.0000000000
100548  41.384  9.467  22.593 0.0000000000
114198  42.815  24.546  19.119 0.0000000000
113369  43.272  23.605  17.039 0.0000000000
114210  42.236  24.060  18.097 0.0000000000
115027  41.167  25.446  20.608 0.0000000000
108307  43.086  17.597  11.498 0.0000000000
108318  41.961  17.602  10.626 0.0000000000
108308  41.687  17.353  11.743 0.0000000000
109247  34.975  18.673  14.553 0.0000000000
108275  34.226  18.317  14.440 0.0000000000
109308  36.063  17.948  10.697 0.0000000000
109327  35.687  18.710  8.919 0.0000000000
108337  36.132  18.095  9.024 0.0000000000
116811  39.065  27.746  18.798 0.0000000000
115939  38.388  26.708  18.098 0.0000000000
111010  35.026  20.738  15.209 0.0000000000
110163  34.343  19.718  15.274 0.0000000000
115016  36.064  25.382  20.805 0.0000000000
114190  37.190  24.669  19.666 0.0000000000
114191  36.248  24.399  19.789 0.0000000000
114979  34.876  25.416  22.108 0.0000000000
114992  35.444  25.199  21.418 0.0000000000
114991  36.486  25.657  21.520 0.0000000000
105309  41.492  14.994  19.179 0.0000000000
101599  37.826  10.351  18.734 0.0000000000
115107  42.421  25.495  13.131 0.0000000000
115125  41.938  25.167  12.192 0.0000000000
111839  42.751  21.593  11.551 0.0000000000
111838  43.195  21.963  10.966 0.0000000000
110186  43.609  19.737  10.862 0.0000000000
110187  43.103  19.735  11.516 0.0000000000
110984  39.034  20.713  16.676 0.0000000000
110983  39.580  20.994  16.183 0.0000000000
110134  39.345  19.947  16.355 0.0000000000
109210  44.373  18.330  16.631 0.0000000000
109226  45.193  18.402  15.729 0.0000000000
109209  45.265  18.087  16.741 0.0000000000
108242  44.932  17.484  17.334 0.0000000000
109196  44.783  17.767  17.978 0.0000000000
106216  44.590  14.998  23.270 0.0000000000
123086  37.376  36.761  21.534 0.0000000000
123098  37.283  36.917  20.529 0.0000000000
121950  37.249  35.280  20.656 0.0000000000
121951  36.891  34.788  19.938 0.0000000000
121938  36.932  34.460  21.012 0.0000000000
119754  35.115  31.322  23.431 0.0000000000
119744  35.682  31.526  24.110 0.0000000000
117612  40.048  28.126  21.330 0.0000000000
118391  38.494  28.673  21.048 0.0000000000
117630  39.645  28.486  21.034 0.0000000000
118410  39.228  28.954  20.506 0.0000000000
117629  40.282  28.971  20.949 0.0000000000
117628  41.030  29.089  20.548 0.0000000000
117610  41.294  28.517  21.092 0.0000000000
115068  43.161  26.111  15.323 0.0000000000
115049  42.535  25.718  16.182 0.0000000000
115983  41.768  26.092  13.982 0.0000000000
111866  41.858  21.608  8.470 0.0000000000
111857  41.500  21.396  8.832 0.0000000000
111061  42.155  20.899  7.851 0.0000000000
107328  39.237  16.547  7.028 0.0000000000
108381  39.194  17.119  6.635 0.0000000000
108382  38.696  16.746  6.353 0.0000000000
107341  38.345  16.515  6.242 0.0000000000
107330  37.985  16.204  6.662 0.0000000000
106293  37.106  15.022  14.554 0.0000000000
106309  36.172  15.164  13.495 0.0000000000
111021  37.505  20.850  13.896 0.0000000000
110160  37.274  20.073  14.468 0.0000000000
111037  38.908  20.430  12.211 0.0000000000
110180  38.647  19.948  12.897 0.0000000000
110190  38.828  19.517  12.271 0.0000000000
110199  38.977  19.132  11.654 0.0000000000
115072  38.866  25.172  15.082 0.0000000000
115053  38.194  25.362  15.730 0.0000000000
115096  38.578  25.327  14.134 0.0000000000
115146  36.471  25.105  11.808 0.0000000000
115130  36.870  25.413  12.365 0.0000000000
112639  36.909  22.597  12.488 0.0000000000
112627  36.546  22.368  13.148 0.0000000000
111834  36.929  21.909  13.140 0.0000000000
111824  36.530  21.652  13.867 0.0000000000
103445  40.661  12.610  21.609 0.0000000000
104340  40.333  13.123  21.250 0.0000000000
102551  40.213  11.647  21.657 0.0000000000
100561  40.244  9.449  21.420 0.0000000000
101588  39.704  10.654  21.311 0.0000000000
100562  39.531  9.917  20.842 0.0000000000
100566  39.150  9.679  20.196 0.0000000000
100565  39.932  9.224  20.459 0.0000000000
121984  37.039  35.028  16.888 0.0000000000
121277  37.406  34.624  16.556 0.0000000000
115066  43.994  25.093  15.963 0.0000000000
115090  44.094  25.163  15.191 0.0000000000
114242  44.108  24.534  15.395 0.0000000000
112601  43.354  23.525  15.481 0.0000000000
113395  43.549  23.510  15.219 0.0000000000
113405  43.173  23.486  14.649 0.0000000000
112625  42.516  22.834  13.241 0.0000000000
113416  42.215  23.173  14.021 0.0000000000
109192  38.789  18.030  18.418 0.0000000000
109191  39.385  17.754  18.325 0.0000000000
108212  41.491  17.955  20.467 0.0000000000
108234  41.219  17.529  18.675 0.0000000000
108225  41.887  17.659  19.479 0.0000000000
108224  42.880  17.869  19.144 0.0000000000
108211  42.589  18.126  20.140 0.0000000000
109154  43.224  18.458  20.698 0.0000000000
108179  42.648  17.870  22.390 0.0000000000
107152  42.466  16.888  22.968 0.0000000000
107144  43.141  16.193  23.437 0.0000000000
116744  37.989  27.916  23.656 0.0000000000
117599  37.641  28.818  24.006 0.0000000000
115865  38.808  27.171  23.580 0.0000000000
115907  41.214  26.067  22.175 0.0000000000
115873  40.318  26.974  23.103 0.0000000000
115886  41.326  26.617  22.228 0.0000000000
115885  42.223  26.620  21.466 0.0000000000
115010  42.761  26.012  21.321 0.0000000000
115032  44.032  25.046  18.456 0.0000000000
115033  43.638  25.533  18.600 0.0000000000
115047  43.748  25.425  16.582 0.0000000000
109354  44.313  19.062  7.909 0.0000000000
110229  43.162  19.512  7.099 0.0000000000
109338  43.264  18.762  8.455 0.0000000000
107289  41.475  16.925  9.951 0.0000000000
107301  41.370  16.817  9.114 0.0000000000
107302  40.554  16.602  8.613 0.0000000000
107291  39.939  16.115  9.085 0.0000000000
109295  33.229  18.491  11.199 0.0000000000
109309  35.118  18.494  10.319 0.0000000000
108340  33.597  17.732  9.702 0.0000000000
109330  33.898  18.146  9.274 0.0000000000
108352  34.705  18.087  8.213 0.0000000000
107318  35.056  17.218  7.786 0.0000000000
107305  35.228  16.263  7.765 0.0000000000
107317  35.411  16.681  7.227 0.0000000000
118438  40.490  30.081  18.744 0.0000000000
118439  40.102  29.465  18.394 0.0000000000
117675  38.115  28.678  18.164 0.0000000000
117674  38.680  28.841  17.988 0.0000000000
118441  37.083  28.765  18.362 0.0000000000
115034  39.438  24.883  19.497 0.0000000000
114200  40.208  24.645  18.784 0.0000000000
115035  39.082  24.840  19.525 0.0000000000
113359  38.263  23.701  18.581 0.0000000000
112578  38.116  22.380  17.647 0.0000000000
111784  37.023  21.307  17.754 0.0000000000
109203  37.633  19.120  18.010 0.0000000000
121243  33.590  32.869  19.826 0.0000000000
120506  32.959  32.306  21.003 0.0000000000
120488  32.175  32.021  23.046 0.0000000000
119756  32.811  31.715  22.972 0.0000000000
119755  33.902  31.727  23.304 0.0000000000
116765  35.074  27.894  21.656 0.0000000000
117615  35.460  28.451  21.785 0.0000000000
118395  35.044  29.527  21.538 0.0000000000
116754  36.951  27.692  22.964 0.0000000000
115877  36.387  26.602  22.482 0.0000000000
115014  38.209  25.356  20.510 0.0000000000
115013  39.366  25.624  20.934 0.0000000000
107227  42.012  16.523  15.532 0.0000000000
107228  41.370  16.347  15.008 0.0000000000
106276  41.316  16.265  15.430 0.0000000000
106268  39.278  15.198  16.712 0.0000000000
106269  38.455  15.041  16.505 0.0000000000
106279  38.136  15.151  15.680 0.0000000000
105336  37.938  14.802  16.473 0.0000000000
103459  38.483  12.811  20.018 0.0000000000
104355  38.831  13.164  19.585 0.0000000000
103460  37.470  12.486  19.959 0.0000000000
103463  36.788  11.829  18.263 0.0000000000
103465  36.997  12.614  17.957 0.0000000000
103470  36.153  12.742  17.216 0.0000000000
104369  36.547  13.444  16.939 0.0000000000
103479  35.934  12.797  16.633 0.0000000000
103480  35.484  12.245  15.921 0.0000000000
103472  35.272  11.604  17.041 0.0000000000
114279  39.898  24.394  10.113 0.0000000000
115155  40.614  24.872  10.842 0.0000000000
115153  42.385  25.123  10.388 0.0000000000
114277  41.822  24.689  9.967 0.0000000000
114285  42.146  24.069  9.572 0.0000000000
113449  41.747  23.195  9.219 0.0000000000
113448  42.552  23.459  9.312 0.0000000000
114260  43.439  24.571  12.409 0.0000000000
112664  43.608  22.370  9.678 0.0000000000
112671  43.607  22.344  8.903 0.0000000000
111863  44.193  21.472  8.689 0.0000000000
111059  44.209  20.519  8.123 0.0000000000
111049  44.544  20.633  9.019 0.0000000000
110185  44.533  19.185  10.588 0.0000000000
109303  44.943  18.714  10.289 0.0000000000
108305  45.081  18.237  11.208 0.0000000000
113383  40.840  23.121  17.075 0.0000000000
113371  41.515  23.581  17.206 0.0000000000
112589  40.709  22.719  16.589 0.0000000000
110994  40.437  21.145  14.819 0.0000000000
111799  40.671  21.962  15.063 0.0000000000
111007  40.952  21.079  14.145 0.0000000000
111822  41.360  21.471  13.793 0.0000000000
110170  41.259  20.372  13.729 0.0000000000
109213  40.721  18.694  16.352 0.0000000000
110133  40.156  19.378  16.022 0.0000000000
109243  42.457  18.771  14.393 0.0000000000
109258  42.417  19.060  13.681 0.0000000000
109257  43.284  18.793  13.310 0.0000000000
109273  43.585  18.914  12.505 0.0000000000
109256  44.625  18.426  13.565 0.0000000000
108264  45.405  17.800  15.032 0.0000000000
109255  45.332  18.137  13.805 0.0000000000
108272  45.380  17.821  14.009 0.0000000000
108283  45.040  17.435  13.201 0.0000000000
108273  44.922  17.469  14.331 0.0000000000
107247  43.390  17.133  14.565 0.0000000000
108266  44.230  17.222  15.395 0.0000000000
107203  44.155  16.584  17.368 0.0000000000
107214  43.601  16.553  16.644 0.0000000000
107197  43.354  16.121  18.026 0.0000000000
106258  42.830  15.886  18.275 0.0000000000
106257  43.766  15.931  18.918 0.0000000000
108194  44.664  17.960  20.935 0.0000000000
108209  45.145  17.421  20.339 0.0000000000
107183  45.251  16.592  20.719 0.0000000000
105293  44.020  15.358  21.763 0.0000000000
106235  44.110  15.475  21.310 0.0000000000
105304  42.597  15.029  20.031 0.0000000000
104338  42.123  13.735  21.705 0.0000000000
123112  37.009  37.042  19.570 0.0000000000
123662  36.811  38.023  18.880 0.0000000000
123121  36.391  36.837  18.539 0.0000000000
121250  36.452  33.845  18.438 0.0000000000
121263  36.879  33.619  17.696 0.0000000000
120521  37.169  32.559  17.894 0.0000000000
119822  37.798  32.464  17.610 0.0000000000
119808  37.758  31.779  18.329 0.0000000000
119077  36.963  30.239  23.222 0.0000000000
119086  36.794  30.052  22.617 0.0000000000
119101  36.931  29.898  20.879 0.0000000000
119762  36.283  30.816  21.850 0.0000000000
119763  36.105  31.451  21.205 0.0000000000
120496  35.841  32.134  21.000 0.0000000000
120505  35.667  32.371  20.198 0.0000000000
119118  36.250  31.216  19.711 0.0000000000
119790  37.579  31.046  19.118 0.0000000000
119123  39.305  31.121  19.351 0.0000000000
119122  40.045  31.214  19.679 0.0000000000
119788  40.821  30.908  19.534 0.0000000000
119114  40.414  30.655  19.897 0.0000000000
116782  41.070  28.695  20.228 0.0000000000
116779  43.394  27.475  19.959 0.0000000000
116800  43.163  27.448  19.739 0.0000000000
115042  41.865  25.453  17.134 0.0000000000
115936  41.774  26.094  18.835 0.0000000000
115043  40.728  25.443  17.123 0.0000000000
115051  40.331  25.310  16.177 0.0000000000
115070  41.109  25.426  15.272 0.0000000000
115126  40.935  25.371  12.315 0.0000000000
115109  40.619  25.534  13.367 0.0000000000
115143  39.243  25.370  11.585 0.0000000000
113442  39.912  23.541  10.040 0.0000000000
112648  39.699  22.136  10.812 0.0000000000
111849  40.548  21.602  10.410 0.0000000000
110211  40.526  19.608  9.380 0.0000000000
110197  40.429  19.884  10.411 0.0000000000
110212  39.999  19.147  10.016 0.0000000000
109305  39.375  18.495  10.138 0.0000000000
109325  39.702  18.695  9.057 0.0000000000
109373  41.465  18.946  6.799 0.0000000000
110231  41.296  19.835  7.168 0.0000000000
109374  40.585  18.654  6.938 0.0000000000
109359  39.605  18.341  7.287 0.0000000000
109360  38.538  18.078  7.128 0.0000000000
108349  38.475  17.742  8.126 0.0000000000
108367  38.059  17.815  7.652 0.0000000000
109361  37.255  18.130  7.340 0.0000000000
109377  37.045  18.327  6.368 0.0000000000
108405  36.969  16.882  5.003 0.0000000000
108395  36.705  17.387  5.521 0.0000000000
107344  36.097  16.456  5.119 0.0000000000
107331  35.886  16.499  6.048 0.0000000000
106399  35.615  15.443  4.564 0.0000000000
107251  39.962  16.468  13.249 0.0000000000
107259  40.627  16.714  12.727 0.0000000000
106333  37.886  15.990  10.977 0.0000000000
106332  38.690  16.098  10.779 0.0000000000
106346  38.139  16.480  10.161 0.0000000000
106345  38.645  16.254  9.740 0.0000000000
106355  37.792  16.007  9.173 0.0000000000
104408  35.061  13.636  12.471 0.0000000000
105376  35.545  14.665  11.599 0.0000000000
105384  35.693  14.127  10.914 0.0000000000
111833  37.631  21.613  12.885 0.0000000000
111029  37.989  21.085  13.369 0.0000000000
111832  38.162  21.458  12.417 0.0000000000
114252  38.759  25.319  12.748 0.0000000000
115111  38.199  25.255  13.256 0.0000000000
115145  37.334  25.137  11.727 0.0000000000
114271  36.810  24.547  11.575 0.0000000000
113436  36.214  24.099  11.560 0.0000000000
101577  41.365  10.685  22.674 0.0000000000
102545  40.956  11.374  22.224 0.0000000000
100549  40.860  9.850  22.119 0.0000000000
99580  40.884  8.601  21.350 0.0000000000
114218  44.097  24.564  17.326 0.0000000000
114233  43.867  24.426  16.186 0.0000000000
114219  43.653  24.013  16.729 0.0000000000
113380  43.221  23.632  16.380 0.0000000000
112587  42.573  23.363  16.093 0.0000000000
108228  38.800  17.735  19.910 0.0000000000
108227  39.765  17.624  19.746 0.0000000000
108214  39.451  17.944  20.540 0.0000000000
109156  41.037  18.469  21.266 0.0000000000
114988  39.723  26.304  22.053 0.0000000000
115874  39.588  26.448  23.004 0.0000000000
114987  40.277  26.263  21.951 0.0000000000
115011  41.778  25.724  21.611 0.0000000000
114170  42.688  25.425  20.837 0.0000000000
114169  43.265  25.646  20.576 0.0000000000
114185  43.160  25.082  20.080 0.0000000000
108331  43.995  18.434  9.586 0.0000000000
109323  42.810  18.562  9.159 0.0000000000
107278  41.313  17.203  10.497 0.0000000000
109292  36.484  17.842  11.845 0.0000000000
109329  34.306  18.472  9.222 0.0000000000
109328  35.129  18.936  9.198 0.0000000000
109345  35.101  18.613  8.056 0.0000000000
117662  39.613  28.823  18.604 0.0000000000
111826  34.865  22.174  14.338 0.0000000000
111815  34.198  21.670  15.082 0.0000000000
110147  33.940  20.296  15.375 0.0000000000
110164  33.352  19.264  15.267 0.0000000000
114171  37.990  25.115  20.150 0.0000000000
114188  38.671  24.883  19.602 0.0000000000
114172  37.563  25.032  20.207 0.0000000000
116767  33.670  26.899  21.282 0.0000000000
116783  33.986  27.859  20.702 0.0000000000
116756  34.887  26.848  22.097 0.0000000000
115878  35.339  26.322  22.251 0.0000000000
114977  36.986  26.031  22.223 0.0000000000
106262  41.594  15.700  17.333 0.0000000000
105318  40.938  15.048  17.488 0.0000000000
106264  39.846  15.043  17.303 0.0000000000
105320  39.371  14.650  17.605 0.0000000000
102561  37.277  11.679  20.407 0.0000000000
132993  36.952  12.288  20.142 0.0000000000
101600  37.402  11.237  19.135 0.0000000000
102565  37.051  11.544  18.633 0.0000000000
101607  36.499  10.985  17.724 0.0000000000
115141  41.291  25.236  11.425 0.0000000000
115140  42.282  25.354  11.175 0.0000000000
115139  42.981  25.138  10.817 0.0000000000
113423  43.437  23.462  12.829 0.0000000000
112646  43.181  22.701  11.680 0.0000000000
111848  43.470  21.666  10.217 0.0000000000
111041  44.391  20.433  9.458 0.0000000000
111042  43.895  20.523  9.925 0.0000000000
112590  39.864  22.547  16.684 0.0000000000
112605  40.119  22.372  16.089 0.0000000000
110995  39.990  20.848  15.512 0.0000000000
110145  40.343  20.052  15.270 0.0000000000
109199  42.325  17.954  17.140 0.0000000000
109212  41.972  18.375  16.311 0.0000000000
109211  43.185  18.225  16.417 0.0000000000
109241  44.886  18.321  14.679 0.0000000000
109225  45.621  18.064  15.730 0.0000000000
108254  45.492  17.753  15.760 0.0000000000
107224  44.831  17.066  16.213 0.0000000000
107212  44.866  17.211  16.738 0.0000000000
107202  44.684  16.985  17.207 0.0000000000
107195  44.745  16.825  17.949 0.0000000000
107150  44.501  16.726  22.537 0.0000000000
106215  44.534  15.665  22.936 0.0000000000
105275  44.124  15.288  22.227 0.0000000000
123099  37.321  37.669  20.154 0.0000000000
122550  37.281  36.309  19.496 0.0000000000
122540  37.103  35.366  19.342 0.0000000000
120512  36.215  32.770  19.004 0.0000000000
120477  34.795  32.621  23.526 0.0000000000
121203  35.385  33.376  23.528 0.0000000000
120466  35.558  32.662  24.290 0.0000000000
119734  36.151  31.919  24.626 0.0000000000
117605  38.210  28.416  22.483 0.0000000000
118393  37.356  29.322  22.251 0.0000000000
118392  37.948  28.582  21.758 0.0000000000
119100  37.671  29.764  20.330 0.0000000000
118431  38.691  29.548  20.136 0.0000000000
118430  39.366  29.894  19.993 0.0000000000
119099  40.840  30.333  20.138 0.0000000000
115943  42.963  25.882  17.839 0.0000000000
115935  42.765  26.311  18.564 0.0000000000
115041  42.734  25.581  17.117 0.0000000000
115093  41.664  25.794  14.525 0.0000000000
116002  41.554  25.754  13.612 0.0000000000
112666  41.141  22.577  9.102 0.0000000000
112657  40.615  22.288  9.757 0.0000000000
111858  41.101  21.653  9.407 0.0000000000
111051  41.410  20.941  9.123 0.0000000000
110221  40.844  19.536  8.541 0.0000000000
108380  40.347  17.863  6.850 0.0000000000
109390  38.804  17.505  6.394 0.0000000000
109391  38.374  17.681  5.976 0.0000000000
108394  37.604  17.145  5.421 0.0000000000
107353  37.052  16.391  5.101 0.0000000000
106292  38.362  15.624  14.340 0.0000000000
106307  38.599  16.085  12.969 0.0000000000
106321  37.644  15.681  12.016 0.0000000000
106334  36.621  16.020  10.973 0.0000000000
110161  36.642  19.808  14.684 0.0000000000
109246  36.223  18.972  14.498 0.0000000000
109261  37.109  18.775  13.916 0.0000000000
110172  38.215  20.164  13.524 0.0000000000
109260  38.025  19.251  13.506 0.0000000000
109275  37.923  18.369  13.063 0.0000000000
109291  37.657  17.956  12.067 0.0000000000
108321  37.843  17.729  10.012 0.0000000000
115947  38.345  26.070  17.366 0.0000000000
115073  37.872  25.768  14.963 0.0000000000
115112  37.259  25.416  13.198 0.0000000000
113426  36.105  23.398  12.210 0.0000000000
111813  35.928  21.554  14.392 0.0000000000
111009  36.188  20.881  14.783 0.0000000000
115890  33.163  26.282  21.213 0.0000000000
115880  33.752  25.978  21.815 0.0000000000
114980  34.075  25.430  22.103 0.0000000000
105306  40.773  13.832  20.199 0.0000000000
104351  39.861  13.248  20.700 0.0000000000
103447  38.324  12.192  21.211 0.0000000000
102552  39.042  11.619  21.187 0.0000000000
102553  37.921  11.688  20.921 0.0000000000
101595  38.520  10.124  20.186 0.0000000000
100567  38.609  9.819  19.793 0.0000000000
115091  43.580  25.430  14.580 0.0000000000
114251  43.433  24.640  13.707 0.0000000000
113404  44.065  23.845  15.001 0.0000000000
113414  43.318  24.063  14.188 0.0000000000
113424  42.936  23.066  13.105 0.0000000000
112636  42.630  22.601  12.650 0.0000000000
111830  42.367  21.846  12.177 0.0000000000
110127  38.217  19.799  17.246 0.0000000000
110126  39.016  19.023  16.988 0.0000000000
108235  40.076  17.563  18.647 0.0000000000
108246  40.730  17.677  17.900 0.0000000000
108245  41.680  17.792  17.872 0.0000000000
108244  42.566  18.110  17.941 0.0000000000
108243  43.091  18.226  18.082 0.0000000000
109189  44.318  18.163  18.760 0.0000000000
109177  44.489  18.400  19.639 0.0000000000
109131  44.362  18.360  20.688 0.0000000000
108195  44.276  17.441  21.604 0.0000000000
109119  43.182  18.071  22.141 0.0000000000
108178  43.679  17.619  22.346 0.0000000000
107142  44.275  16.496  23.213 0.0000000000
106208  43.858  15.537  23.464 0.0000000000
105262  42.982  14.724  23.604 0.0000000000
122526  37.294  35.986  21.897 0.0000000000
118387  36.232  29.562  22.611 0.0000000000
119078  36.599  30.311  23.221 0.0000000000
118380  37.937  29.176  24.187 0.0000000000
117597  38.865  28.636  23.837 0.0000000000
115864  39.476  27.294  23.528 0.0000000000
116742  39.308  27.824  23.504 0.0000000000
117596  39.093  28.243  23.450 0.0000000000
116751  39.445  27.708  22.797 0.0000000000
116763  39.760  27.643  21.994 0.0000000000
116762  40.612  27.754  21.825 0.0000000000
116761  41.506  27.771  21.439 0.0000000000
116760  42.308  27.451  20.797 0.0000000000
115905  43.575  27.012  20.047 0.0000000000
115026  43.659  25.981  19.659 0.0000000000
115934  43.258  25.982  18.286 0.0000000000
115040  43.298  25.574  17.213 0.0000000000
111872  43.196  21.016  7.430 0.0000000000
111070  42.516  20.375  7.060 0.0000000000
110230  42.386  19.471  6.649 0.0000000000
108362  41.781  18.468  6.871 0.0000000000
109339  42.265  18.256  8.352 0.0000000000
109357  41.884  17.995  7.558 0.0000000000
108363  41.440  17.834  7.004 0.0000000000
108364  40.219  17.234  7.405 0.0000000000
107314  39.490  16.637  7.616 0.0000000000
107304  39.136  16.229  7.968 0.0000000000
106310  35.136  15.127  13.552 0.0000000000
104390  34.345  13.985  14.758 0.0000000000
109278  34.531  18.034  12.441 0.0000000000
109312  32.800  17.954  10.603 0.0000000000
107285  33.084  17.241  10.710 0.0000000000
107284  33.639  16.814  10.317 0.0000000000
109347  34.022  18.062  8.899 0.0000000000
108353  34.307  17.714  8.700 0.0000000000
106366  35.126  15.810  8.090 0.0000000000
117673  39.244  29.184  17.886 0.0000000000
116816  38.032  26.747  17.942 0.0000000000
116817  37.414  26.942  17.810 0.0000000000
114212  40.438  24.001  18.179 0.0000000000
113373  39.740  23.358  17.908 0.0000000000
113358  39.255  23.817  18.272 0.0000000000
112576  39.676  22.824  17.424 0.0000000000
112591  39.159  22.270  16.887 0.0000000000
111782  38.476  21.905  17.122 0.0000000000
109193  37.689  18.252  18.881 0.0000000000
121225  33.991  32.880  21.601 0.0000000000
120507  32.680  32.259  21.745 0.0000000000
120498  33.500  32.397  21.887 0.0000000000
119746  33.768  31.888  24.079 0.0000000000
117631  34.290  28.345  20.903 0.0000000000
119088  34.151  30.569  21.892 0.0000000000
118388  35.565  30.048  22.234 0.0000000000
117606  36.924  28.753  23.333 0.0000000000
116753  37.613  27.320  23.241 0.0000000000
115875  38.507  26.632  22.947 0.0000000000
114976  38.034  26.149  22.306 0.0000000000
114975  39.002  26.419  22.353 0.0000000000
114187  41.101  25.157  19.652 0.0000000000
108285  42.455  17.135  13.409 0.0000000000
108298  41.861  17.242  12.799 0.0000000000
107249  41.702  16.874  13.815 0.0000000000
107250  40.786  16.723  13.558 0.0000000000
106291  39.615  16.102  14.094 0.0000000000
105346  36.853  14.626  15.282 0.0000000000
105311  39.540  13.798  19.377 0.0000000000
105315  39.186  14.142  18.798 0.0000000000
105321  38.225  14.106  17.958 0.0000000000
104360  37.873  12.972  18.899 0.0000000000
104363  37.518  13.201  18.038 0.0000000000
105328  37.373  14.299  17.082 0.0000000000
105338  36.448  14.146  15.655 0.0000000000
104388  35.774  13.637  15.379 0.0000000000
104378  35.431  12.888  15.425 0.0000000000
114280  38.651  24.634  10.626 0.0000000000
113443  38.838  23.854  10.311 0.0000000000
113451  40.234  24.016  9.826 0.0000000000
114278  41.022  24.377  10.341 0.0000000000
114287  40.562  24.114  9.878 0.0000000000
113450  40.751  23.489  9.634 0.0000000000
112665  41.565  22.786  8.948 0.0000000000
112673  41.950  22.488  8.700 0.0000000000
112672  42.861  22.323  8.529 0.0000000000
114275  43.116  24.402  10.245 0.0000000000
113440  43.400  23.547  10.498 0.0000000000
113454  42.958  22.912  9.058 0.0000000000
111060  43.744  20.835  7.743 0.0000000000
110217  44.462  19.594  8.015 0.0000000000
109336  44.723  18.984  8.486 0.0000000000
110195  44.669  19.704  9.662 0.0000000000
109320  45.081  18.941  9.287 0.0000000000
109321  44.454  18.594  9.144 0.0000000000
108316  44.353  18.336  10.233 0.0000000000
108306  44.331  17.825  11.295 0.0000000000
108296  44.168  17.454  12.367 0.0000000000
112574  42.059  23.489  16.818 0.0000000000
112573  42.391  23.401  16.649 0.0000000000
112603  41.898  22.815  15.515 0.0000000000
112604  40.874  22.470  15.728 0.0000000000
112616  41.238  22.440  15.001 0.0000000000
112615  41.923  22.878  14.499 0.0000000000
111811  41.620  22.179  13.932 0.0000000000
111831  41.972  21.662  12.718 0.0000000000
110144  40.997  19.325  14.962 0.0000000000
109229  41.624  18.877  15.394 0.0000000000
109244  41.589  19.136  14.575 0.0000000000
110158  41.133  19.666  14.179 0.0000000000
110169  42.148  19.843  13.190 0.0000000000
110179  42.578  19.686  12.009 0.0000000000
110178  43.574  19.296  11.901 0.0000000000
109288  45.321  18.257  12.009 0.0000000000
109271  45.337  18.260  12.766 0.0000000000
108294  45.524  18.087  12.087 0.0000000000
107239  42.781  16.867  15.012 0.0000000000
107225  44.211  16.758  15.876 0.0000000000
107215  42.428  16.337  16.624 0.0000000000
106261  42.466  16.002  17.616 0.0000000000
106259  41.873  15.355  18.331 0.0000000000
109188  44.759  17.728  19.012 0.0000000000
107191  45.064  16.379  19.026 0.0000000000
106244  45.009  15.791  20.808 0.0000000000
106253  44.443  15.779  19.639 0.0000000000
106254  43.135  15.573  19.393 0.0000000000
105305  41.678  14.139  20.343 0.0000000000
104349  41.613  13.691  21.030 0.0000000000
104339  41.199  13.257  21.397 0.0000000000
103433  41.733  12.457  22.362 0.0000000000
102544  41.757  11.822  22.582 0.0000000000
121972  37.293  34.566  17.326 0.0000000000
121262  37.478  34.055  17.154 0.0000000000
120535  38.211  33.122  17.301 0.0000000000
119820  39.881  31.959  17.773 0.0000000000
122520  37.003  35.829  22.452 0.0000000000
121925  37.116  34.354  21.839 0.0000000000
119743  36.710  31.389  24.183 0.0000000000
121222  36.601  33.303  21.757 0.0000000000
121232  36.432  33.757  20.460 0.0000000000
120513  35.883  32.569  19.659 0.0000000000
119791  36.721  31.607  19.031 0.0000000000
119117  36.898  30.649  19.657 0.0000000000
119807  39.086  31.549  18.481 0.0000000000
119805  40.872  31.354  19.011 0.0000000000
119121  40.941  30.737  19.264 0.0000000000
119098  41.051  30.345  20.111 0.0000000000
118428  41.129  30.016  19.787 0.0000000000
117650  40.190  28.494  19.333 0.0000000000
115926  39.531  27.351  19.005 0.0000000000
116801  42.287  27.749  19.834 0.0000000000
115924  41.357  26.961  19.439 0.0000000000
115937  40.588  26.576  18.598 0.0000000000
115946  39.912  26.002  17.824 0.0000000000
115095  39.701  25.260  14.224 0.0000000000
115094  40.842  25.615  14.366 0.0000000000
115128  38.807  25.479  12.337 0.0000000000
115157  38.782  25.122  11.061 0.0000000000
112649  39.195  22.431  11.033 0.0000000000
111841  39.692  21.665  11.187 0.0000000000
111036  39.602  20.816  11.648 0.0000000000
110188  40.190  20.222  11.254 0.0000000000
108320  38.747  17.964  9.985 0.0000000000
111071  41.757  20.405  7.387 0.0000000000
110220  41.391  19.968  8.024 0.0000000000
109340  40.227  19.162  8.235 0.0000000000
109358  40.269  18.990  7.486 0.0000000000
109341  39.629  18.620  8.000 0.0000000000
109326  39.113  18.122  8.413 0.0000000000
108335  38.457  18.013  9.050 0.0000000000
108336  37.200  17.849  9.091 0.0000000000
108351  36.722  18.094  8.503 0.0000000000
109363  35.771  18.181  6.960 0.0000000000
109393  36.890  18.171  5.864 0.0000000000
109379  35.994  18.012  6.397 0.0000000000
108384  35.793  17.522  6.543 0.0000000000
107266  41.260  16.890  12.415 0.0000000000
108309  40.976  17.209  11.256 0.0000000000
107279  40.698  16.828  10.612 0.0000000000
107261  39.102  16.226  12.050 0.0000000000
107268  39.550  16.465  11.129 0.0000000000
107280  39.888  16.273  9.995 0.0000000000
106344  39.265  16.105  9.423 0.0000000000
106353  39.201  16.163  8.654 0.0000000000
106364  38.783  15.767  8.022 0.0000000000
106323  35.387  15.401  12.516 0.0000000000
106335  35.960  15.496  11.652 0.0000000000
105383  36.225  14.689  10.476 0.0000000000
106347  36.725  15.625  9.873 0.0000000000
107293  37.043  15.860  9.591 0.0000000000
106365  38.081  15.408  8.329 0.0000000000
106374  37.952  15.608  7.348 0.0000000000
106379  37.489  15.581  6.211 0.0000000000
105421  36.766  15.203  5.915 0.0000000000
99588  41.613  8.428  20.643 0.0000000000
99596  42.575  8.630  19.743 0.0000000000
99597  41.509  8.643  19.725 0.0000000000
99605  42.169  8.873  19.112 0.0000000000
100560  40.969  9.125  21.874 0.0000000000
101590  38.208  11.271  20.416 0.0000000000
101597  37.260  11.485  19.835 0.0000000000
102554  37.287  11.963  20.796 0.0000000000
102560  37.855  11.456  20.410 0.0000000000
102563  36.826  11.967  19.734 0.0000000000
102566  36.623  11.398  18.003 0.0000000000
102568  36.188  11.326  17.503 0.0000000000
102570  35.420  11.371  17.009 0.0000000000
102572  35.458  11.289  16.340 0.0000000000
102573  35.441  11.356  16.805 0.0000000000
103444  41.637  12.949  22.038 0.0000000000
103455  39.110  12.861  20.406 0.0000000000
103456  38.282  12.595  20.754 0.0000000000
103458  39.017  12.976  19.928 0.0000000000
103466  36.376  12.130  17.734 0.0000000000
103468  35.477  11.509  17.185 0.0000000000
103471  35.344  12.245  17.076 0.0000000000
103481  34.199  14.091  15.534 0.0000000000
103482  34.058  14.233  15.454 0.0000000000
103490  34.201  14.036  15.344 0.0000000000
103491  34.139  14.272  15.243 0.0000000000
104353  40.241  13.650  20.228 0.0000000000
104356  38.237  12.933  19.463 0.0000000000
104358  39.118  13.601  19.331 0.0000000000
104359  38.539  13.471  19.025 0.0000000000
104364  36.773  12.960  17.568 0.0000000000
104379  34.189  14.251  15.308 0.0000000000
104380  33.916  14.307  15.253 0.0000000000
104391  33.669  14.083  14.908 0.0000000000
104399  34.688  13.300  13.728 0.0000000000
104400  33.876  13.875  14.051 0.0000000000
104401  33.698  14.145  14.440 0.0000000000
104409  34.513  13.948  13.232 0.0000000000
105308  42.349  15.301  19.395 0.0000000000
105316  38.518  13.814  18.557 0.0000000000
105319  40.371  14.844  17.636 0.0000000000
105322  37.569  13.795  17.626 0.0000000000
105326  39.059  14.895  17.146 0.0000000000
105329  36.732  13.986  16.340 0.0000000000
105339  34.124  14.309  15.129 0.0000000000
105340  33.952  14.395  14.952 0.0000000000
105347  36.118  14.313  14.763 0.0000000000
105348  35.179  14.532  14.397 0.0000000000
105349  34.271  14.408  14.560 0.0000000000
105350  33.920  14.439  14.492 0.0000000000
105360  35.642  14.899  13.887 0.0000000000
105361  34.015  14.522  13.814 0.0000000000
105362  33.863  14.422  14.145 0.0000000000
105370  34.372  14.522  13.422 0.0000000000
106243  45.325  16.193  20.390 0.0000000000
106263  40.400  15.277  17.146 0.0000000000
106280  37.371  14.816  15.362 0.0000000000
106290  40.380  16.233  14.384 0.0000000000
106294  36.378  14.749  14.190 0.0000000000
106295  34.762  14.888  14.038 0.0000000000
106296  34.315  14.818  14.078 0.0000000000
106297  34.002  14.687  14.123 0.0000000000
106311  34.420  14.952  13.658 0.0000000000
106312  34.058  14.786  13.910 0.0000000000
106324  34.697  15.107  13.074 0.0000000000
106356  37.209  15.493  9.387 0.0000000000
106363  39.140  16.130  8.256 0.0000000000
106373  38.497  15.871  7.544 0.0000000000
106397  36.647  15.952  4.855 0.0000000000
107143  43.688  16.458  23.357 0.0000000000
107182  45.437  16.591  19.969 0.0000000000
107196  44.048  16.140  18.215 0.0000000000
107205  42.379  16.109  17.290 0.0000000000
107238  43.640  17.042  15.262 0.0000000000
107240  41.915  16.663  14.652 0.0000000000
107241  40.979  16.532  14.382 0.0000000000
107242  40.333  16.396  13.938 0.0000000000
107252  39.340  16.357  12.779 0.0000000000
107267  40.654  16.806  11.737 0.0000000000
107269  38.937  16.122  11.425 0.0000000000
107270  37.838  16.370  10.457 0.0000000000
107281  37.601  16.469  9.905 0.0000000000
107282  37.021  16.288  9.959 0.0000000000
107292  37.350  16.058  9.525 0.0000000000
107313  40.038  16.828  8.045 0.0000000000
107315  38.880  16.203  7.453 0.0000000000
107329  38.694  16.453  6.764 0.0000000000
107343  36.525  16.742  5.159 0.0000000000
107355  36.126  15.947  4.624 0.0000000000
108210  44.983  17.207  21.078 0.0000000000
108215  38.931  17.984  20.500 0.0000000000
108223  45.389  17.209  19.389 0.0000000000
108232  42.862  18.065  18.431 0.0000000000
108236  39.173  17.660  19.008 0.0000000000
108255  45.287  17.551  16.356 0.0000000000
108274  44.117  17.492  14.812 0.0000000000
108286  41.828  17.063  13.300 0.0000000000
108287  34.554  18.202  14.200 0.0000000000
108304  45.381  18.169  11.674 0.0000000000
108315  44.893  18.498  10.408 0.0000000000
108323  35.777  18.185  9.765 0.0000000000
108325  33.160  17.676  10.393 0.0000000000
108332  43.383  18.206  9.708 0.0000000000
108338  35.584  18.556  9.275 0.0000000000
108348  40.507  17.039  8.076 0.0000000000
108354  33.931  17.912  9.144 0.0000000000
108366  38.536  17.849  7.623 0.0000000000
108369  34.753  17.559  8.062 0.0000000000
108378  41.632  18.683  6.769 0.0000000000
108383  36.187  17.735  6.068 0.0000000000
108393  38.489  16.967  5.917 0.0000000000
108406  36.726  16.859  5.080 0.0000000000
109118  43.567  18.032  21.832 0.0000000000
109152  44.667  18.237  20.307 0.0000000000
109153  44.109  18.573  20.360 0.0000000000
109190  43.568  18.146  18.465 0.0000000000
109245  36.798  19.201  14.425 0.0000000000
109259  38.432  19.598  13.268 0.0000000000
109274  38.539  19.140  12.950 0.0000000000
109322  43.641  18.571  9.144 0.0000000000
109337  44.160  18.717  8.363 0.0000000000
109343  36.871  18.231  8.062 0.0000000000
109355  43.631  19.002  7.671 0.0000000000
109372  41.959  18.929  6.723 0.0000000000
109378  36.396  18.135  6.282 0.0000000000
110148  33.480  20.049  15.439 0.0000000000
110171  41.043  20.673  13.978 0.0000000000
110174  37.130  19.475  14.383 0.0000000000
110209  43.689  18.649  8.799 0.0000000000
110210  41.194  20.232  8.902 0.0000000000
110218  44.170  18.606  8.738 0.0000000000
110219  43.879  18.631  8.637 0.0000000000
110232  40.915  19.372  7.763 0.0000000000
110240  41.832  19.500  6.596 0.0000000000
110241  41.330  19.415  6.867 0.0000000000
111017  41.936  20.616  12.831 0.0000000000
111019  41.226  20.885  13.760 0.0000000000
111020  38.079  20.772  13.477 0.0000000000
111022  36.863  21.022  14.396 0.0000000000
111027  41.896  20.989  12.733 0.0000000000
111034  42.811  20.348  11.420 0.0000000000
111035  40.267  21.127  11.132 0.0000000000
111043  40.590  20.693  10.676 0.0000000000
111050  44.254  20.910  9.382 0.0000000000
111068  44.171  20.006  7.678 0.0000000000
111069  43.605  20.363  7.432 0.0000000000
111077  41.737  20.042  6.676 0.0000000000
111789  39.027  21.470  16.721 0.0000000000
111821  41.711  21.910  13.367 0.0000000000
111825  35.581  22.077  14.017 0.0000000000
111843  38.096  21.949  12.203 0.0000000000
111850  40.031  21.923  10.752 0.0000000000
111855  44.296  21.451  9.147 0.0000000000
111867  41.397  21.909  8.861 0.0000000000
111871  43.532  20.940  7.596 0.0000000000
112561  39.301  22.970  18.001 0.0000000000
112577  38.905  22.510  17.585 0.0000000000
112586  43.150  23.545  15.788 0.0000000000
112602  42.859  23.223  15.239 0.0000000000
112626  42.088  22.708  13.681 0.0000000000
112640  36.289  22.827  12.783 0.0000000000
112647  42.763  22.368  12.023 0.0000000000
112658  40.025  22.560  10.443 0.0000000000
112663  44.069  21.872  9.305 0.0000000000
112670  44.144  22.007  9.109 0.0000000000
113372  40.438  23.500  17.610 0.0000000000
113381  42.884  23.419  16.715 0.0000000000
113382  41.206  23.051  16.853 0.0000000000
113393  43.821  24.200  15.811 0.0000000000
113403  43.964  24.172  15.590 0.0000000000
113406  42.491  23.319  14.310 0.0000000000
113417  35.986  23.051  12.806 0.0000000000
113418  35.577  23.137  12.875 0.0000000000
113433  38.699  23.189  10.873 0.0000000000
113444  38.247  24.259  10.676 0.0000000000
113456  41.994  22.922  8.892 0.0000000000
114138  34.345  25.036  22.135 0.0000000000
114168  43.485  25.772  20.401 0.0000000000
114173  36.633  24.897  20.330 0.0000000000
114184  43.554  25.583  20.091 0.0000000000
114189  38.183  24.962  19.768 0.0000000000
114196  43.951  24.876  18.596 0.0000000000
114201  38.858  24.624  19.173 0.0000000000
114208  44.056  24.790  18.221 0.0000000000
114234  43.695  24.124  16.243 0.0000000000
114253  38.581  25.256  12.918 0.0000000000
114261  38.474  25.383  12.645 0.0000000000
114262  38.296  25.317  12.817 0.0000000000
114269  38.341  24.953  10.996 0.0000000000
114284  42.792  24.074  9.639 0.0000000000
114985  42.486  26.186  21.682 0.0000000000
115009  43.480  26.100  20.464 0.0000000000
115030  38.457  25.143  20.032 0.0000000000
115038  44.145  25.107  17.868 0.0000000000
115152  42.810  24.894  10.314 0.0000000000
115863  39.721  27.354  23.398 0.0000000000
115866  38.078  27.118  23.298 0.0000000000
115872  40.800  27.101  22.667 0.0000000000
115888  39.981  26.253  22.617 0.0000000000
115889  33.866  26.550  21.605 0.0000000000
115908  41.061  26.033  21.963 0.0000000000
115942  43.305  25.731  17.758 0.0000000000
115982  42.087  25.800  13.705 0.0000000000
115984  41.394  25.980  14.146 0.0000000000
116001  41.945  25.564  13.419 0.0000000000
116750  40.316  27.387  22.627 0.0000000000
116752  39.009  27.758  22.326 0.0000000000
116764  39.251  27.632  22.124 0.0000000000
116799  43.422  27.246  19.830 0.0000000000
116813  37.023  27.740  18.291 0.0000000000
117598  38.328  28.746  24.239 0.0000000000
117603  39.196  28.067  23.217 0.0000000000
117604  38.760  28.233  22.896 0.0000000000
117607  36.222  28.481  22.416 0.0000000000
117614  38.353  28.164  22.146 0.0000000000
117627  41.459  28.469  20.907 0.0000000000
117665  36.766  28.459  18.351 0.0000000000
118378  38.551  29.011  23.717 0.0000000000
118379  38.357  29.271  24.012 0.0000000000
118384  38.535  28.737  23.500 0.0000000000
118429  39.939  30.377  20.156 0.0000000000
118440  37.283  28.924  18.286 0.0000000000
118451  40.558  30.452  18.014 0.0000000000
118455  36.861  29.070  18.186 0.0000000000
119087  35.115  30.493  22.061 0.0000000000
119102  36.368  30.771  20.264 0.0000000000
119735  35.136  31.961  24.338 0.0000000000
119737  33.911  31.988  24.238 0.0000000000
119745  34.591  31.703  24.023 0.0000000000
119774  35.934  31.487  20.382 0.0000000000
119789  40.542  31.221  19.495 0.0000000000
120467  34.609  32.209  24.184 0.0000000000
120468  34.151  32.085  24.238 0.0000000000
120476  35.419  33.060  23.853 0.0000000000
120478  33.968  32.253  24.116 0.0000000000
120497  34.130  32.798  21.869 0.0000000000
120522  36.656  32.991  18.142 0.0000000000
120537  36.880  32.999  17.667 0.0000000000
121213  35.072  33.590  22.826 0.0000000000
121241  35.838  33.129  19.892 0.0000000000
121287  37.547  34.587  16.340 0.0000000000
121924  37.168  34.871  22.450 0.0000000000
121983  37.352  34.667  17.129 0.0000000000
122532  37.500  36.025  21.022 0.0000000000
123073  37.180  36.761  22.119 0.0000000000
123111  37.281  36.530  19.869 0.0000000000
132994  37.045  12.181  20.418 0.0000000000
