#!ascii label  , from subject 4032 vox2ras=TkReg
298
94415  28.074  2.436  -33.929 0.0000000000
84101  27.258  -7.785  -32.147 0.0000000000
99168  27.247  7.854  -31.847 0.0000000000
107704  21.078  16.582  -29.108 0.0000000000
81916  25.612  -9.686  -30.783 0.0000000000
101239  25.452  9.670  -34.076 0.0000000000
103108  24.524  11.360  -32.845 0.0000000000
92285  27.689  0.284  -30.507 0.0000000000
89251  27.442  -2.771  -32.624 0.0000000000
92339  29.140  0.309  -33.551 0.0000000000
97259  30.103  6.025  -36.143 0.0000000000
95399  32.168  3.403  -34.404 0.0000000000
97217  27.755  5.475  -32.819 0.0000000000
100222  28.568  8.196  -35.707 0.0000000000
105794  23.273  14.706  -29.435 0.0000000000
105842  23.879  14.069  -32.328 0.0000000000
86205  29.494  -5.199  -33.790 0.0000000000
102232  24.838  10.781  -31.992 0.0000000000
103973  25.005  12.404  -30.848 0.0000000000
93336  28.427  1.451  -32.124 0.0000000000
92306  28.092  0.504  -32.660 0.0000000000
93371  28.652  1.529  -34.036 0.0000000000
81927  26.711  -9.321  -31.994 0.0000000000
98201  28.084  6.767  -32.420 0.0000000000
99206  28.242  7.037  -34.350 0.0000000000
100197  27.304  8.015  -33.669 0.0000000000
101253  24.263  9.922  -35.586 0.0000000000
100212  25.809  9.395  -35.874 0.0000000000
106748  19.523  16.132  -29.548 0.0000000000
104809  21.520  14.090  -28.377 0.0000000000
106746  22.358  15.788  -29.343 0.0000000000
133140  23.397  19.111  -32.593 0.0000000000
108779  23.489  17.173  -33.095 0.0000000000
106797  23.561  15.611  -32.310 0.0000000000
106807  23.418  15.782  -33.112 0.0000000000
104879  23.380  13.785  -33.688 0.0000000000
89263  28.538  -2.900  -33.223 0.0000000000
88199  27.835  -3.681  -33.110 0.0000000000
81903  24.353  -9.887  -29.916 0.0000000000
100187  26.386  8.609  -32.979 0.0000000000
101230  25.419  9.293  -32.778 0.0000000000
102240  24.563  10.312  -34.219 0.0000000000
103117  24.047  11.239  -34.216 0.0000000000
89212  26.982  -2.440  -30.354 0.0000000000
90247  27.513  -1.390  -31.207 0.0000000000
91311  28.079  -1.212  -33.257 0.0000000000
91309  29.747  -0.835  -33.484 0.0000000000
96327  29.169  4.497  -35.203 0.0000000000
94429  29.779  3.127  -35.216 0.0000000000
96325  30.972  4.654  -35.980 0.0000000000
94359  28.121  2.655  -30.571 0.0000000000
95344  27.813  3.663  -30.520 0.0000000000
96311  28.446  4.475  -33.787 0.0000000000
97246  28.530  5.299  -34.324 0.0000000000
99216  29.418  7.004  -35.701 0.0000000000
100236  29.508  8.829  -37.268 0.0000000000
100211  26.294  8.922  -35.344 0.0000000000
100231  27.549  9.447  -36.754 0.0000000000
104830  23.419  13.593  -29.039 0.0000000000
108743  22.602  17.477  -30.231 0.0000000000
106764  23.342  15.685  -30.182 0.0000000000
105816  23.862  14.569  -30.661 0.0000000000
104861  24.941  13.734  -31.089 0.0000000000
104872  24.150  13.277  -32.121 0.0000000000
103118  23.311  12.151  -34.374 0.0000000000
86187  26.363  -6.235  -31.690 0.0000000000
88182  27.280  -3.624  -32.114 0.0000000000
94413  30.413  2.068  -33.854 0.0000000000
92338  30.116  0.218  -33.316 0.0000000000
103972  25.351  11.623  -30.936 0.0000000000
94399  28.501  2.632  -32.759 0.0000000000
93358  28.292  1.437  -33.287 0.0000000000
80765  23.958  -11.290  -29.364 0.0000000000
83017  27.030  -8.948  -32.407 0.0000000000
99167  27.577  7.344  -32.078 0.0000000000
99181  28.039  7.277  -33.006 0.0000000000
100186  27.205  7.903  -32.631 0.0000000000
101267  24.383  10.428  -36.302 0.0000000000
101277  25.244  10.526  -36.534 0.0000000000
107705  20.462  16.357  -29.337 0.0000000000
106730  19.964  15.699  -29.313 0.0000000000
106729  20.961  15.664  -29.156 0.0000000000
106747  21.608  16.015  -29.214 0.0000000000
107787  23.328  16.435  -33.371 0.0000000000
107801  22.902  15.753  -33.937 0.0000000000
89262  29.248  -2.863  -33.300 0.0000000000
84085  25.509  -7.856  -30.774 0.0000000000
101221  26.009  9.494  -31.627 0.0000000000
102222  25.785  9.958  -31.426 0.0000000000
103107  24.921  10.718  -33.148 0.0000000000
103116  24.706  10.815  -33.638 0.0000000000
108733  18.627  17.556  -29.999 0.0000000000
91263  27.377  -0.653  -30.704 0.0000000000
91262  27.608  -0.468  -31.533 0.0000000000
92327  28.483  0.389  -33.363 0.0000000000
91299  27.997  -0.479  -32.987 0.0000000000
91310  28.654  -0.821  -33.595 0.0000000000
80794  24.888  -10.160  -30.456 0.0000000000
80793  25.242  -10.362  -30.340 0.0000000000
97253  29.707  5.447  -35.710 0.0000000000
96326  29.957  4.429  -35.610 0.0000000000
97252  30.321  5.033  -35.883 0.0000000000
93301  27.654  2.018  -30.196 0.0000000000
97198  27.686  5.464  -31.519 0.0000000000
96258  27.697  4.588  -30.952 0.0000000000
96273  28.288  4.097  -32.379 0.0000000000
97216  27.955  5.047  -33.118 0.0000000000
97233  28.235  5.303  -33.460 0.0000000000
100209  28.221  7.766  -34.839 0.0000000000
99217  28.829  7.218  -35.206 0.0000000000
100221  29.375  7.687  -35.801 0.0000000000
100229  29.673  8.118  -36.642 0.0000000000
100188  25.794  9.067  -33.513 0.0000000000
100198  26.479  9.020  -34.088 0.0000000000
101251  25.860  9.231  -34.581 0.0000000000
101274  28.464  9.670  -37.233 0.0000000000
105775  22.344  14.777  -28.842 0.0000000000
104808  22.498  13.746  -28.524 0.0000000000
109765  23.418  18.046  -32.820 0.0000000000
108742  23.165  17.491  -30.678 0.0000000000
107728  23.397  16.556  -30.867 0.0000000000
106783  23.360  15.560  -31.287 0.0000000000
105833  23.768  14.793  -31.891 0.0000000000
105832  24.348  14.108  -31.537 0.0000000000
104002  23.187  13.396  -34.479 0.0000000000
103996  23.531  12.871  -33.662 0.0000000000
103126  23.210  12.441  -35.196 0.0000000000
86170  25.772  -5.719  -30.956 0.0000000000
89235  27.241  -2.243  -31.852 0.0000000000
88158  27.448  -2.907  -31.127 0.0000000000
87222  28.847  -4.738  -33.670 0.0000000000
87200  27.479  -4.285  -32.870 0.0000000000
87216  27.560  -5.424  -33.052 0.0000000000
86200  27.383  -5.891  -32.644 0.0000000000
95400  31.058  3.110  -34.932 0.0000000000
94425  30.330  2.608  -34.667 0.0000000000
94424  31.319  2.684  -34.073 0.0000000000
102223  25.528  10.420  -31.523 0.0000000000
103089  25.556  11.057  -30.901 0.0000000000
103099  24.713  11.312  -31.728 0.0000000000
103985  24.367  12.218  -31.740 0.0000000000
92284  27.874  0.441  -31.686 0.0000000000
81929  25.676  -9.287  -31.238 0.0000000000
81915  26.625  -9.526  -31.294 0.0000000000
82991  26.840  -8.789  -30.562 0.0000000000
98235  30.415  6.633  -36.428 0.0000000000
97257  31.684  5.745  -36.560 0.0000000000
98169  27.343  6.381  -31.045 0.0000000000
98182  27.966  6.166  -32.409 0.0000000000
98213  27.842  6.111  -33.368 0.0000000000
99180  28.019  6.649  -33.200 0.0000000000
99194  27.812  7.328  -33.794 0.0000000000
99207  27.810  7.707  -34.288 0.0000000000
101252  25.238  9.386  -35.208 0.0000000000
101266  25.322  9.806  -36.177 0.0000000000
101265  25.976  9.693  -36.409 0.0000000000
106728  21.747  15.399  -29.111 0.0000000000
105795  22.748  15.179  -29.288 0.0000000000
109780  23.415  17.701  -33.435 0.0000000000
108769  23.630  17.339  -32.236 0.0000000000
107748  23.600  16.485  -31.771 0.0000000000
105843  23.494  14.715  -33.082 0.0000000000
133040  23.032  14.513  -34.143 0.0000000000
89250  27.961  -2.616  -33.026 0.0000000000
88198  28.251  -3.244  -33.227 0.0000000000
88208  28.833  -3.787  -33.392 0.0000000000
80783  23.836  -10.454  -29.512 0.0000000000
83006  25.308  -8.802  -30.700 0.0000000000
83019  25.775  -8.836  -31.452 0.0000000000
83018  26.362  -8.892  -32.072 0.0000000000
84102  26.760  -7.912  -32.109 0.0000000000
100177  26.881  8.483  -31.922 0.0000000000
101229  26.252  9.012  -32.319 0.0000000000
102231  25.135  10.372  -32.546 0.0000000000
102239  25.077  10.224  -33.431 0.0000000000
101240  24.386  9.604  -34.740 0.0000000000
102250  23.830  10.410  -34.996 0.0000000000
102262  23.367  10.781  -35.946 0.0000000000
107717  19.198  16.647  -29.761 0.0000000000
108724  20.192  16.801  -29.513 0.0000000000
108731  20.980  17.494  -29.511 0.0000000000
90270  27.362  -1.325  -31.945 0.0000000000
91284  27.642  -0.116  -32.237 0.0000000000
91285  27.609  -0.884  -32.400 0.0000000000
90280  27.638  -1.814  -32.602 0.0000000000
90290  28.487  -1.977  -33.191 0.0000000000
90289  29.477  -1.870  -33.475 0.0000000000
95403  28.476  3.462  -34.316 0.0000000000
95402  28.943  3.240  -34.648 0.0000000000
95410  29.427  3.585  -35.186 0.0000000000
95409  30.382  3.540  -35.392 0.0000000000
95408  31.546  3.983  -35.210 0.0000000000
96328  31.636  5.205  -36.147 0.0000000000
96324  32.156  4.797  -35.753 0.0000000000
95407  32.769  4.058  -35.181 0.0000000000
93320  28.227  1.454  -30.859 0.0000000000
94379  28.562  2.495  -31.515 0.0000000000
95343  28.293  3.269  -31.123 0.0000000000
95360  28.362  3.532  -31.961 0.0000000000
95393  28.325  3.513  -33.464 0.0000000000
96319  28.616  4.453  -34.688 0.0000000000
97254  28.793  5.323  -35.165 0.0000000000
98231  28.543  6.187  -34.844 0.0000000000
98230  29.068  6.251  -35.525 0.0000000000
98236  29.756  6.439  -35.952 0.0000000000
99221  30.404  7.505  -36.628 0.0000000000
100228  30.412  7.961  -36.896 0.0000000000
100210  27.408  8.288  -34.884 0.0000000000
100223  27.417  8.729  -36.075 0.0000000000
100230  28.611  8.890  -36.830 0.0000000000
103958  23.928  12.589  -29.016 0.0000000000
109718  22.169  17.959  -30.206 0.0000000000
108730  21.893  17.365  -29.979 0.0000000000
107714  22.487  16.687  -29.778 0.0000000000
106765  22.933  16.096  -29.726 0.0000000000
106745  22.990  15.504  -29.537 0.0000000000
104848  23.813  13.901  -29.811 0.0000000000
104847  24.397  13.457  -30.465 0.0000000000
103957  24.422  12.443  -29.931 0.0000000000
104862  24.711  13.365  -31.263 0.0000000000
103995  23.851  12.490  -32.758 0.0000000000
104873  23.651  13.507  -32.925 0.0000000000
103109  23.765  11.998  -33.575 0.0000000000
103125  23.261  11.340  -35.094 0.0000000000
85177  26.216  -6.947  -31.580 0.0000000000
84113  27.038  -7.365  -32.492 0.0000000000
88183  26.922  -4.337  -31.785 0.0000000000
87181  26.428  -4.973  -31.599 0.0000000000
86186  26.712  -5.899  -32.183 0.0000000000
85187  27.113  -6.654  -32.463 0.0000000000
93377  28.893  2.136  -34.459 0.0000000000
93376  29.150  1.940  -34.386 0.0000000000
93370  29.583  1.379  -33.790 0.0000000000
94412  31.297  1.919  -33.372 0.0000000000
93369  30.634  1.181  -33.266 0.0000000000
81928  26.121  -9.344  -31.579 0.0000000000
85176  26.688  -6.870  -32.178 0.0000000000
86199  28.072  -5.870  -33.150 0.0000000000
86206  28.697  -5.373  -33.506 0.0000000000
87215  27.912  -4.867  -33.339 0.0000000000
88209  28.359  -4.297  -33.361 0.0000000000
89211  27.454  -2.110  -30.942 0.0000000000
90279  27.970  -1.994  -32.981 0.0000000000
90291  27.917  -1.628  -33.046 0.0000000000
91261  27.563  -0.012  -31.831 0.0000000000
91300  27.772  -1.189  -32.919 0.0000000000
94414  29.711  2.178  -34.284 0.0000000000
94426  29.390  2.698  -34.738 0.0000000000
94427  28.653  2.546  -34.383 0.0000000000
94428  30.050  2.901  -35.169 0.0000000000
95361  28.012  3.923  -31.294 0.0000000000
95380  28.369  3.664  -32.715 0.0000000000
95401  30.458  2.963  -35.145 0.0000000000
95411  28.879  3.844  -34.810 0.0000000000
96274  27.868  4.519  -31.980 0.0000000000
96294  28.095  4.840  -33.138 0.0000000000
96295  28.180  4.554  -32.913 0.0000000000
96296  27.796  4.930  -32.491 0.0000000000
96310  28.270  4.829  -33.316 0.0000000000
96329  31.237  5.303  -36.262 0.0000000000
97197  27.984  5.734  -32.126 0.0000000000
97218  27.754  5.205  -32.203 0.0000000000
97232  28.142  5.038  -33.279 0.0000000000
97251  32.166  5.445  -36.211 0.0000000000
97258  30.687  5.634  -36.282 0.0000000000
98183  27.924  6.419  -31.827 0.0000000000
98200  27.849  6.394  -32.902 0.0000000000
98226  28.300  6.121  -33.969 0.0000000000
98234  31.255  6.446  -36.738 0.0000000000
99156  27.456  6.907  -31.555 0.0000000000
99157  27.118  7.529  -31.198 0.0000000000
99193  28.057  6.769  -33.609 0.0000000000
99222  29.873  7.266  -36.186 0.0000000000
100176  27.270  7.933  -32.124 0.0000000000
100199  25.969  9.367  -33.876 0.0000000000
100224  26.481  9.404  -36.338 0.0000000000
100225  25.871  9.561  -36.224 0.0000000000
100237  29.018  9.050  -37.191 0.0000000000
101222  25.508  9.861  -32.113 0.0000000000
101238  25.995  9.416  -34.131 0.0000000000
101276  26.319  10.086  -36.684 0.0000000000
101282  28.827  9.235  -37.143 0.0000000000
102224  25.040  10.899  -31.612 0.0000000000
103098  25.301  11.210  -31.313 0.0000000000
103134  23.142  11.567  -35.708 0.0000000000
103984  25.017  11.770  -31.296 0.0000000000
104829  24.059  13.206  -29.604 0.0000000000
104846  24.750  13.738  -30.863 0.0000000000
105774  22.903  14.192  -28.939 0.0000000000
105814  24.976  14.038  -30.941 0.0000000000
105815  24.631  14.120  -30.886 0.0000000000
105831  24.784  13.964  -31.237 0.0000000000
106731  19.531  15.349  -29.265 0.0000000000
107715  21.744  16.646  -29.480 0.0000000000
107716  19.875  16.501  -29.546 0.0000000000
107718  18.434  16.634  -29.731 0.0000000000
108723  20.540  16.934  -29.435 0.0000000000
110615  23.364  19.312  -31.848 0.0000000000
