#!ascii label  , from subject 4069 vox2ras=TkReg
609
19725  -42.405  -64.253  -22.520 0.0000000000
23345  -39.767  -61.005  -28.027 0.0000000000
25944  -43.389  -60.005  -25.467 0.0000000000
22156  -44.406  -62.851  -27.528 0.0000000000
27355  -41.564  -58.125  -29.687 0.0000000000
20884  -44.884  -63.759  -18.501 0.0000000000
28500  -38.209  -57.767  -21.648 0.0000000000
28459  -36.824  -57.466  -18.555 0.0000000000
28540  -38.160  -57.900  -26.112 0.0000000000
27311  -42.247  -58.307  -27.819 0.0000000000
29805  -38.224  -56.439  -27.815 0.0000000000
25877  -42.286  -59.562  -20.871 0.0000000000
25864  -41.056  -59.608  -19.611 0.0000000000
30959  -34.842  -54.839  -17.268 0.0000000000
32342  -34.725  -54.736  -19.224 0.0000000000
18555  -39.113  -66.143  -25.032 0.0000000000
22154  -42.464  -62.237  -27.247 0.0000000000
18584  -40.808  -65.827  -28.491 0.0000000000
19773  -38.686  -64.528  -27.498 0.0000000000
22111  -46.590  -62.054  -23.498 0.0000000000
19758  -43.945  -64.911  -24.851 0.0000000000
26026  -45.621  -59.636  -29.375 0.0000000000
23407  -43.618  -61.142  -31.290 0.0000000000
24543  -45.023  -61.201  -21.445 0.0000000000
27258  -40.020  -59.383  -23.004 0.0000000000
28526  -35.835  -57.579  -23.445 0.0000000000
23249  -39.066  -61.310  -19.941 0.0000000000
32345  -36.960  -56.102  -20.080 0.0000000000
31047  -34.624  -56.295  -21.529 0.0000000000
32412  -32.725  -53.965  -23.629 0.0000000000
17359  -41.781  -67.050  -26.605 0.0000000000
23440  -38.506  -61.601  -32.891 0.0000000000
24644  -37.435  -59.910  -28.783 0.0000000000
22148  -33.069  -62.654  -26.759 0.0000000000
29789  -35.579  -56.034  -26.010 0.0000000000
28562  -37.261  -56.790  -26.944 0.0000000000
19757  -41.209  -65.160  -24.204 0.0000000000
22152  -40.829  -61.841  -27.126 0.0000000000
20980  -40.643  -63.127  -26.471 0.0000000000
22135  -38.983  -62.270  -26.592 0.0000000000
20994  -37.246  -63.692  -27.246 0.0000000000
22134  -37.961  -62.335  -26.571 0.0000000000
24593  -45.095  -60.337  -24.552 0.0000000000
25958  -45.209  -59.642  -26.328 0.0000000000
27336  -42.457  -58.098  -28.658 0.0000000000
27338  -44.394  -58.528  -28.320 0.0000000000
27375  -43.792  -58.958  -30.045 0.0000000000
24692  -44.636  -60.319  -30.327 0.0000000000
26044  -43.389  -59.385  -30.767 0.0000000000
23256  -46.369  -62.104  -20.531 0.0000000000
23254  -44.942  -61.802  -19.696 0.0000000000
28503  -40.142  -58.317  -21.579 0.0000000000
27245  -40.857  -59.021  -22.057 0.0000000000
27243  -39.446  -58.712  -22.475 0.0000000000
27255  -37.893  -58.911  -23.757 0.0000000000
28513  -36.272  -57.626  -22.547 0.0000000000
25842  -38.117  -58.885  -19.328 0.0000000000
27187  -38.598  -58.313  -19.309 0.0000000000
29710  -36.995  -56.507  -19.300 0.0000000000
33674  -33.688  -53.609  -19.378 0.0000000000
32371  -34.500  -55.207  -19.978 0.0000000000
33702  -33.380  -54.204  -20.680 0.0000000000
32404  -33.156  -54.852  -22.693 0.0000000000
19769  -44.055  -64.388  -26.307 0.0000000000
17320  -42.802  -66.273  -25.375 0.0000000000
17361  -43.027  -66.099  -26.990 0.0000000000
15119  -40.033  -67.671  -29.267 0.0000000000
23483  -37.758  -61.740  -34.746 0.0000000000
24686  -38.171  -60.212  -30.789 0.0000000000
24619  -33.856  -60.638  -27.318 0.0000000000
25941  -40.443  -59.361  -25.644 0.0000000000
25956  -43.142  -59.531  -26.381 0.0000000000
27291  -40.192  -58.182  -26.661 0.0000000000
28565  -40.280  -57.634  -27.626 0.0000000000
28581  -39.757  -57.341  -28.362 0.0000000000
23253  -44.034  -61.651  -19.522 0.0000000000
27202  -41.331  -58.943  -19.852 0.0000000000
29736  -40.047  -58.060  -20.770 0.0000000000
29696  -35.870  -56.561  -18.418 0.0000000000
30986  -35.979  -56.189  -19.070 0.0000000000
32329  -35.092  -54.984  -18.389 0.0000000000
33675  -34.292  -54.050  -18.743 0.0000000000
35004  -33.458  -52.315  -19.069 0.0000000000
22155  -43.477  -62.542  -27.394 0.0000000000
19777  -42.678  -64.557  -27.348 0.0000000000
19776  -41.743  -64.347  -27.249 0.0000000000
18570  -40.278  -65.299  -27.896 0.0000000000
18597  -38.513  -65.927  -29.610 0.0000000000
19809  -37.027  -65.026  -29.465 0.0000000000
19791  -35.603  -64.233  -29.083 0.0000000000
19790  -34.608  -64.210  -29.057 0.0000000000
20963  -45.124  -63.760  -23.134 0.0000000000
19746  -43.886  -64.584  -23.813 0.0000000000
22122  -45.746  -62.703  -25.617 0.0000000000
23351  -45.777  -61.478  -27.038 0.0000000000
27313  -44.769  -58.778  -27.657 0.0000000000
24651  -46.394  -59.801  -27.977 0.0000000000
23372  -44.951  -61.492  -28.416 0.0000000000
23371  -44.179  -61.213  -28.709 0.0000000000
23387  -42.879  -60.977  -29.692 0.0000000000
23386  -42.005  -61.263  -30.023 0.0000000000
20938  -45.881  -63.271  -21.581 0.0000000000
24557  -46.415  -61.224  -22.440 0.0000000000
25912  -44.232  -60.408  -23.494 0.0000000000
25886  -43.539  -60.189  -21.268 0.0000000000
25896  -42.662  -59.709  -22.586 0.0000000000
25927  -41.420  -60.065  -24.749 0.0000000000
25924  -39.224  -59.293  -24.727 0.0000000000
27275  -36.637  -57.943  -24.889 0.0000000000
31068  -34.923  -56.127  -25.003 0.0000000000
25863  -39.917  -59.448  -19.389 0.0000000000
28469  -39.487  -57.836  -19.826 0.0000000000
29733  -37.583  -57.106  -20.891 0.0000000000
31000  -35.524  -55.663  -19.520 0.0000000000
31026  -36.059  -56.216  -20.447 0.0000000000
29752  -36.016  -56.941  -21.497 0.0000000000
29768  -34.813  -56.715  -22.499 0.0000000000
31062  -33.545  -55.267  -23.455 0.0000000000
18539  -42.801  -65.857  -24.789 0.0000000000
16164  -40.462  -67.442  -25.915 0.0000000000
16217  -41.576  -67.020  -28.180 0.0000000000
15107  -39.769  -68.122  -28.606 0.0000000000
26090  -42.530  -60.336  -32.266 0.0000000000
23424  -42.615  -61.960  -32.161 0.0000000000
24667  -40.352  -60.890  -30.067 0.0000000000
24687  -39.060  -60.740  -30.718 0.0000000000
24624  -38.803  -60.706  -28.222 0.0000000000
23321  -36.403  -61.718  -26.813 0.0000000000
22131  -35.208  -62.354  -26.804 0.0000000000
29790  -36.343  -56.328  -26.433 0.0000000000
19743  -40.528  -64.727  -23.691 0.0000000000
19744  -41.801  -64.752  -23.578 0.0000000000
23325  -40.245  -61.472  -27.232 0.0000000000
22136  -40.122  -62.185  -26.670 0.0000000000
23324  -39.361  -61.482  -26.996 0.0000000000
25945  -44.634  -60.139  -25.292 0.0000000000
24594  -45.477  -60.246  -25.047 0.0000000000
28605  -41.739  -57.782  -29.144 0.0000000000
27357  -43.188  -58.408  -29.335 0.0000000000
27356  -42.050  -58.156  -29.386 0.0000000000
27374  -42.784  -58.755  -30.136 0.0000000000
18436  -44.655  -65.226  -18.190 0.0000000000
19651  -45.193  -64.427  -18.712 0.0000000000
22063  -45.490  -62.744  -19.397 0.0000000000
22062  -44.877  -62.350  -19.290 0.0000000000
29770  -39.402  -57.806  -21.668 0.0000000000
28517  -39.471  -58.058  -21.938 0.0000000000
28516  -38.868  -58.059  -22.147 0.0000000000
28515  -38.084  -58.208  -22.230 0.0000000000
28499  -37.457  -57.668  -21.800 0.0000000000
27185  -37.101  -58.262  -18.787 0.0000000000
25859  -36.902  -59.320  -19.159 0.0000000000
25860  -37.533  -59.400  -19.399 0.0000000000
27186  -37.813  -58.266  -19.203 0.0000000000
28460  -37.549  -57.612  -19.004 0.0000000000
29698  -37.305  -56.946  -18.899 0.0000000000
33673  -32.854  -53.363  -20.299 0.0000000000
33701  -32.725  -53.501  -21.217 0.0000000000
35029  -32.505  -52.615  -20.859 0.0000000000
21000  -44.432  -63.953  -27.153 0.0000000000
19768  -43.581  -64.941  -26.431 0.0000000000
19778  -43.424  -64.827  -27.152 0.0000000000
24663  -36.594  -59.725  -29.773 0.0000000000
24642  -35.062  -59.966  -28.317 0.0000000000
27278  -39.418  -58.845  -25.714 0.0000000000
27279  -40.367  -58.911  -26.139 0.0000000000
27290  -38.997  -58.233  -26.442 0.0000000000
28563  -37.808  -57.006  -27.204 0.0000000000
28551  -39.544  -57.702  -26.971 0.0000000000
28564  -38.998  -57.207  -27.620 0.0000000000
29806  -38.822  -56.732  -27.992 0.0000000000
28487  -41.006  -58.570  -20.426 0.0000000000
28486  -40.416  -58.340  -20.324 0.0000000000
29671  -35.488  -56.367  -17.635 0.0000000000
30960  -35.116  -55.407  -17.581 0.0000000000
30985  -35.498  -55.730  -18.516 0.0000000000
32302  -34.873  -54.751  -17.789 0.0000000000
33655  -33.794  -52.973  -18.725 0.0000000000
17336  -38.615  -66.509  -25.604 0.0000000000
20998  -42.477  -63.417  -27.127 0.0000000000
20982  -42.101  -62.847  -27.003 0.0000000000
20996  -39.128  -63.868  -26.837 0.0000000000
19774  -39.692  -64.642  -27.306 0.0000000000
18569  -39.249  -65.302  -27.991 0.0000000000
19794  -38.238  -65.109  -28.217 0.0000000000
18581  -37.925  -65.355  -29.122 0.0000000000
20993  -36.340  -63.489  -27.399 0.0000000000
19771  -36.834  -64.197  -27.963 0.0000000000
21015  -36.034  -63.834  -28.266 0.0000000000
21014  -35.137  -63.820  -28.281 0.0000000000
22102  -46.136  -62.575  -23.111 0.0000000000
20964  -45.491  -63.369  -23.343 0.0000000000
22139  -45.591  -62.556  -26.445 0.0000000000
23352  -46.426  -60.944  -26.736 0.0000000000
27293  -42.757  -58.956  -27.088 0.0000000000
27294  -43.932  -59.187  -27.128 0.0000000000
27312  -43.629  -58.536  -27.714 0.0000000000
27339  -45.574  -58.834  -28.541 0.0000000000
26005  -46.093  -59.715  -28.607 0.0000000000
23373  -45.530  -61.129  -28.119 0.0000000000
24671  -45.548  -60.553  -28.986 0.0000000000
24691  -43.883  -60.846  -30.719 0.0000000000
24690  -43.500  -60.944  -30.116 0.0000000000
23369  -42.041  -61.041  -28.849 0.0000000000
23406  -43.071  -61.394  -30.898 0.0000000000
23282  -46.185  -61.484  -21.241 0.0000000000
23283  -46.585  -61.565  -21.583 0.0000000000
24544  -46.194  -61.263  -21.827 0.0000000000
24569  -44.677  -60.466  -23.339 0.0000000000
24555  -44.954  -60.675  -22.536 0.0000000000
24522  -43.509  -61.122  -20.048 0.0000000000
24523  -44.259  -61.425  -19.886 0.0000000000
25878  -43.022  -60.296  -20.462 0.0000000000
27259  -40.778  -59.488  -22.854 0.0000000000
27246  -41.839  -59.380  -22.079 0.0000000000
25895  -41.700  -59.575  -22.752 0.0000000000
25910  -42.597  -59.935  -23.526 0.0000000000
25908  -40.687  -59.763  -23.825 0.0000000000
25926  -40.541  -59.748  -24.862 0.0000000000
25907  -39.923  -59.583  -23.984 0.0000000000
28527  -36.509  -58.133  -23.493 0.0000000000
27267  -36.845  -58.285  -24.415 0.0000000000
28533  -36.293  -57.775  -24.350 0.0000000000
28537  -35.550  -57.045  -24.998 0.0000000000
29778  -34.950  -56.559  -24.416 0.0000000000
24518  -39.593  -60.436  -19.518 0.0000000000
30988  -38.229  -56.855  -19.638 0.0000000000
28462  -38.911  -57.711  -19.452 0.0000000000
31029  -38.251  -56.735  -20.218 0.0000000000
31028  -37.619  -56.816  -20.598 0.0000000000
32343  -35.268  -55.222  -18.915 0.0000000000
31024  -34.262  -55.925  -20.984 0.0000000000
31025  -34.954  -55.913  -20.481 0.0000000000
29730  -35.290  -56.489  -21.175 0.0000000000
31048  -35.986  -56.424  -20.987 0.0000000000
29751  -35.226  -56.767  -21.794 0.0000000000
31059  -34.228  -56.120  -22.490 0.0000000000
32403  -32.698  -54.238  -22.819 0.0000000000
32413  -33.104  -54.633  -23.526 0.0000000000
31066  -33.559  -54.930  -23.994 0.0000000000
19759  -44.697  -64.140  -24.519 0.0000000000
18514  -42.906  -65.207  -24.180 0.0000000000
18515  -43.388  -65.293  -24.570 0.0000000000
17340  -42.310  -66.630  -25.900 0.0000000000
17339  -41.489  -67.026  -25.731 0.0000000000
16181  -41.015  -67.643  -26.466 0.0000000000
16179  -39.523  -67.501  -26.482 0.0000000000
16198  -39.457  -67.909  -27.319 0.0000000000
18572  -42.109  -65.252  -27.762 0.0000000000
18586  -42.370  -65.874  -28.019 0.0000000000
17388  -41.054  -66.578  -28.704 0.0000000000
15118  -39.162  -67.935  -29.643 0.0000000000
26066  -41.947  -59.619  -31.472 0.0000000000
26065  -41.011  -59.542  -31.813 0.0000000000
23423  -41.733  -62.182  -32.186 0.0000000000
23405  -41.997  -61.760  -31.154 0.0000000000
23404  -41.153  -61.658  -31.357 0.0000000000
24664  -37.741  -59.895  -29.789 0.0000000000
24665  -38.596  -60.258  -29.671 0.0000000000
24666  -39.543  -60.622  -29.916 0.0000000000
24623  -38.022  -60.421  -27.964 0.0000000000
23343  -37.673  -60.942  -27.265 0.0000000000
23342  -36.681  -60.905  -27.077 0.0000000000
23340  -34.708  -61.442  -26.824 0.0000000000
23319  -35.084  -61.918  -26.748 0.0000000000
22149  -34.372  -62.517  -26.907 0.0000000000
28548  -36.547  -56.875  -26.032 0.0000000000
28550  -38.323  -57.661  -26.672 0.0000000000
28549  -37.130  -57.102  -26.467 0.0000000000
29791  -36.970  -56.643  -26.784 0.0000000000
29804  -37.136  -56.309  -27.231 0.0000000000
32301  -34.806  -54.157  -17.423 0.0000000000
33631  -34.861  -53.118  -17.106 0.0000000000
18537  -40.862  -65.808  -24.574 0.0000000000
22153  -41.590  -61.920  -27.283 0.0000000000
22138  -41.781  -62.524  -26.989 0.0000000000
22137  -41.111  -62.442  -26.792 0.0000000000
20979  -39.594  -63.074  -26.459 0.0000000000
19772  -37.759  -64.334  -27.759 0.0000000000
20978  -38.553  -63.084  -26.515 0.0000000000
20977  -37.594  -63.106  -26.656 0.0000000000
22133  -37.034  -62.413  -26.763 0.0000000000
24571  -46.323  -60.850  -23.434 0.0000000000
24585  -46.427  -60.707  -24.708 0.0000000000
25931  -46.076  -60.272  -25.202 0.0000000000
25959  -45.997  -59.457  -26.546 0.0000000000
27337  -43.421  -58.332  -28.499 0.0000000000
27358  -44.400  -58.621  -29.275 0.0000000000
27376  -44.660  -59.049  -30.153 0.0000000000
26047  -45.161  -59.634  -30.032 0.0000000000
26046  -44.690  -59.618  -30.401 0.0000000000
26069  -44.286  -60.085  -30.942 0.0000000000
26068  -43.758  -59.977  -31.322 0.0000000000
23255  -45.916  -62.004  -20.035 0.0000000000
23273  -45.434  -61.558  -20.518 0.0000000000
27219  -41.679  -59.010  -21.045 0.0000000000
27230  -41.516  -59.058  -21.490 0.0000000000
27229  -40.903  -58.845  -21.782 0.0000000000
27244  -40.093  -58.766  -22.341 0.0000000000
27257  -39.324  -59.334  -23.189 0.0000000000
27242  -38.733  -58.771  -22.632 0.0000000000
27240  -37.536  -58.654  -23.221 0.0000000000
25861  -38.383  -59.542  -19.489 0.0000000000
25862  -39.132  -59.726  -19.457 0.0000000000
29699  -37.907  -57.087  -19.374 0.0000000000
31002  -37.282  -56.401  -19.799 0.0000000000
32341  -34.087  -54.583  -19.995 0.0000000000
32370  -33.919  -55.340  -20.654 0.0000000000
31046  -33.950  -55.733  -21.605 0.0000000000
32395  -33.373  -54.914  -21.680 0.0000000000
33724  -32.553  -53.800  -22.076 0.0000000000
33732  -32.447  -53.416  -22.867 0.0000000000
19763  -44.299  -64.319  -25.464 0.0000000000
18540  -43.376  -65.678  -25.289 0.0000000000
18556  -43.449  -65.517  -26.014 0.0000000000
17341  -43.095  -66.190  -26.116 0.0000000000
17360  -42.473  -66.491  -26.763 0.0000000000
17405  -40.438  -66.664  -29.229 0.0000000000
23438  -37.032  -60.880  -32.872 0.0000000000
24731  -37.908  -60.938  -32.364 0.0000000000
24710  -37.631  -60.407  -31.722 0.0000000000
24622  -36.999  -60.222  -27.734 0.0000000000
24620  -34.887  -60.524  -27.438 0.0000000000
23339  -33.436  -61.543  -26.847 0.0000000000
25942  -41.275  -59.553  -25.784 0.0000000000
25955  -42.167  -59.362  -26.371 0.0000000000
27292  -41.374  -58.741  -26.664 0.0000000000
27310  -40.952  -58.144  -27.395 0.0000000000
28552  -40.145  -57.778  -27.072 0.0000000000
28566  -41.376  -57.792  -28.050 0.0000000000
28582  -40.845  -57.486  -28.523 0.0000000000
28603  -40.229  -57.533  -29.159 0.0000000000
22046  -44.526  -62.833  -18.883 0.0000000000
25866  -42.754  -60.564  -20.030 0.0000000000
24521  -42.554  -61.028  -19.491 0.0000000000
27203  -41.760  -59.005  -20.403 0.0000000000
28488  -41.326  -58.668  -20.783 0.0000000000
29757  -39.792  -57.957  -21.277 0.0000000000
29756  -39.098  -57.693  -21.286 0.0000000000
28437  -36.126  -57.692  -18.278 0.0000000000
28458  -36.246  -57.104  -18.360 0.0000000000
29697  -36.618  -56.600  -18.826 0.0000000000
32328  -34.626  -54.371  -18.278 0.0000000000
35003  -32.753  -52.596  -19.807 0.0000000000
20999  -43.540  -63.737  -27.308 0.0000000000
18571  -41.240  -65.291  -27.760 0.0000000000
19793  -37.376  -64.731  -28.589 0.0000000000
19792  -36.499  -64.426  -28.912 0.0000000000
19808  -36.106  -64.695  -29.954 0.0000000000
19807  -35.033  -64.613  -29.935 0.0000000000
19727  -44.503  -63.961  -22.982 0.0000000000
19745  -42.848  -64.613  -23.449 0.0000000000
19747  -44.906  -64.019  -23.586 0.0000000000
19760  -45.102  -63.957  -24.056 0.0000000000
20970  -45.100  -63.720  -24.830 0.0000000000
22118  -45.872  -62.726  -24.792 0.0000000000
20973  -44.892  -63.774  -25.349 0.0000000000
20984  -45.329  -63.355  -25.958 0.0000000000
21001  -45.173  -63.428  -26.738 0.0000000000
22157  -45.180  -62.809  -27.261 0.0000000000
25957  -44.227  -59.713  -26.346 0.0000000000
27295  -44.964  -59.242  -26.972 0.0000000000
27315  -46.262  -59.004  -27.726 0.0000000000
24625  -45.938  -60.806  -27.652 0.0000000000
23350  -45.025  -61.883  -27.651 0.0000000000
23349  -44.284  -61.744  -27.730 0.0000000000
23348  -43.349  -61.490  -27.771 0.0000000000
24669  -44.143  -60.912  -29.690 0.0000000000
24649  -43.703  -61.031  -29.137 0.0000000000
23347  -42.293  -61.395  -27.873 0.0000000000
23346  -41.078  -61.335  -27.882 0.0000000000
23368  -40.802  -60.952  -29.147 0.0000000000
20953  -44.481  -63.766  -22.209 0.0000000000
20955  -46.066  -62.847  -22.348 0.0000000000
22103  -46.661  -62.144  -22.511 0.0000000000
20920  -46.385  -63.128  -21.001 0.0000000000
22096  -46.805  -62.074  -21.612 0.0000000000
23295  -46.675  -61.467  -22.983 0.0000000000
24570  -45.520  -60.579  -23.333 0.0000000000
25930  -44.418  -60.345  -24.057 0.0000000000
25929  -43.519  -60.217  -24.378 0.0000000000
24536  -44.539  -61.290  -20.375 0.0000000000
25887  -44.271  -60.622  -21.411 0.0000000000
25885  -42.565  -59.596  -21.722 0.0000000000
25897  -43.505  -60.051  -22.234 0.0000000000
25898  -44.250  -60.546  -21.920 0.0000000000
25911  -43.644  -60.265  -23.282 0.0000000000
25928  -42.450  -60.164  -24.574 0.0000000000
25925  -39.734  -59.401  -25.008 0.0000000000
27277  -38.239  -58.364  -25.662 0.0000000000
27268  -37.632  -58.626  -24.606 0.0000000000
27276  -37.141  -58.190  -25.245 0.0000000000
28538  -36.391  -57.384  -25.414 0.0000000000
29781  -35.586  -56.552  -25.498 0.0000000000
25844  -39.460  -58.976  -19.364 0.0000000000
27189  -39.790  -58.781  -19.484 0.0000000000
27200  -39.794  -58.403  -19.712 0.0000000000
28485  -39.793  -58.021  -20.318 0.0000000000
29734  -38.305  -57.246  -20.727 0.0000000000
29755  -38.259  -57.547  -21.162 0.0000000000
31001  -36.626  -56.227  -19.783 0.0000000000
30999  -34.914  -55.389  -19.759 0.0000000000
31027  -36.939  -56.564  -20.598 0.0000000000
31049  -36.484  -56.681  -21.084 0.0000000000
29732  -37.039  -56.935  -21.112 0.0000000000
29753  -36.906  -57.133  -21.378 0.0000000000
28498  -36.769  -57.495  -21.936 0.0000000000
29769  -35.507  -57.186  -22.495 0.0000000000
29774  -35.145  -57.040  -23.440 0.0000000000
31058  -33.657  -55.492  -22.550 0.0000000000
31063  -34.010  -55.892  -23.410 0.0000000000
29777  -34.297  -56.211  -23.971 0.0000000000
31067  -34.202  -55.527  -24.501 0.0000000000
32421  -34.064  -54.813  -25.039 0.0000000000
18513  -42.402  -65.035  -23.961 0.0000000000
18538  -41.975  -65.665  -24.420 0.0000000000
17317  -40.452  -66.487  -25.026 0.0000000000
17319  -42.168  -66.452  -25.123 0.0000000000
17318  -41.312  -66.454  -25.049 0.0000000000
17337  -39.795  -66.898  -25.400 0.0000000000
17357  -39.087  -67.079  -26.144 0.0000000000
18573  -42.748  -65.415  -27.586 0.0000000000
17376  -42.654  -66.128  -27.589 0.0000000000
16200  -41.348  -67.470  -27.485 0.0000000000
16216  -40.764  -67.516  -28.527 0.0000000000
16199  -40.369  -67.892  -27.551 0.0000000000
31099  -36.371  -55.367  -27.544 0.0000000000
29817  -38.697  -56.618  -28.404 0.0000000000
28602  -39.025  -56.943  -29.129 0.0000000000
28618  -40.728  -57.898  -29.861 0.0000000000
27373  -41.510  -58.653  -30.372 0.0000000000
26043  -42.545  -59.329  -30.792 0.0000000000
26067  -42.998  -59.834  -31.512 0.0000000000
26091  -43.332  -60.505  -32.006 0.0000000000
26089  -41.551  -60.227  -32.400 0.0000000000
24735  -42.764  -61.155  -32.588 0.0000000000
23425  -43.380  -61.394  -31.809 0.0000000000
23385  -41.152  -61.333  -30.407 0.0000000000
23367  -39.940  -60.838  -28.833 0.0000000000
23420  -39.347  -61.509  -32.354 0.0000000000
23402  -39.575  -61.251  -31.531 0.0000000000
23403  -40.392  -61.490  -31.452 0.0000000000
24688  -39.898  -61.072  -30.725 0.0000000000
24647  -39.974  -60.762  -29.358 0.0000000000
23344  -38.651  -61.025  -27.510 0.0000000000
23322  -37.348  -61.629  -26.835 0.0000000000
22132  -36.067  -62.661  -26.881 0.0000000000
23320  -35.540  -61.840  -26.780 0.0000000000
22150  -35.294  -63.023  -27.030 0.0000000000
20991  -34.713  -63.438  -27.477 0.0000000000
16163  -39.925  -67.440  -26.022 0.0000000000
16165  -40.972  -67.388  -25.850 0.0000000000
16180  -40.162  -67.703  -26.602 0.0000000000
16234  -40.389  -67.093  -29.313 0.0000000000
17316  -40.049  -66.527  -25.009 0.0000000000
17338  -40.765  -67.010  -25.460 0.0000000000
17358  -39.612  -67.255  -25.988 0.0000000000
17375  -42.012  -66.785  -27.470 0.0000000000
17377  -42.978  -66.024  -27.323 0.0000000000
17389  -42.039  -66.337  -28.109 0.0000000000
17390  -42.423  -66.137  -27.995 0.0000000000
18437  -45.006  -64.849  -18.440 0.0000000000
18512  -40.324  -65.343  -24.330 0.0000000000
18536  -39.901  -66.029  -24.715 0.0000000000
18563  -43.319  -65.595  -26.673 0.0000000000
18574  -43.071  -65.721  -27.261 0.0000000000
18585  -41.689  -65.872  -28.255 0.0000000000
19650  -44.829  -64.580  -18.054 0.0000000000
19726  -43.618  -63.954  -22.562 0.0000000000
19728  -44.918  -63.888  -23.059 0.0000000000
19748  -45.247  -63.790  -23.825 0.0000000000
19756  -40.735  -65.209  -24.282 0.0000000000
19762  -43.723  -64.941  -25.688 0.0000000000
19765  -40.143  -63.943  -26.668 0.0000000000
19767  -41.608  -63.812  -26.926 0.0000000000
19779  -43.841  -64.498  -26.828 0.0000000000
20885  -45.437  -63.707  -19.094 0.0000000000
20939  -46.502  -62.733  -21.538 0.0000000000
20952  -44.068  -63.721  -22.034 0.0000000000
20954  -45.207  -63.607  -22.520 0.0000000000
20956  -46.619  -62.444  -21.978 0.0000000000
20974  -45.417  -63.343  -25.153 0.0000000000
20976  -36.839  -63.097  -26.922 0.0000000000
20981  -41.623  -63.224  -26.770 0.0000000000
20983  -44.680  -63.853  -26.186 0.0000000000
20992  -35.572  -63.494  -27.577 0.0000000000
20995  -38.151  -63.786  -27.024 0.0000000000
20997  -41.878  -63.713  -27.023 0.0000000000
22047  -45.110  -63.288  -18.978 0.0000000000
22064  -46.262  -62.655  -20.085 0.0000000000
22083  -46.616  -62.512  -20.840 0.0000000000
22130  -34.837  -62.057  -26.754 0.0000000000
22140  -46.015  -62.120  -25.973 0.0000000000
22207  -41.835  -62.350  -32.589 0.0000000000
22208  -42.067  -62.291  -32.583 0.0000000000
22225  -42.248  -62.241  -32.842 0.0000000000
23228  -44.431  -62.116  -19.268 0.0000000000
23274  -46.147  -61.712  -20.703 0.0000000000
23275  -46.685  -61.781  -20.992 0.0000000000
23281  -45.751  -61.509  -20.986 0.0000000000
23288  -46.668  -61.594  -22.139 0.0000000000
23323  -38.326  -61.589  -26.872 0.0000000000
23326  -45.939  -61.870  -26.367 0.0000000000
23370  -43.185  -61.012  -28.757 0.0000000000
23390  -45.307  -61.146  -28.707 0.0000000000
23439  -37.539  -61.151  -32.924 0.0000000000
23445  -42.998  -61.543  -32.388 0.0000000000
24517  -38.682  -60.299  -19.670 0.0000000000
24535  -44.030  -60.676  -20.726 0.0000000000
24542  -44.229  -60.635  -21.157 0.0000000000
24545  -46.487  -61.424  -21.961 0.0000000000
24554  -44.197  -60.460  -22.753 0.0000000000
24556  -45.862  -60.864  -22.473 0.0000000000
24568  -44.189  -60.433  -23.227 0.0000000000
24583  -45.115  -60.446  -23.933 0.0000000000
24584  -45.789  -60.468  -24.321 0.0000000000
24641  -34.071  -60.070  -28.115 0.0000000000
24645  -38.394  -60.218  -28.806 0.0000000000
24646  -39.271  -60.663  -28.948 0.0000000000
24648  -43.463  -60.993  -29.101 0.0000000000
24650  -46.057  -60.400  -28.145 0.0000000000
24668  -43.487  -60.973  -29.420 0.0000000000
24685  -37.057  -59.798  -30.908 0.0000000000
24689  -40.585  -61.298  -30.787 0.0000000000
24693  -45.245  -60.184  -29.726 0.0000000000
24711  -38.616  -60.912  -31.781 0.0000000000
24712  -43.807  -60.708  -31.479 0.0000000000
24713  -44.120  -60.439  -30.900 0.0000000000
24730  -37.214  -60.695  -32.436 0.0000000000
24736  -43.412  -61.108  -32.172 0.0000000000
25841  -37.324  -58.847  -19.127 0.0000000000
25843  -38.976  -59.052  -19.331 0.0000000000
25865  -42.139  -59.794  -19.903 0.0000000000
25906  -39.224  -59.490  -24.161 0.0000000000
25909  -41.590  -59.853  -23.684 0.0000000000
25932  -46.346  -60.438  -25.387 0.0000000000
25940  -39.978  -59.165  -25.677 0.0000000000
25943  -42.303  -59.854  -25.595 0.0000000000
25946  -45.674  -59.927  -25.731 0.0000000000
25947  -46.315  -60.097  -25.945 0.0000000000
26003  -38.066  -59.889  -29.180 0.0000000000
26004  -38.342  -60.077  -29.242 0.0000000000
26006  -46.262  -59.207  -28.080 0.0000000000
26024  -38.224  -60.015  -29.458 0.0000000000
26025  -38.417  -60.157  -29.470 0.0000000000
26045  -44.168  -59.477  -30.675 0.0000000000
27188  -39.315  -58.412  -19.438 0.0000000000
27201  -40.443  -58.725  -19.707 0.0000000000
27217  -40.873  -58.605  -20.034 0.0000000000
27218  -41.055  -58.716  -19.950 0.0000000000
27241  -37.986  -58.732  -22.929 0.0000000000
27254  -37.226  -58.525  -23.684 0.0000000000
27256  -38.598  -59.242  -23.487 0.0000000000
27269  -38.645  -59.107  -24.684 0.0000000000
27270  -39.252  -59.176  -25.052 0.0000000000
27280  -40.852  -59.153  -26.121 0.0000000000
27289  -38.418  -58.047  -26.257 0.0000000000
27309  -40.394  -57.914  -27.195 0.0000000000
27314  -45.866  -58.944  -27.366 0.0000000000
27340  -46.116  -58.859  -27.938 0.0000000000
27359  -45.288  -58.994  -29.757 0.0000000000
27377  -45.033  -59.261  -30.165 0.0000000000
27392  -41.273  -59.236  -31.173 0.0000000000
28461  -38.215  -57.702  -19.359 0.0000000000
28470  -39.958  -58.247  -20.037 0.0000000000
28471  -41.249  -58.709  -20.036 0.0000000000
28472  -41.372  -58.731  -20.295 0.0000000000
28501  -38.905  -57.743  -21.660 0.0000000000
28502  -39.259  -57.779  -21.647 0.0000000000
28504  -40.822  -58.575  -21.435 0.0000000000
28505  -41.283  -58.717  -21.182 0.0000000000
28514  -37.165  -58.244  -22.639 0.0000000000
28518  -39.968  -58.327  -21.837 0.0000000000
28519  -40.444  -58.603  -21.828 0.0000000000
28532  -35.627  -57.306  -24.387 0.0000000000
28539  -37.606  -57.706  -25.900 0.0000000000
28567  -41.953  -57.977  -28.315 0.0000000000
28580  -39.144  -56.882  -28.275 0.0000000000
28583  -41.729  -57.739  -28.755 0.0000000000
28604  -41.335  -57.703  -29.311 0.0000000000
28619  -41.298  -58.047  -29.799 0.0000000000
29700  -38.470  -57.206  -19.592 0.0000000000
29711  -37.551  -56.685  -19.438 0.0000000000
29712  -37.957  -56.908  -19.330 0.0000000000
29713  -38.930  -57.249  -19.833 0.0000000000
29731  -35.698  -56.356  -20.871 0.0000000000
29735  -39.179  -57.482  -20.476 0.0000000000
29737  -40.653  -58.374  -20.824 0.0000000000
29738  -41.012  -58.520  -20.872 0.0000000000
29754  -37.563  -57.360  -21.247 0.0000000000
29758  -40.416  -58.285  -21.182 0.0000000000
29759  -40.981  -58.518  -21.117 0.0000000000
29771  -39.573  -57.941  -21.611 0.0000000000
29773  -34.468  -56.516  -23.393 0.0000000000
29782  -36.238  -56.769  -25.840 0.0000000000
29816  -38.179  -56.334  -28.477 0.0000000000
30987  -38.019  -56.805  -19.561 0.0000000000
31003  -37.933  -56.579  -19.778 0.0000000000
31004  -38.476  -56.840  -19.841 0.0000000000
31030  -38.736  -56.991  -20.077 0.0000000000
31076  -35.047  -55.791  -25.513 0.0000000000
32344  -37.064  -56.388  -20.233 0.0000000000
32346  -37.556  -56.359  -19.952 0.0000000000
32372  -37.251  -56.614  -20.519 0.0000000000
32373  -37.558  -56.440  -20.180 0.0000000000
32374  -37.836  -56.416  -20.003 0.0000000000
32394  -32.921  -54.395  -22.164 0.0000000000
33725  -32.959  -54.175  -21.559 0.0000000000
33748  -32.473  -53.225  -23.764 0.0000000000
