#!ascii label  , from subject 4069 vox2ras=TkReg
268
110429  28.288  11.729  -31.344 0.0000000000
97476  28.612  -0.157  -29.316 0.0000000000
116937  26.889  17.136  -31.846 0.0000000000
126456  23.379  26.147  -32.888 0.0000000000
94263  26.723  -2.540  -28.507 0.0000000000
120274  26.602  19.943  -29.401 0.0000000000
122546  25.851  22.419  -30.718 0.0000000000
107332  27.618  8.528  -31.889 0.0000000000
104061  28.925  5.434  -30.941 0.0000000000
107309  29.350  8.487  -29.886 0.0000000000
112524  28.145  13.656  -28.980 0.0000000000
110410  29.769  11.202  -28.552 0.0000000000
113643  27.631  14.462  -31.511 0.0000000000
116898  27.535  17.286  -28.898 0.0000000000
124620  24.338  24.148  -33.085 0.0000000000
125508  25.443  25.431  -31.237 0.0000000000
100733  29.264  2.503  -29.141 0.0000000000
121443  25.785  21.330  -31.437 0.0000000000
122558  25.313  22.366  -31.883 0.0000000000
109427  28.508  9.997  -31.569 0.0000000000
107321  28.957  8.327  -31.179 0.0000000000
109409  29.330  10.039  -30.802 0.0000000000
96422  27.838  -1.406  -28.939 0.0000000000
114744  27.077  15.841  -31.540 0.0000000000
114736  27.913  15.275  -30.417 0.0000000000
116917  27.113  16.858  -30.806 0.0000000000
121403  26.537  21.546  -28.765 0.0000000000
119156  27.179  19.393  -28.175 0.0000000000
126436  22.268  26.334  -31.015 0.0000000000
124609  23.220  23.859  -32.537 0.0000000000
126472  23.826  25.613  -33.260 0.0000000000
128359  24.854  29.048  -33.620 0.0000000000
128326  25.574  28.000  -31.759 0.0000000000
127354  25.312  27.094  -31.687 0.0000000000
127353  26.262  27.280  -31.021 0.0000000000
125507  26.183  25.682  -30.209 0.0000000000
104041  29.622  5.543  -29.527 0.0000000000
101807  28.869  4.198  -30.491 0.0000000000
94265  25.629  -3.113  -28.455 0.0000000000
118062  27.154  18.282  -31.122 0.0000000000
119188  25.729  19.819  -30.705 0.0000000000
121442  26.237  21.337  -30.408 0.0000000000
123598  26.203  23.501  -29.394 0.0000000000
104063  27.607  5.715  -31.625 0.0000000000
105214  28.141  6.584  -31.518 0.0000000000
105203  29.126  6.577  -30.605 0.0000000000
106281  29.469  6.964  -29.474 0.0000000000
111433  28.129  12.280  -30.316 0.0000000000
110427  28.507  11.148  -29.982 0.0000000000
111413  29.377  12.374  -29.012 0.0000000000
110449  27.566  11.429  -32.442 0.0000000000
111458  26.784  12.390  -32.641 0.0000000000
111435  27.727  12.730  -31.703 0.0000000000
113622  27.842  14.362  -30.067 0.0000000000
114721  27.756  15.118  -29.271 0.0000000000
116897  27.669  16.753  -28.127 0.0000000000
118051  26.999  18.360  -29.988 0.0000000000
116876  27.554  17.857  -28.162 0.0000000000
123623  24.348  23.290  -32.667 0.0000000000
127375  23.679  26.694  -33.256 0.0000000000
126454  25.116  25.942  -32.963 0.0000000000
125528  25.121  25.246  -32.289 0.0000000000
123622  24.703  23.331  -31.943 0.0000000000
124597  25.697  24.515  -30.565 0.0000000000
124596  26.369  24.848  -29.903 0.0000000000
98556  28.216  0.885  -30.267 0.0000000000
101822  27.996  3.938  -31.071 0.0000000000
108321  29.370  9.337  -29.598 0.0000000000
107297  30.286  8.438  -28.592 0.0000000000
121461  25.315  21.254  -32.425 0.0000000000
122568  24.803  21.958  -32.503 0.0000000000
109428  28.139  10.619  -32.104 0.0000000000
109417  28.785  10.515  -31.167 0.0000000000
93072  25.015  -4.570  -26.724 0.0000000000
94232  25.126  -4.151  -27.329 0.0000000000
97465  28.402  -0.691  -29.087 0.0000000000
115855  26.890  16.373  -31.706 0.0000000000
115849  27.142  16.233  -31.111 0.0000000000
116928  27.102  16.980  -31.328 0.0000000000
122517  26.905  22.429  -28.344 0.0000000000
121402  27.106  21.420  -27.996 0.0000000000
126457  22.573  26.006  -32.110 0.0000000000
125510  22.487  25.369  -31.281 0.0000000000
125543  22.948  25.311  -32.829 0.0000000000
126473  23.173  25.669  -32.809 0.0000000000
128309  26.877  28.350  -30.910 0.0000000000
104040  29.946  5.849  -28.912 0.0000000000
102903  29.611  4.529  -29.213 0.0000000000
97479  26.297  -0.596  -29.772 0.0000000000
119199  26.134  19.205  -31.187 0.0000000000
119200  25.635  19.797  -31.589 0.0000000000
122545  26.106  22.104  -29.909 0.0000000000
122533  25.922  22.794  -29.811 0.0000000000
127358  22.539  26.817  -30.825 0.0000000000
105205  26.911  7.060  -31.190 0.0000000000
106304  27.905  7.506  -31.665 0.0000000000
107320  29.230  8.322  -30.606 0.0000000000
106291  29.013  7.462  -30.872 0.0000000000
106282  29.231  7.469  -29.938 0.0000000000
106271  29.531  7.991  -29.526 0.0000000000
94264  26.338  -2.812  -28.487 0.0000000000
94249  26.376  -3.431  -28.000 0.0000000000
112545  28.257  13.045  -29.888 0.0000000000
111423  28.561  12.592  -29.507 0.0000000000
111414  28.779  12.842  -29.084 0.0000000000
109439  27.307  10.763  -32.333 0.0000000000
113644  27.062  14.396  -31.970 0.0000000000
112559  27.360  13.513  -31.681 0.0000000000
111448  27.443  12.581  -32.216 0.0000000000
112546  28.039  13.469  -30.610 0.0000000000
113632  28.276  14.528  -30.998 0.0000000000
115836  27.712  16.227  -29.833 0.0000000000
115818  27.653  16.140  -28.649 0.0000000000
118052  26.577  18.989  -30.277 0.0000000000
119175  26.918  19.346  -29.160 0.0000000000
118015  27.511  18.453  -27.712 0.0000000000
124621  23.514  24.217  -33.016 0.0000000000
123633  23.474  23.370  -32.670 0.0000000000
123632  23.937  23.302  -32.918 0.0000000000
128341  24.898  28.476  -32.817 0.0000000000
128360  24.304  28.368  -34.200 0.0000000000
127374  24.841  27.103  -32.948 0.0000000000
126433  25.286  26.130  -31.937 0.0000000000
124608  24.564  23.961  -32.398 0.0000000000
124607  25.003  24.382  -31.696 0.0000000000
126431  26.826  26.818  -30.194 0.0000000000
125492  26.806  25.350  -29.617 0.0000000000
124580  26.765  24.537  -29.112 0.0000000000
99661  27.339  1.627  -30.547 0.0000000000
104062  28.453  5.731  -31.389 0.0000000000
102929  27.893  4.729  -31.305 0.0000000000
102928  28.582  4.928  -31.023 0.0000000000
101795  29.186  3.483  -29.814 0.0000000000
101796  28.728  2.885  -30.160 0.0000000000
100741  28.725  2.457  -29.752 0.0000000000
99650  28.603  1.893  -29.249 0.0000000000
110418  29.008  11.162  -29.370 0.0000000000
109408  28.720  10.181  -30.050 0.0000000000
109399  29.484  10.255  -29.168 0.0000000000
120305  25.678  20.558  -31.800 0.0000000000
121462  25.639  20.967  -32.037 0.0000000000
108349  28.151  9.454  -31.763 0.0000000000
107331  28.410  8.432  -31.645 0.0000000000
108340  29.001  9.356  -31.335 0.0000000000
108329  29.332  9.306  -30.570 0.0000000000
95360  27.112  -2.216  -28.629 0.0000000000
95350  27.674  -2.141  -27.837 0.0000000000
96413  28.116  -1.688  -28.134 0.0000000000
95349  28.233  -1.801  -27.722 0.0000000000
113606  28.305  14.358  -28.450 0.0000000000
112523  28.780  13.291  -28.611 0.0000000000
113657  26.436  14.492  -32.444 0.0000000000
114754  27.412  14.948  -31.822 0.0000000000
114743  27.643  15.367  -31.351 0.0000000000
115837  27.332  16.471  -30.533 0.0000000000
116916  27.034  17.067  -30.128 0.0000000000
120254  26.470  21.008  -29.220 0.0000000000
120253  26.811  20.450  -28.781 0.0000000000
120238  27.408  20.374  -27.719 0.0000000000
124622  22.942  24.818  -32.859 0.0000000000
125541  24.059  24.911  -33.451 0.0000000000
128327  24.930  27.814  -32.254 0.0000000000
127373  25.027  27.525  -32.043 0.0000000000
126432  25.746  26.450  -30.944 0.0000000000
104049  29.259  5.642  -30.434 0.0000000000
102927  28.956  4.911  -30.619 0.0000000000
102914  29.336  4.696  -30.062 0.0000000000
94250  25.454  -3.788  -28.001 0.0000000000
96423  26.842  -1.771  -29.238 0.0000000000
96435  27.076  -1.208  -29.679 0.0000000000
96434  27.582  -0.928  -29.649 0.0000000000
97477  28.090  -0.464  -29.798 0.0000000000
118082  26.617  17.864  -31.875 0.0000000000
116936  27.127  17.647  -31.477 0.0000000000
118075  26.597  18.647  -31.491 0.0000000000
119187  26.181  19.307  -30.479 0.0000000000
119177  25.888  19.801  -30.133 0.0000000000
119189  25.562  20.069  -30.944 0.0000000000
120290  26.220  20.826  -30.348 0.0000000000
120275  26.236  20.513  -29.842 0.0000000000
121424  26.310  21.503  -29.534 0.0000000000
122532  26.242  22.478  -29.103 0.0000000000
123583  26.704  23.434  -28.628 0.0000000000
127377  22.498  26.722  -31.371 0.0000000000
127376  22.733  26.920  -32.298 0.0000000000
105226  27.759  6.235  -31.631 0.0000000000
106292  28.568  7.485  -31.392 0.0000000000
105204  28.838  6.612  -31.221 0.0000000000
104050  29.143  5.969  -31.093 0.0000000000
105194  29.346  6.434  -29.839 0.0000000000
105193  29.669  6.468  -29.185 0.0000000000
110428  28.361  11.333  -30.552 0.0000000000
111432  28.255  11.640  -30.069 0.0000000000
111422  28.591  11.882  -29.666 0.0000000000
112522  29.506  12.977  -27.897 0.0000000000
111412  30.082  12.115  -27.863 0.0000000000
108350  27.245  9.785  -32.026 0.0000000000
109418  28.294  11.166  -31.717 0.0000000000
111447  27.443  12.005  -32.513 0.0000000000
110440  28.010  11.798  -32.150 0.0000000000
111434  28.021  12.632  -31.206 0.0000000000
112535  28.059  13.636  -29.681 0.0000000000
113607  27.825  14.183  -29.251 0.0000000000
114720  27.791  15.274  -28.134 0.0000000000
115817  27.773  16.165  -27.671 0.0000000000
116927  27.283  17.583  -30.863 0.0000000000
118033  27.165  18.417  -28.643 0.0000000000
122569  24.250  22.320  -32.825 0.0000000000
127390  22.709  26.919  -33.730 0.0000000000
126455  24.376  26.141  -33.277 0.0000000000
126471  24.467  25.523  -33.245 0.0000000000
125540  24.667  25.059  -32.974 0.0000000000
127355  25.209  26.534  -32.515 0.0000000000
124619  24.740  24.567  -32.538 0.0000000000
122559  24.654  22.644  -32.398 0.0000000000
123611  25.362  23.425  -31.154 0.0000000000
123599  25.739  23.486  -30.178 0.0000000000
98557  27.684  0.726  -30.420 0.0000000000
98545  28.453  0.496  -29.766 0.0000000000
101809  27.496  3.403  -30.953 0.0000000000
101808  28.386  3.347  -30.583 0.0000000000
100752  27.774  2.389  -30.627 0.0000000000
100742  28.357  2.359  -30.270 0.0000000000
99651  28.436  1.529  -29.921 0.0000000000
108320  29.911  9.371  -28.859 0.0000000000
107298  29.688  8.516  -29.232 0.0000000000
106270  29.787  7.485  -29.065 0.0000000000
95361  26.464  -2.248  -28.818 0.0000000000
97488  27.735  -0.020  -30.266 0.0000000000
98546  28.137  0.257  -30.270 0.0000000000
99660  28.013  1.596  -30.486 0.0000000000
101820  28.716  4.569  -30.777 0.0000000000
101821  28.435  4.261  -30.939 0.0000000000
102915  27.626  4.102  -31.097 0.0000000000
104073  28.073  5.950  -31.634 0.0000000000
104074  27.773  5.990  -31.681 0.0000000000
105227  27.570  6.118  -31.708 0.0000000000
108330  29.390  9.859  -31.077 0.0000000000
108339  29.316  8.824  -31.014 0.0000000000
108362  26.984  10.408  -32.189 0.0000000000
109416  28.582  10.795  -30.419 0.0000000000
110430  28.040  12.259  -31.753 0.0000000000
110441  27.841  12.327  -32.003 0.0000000000
111457  27.222  11.835  -32.596 0.0000000000
112534  28.433  13.172  -29.282 0.0000000000
112547  27.783  13.249  -31.280 0.0000000000
112558  27.810  13.870  -31.208 0.0000000000
114755  26.938  15.462  -32.064 0.0000000000
115848  27.514  15.898  -30.649 0.0000000000
116945  26.830  17.642  -31.795 0.0000000000
116946  26.528  17.489  -32.080 0.0000000000
118063  26.651  18.807  -30.787 0.0000000000
118074  26.837  18.083  -31.673 0.0000000000
119176  26.391  19.428  -29.836 0.0000000000
119201  25.559  20.006  -31.280 0.0000000000
120276  25.842  20.185  -30.299 0.0000000000
120291  26.038  20.596  -30.708 0.0000000000
120292  25.802  20.606  -31.394 0.0000000000
120293  25.759  20.767  -31.710 0.0000000000
120306  25.628  20.853  -31.961 0.0000000000
121444  25.802  21.053  -31.658 0.0000000000
121445  25.823  20.945  -31.867 0.0000000000
121463  25.811  21.107  -31.944 0.0000000000
124581  26.071  24.206  -29.772 0.0000000000
125506  27.002  26.043  -29.679 0.0000000000
125542  23.332  25.098  -33.286 0.0000000000
128310  26.356  28.020  -31.041 0.0000000000
128311  25.886  27.602  -31.360 0.0000000000
