#!ascii label  , from subject 3813 vox2ras=TkReg
380
26439  41.319  -54.367  27.854 0.0000000000
24050  53.903  -56.664  21.132 0.0000000000
21436  45.215  -57.923  29.142 0.0000000000
22746  46.951  -58.242  24.352 0.0000000000
17241  50.011  -62.064  27.356 0.0000000000
20356  48.539  -59.652  27.658 0.0000000000
16228  46.772  -64.324  28.522 0.0000000000
22771  50.973  -57.302  22.516 0.0000000000
25342  46.902  -55.395  21.250 0.0000000000
25210  44.487  -55.394  28.882 0.0000000000
22689  47.418  -57.401  27.865 0.0000000000
22706  49.886  -58.089  25.939 0.0000000000
20404  52.753  -59.720  24.427 0.0000000000
18286  47.340  -61.438  25.853 0.0000000000
31211  39.549  -50.998  28.935 0.0000000000
27628  41.789  -53.386  30.232 0.0000000000
23903  42.386  -56.054  29.425 0.0000000000
24023  43.368  -56.558  22.098 0.0000000000
17246  45.588  -63.308  27.718 0.0000000000
24015  51.954  -56.862  22.108 0.0000000000
25339  50.288  -55.252  21.064 0.0000000000
23853  45.565  -56.516  29.965 0.0000000000
22644  47.086  -57.161  29.301 0.0000000000
19272  49.277  -60.695  27.653 0.0000000000
20355  49.472  -59.317  27.501 0.0000000000
20378  51.139  -59.558  26.720 0.0000000000
21526  51.267  -58.828  24.800 0.0000000000
19288  52.023  -60.192  26.031 0.0000000000
19334  49.089  -60.816  24.142 0.0000000000
26401  40.520  -54.415  29.971 0.0000000000
25188  41.596  -54.979  29.922 0.0000000000
25189  40.396  -54.917  29.567 0.0000000000
22729  45.807  -57.904  25.392 0.0000000000
24002  44.758  -57.367  22.749 0.0000000000
27809  46.499  -53.486  20.286 0.0000000000
26559  44.958  -54.566  20.306 0.0000000000
20360  44.880  -59.592  27.430 0.0000000000
20338  46.281  -59.193  28.118 0.0000000000
19275  46.338  -60.887  27.548 0.0000000000
18227  47.692  -62.496  28.429 0.0000000000
17225  48.811  -63.211  28.534 0.0000000000
22759  47.931  -58.296  23.318 0.0000000000
24020  46.507  -56.862  22.142 0.0000000000
24038  48.220  -56.146  21.455 0.0000000000
25360  48.467  -54.742  20.761 0.0000000000
22801  53.175  -57.409  19.709 0.0000000000
26437  42.959  -54.748  28.234 0.0000000000
22710  45.353  -57.389  26.966 0.0000000000
22728  47.344  -58.120  25.637 0.0000000000
21454  48.517  -58.081  28.488 0.0000000000
22688  48.700  -57.956  27.485 0.0000000000
22745  48.179  -58.345  24.633 0.0000000000
21536  50.318  -58.493  23.810 0.0000000000
22755  52.113  -58.035  23.344 0.0000000000
22767  54.125  -57.615  22.071 0.0000000000
18262  49.349  -61.752  26.538 0.0000000000
19332  50.986  -60.900  24.441 0.0000000000
19365  52.068  -60.207  23.110 0.0000000000
21553  52.697  -58.683  21.558 0.0000000000
30082  39.298  -51.679  27.836 0.0000000000
28856  41.069  -52.333  28.682 0.0000000000
28837  41.021  -52.441  29.893 0.0000000000
27639  42.429  -53.518  29.380 0.0000000000
26378  43.270  -54.646  29.970 0.0000000000
23856  43.230  -55.770  29.845 0.0000000000
22648  43.645  -56.866  29.461 0.0000000000
22694  41.632  -57.131  27.588 0.0000000000
21474  43.491  -58.679  27.417 0.0000000000
24041  45.232  -56.079  21.546 0.0000000000
27684  40.785  -53.897  27.892 0.0000000000
26456  40.099  -54.226  26.494 0.0000000000
26455  40.927  -54.723  27.022 0.0000000000
24033  53.659  -56.829  21.707 0.0000000000
25337  52.387  -55.877  21.022 0.0000000000
22646  45.584  -57.206  29.697 0.0000000000
22624  46.225  -56.947  29.901 0.0000000000
21435  46.202  -57.849  29.268 0.0000000000
18245  49.732  -61.985  27.895 0.0000000000
19271  50.404  -60.668  27.526 0.0000000000
19270  51.274  -60.503  27.050 0.0000000000
20377  51.740  -59.957  26.534 0.0000000000
18243  51.236  -60.834  26.770 0.0000000000
19337  45.903  -60.994  24.248 0.0000000000
23966  45.153  -57.968  24.328 0.0000000000
22747  45.949  -58.111  23.964 0.0000000000
29049  45.098  -53.320  19.731 0.0000000000
20359  45.825  -59.905  27.643 0.0000000000
19276  45.290  -60.813  27.344 0.0000000000
17228  46.328  -63.841  28.211 0.0000000000
17245  46.322  -62.607  27.867 0.0000000000
17227  46.920  -63.241  28.344 0.0000000000
17226  48.056  -63.261  28.751 0.0000000000
16227  47.645  -64.114  28.815 0.0000000000
22772  49.786  -57.465  22.337 0.0000000000
22773  48.656  -57.682  22.379 0.0000000000
24017  49.224  -57.094  21.860 0.0000000000
25340  49.034  -55.279  20.903 0.0000000000
26555  49.193  -54.132  20.622 0.0000000000
26556  48.101  -54.032  20.549 0.0000000000
25211  43.805  -55.134  28.710 0.0000000000
25230  43.506  -55.287  28.164 0.0000000000
25229  44.028  -55.432  28.474 0.0000000000
22709  46.650  -57.826  26.797 0.0000000000
20357  47.678  -59.833  27.641 0.0000000000
21455  47.806  -58.218  28.635 0.0000000000
20335  48.576  -58.724  28.188 0.0000000000
21493  50.162  -58.442  26.435 0.0000000000
21471  49.386  -58.453  27.277 0.0000000000
22707  49.167  -58.008  26.479 0.0000000000
22727  48.555  -57.973  25.706 0.0000000000
22726  49.424  -57.980  25.637 0.0000000000
21528  49.618  -58.500  24.484 0.0000000000
21527  50.359  -58.575  24.757 0.0000000000
21525  52.186  -59.332  24.828 0.0000000000
21534  52.124  -58.668  23.974 0.0000000000
21533  52.837  -58.744  23.839 0.0000000000
22769  52.907  -57.599  22.718 0.0000000000
21532  53.228  -58.887  23.541 0.0000000000
14235  45.347  -65.800  24.831 0.0000000000
18287  46.222  -62.013  25.812 0.0000000000
17262  46.056  -63.002  26.388 0.0000000000
18264  47.131  -62.198  26.491 0.0000000000
19312  48.932  -61.132  26.033 0.0000000000
18283  50.595  -60.986  25.389 0.0000000000
18308  49.741  -61.145  24.785 0.0000000000
19351  49.497  -60.462  23.393 0.0000000000
19350  50.641  -60.706  23.559 0.0000000000
19366  51.207  -60.351  22.963 0.0000000000
20412  52.753  -59.384  22.683 0.0000000000
20426  52.147  -59.269  21.871 0.0000000000
31232  39.434  -51.253  28.344 0.0000000000
28858  39.954  -52.330  28.496 0.0000000000
31209  40.758  -51.468  28.811 0.0000000000
27629  40.749  -53.267  30.396 0.0000000000
28838  39.711  -52.480  30.522 0.0000000000
28836  41.918  -52.987  29.811 0.0000000000
28835  42.231  -53.325  29.700 0.0000000000
27638  43.095  -53.908  29.452 0.0000000000
26379  42.406  -54.217  30.311 0.0000000000
23879  42.235  -55.622  29.649 0.0000000000
25166  42.722  -55.101  30.110 0.0000000000
23878  42.820  -55.924  29.754 0.0000000000
22671  42.633  -56.755  29.010 0.0000000000
21497  41.555  -58.436  26.382 0.0000000000
21475  42.342  -58.110  27.158 0.0000000000
22693  42.897  -57.734  28.016 0.0000000000
24040  46.223  -56.112  21.583 0.0000000000
24021  45.522  -56.878  22.007 0.0000000000
25365  43.654  -54.956  20.619 0.0000000000
24016  51.178  -56.735  21.919 0.0000000000
22786  49.917  -56.849  21.752 0.0000000000
25186  44.899  -55.643  29.405 0.0000000000
25209  45.484  -55.555  29.072 0.0000000000
25184  46.172  -56.007  29.418 0.0000000000
23927  47.056  -56.824  28.627 0.0000000000
19273  48.319  -60.715  27.729 0.0000000000
21470  50.385  -59.124  26.963 0.0000000000
21492  51.036  -59.125  26.387 0.0000000000
21513  51.215  -58.845  25.722 0.0000000000
21512  51.761  -59.379  25.999 0.0000000000
20394  52.333  -59.777  25.686 0.0000000000
19330  52.512  -60.297  24.959 0.0000000000
18309  48.728  -61.232  24.870 0.0000000000
19335  48.012  -60.657  24.250 0.0000000000
19352  48.341  -60.414  23.461 0.0000000000
26381  40.568  -53.904  30.310 0.0000000000
25167  42.110  -54.581  30.274 0.0000000000
26400  41.107  -54.270  30.019 0.0000000000
23904  41.756  -55.896  29.092 0.0000000000
23986  44.533  -57.567  23.813 0.0000000000
24003  43.810  -57.324  23.053 0.0000000000
25362  46.688  -54.826  20.870 0.0000000000
26540  45.373  -54.918  20.760 0.0000000000
27810  45.562  -53.784  20.027 0.0000000000
29050  44.645  -53.367  19.716 0.0000000000
20339  45.430  -59.174  28.120 0.0000000000
21457  45.755  -58.529  28.654 0.0000000000
20358  46.766  -59.932  27.628 0.0000000000
19274  47.361  -60.824  27.615 0.0000000000
18248  46.948  -61.956  27.865 0.0000000000
18247  47.963  -61.635  28.209 0.0000000000
18246  48.903  -61.678  28.161 0.0000000000
18225  49.176  -62.511  28.281 0.0000000000
22760  46.756  -58.032  23.111 0.0000000000
22774  47.660  -57.545  22.465 0.0000000000
24019  47.479  -56.786  22.015 0.0000000000
24039  47.204  -56.090  21.633 0.0000000000
24037  49.393  -56.302  21.385 0.0000000000
25341  47.882  -55.428  21.115 0.0000000000
25361  47.526  -54.797  20.811 0.0000000000
26557  47.077  -54.150  20.572 0.0000000000
27808  47.556  -53.228  20.442 0.0000000000
22793  53.798  -57.268  20.790 0.0000000000
26438  42.252  -54.798  27.957 0.0000000000
25231  42.873  -55.195  27.793 0.0000000000
22667  48.489  -57.694  28.196 0.0000000000
20334  48.919  -58.504  28.093 0.0000000000
22666  48.969  -57.811  27.979 0.0000000000
22708  47.972  -58.026  26.730 0.0000000000
21538  48.684  -58.414  23.804 0.0000000000
21537  49.447  -58.426  23.736 0.0000000000
22757  50.124  -57.989  23.094 0.0000000000
21535  51.241  -58.602  23.916 0.0000000000
22756  51.164  -58.090  23.132 0.0000000000
22770  52.043  -57.448  22.715 0.0000000000
24013  53.662  -57.301  22.168 0.0000000000
24032  54.268  -57.123  21.973 0.0000000000
16240  49.286  -63.743  28.097 0.0000000000
15199  45.424  -64.620  26.136 0.0000000000
17259  49.048  -62.591  27.087 0.0000000000
17258  49.922  -62.295  26.990 0.0000000000
18260  51.154  -60.997  26.214 0.0000000000
19311  51.304  -60.667  25.123 0.0000000000
19331  51.872  -60.575  24.629 0.0000000000
19333  50.090  -60.937  24.134 0.0000000000
19349  51.615  -60.581  23.755 0.0000000000
19348  52.515  -60.167  23.900 0.0000000000
20411  53.311  -58.784  22.691 0.0000000000
21543  53.242  -58.573  22.224 0.0000000000
21552  53.675  -57.979  21.549 0.0000000000
21566  53.136  -58.144  20.731 0.0000000000
30113  38.825  -51.472  26.728 0.0000000000
30083  39.017  -51.405  27.403 0.0000000000
30112  39.124  -51.865  27.283 0.0000000000
28882  39.560  -52.426  27.755 0.0000000000
27658  40.580  -52.889  28.443 0.0000000000
27657  41.250  -53.402  28.516 0.0000000000
28839  38.918  -52.047  30.687 0.0000000000
30043  40.278  -51.290  29.265 0.0000000000
28847  41.504  -52.404  29.220 0.0000000000
27640  41.828  -53.259  29.138 0.0000000000
27656  42.231  -53.660  28.806 0.0000000000
27655  42.857  -53.827  28.956 0.0000000000
26399  43.439  -54.531  29.481 0.0000000000
26398  43.983  -55.235  29.355 0.0000000000
25165  43.505  -55.434  29.809 0.0000000000
25164  44.297  -55.731  29.683 0.0000000000
23854  44.755  -56.218  29.886 0.0000000000
23875  44.962  -56.754  29.824 0.0000000000
22669  44.410  -57.825  28.862 0.0000000000
22670  43.757  -57.667  28.704 0.0000000000
21458  44.542  -58.513  28.392 0.0000000000
24001  45.749  -57.416  22.666 0.0000000000
24022  44.523  -56.856  22.004 0.0000000000
25344  44.893  -55.363  20.984 0.0000000000
25345  44.023  -55.594  20.843 0.0000000000
14223  45.125  -65.149  25.517 0.0000000000
15159  49.189  -64.225  28.255 0.0000000000
15173  49.236  -64.177  28.046 0.0000000000
16225  49.113  -63.838  28.493 0.0000000000
16226  48.559  -63.992  28.886 0.0000000000
16258  45.991  -63.710  26.480 0.0000000000
17257  50.266  -61.849  27.048 0.0000000000
17261  46.692  -62.995  26.628 0.0000000000
17280  46.175  -62.608  26.245 0.0000000000
18226  48.472  -62.458  28.502 0.0000000000
18244  50.642  -61.326  27.132 0.0000000000
18261  50.277  -61.492  26.512 0.0000000000
18263  48.367  -61.863  26.466 0.0000000000
18265  46.511  -62.403  26.340 0.0000000000
18282  51.243  -60.757  25.598 0.0000000000
18284  49.430  -61.239  25.760 0.0000000000
18285  48.442  -61.161  25.787 0.0000000000
18307  50.375  -60.959  24.676 0.0000000000
19289  51.539  -60.458  26.389 0.0000000000
19290  49.094  -61.335  26.213 0.0000000000
19291  48.895  -61.557  26.362 0.0000000000
19309  52.349  -60.194  25.588 0.0000000000
19310  51.792  -60.481  25.585 0.0000000000
19313  48.736  -61.344  26.201 0.0000000000
19336  46.924  -60.703  24.293 0.0000000000
19367  50.215  -60.166  22.920 0.0000000000
20336  47.829  -58.995  28.221 0.0000000000
20337  47.102  -59.214  27.970 0.0000000000
20353  51.407  -60.124  27.010 0.0000000000
20354  50.980  -59.903  27.221 0.0000000000
20376  52.313  -60.046  25.879 0.0000000000
20393  52.627  -60.014  25.342 0.0000000000
20403  53.077  -59.291  23.795 0.0000000000
20405  52.592  -59.774  25.121 0.0000000000
20408  53.347  -59.053  23.192 0.0000000000
20409  52.948  -59.524  23.653 0.0000000000
20413  51.712  -59.767  22.444 0.0000000000
20425  52.553  -59.118  22.062 0.0000000000
21434  47.051  -57.699  29.116 0.0000000000
21437  44.697  -57.884  28.960 0.0000000000
21453  49.059  -58.183  28.027 0.0000000000
21459  43.826  -58.232  28.174 0.0000000000
21472  49.048  -58.270  26.991 0.0000000000
21491  51.448  -59.517  26.421 0.0000000000
21494  49.390  -58.309  26.797 0.0000000000
21514  50.490  -58.476  25.558 0.0000000000
21523  53.036  -59.400  24.005 0.0000000000
21524  52.857  -59.252  24.108 0.0000000000
21529  48.965  -58.454  24.357 0.0000000000
21541  54.391  -57.572  22.130 0.0000000000
21542  53.557  -58.136  22.466 0.0000000000
21551  54.169  -57.714  22.060 0.0000000000
21565  53.554  -57.786  20.845 0.0000000000
22625  45.998  -56.889  29.945 0.0000000000
22645  46.467  -57.085  29.685 0.0000000000
22647  44.563  -57.354  29.379 0.0000000000
22649  43.176  -56.446  29.561 0.0000000000
22687  49.072  -58.026  27.782 0.0000000000
22692  43.501  -58.071  28.090 0.0000000000
22725  49.961  -58.286  25.453 0.0000000000
22743  49.672  -58.359  25.123 0.0000000000
22744  49.051  -58.327  25.043 0.0000000000
22753  53.214  -58.347  23.085 0.0000000000
22754  52.838  -58.176  23.244 0.0000000000
22758  49.086  -58.216  23.013 0.0000000000
22761  45.981  -57.869  23.127 0.0000000000
22762  44.523  -57.335  22.667 0.0000000000
22763  44.279  -57.322  22.683 0.0000000000
22768  53.511  -57.793  22.451 0.0000000000
22775  46.933  -57.342  22.456 0.0000000000
22776  44.421  -57.221  22.467 0.0000000000
22777  44.040  -57.139  22.420 0.0000000000
22783  54.472  -57.339  22.060 0.0000000000
22784  54.140  -57.386  21.758 0.0000000000
22785  50.517  -56.962  21.955 0.0000000000
22792  54.233  -57.092  21.712 0.0000000000
22794  53.208  -57.660  20.366 0.0000000000
22795  52.747  -57.851  20.300 0.0000000000
23852  46.135  -56.678  29.892 0.0000000000
23855  43.972  -55.953  29.732 0.0000000000
23873  46.881  -56.856  29.474 0.0000000000
23874  46.528  -56.503  29.556 0.0000000000
23876  44.267  -56.531  29.696 0.0000000000
23877  43.552  -56.216  29.697 0.0000000000
23985  45.334  -57.771  23.444 0.0000000000
24000  46.363  -57.523  22.658 0.0000000000
24012  54.181  -57.373  22.048 0.0000000000
24014  52.905  -56.998  22.270 0.0000000000
24018  48.415  -56.934  21.878 0.0000000000
24034  52.712  -56.493  21.625 0.0000000000
24042  44.292  -56.127  21.409 0.0000000000
24043  43.608  -55.922  21.359 0.0000000000
24049  54.085  -56.934  21.596 0.0000000000
25162  46.000  -56.127  29.942 0.0000000000
25163  45.253  -55.947  29.914 0.0000000000
25185  45.699  -55.802  29.503 0.0000000000
25187  42.398  -55.373  29.903 0.0000000000
25208  46.021  -55.785  29.148 0.0000000000
25212  40.928  -55.406  29.289 0.0000000000
25336  53.248  -56.223  21.087 0.0000000000
25343  45.895  -55.248  21.174 0.0000000000
25359  49.018  -54.710  20.739 0.0000000000
25363  44.821  -54.979  20.658 0.0000000000
25364  44.404  -55.003  20.619 0.0000000000
26377  43.702  -55.323  29.688 0.0000000000
26380  41.528  -54.069  30.270 0.0000000000
26420  43.783  -54.962  29.082 0.0000000000
26421  43.316  -54.499  28.816 0.0000000000
26422  42.645  -54.231  28.540 0.0000000000
26423  41.948  -54.125  28.404 0.0000000000
26440  40.660  -54.129  27.357 0.0000000000
26454  41.639  -55.003  27.327 0.0000000000
26539  49.269  -54.687  20.758 0.0000000000
26541  45.068  -54.958  20.692 0.0000000000
26558  46.019  -54.448  20.558 0.0000000000
26560  44.063  -54.508  20.287 0.0000000000
27626  43.235  -54.082  29.849 0.0000000000
27627  42.643  -53.676  29.951 0.0000000000
27827  44.817  -53.860  19.735 0.0000000000
28846  41.905  -53.146  29.505 0.0000000000
28848  41.139  -51.932  29.445 0.0000000000
28857  40.508  -52.320  28.583 0.0000000000
28881  40.093  -52.748  28.274 0.0000000000
30030  40.765  -51.723  29.491 0.0000000000
30041  41.170  -51.767  28.846 0.0000000000
30042  41.013  -51.471  29.153 0.0000000000
30055  40.826  -51.809  28.660 0.0000000000
30056  40.314  -51.899  28.663 0.0000000000
30057  39.721  -51.884  28.413 0.0000000000
31210  40.289  -51.210  28.862 0.0000000000
31230  40.573  -51.616  28.701 0.0000000000
31231  40.201  -51.515  28.720 0.0000000000
31257  39.113  -51.265  27.765 0.0000000000
31258  38.892  -50.782  27.429 0.0000000000
