#!ascii label  , from subject 3812 vox2ras=TkReg
353
82146  -27.220  -7.822  8.335 0.0000000000
77770  -22.400  -11.310  7.944 0.0000000000
77790  -30.299  -12.302  7.524 0.0000000000
74533  -25.667  -15.523  9.577 0.0000000000
93127  -27.259  3.634  5.570 0.0000000000
91012  -28.634  1.502  8.505 0.0000000000
85201  -23.645  -4.653  6.456 0.0000000000
69153  -25.411  -19.323  10.120 0.0000000000
75587  -24.710  -13.731  8.733 0.0000000000
73524  -23.007  -15.409  8.527 0.0000000000
92089  -28.127  2.841  6.833 0.0000000000
89041  -25.123  0.004  7.023 0.0000000000
81072  -23.229  -8.228  6.442 0.0000000000
84212  -21.058  -5.800  7.504 0.0000000000
84213  -25.399  -5.698  7.460 0.0000000000
86159  -27.658  -3.610  8.844 0.0000000000
84200  -29.026  -5.297  9.375 0.0000000000
82151  -31.472  -7.644  8.398 0.0000000000
79949  -21.299  -9.610  7.905 0.0000000000
79971  -24.692  -9.832  7.111 0.0000000000
79952  -28.538  -9.740  9.372 0.0000000000
77772  -25.596  -11.475  8.571 0.0000000000
75590  -28.113  -14.009  9.120 0.0000000000
73542  -28.005  -15.785  7.256 0.0000000000
87173  -22.501  -2.641  6.471 0.0000000000
88077  -26.477  -1.621  8.052 0.0000000000
89021  -30.499  -0.714  9.480 0.0000000000
71348  -22.111  -17.244  9.731 0.0000000000
71352  -25.469  -17.576  9.816 0.0000000000
74547  -22.420  -14.487  8.681 0.0000000000
73506  -21.816  -15.444  9.571 0.0000000000
90018  -25.099  0.639  6.956 0.0000000000
89051  -23.066  -0.668  6.832 0.0000000000
81074  -24.962  -8.001  6.708 0.0000000000
82177  -23.778  -7.271  6.490 0.0000000000
83204  -26.234  -6.709  7.680 0.0000000000
84198  -27.014  -5.950  8.427 0.0000000000
83185  -27.612  -6.747  8.633 0.0000000000
82149  -30.140  -7.257  9.491 0.0000000000
82147  -28.315  -7.672  8.779 0.0000000000
78890  -21.855  -10.688  7.847 0.0000000000
78929  -22.953  -9.946  6.697 0.0000000000
77787  -23.730  -11.307  7.254 0.0000000000
78912  -25.232  -10.626  7.762 0.0000000000
76648  -23.876  -11.935  7.727 0.0000000000
74550  -25.238  -14.715  9.377 0.0000000000
75588  -25.806  -13.774  9.388 0.0000000000
74552  -27.704  -15.051  9.164 0.0000000000
74553  -27.969  -14.826  8.068 0.0000000000
73528  -27.646  -15.574  8.171 0.0000000000
92085  -24.316  2.633  7.087 0.0000000000
92068  -24.069  3.193  7.229 0.0000000000
93125  -25.686  3.943  6.100 0.0000000000
94142  -26.226  5.173  4.455 0.0000000000
95160  -28.273  4.832  5.328 0.0000000000
91026  -28.310  1.743  7.953 0.0000000000
84223  -22.300  -5.141  6.256 0.0000000000
85210  -22.140  -4.323  5.973 0.0000000000
86200  -23.032  -3.599  6.599 0.0000000000
88075  -24.829  -1.823  7.521 0.0000000000
87163  -25.194  -3.047  7.453 0.0000000000
86162  -30.031  -3.640  9.721 0.0000000000
87141  -28.921  -2.400  9.507 0.0000000000
87132  -30.944  -2.406  9.545 0.0000000000
78895  -29.378  -10.784  8.993 0.0000000000
78897  -30.712  -10.064  8.081 0.0000000000
69139  -23.585  -19.304  10.177 0.0000000000
70246  -24.124  -18.222  9.645 0.0000000000
71350  -23.698  -17.369  9.481 0.0000000000
70248  -25.906  -18.467  9.664 0.0000000000
76621  -21.349  -12.707  8.951 0.0000000000
76631  -24.144  -12.720  8.223 0.0000000000
75585  -22.728  -13.478  8.292 0.0000000000
74548  -23.343  -14.628  8.273 0.0000000000
73507  -24.206  -15.644  8.902 0.0000000000
92086  -25.629  2.864  6.743 0.0000000000
93112  -27.648  3.335  6.033 0.0000000000
91040  -26.534  1.843  7.242 0.0000000000
91024  -26.955  1.393  7.237 0.0000000000
90007  -27.087  0.512  7.454 0.0000000000
81037  -20.635  -8.060  7.975 0.0000000000
82175  -22.430  -7.161  6.526 0.0000000000
83215  -23.501  -6.322  6.270 0.0000000000
84225  -23.950  -5.501  6.435 0.0000000000
86174  -25.504  -3.777  7.753 0.0000000000
85189  -26.069  -4.783  7.927 0.0000000000
85174  -28.070  -4.495  9.287 0.0000000000
85177  -31.007  -4.616  9.530 0.0000000000
83190  -32.370  -6.134  8.250 0.0000000000
66904  -26.439  -20.726  9.566 0.0000000000
69154  -26.300  -19.310  9.435 0.0000000000
79969  -21.724  -9.303  7.278 0.0000000000
79990  -23.872  -9.065  6.448 0.0000000000
79973  -26.162  -9.113  7.970 0.0000000000
81039  -28.006  -8.778  8.646 0.0000000000
79950  -26.776  -9.918  8.173 0.0000000000
78893  -27.239  -10.720  8.977 0.0000000000
77774  -28.007  -11.833  9.336 0.0000000000
76632  -25.134  -12.603  8.637 0.0000000000
76634  -27.614  -12.867  9.540 0.0000000000
76635  -28.571  -12.993  8.947 0.0000000000
75604  -28.802  -13.829  6.790 0.0000000000
74582  -28.631  -14.709  6.030 0.0000000000
94086  -28.688  4.307  6.555 0.0000000000
88084  -23.812  -1.530  6.609 0.0000000000
89043  -26.597  -0.534  7.656 0.0000000000
89029  -27.633  -0.570  7.986 0.0000000000
87150  -26.774  -2.581  8.379 0.0000000000
88068  -28.013  -1.523  8.436 0.0000000000
89031  -29.260  0.055  8.977 0.0000000000
79954  -30.554  -9.437  8.821 0.0000000000
79974  -31.762  -9.355  7.508 0.0000000000
72464  -21.773  -16.286  10.117 0.0000000000
72465  -22.509  -16.257  9.449 0.0000000000
72467  -24.053  -16.365  9.226 0.0000000000
73509  -25.413  -16.091  9.585 0.0000000000
70259  -26.800  -18.521  9.219 0.0000000000
71365  -27.136  -17.727  8.993 0.0000000000
72502  -27.301  -16.917  7.839 0.0000000000
81075  -25.423  -7.865  7.104 0.0000000000
82163  -25.747  -7.349  7.473 0.0000000000
82164  -26.332  -7.515  7.933 0.0000000000
83184  -26.819  -6.812  8.129 0.0000000000
82148  -29.251  -7.485  9.333 0.0000000000
76629  -21.963  -12.204  8.505 0.0000000000
77768  -21.196  -11.283  8.628 0.0000000000
77786  -23.069  -11.277  7.452 0.0000000000
76647  -23.433  -11.705  7.578 0.0000000000
74551  -26.526  -15.106  9.633 0.0000000000
73527  -27.246  -16.069  8.744 0.0000000000
92101  -26.104  3.497  6.155 0.0000000000
93111  -25.112  3.339  6.678 0.0000000000
93126  -26.399  3.740  5.517 0.0000000000
94124  -27.007  4.488  4.759 0.0000000000
95159  -27.762  4.937  4.937 0.0000000000
92058  -28.665  2.232  8.156 0.0000000000
92059  -29.208  2.358  8.504 0.0000000000
91013  -29.508  1.631  8.901 0.0000000000
84234  -22.436  -4.632  6.067 0.0000000000
85200  -23.079  -4.488  6.309 0.0000000000
85211  -22.582  -4.261  6.213 0.0000000000
86190  -23.824  -3.730  6.935 0.0000000000
86191  -24.678  -3.795  7.393 0.0000000000
86154  -31.204  -3.214  9.578 0.0000000000
86152  -29.939  -2.888  9.899 0.0000000000
77776  -30.257  -11.940  8.349 0.0000000000
77777  -30.641  -11.311  8.086 0.0000000000
77791  -30.766  -11.721  7.164 0.0000000000
69141  -25.102  -19.897  10.344 0.0000000000
69140  -24.574  -19.671  10.381 0.0000000000
69152  -24.400  -18.880  10.113 0.0000000000
69151  -23.849  -18.708  9.761 0.0000000000
70247  -24.977  -18.296  9.987 0.0000000000
75584  -21.904  -13.404  8.815 0.0000000000
74530  -21.935  -14.788  9.194 0.0000000000
74549  -24.296  -14.886  8.697 0.0000000000
73525  -23.766  -15.551  8.520 0.0000000000
91038  -24.791  1.632  7.244 0.0000000000
92087  -26.606  2.524  6.739 0.0000000000
91039  -25.820  1.677  7.223 0.0000000000
90005  -25.521  0.308  7.125 0.0000000000
90019  -25.787  0.870  7.084 0.0000000000
90006  -26.219  0.488  7.324 0.0000000000
81056  -22.265  -8.280  6.719 0.0000000000
81071  -22.759  -7.721  6.471 0.0000000000
83217  -24.838  -6.515  7.264 0.0000000000
83216  -24.147  -6.430  6.772 0.0000000000
84226  -24.569  -5.614  7.128 0.0000000000
84199  -27.732  -5.664  9.160 0.0000000000
85176  -29.984  -4.274  9.605 0.0000000000
84201  -30.297  -5.448  9.408 0.0000000000
84202  -31.390  -5.560  9.216 0.0000000000
82150  -30.873  -7.468  9.018 0.0000000000
83205  -31.567  -7.076  7.950 0.0000000000
82165  -31.807  -7.652  7.704 0.0000000000
66903  -25.859  -20.565  9.888 0.0000000000
66905  -27.152  -21.192  9.556 0.0000000000
79948  -20.702  -9.305  8.541 0.0000000000
79968  -21.106  -8.922  7.773 0.0000000000
78930  -23.627  -9.926  6.516 0.0000000000
78931  -24.259  -9.725  6.588 0.0000000000
79991  -24.722  -8.964  6.674 0.0000000000
79972  -25.296  -9.291  7.528 0.0000000000
78913  -25.918  -9.932  7.941 0.0000000000
78891  -25.674  -10.943  8.191 0.0000000000
78892  -26.137  -10.698  8.450 0.0000000000
77773  -26.815  -11.674  9.160 0.0000000000
75586  -23.744  -13.668  8.179 0.0000000000
75589  -27.173  -13.968  9.711 0.0000000000
76633  -26.342  -12.694  9.329 0.0000000000
75591  -28.538  -13.926  7.997 0.0000000000
74567  -28.320  -14.794  6.974 0.0000000000
73556  -28.510  -15.742  6.228 0.0000000000
73571  -28.962  -15.233  5.805 0.0000000000
92088  -27.529  2.779  6.570 0.0000000000
93113  -28.197  3.486  6.282 0.0000000000
83201  -20.784  -6.359  7.677 0.0000000000
87159  -21.714  -2.628  6.513 0.0000000000
88096  -22.425  -1.797  6.526 0.0000000000
88097  -23.002  -1.744  6.554 0.0000000000
87148  -25.128  -2.333  7.653 0.0000000000
88076  -25.580  -1.500  7.704 0.0000000000
89028  -27.011  -1.081  7.934 0.0000000000
86176  -26.993  -3.607  8.406 0.0000000000
86175  -26.241  -3.603  8.224 0.0000000000
87151  -27.421  -2.911  8.557 0.0000000000
88057  -29.177  -1.468  9.480 0.0000000000
88069  -28.568  -1.557  9.091 0.0000000000
89019  -28.855  -0.963  9.336 0.0000000000
89030  -28.588  -0.487  8.822 0.0000000000
89020  -29.546  -0.529  9.301 0.0000000000
89987  -30.376  0.041  9.392 0.0000000000
81040  -28.895  -8.600  9.369 0.0000000000
79953  -29.621  -9.604  9.286 0.0000000000
79955  -31.259  -9.405  8.224 0.0000000000
70244  -22.462  -18.115  9.614 0.0000000000
71351  -24.509  -17.415  9.768 0.0000000000
72468  -24.955  -16.616  9.924 0.0000000000
72469  -25.897  -16.877  9.667 0.0000000000
69169  -26.940  -19.339  8.780 0.0000000000
72487  -26.885  -16.984  8.613 0.0000000000
74546  -21.703  -14.128  9.059 0.0000000000
74529  -21.167  -14.489  9.474 0.0000000000
73523  -22.437  -15.488  9.014 0.0000000000
90017  -24.079  0.490  7.222 0.0000000000
89052  -24.491  -0.502  7.009 0.0000000000
81073  -24.211  -8.141  6.465 0.0000000000
82178  -24.530  -7.282  6.775 0.0000000000
82179  -25.203  -7.270  7.085 0.0000000000
83203  -25.603  -6.578  7.436 0.0000000000
84214  -26.115  -5.906  7.659 0.0000000000
84197  -26.486  -6.186  8.026 0.0000000000
83186  -28.528  -6.575  9.269 0.0000000000
83187  -29.650  -6.433  9.477 0.0000000000
81041  -30.084  -8.346  9.282 0.0000000000
78888  -20.763  -10.432  8.952 0.0000000000
78889  -21.348  -10.361  8.300 0.0000000000
78908  -21.622  -10.119  7.627 0.0000000000
78909  -22.382  -10.361  7.264 0.0000000000
78910  -23.310  -10.617  6.913 0.0000000000
78911  -24.243  -10.583  6.903 0.0000000000
77789  -25.053  -11.310  8.009 0.0000000000
77771  -24.898  -11.734  8.234 0.0000000000
94123  -25.881  4.112  4.868 0.0000000000
96053  -28.057  5.626  5.253 0.0000000000
92071  -28.430  2.480  7.478 0.0000000000
93094  -28.565  3.481  7.052 0.0000000000
85198  -21.031  -4.382  6.847 0.0000000000
86188  -21.793  -3.845  6.041 0.0000000000
86199  -22.260  -3.582  6.193 0.0000000000
87174  -23.427  -2.546  6.620 0.0000000000
87175  -23.907  -2.889  6.756 0.0000000000
87162  -24.508  -2.677  7.157 0.0000000000
87149  -25.828  -2.634  7.917 0.0000000000
86160  -28.461  -3.421  9.418 0.0000000000
87142  -29.597  -2.586  9.753 0.0000000000
87131  -30.131  -2.289  9.819 0.0000000000
88059  -30.720  -1.550  9.524 0.0000000000
78896  -30.225  -10.542  8.464 0.0000000000
78914  -30.823  -10.819  7.920 0.0000000000
70232  -22.820  -18.769  9.983 0.0000000000
70245  -23.348  -18.319  9.577 0.0000000000
71349  -22.882  -17.332  9.422 0.0000000000
76628  -21.105  -12.020  8.870 0.0000000000
76630  -23.136  -12.341  7.854 0.0000000000
74532  -24.900  -15.429  9.323 0.0000000000
92084  -23.466  2.089  7.311 0.0000000000
92102  -26.537  3.262  6.173 0.0000000000
92103  -27.133  3.136  6.238 0.0000000000
92069  -27.054  2.211  7.114 0.0000000000
91023  -26.279  1.234  7.149 0.0000000000
92070  -27.650  2.202  7.140 0.0000000000
91025  -27.705  1.425  7.601 0.0000000000
91011  -28.016  1.153  8.139 0.0000000000
83202  -21.377  -6.357  7.299 0.0000000000
82176  -23.079  -7.178  6.230 0.0000000000
83214  -22.766  -6.227  6.262 0.0000000000
84224  -23.188  -5.299  6.041 0.0000000000
85202  -24.336  -4.678  6.868 0.0000000000
85188  -25.104  -4.736  7.407 0.0000000000
85190  -26.580  -4.190  8.308 0.0000000000
85172  -26.520  -5.520  8.114 0.0000000000
85173  -27.135  -4.730  8.440 0.0000000000
85175  -28.972  -4.178  9.567 0.0000000000
85164  -31.394  -3.921  9.483 0.0000000000
85178  -31.973  -4.479  9.145 0.0000000000
84203  -32.272  -5.528  8.663 0.0000000000
83188  -30.678  -6.464  9.250 0.0000000000
76637  -30.008  -12.555  7.673 0.0000000000
68069  -25.493  -20.231  10.178 0.0000000000
68070  -25.974  -20.071  9.626 0.0000000000
81055  -21.368  -8.203  7.318 0.0000000000
81057  -22.767  -8.797  6.581 0.0000000000
79970  -22.517  -9.346  6.818 0.0000000000
79992  -25.262  -8.477  7.039 0.0000000000
81059  -26.428  -8.311  8.136 0.0000000000
81038  -26.989  -8.950  8.393 0.0000000000
79951  -27.594  -9.804  8.820 0.0000000000
78894  -28.326  -10.809  9.113 0.0000000000
77775  -29.238  -12.034  9.149 0.0000000000
76649  -24.477  -12.066  8.102 0.0000000000
76636  -29.491  -13.058  7.936 0.0000000000
76650  -29.363  -13.322  6.905 0.0000000000
93128  -27.981  3.678  5.631 0.0000000000
94105  -28.453  4.233  5.710 0.0000000000
89066  -22.711  -1.351  6.613 0.0000000000
89053  -24.843  -0.928  7.156 0.0000000000
88085  -24.539  -1.557  6.968 0.0000000000
88086  -25.023  -1.239  7.331 0.0000000000
89042  -25.413  -0.475  7.288 0.0000000000
89044  -27.274  -0.050  7.634 0.0000000000
89993  -28.183  0.472  8.420 0.0000000000
87140  -28.074  -2.519  8.874 0.0000000000
87139  -27.497  -2.209  8.533 0.0000000000
88067  -27.205  -1.560  8.310 0.0000000000
89994  -29.009  0.632  8.785 0.0000000000
89995  -29.849  0.648  9.198 0.0000000000
81042  -31.102  -8.499  8.793 0.0000000000
81043  -31.726  -8.530  8.120 0.0000000000
73505  -21.022  -15.413  10.068 0.0000000000
72484  -22.819  -15.991  8.878 0.0000000000
72466  -23.244  -16.540  9.220 0.0000000000
72485  -23.388  -15.989  8.769 0.0000000000
73508  -24.647  -15.935  9.305 0.0000000000
73526  -26.377  -16.266  9.389 0.0000000000
71353  -26.388  -17.701  9.512 0.0000000000
72486  -26.540  -17.107  9.221 0.0000000000
72483  -22.576  -15.932  9.056 0.0000000000
74531  -24.444  -15.470  9.073 0.0000000000
75605  -29.193  -13.407  6.327 0.0000000000
77769  -21.738  -11.174  8.253 0.0000000000
77788  -24.504  -11.397  7.628 0.0000000000
79989  -23.141  -9.249  6.506 0.0000000000
81058  -25.718  -8.247  7.679 0.0000000000
82162  -21.695  -7.268  6.939 0.0000000000
83213  -21.993  -6.242  6.687 0.0000000000
84235  -22.728  -4.772  6.080 0.0000000000
85162  -30.272  -3.737  9.692 0.0000000000
85163  -30.716  -3.839  9.682 0.0000000000
85199  -21.639  -4.430  6.302 0.0000000000
86153  -30.345  -3.180  9.799 0.0000000000
86161  -29.519  -3.331  9.702 0.0000000000
86189  -23.365  -4.151  6.626 0.0000000000
86198  -21.836  -3.346  6.269 0.0000000000
86201  -23.539  -3.201  6.751 0.0000000000
87130  -29.524  -2.024  9.674 0.0000000000
87160  -22.119  -2.178  6.477 0.0000000000
87161  -24.112  -2.245  6.621 0.0000000000
88058  -29.917  -1.417  9.578 0.0000000000
89988  -31.125  -0.048  9.437 0.0000000000
90008  -27.575  0.498  7.912 0.0000000000
92072  -29.070  2.810  7.977 0.0000000000
94125  -27.897  4.203  5.154 0.0000000000
