#!ascii label  , from subject 3812 vox2ras=TkReg
450
74583  -30.531  -14.940  6.486 0.0000000000
77790  -30.299  -12.302  7.524 0.0000000000
91012  -28.634  1.502  8.505 0.0000000000
86155  -31.893  -3.382  9.223 0.0000000000
82204  -31.117  -7.977  4.113 0.0000000000
77848  -34.680  -11.529  3.277 0.0000000000
92089  -28.127  2.841  6.833 0.0000000000
84227  -32.575  -5.557  6.721 0.0000000000
82151  -31.472  -7.644  8.398 0.0000000000
75633  -29.484  -14.102  5.469 0.0000000000
76684  -30.716  -12.096  4.572 0.0000000000
75638  -33.004  -13.257  5.047 0.0000000000
69170  -27.718  -19.294  8.304 0.0000000000
73542  -28.005  -15.785  7.256 0.0000000000
125107  -25.532  6.766  4.351 0.0000000000
125121  -27.059  6.879  3.970 0.0000000000
96029  -28.741  6.334  6.920 0.0000000000
94068  -29.967  4.146  8.009 0.0000000000
91016  -32.447  1.610  8.227 0.0000000000
89021  -30.499  -0.714  9.480 0.0000000000
89054  -32.914  -0.850  6.889 0.0000000000
86211  -31.133  -3.300  4.413 0.0000000000
83246  -29.491  -5.833  1.182 0.0000000000
81134  -33.103  -8.240  0.389 0.0000000000
78916  -31.710  -9.916  6.824 0.0000000000
78980  -31.699  -10.315  2.784 0.0000000000
82149  -30.140  -7.257  9.491 0.0000000000
82147  -28.315  -7.672  8.779 0.0000000000
74598  -30.631  -14.432  5.414 0.0000000000
75635  -30.846  -13.553  4.651 0.0000000000
74585  -31.943  -13.606  6.189 0.0000000000
64439  -28.013  -23.177  11.840 0.0000000000
66894  -28.110  -21.772  10.400 0.0000000000
68059  -28.464  -20.609  10.659 0.0000000000
74553  -27.969  -14.826  8.068 0.0000000000
73528  -27.646  -15.574  8.171 0.0000000000
96053  -28.057  5.626  5.253 0.0000000000
91026  -28.310  1.743  7.953 0.0000000000
93095  -29.032  3.376  7.585 0.0000000000
92073  -29.625  2.865  8.122 0.0000000000
93080  -31.725  3.722  8.269 0.0000000000
91014  -30.485  1.708  8.968 0.0000000000
87132  -30.944  -2.406  9.545 0.0000000000
89032  -31.923  -0.433  9.211 0.0000000000
88070  -32.627  -1.680  8.374 0.0000000000
88087  -32.520  -1.660  6.440 0.0000000000
86192  -32.284  -3.467  6.617 0.0000000000
83230  -31.709  -6.729  4.722 0.0000000000
84266  -31.262  -5.476  3.424 0.0000000000
82202  -30.072  -7.245  2.614 0.0000000000
82228  -31.584  -7.097  -0.150 0.0000000000
82212  -30.493  -8.108  2.329 0.0000000000
78895  -29.378  -10.784  8.993 0.0000000000
78897  -30.712  -10.064  8.081 0.0000000000
77792  -31.302  -11.139  6.785 0.0000000000
78960  -32.503  -11.491  3.648 0.0000000000
77847  -31.396  -10.874  3.680 0.0000000000
78972  -33.179  -10.917  3.129 0.0000000000
78982  -33.641  -10.329  2.282 0.0000000000
77858  -35.069  -11.121  2.642 0.0000000000
70249  -28.820  -19.112  8.884 0.0000000000
69186  -28.001  -18.980  7.805 0.0000000000
70262  -29.338  -18.444  8.031 0.0000000000
71367  -29.441  -17.607  7.689 0.0000000000
85177  -31.007  -4.616  9.530 0.0000000000
85191  -32.566  -4.543  8.270 0.0000000000
83190  -32.370  -6.134  8.250 0.0000000000
83206  -32.158  -6.608  7.561 0.0000000000
82180  -32.388  -7.496  6.174 0.0000000000
76651  -29.851  -12.739  6.663 0.0000000000
77801  -30.651  -12.079  5.981 0.0000000000
76683  -30.383  -12.773  4.907 0.0000000000
76703  -31.813  -12.693  4.059 0.0000000000
77819  -33.646  -12.622  4.151 0.0000000000
68072  -28.548  -19.780  9.755 0.0000000000
76635  -28.571  -12.993  8.947 0.0000000000
75604  -28.802  -13.829  6.790 0.0000000000
74582  -28.631  -14.709  6.030 0.0000000000
73557  -29.263  -15.724  6.162 0.0000000000
97706  -25.476  7.825  3.839 0.0000000000
125102  -24.950  5.581  4.710 0.0000000000
125118  -26.390  6.871  3.612 0.0000000000
98494  -27.743  7.709  4.252 0.0000000000
97661  -28.680  7.891  5.948 0.0000000000
96866  -29.692  7.104  6.994 0.0000000000
94086  -28.688  4.307  6.555 0.0000000000
95130  -29.402  5.340  7.620 0.0000000000
96031  -30.895  6.387  7.709 0.0000000000
95115  -32.157  5.308  8.108 0.0000000000
93097  -32.544  3.620  7.674 0.0000000000
92075  -32.972  1.996  7.139 0.0000000000
89031  -29.260  0.055  8.977 0.0000000000
89996  -30.889  0.799  9.303 0.0000000000
89998  -32.961  0.604  8.006 0.0000000000
89068  -33.356  0.046  5.934 0.0000000000
89083  -32.183  -0.634  4.650 0.0000000000
86242  -28.773  -2.874  1.296 0.0000000000
85213  -32.112  -4.272  5.793 0.0000000000
85239  -30.347  -4.194  2.941 0.0000000000
79954  -30.554  -9.437  8.821 0.0000000000
79974  -31.762  -9.355  7.508 0.0000000000
80006  -32.601  -9.527  5.574 0.0000000000
78948  -31.080  -10.610  5.292 0.0000000000
80005  -31.576  -9.827  4.681 0.0000000000
81106  -30.922  -8.893  3.127 0.0000000000
81116  -32.578  -9.261  1.245 0.0000000000
80043  -34.472  -8.856  1.617 0.0000000000
72503  -28.015  -16.780  7.369 0.0000000000
72517  -29.274  -16.662  6.587 0.0000000000
73543  -30.460  -15.646  7.317 0.0000000000
73573  -30.129  -15.113  5.586 0.0000000000
74584  -31.331  -14.351  6.294 0.0000000000
74570  -31.869  -13.749  7.298 0.0000000000
65604  -28.755  -22.461  12.054 0.0000000000
65622  -28.292  -22.444  11.502 0.0000000000
65623  -28.853  -22.185  11.949 0.0000000000
92058  -28.665  2.232  8.156 0.0000000000
92059  -29.208  2.358  8.504 0.0000000000
92060  -30.093  2.604  8.533 0.0000000000
91013  -29.508  1.631  8.901 0.0000000000
86154  -31.204  -3.214  9.578 0.0000000000
86152  -29.939  -2.888  9.899 0.0000000000
87133  -31.814  -2.493  9.426 0.0000000000
88061  -32.301  -1.673  9.146 0.0000000000
87134  -32.390  -2.580  8.900 0.0000000000
87152  -32.549  -2.613  7.035 0.0000000000
86177  -32.437  -3.550  7.621 0.0000000000
82195  -31.724  -7.572  4.544 0.0000000000
83229  -31.364  -6.866  3.942 0.0000000000
82203  -30.655  -7.909  3.366 0.0000000000
77776  -30.257  -11.940  8.349 0.0000000000
77777  -30.641  -11.311  8.086 0.0000000000
77791  -30.766  -11.721  7.164 0.0000000000
78961  -33.171  -11.556  3.461 0.0000000000
80016  -33.061  -11.150  3.435 0.0000000000
78962  -33.842  -11.438  3.221 0.0000000000
78973  -34.212  -10.992  2.697 0.0000000000
77849  -35.671  -11.794  3.137 0.0000000000
70261  -28.822  -19.038  8.449 0.0000000000
84201  -30.297  -5.448  9.408 0.0000000000
84202  -31.390  -5.560  9.216 0.0000000000
82150  -30.873  -7.468  9.018 0.0000000000
83205  -31.567  -7.076  7.950 0.0000000000
82165  -31.807  -7.652  7.704 0.0000000000
82166  -32.195  -7.555  6.980 0.0000000000
75619  -29.465  -13.412  5.754 0.0000000000
76665  -29.925  -12.997  5.541 0.0000000000
76682  -30.145  -13.130  5.241 0.0000000000
75636  -31.719  -13.611  4.751 0.0000000000
75649  -31.289  -13.267  4.119 0.0000000000
75650  -32.110  -13.291  4.404 0.0000000000
76704  -32.532  -12.912  4.300 0.0000000000
76685  -33.225  -12.906  4.535 0.0000000000
76686  -34.121  -12.545  4.929 0.0000000000
76668  -33.556  -13.021  5.565 0.0000000000
64438  -27.417  -23.319  11.424 0.0000000000
64419  -26.734  -24.059  12.139 0.0000000000
68071  -28.242  -20.547  9.670 0.0000000000
69143  -29.014  -19.528  10.285 0.0000000000
75591  -28.538  -13.926  7.997 0.0000000000
74567  -28.320  -14.794  6.974 0.0000000000
73556  -28.510  -15.742  6.228 0.0000000000
73571  -28.962  -15.233  5.805 0.0000000000
125106  -25.441  7.074  4.807 0.0000000000
96914  -25.864  7.182  3.444 0.0000000000
125111  -26.762  5.790  3.868 0.0000000000
125112  -26.604  6.234  3.751 0.0000000000
125122  -26.560  7.289  3.520 0.0000000000
97684  -27.446  7.848  3.771 0.0000000000
125116  -27.780  7.375  4.574 0.0000000000
96042  -28.276  6.291  5.877 0.0000000000
125120  -28.255  7.252  5.948 0.0000000000
96865  -28.948  7.491  6.570 0.0000000000
94088  -29.448  3.795  7.686 0.0000000000
94087  -29.145  4.300  7.454 0.0000000000
95112  -29.717  5.003  8.215 0.0000000000
96014  -29.901  5.569  8.101 0.0000000000
95113  -30.432  5.192  8.384 0.0000000000
96016  -31.885  5.910  8.035 0.0000000000
94069  -31.028  4.419  8.438 0.0000000000
92062  -32.096  2.662  8.236 0.0000000000
92074  -32.861  2.556  7.439 0.0000000000
91027  -32.953  1.570  7.549 0.0000000000
88057  -29.177  -1.468  9.480 0.0000000000
89019  -28.855  -0.963  9.336 0.0000000000
89020  -29.546  -0.529  9.301 0.0000000000
89995  -29.849  0.648  9.198 0.0000000000
89987  -30.376  0.041  9.392 0.0000000000
89045  -32.830  -0.862  7.789 0.0000000000
89033  -32.514  -0.605  8.628 0.0000000000
89034  -33.185  -0.228  7.991 0.0000000000
90010  -33.487  0.646  7.062 0.0000000000
89055  -33.495  -0.139  6.496 0.0000000000
89067  -32.851  -0.564  5.730 0.0000000000
87176  -31.533  -2.562  4.845 0.0000000000
88098  -31.456  -1.881  4.546 0.0000000000
87187  -30.860  -2.362  4.202 0.0000000000
87196  -30.269  -2.309  3.362 0.0000000000
86230  -29.837  -3.067  2.953 0.0000000000
85203  -32.546  -4.494  7.156 0.0000000000
85222  -31.942  -4.784  4.738 0.0000000000
84264  -29.892  -5.499  2.492 0.0000000000
85240  -31.213  -4.885  3.399 0.0000000000
84263  -29.284  -5.262  1.663 0.0000000000
85238  -29.266  -4.510  2.108 0.0000000000
84272  -29.399  -5.046  0.977 0.0000000000
82229  -32.484  -7.601  -0.059 0.0000000000
82222  -34.171  -7.831  1.422 0.0000000000
81040  -28.895  -8.600  9.369 0.0000000000
78915  -31.228  -10.381  7.379 0.0000000000
79955  -31.259  -9.405  8.224 0.0000000000
79993  -32.932  -9.579  6.221 0.0000000000
78934  -32.877  -10.194  5.924 0.0000000000
77817  -30.635  -11.789  5.166 0.0000000000
77832  -30.594  -11.360  4.238 0.0000000000
78970  -31.188  -10.398  3.426 0.0000000000
78959  -30.882  -10.466  4.103 0.0000000000
80014  -31.030  -9.777  3.635 0.0000000000
80023  -31.009  -9.851  2.630 0.0000000000
81115  -31.473  -8.775  1.801 0.0000000000
80032  -31.927  -9.882  2.014 0.0000000000
78983  -34.811  -10.287  2.276 0.0000000000
80034  -34.035  -9.426  1.619 0.0000000000
80035  -34.916  -9.236  2.248 0.0000000000
72488  -29.578  -17.057  7.980 0.0000000000
72504  -29.785  -17.100  7.163 0.0000000000
72489  -29.982  -16.453  7.879 0.0000000000
72505  -30.087  -16.473  6.742 0.0000000000
73529  -30.457  -15.835  8.554 0.0000000000
83187  -29.650  -6.433  9.477 0.0000000000
82148  -29.251  -7.485  9.333 0.0000000000
81041  -30.084  -8.346  9.282 0.0000000000
75634  -30.122  -13.651  5.308 0.0000000000
74599  -31.435  -13.917  5.375 0.0000000000
74600  -32.058  -13.613  5.420 0.0000000000
76667  -33.144  -13.290  5.841 0.0000000000
75620  -32.676  -13.416  5.912 0.0000000000
75606  -32.513  -12.818  7.027 0.0000000000
66906  -27.760  -21.154  9.556 0.0000000000
66879  -28.559  -21.255  11.300 0.0000000000
74552  -27.704  -15.051  9.164 0.0000000000
95146  -24.993  6.383  4.953 0.0000000000
125117  -27.469  5.617  4.390 0.0000000000
125115  -27.991  6.806  5.000 0.0000000000
95159  -27.762  4.937  4.937 0.0000000000
95147  -28.704  5.255  5.976 0.0000000000
93094  -28.565  3.481  7.052 0.0000000000
92071  -28.430  2.480  7.478 0.0000000000
93096  -29.577  3.349  7.806 0.0000000000
93078  -30.062  3.235  7.974 0.0000000000
93079  -30.699  3.462  8.225 0.0000000000
92061  -31.102  2.649  8.495 0.0000000000
91015  -31.509  1.682  8.788 0.0000000000
88059  -30.720  -1.550  9.524 0.0000000000
89022  -31.346  -0.803  9.431 0.0000000000
88060  -31.543  -1.658  9.443 0.0000000000
88078  -32.725  -1.719  7.441 0.0000000000
87164  -32.170  -2.570  6.146 0.0000000000
86202  -31.716  -3.425  5.232 0.0000000000
83222  -32.050  -6.580  5.511 0.0000000000
84245  -31.615  -5.813  4.730 0.0000000000
84244  -31.424  -6.247  4.164 0.0000000000
83237  -30.030  -6.466  2.718 0.0000000000
83247  -29.687  -6.355  1.923 0.0000000000
83255  -29.890  -6.544  0.876 0.0000000000
82211  -30.207  -7.272  1.619 0.0000000000
81123  -31.318  -7.624  0.860 0.0000000000
81125  -32.494  -8.348  0.647 0.0000000000
79953  -29.621  -9.604  9.286 0.0000000000
78896  -30.225  -10.542  8.464 0.0000000000
78914  -30.823  -10.819  7.920 0.0000000000
78932  -31.532  -10.659  6.461 0.0000000000
77833  -31.554  -11.610  3.865 0.0000000000
78971  -32.211  -10.743  3.509 0.0000000000
78981  -32.546  -10.459  2.482 0.0000000000
78984  -35.693  -10.080  2.350 0.0000000000
77859  -35.757  -10.894  2.481 0.0000000000
69171  -28.279  -19.381  8.297 0.0000000000
70277  -28.469  -18.604  7.701 0.0000000000
70278  -29.112  -17.974  7.419 0.0000000000
85176  -29.984  -4.274  9.605 0.0000000000
85164  -31.394  -3.921  9.483 0.0000000000
85178  -31.973  -4.479  9.145 0.0000000000
84203  -32.272  -5.528  8.663 0.0000000000
84215  -32.711  -5.547  7.856 0.0000000000
83188  -30.678  -6.464  9.250 0.0000000000
83218  -32.238  -6.569  6.430 0.0000000000
82196  -32.268  -7.748  5.106 0.0000000000
76637  -30.008  -12.555  7.673 0.0000000000
76666  -30.177  -12.488  5.775 0.0000000000
77816  -30.442  -12.287  5.429 0.0000000000
76702  -30.774  -12.550  4.002 0.0000000000
75648  -30.795  -13.164  4.113 0.0000000000
77834  -32.843  -12.332  3.920 0.0000000000
77835  -33.945  -12.144  3.617 0.0000000000
77836  -35.083  -12.146  3.964 0.0000000000
77820  -34.485  -12.453  4.347 0.0000000000
68086  -27.848  -20.282  8.872 0.0000000000
69155  -28.539  -19.561  9.021 0.0000000000
69156  -28.820  -19.399  9.576 0.0000000000
76636  -29.491  -13.058  7.936 0.0000000000
76650  -29.363  -13.322  6.905 0.0000000000
75618  -29.034  -13.997  5.887 0.0000000000
74596  -29.192  -14.686  5.551 0.0000000000
125109  -25.379  7.834  5.194 0.0000000000
125103  -25.283  6.221  4.446 0.0000000000
125105  -25.911  6.207  4.010 0.0000000000
125113  -26.123  6.946  3.464 0.0000000000
96915  -26.262  7.455  3.206 0.0000000000
97696  -26.383  7.784  2.830 0.0000000000
98495  -28.184  8.028  5.137 0.0000000000
98496  -29.017  8.861  5.236 0.0000000000
97674  -28.985  8.403  5.693 0.0000000000
97663  -30.207  8.024  6.232 0.0000000000
96879  -30.411  7.588  6.743 0.0000000000
94105  -28.453  4.233  5.710 0.0000000000
95129  -28.881  5.123  6.957 0.0000000000
96030  -29.872  6.289  7.634 0.0000000000
96867  -30.583  6.978  7.197 0.0000000000
96868  -31.177  6.811  7.204 0.0000000000
96032  -31.791  6.455  7.333 0.0000000000
95133  -32.554  5.301  7.506 0.0000000000
94089  -32.347  4.540  7.905 0.0000000000
89030  -28.588  -0.487  8.822 0.0000000000
89994  -29.009  0.632  8.785 0.0000000000
89989  -31.604  -0.193  9.358 0.0000000000
89997  -31.927  0.457  8.968 0.0000000000
90009  -33.199  1.100  7.431 0.0000000000
91028  -33.234  1.546  7.024 0.0000000000
88099  -31.966  -1.709  5.328 0.0000000000
88113  -31.805  -1.334  4.388 0.0000000000
88129  -29.999  -1.390  2.443 0.0000000000
87209  -28.484  -1.981  1.597 0.0000000000
85212  -31.766  -3.898  5.338 0.0000000000
85221  -31.625  -3.974  4.919 0.0000000000
85230  -31.623  -5.073  3.980 0.0000000000
85229  -31.040  -4.142  4.040 0.0000000000
85228  -30.615  -3.901  3.615 0.0000000000
86229  -29.114  -3.273  2.058 0.0000000000
83264  -31.316  -6.463  -0.306 0.0000000000
81042  -31.102  -8.499  8.793 0.0000000000
81043  -31.726  -8.530  8.120 0.0000000000
81060  -32.121  -8.500  7.349 0.0000000000
81076  -32.798  -8.541  6.006 0.0000000000
81097  -31.600  -8.376  4.561 0.0000000000
77802  -31.156  -11.449  6.104 0.0000000000
77846  -30.913  -10.929  3.747 0.0000000000
78949  -32.218  -10.044  5.584 0.0000000000
81096  -31.192  -9.091  4.194 0.0000000000
81107  -30.958  -8.475  3.944 0.0000000000
81126  -33.577  -8.548  0.915 0.0000000000
80033  -32.991  -9.699  1.919 0.0000000000
81117  -33.304  -9.255  1.389 0.0000000000
73541  -27.540  -16.204  7.786 0.0000000000
72516  -28.566  -16.601  6.802 0.0000000000
71398  -29.099  -17.165  6.853 0.0000000000
71397  -28.938  -16.992  6.794 0.0000000000
72518  -29.644  -16.136  6.431 0.0000000000
73558  -29.928  -15.613  6.299 0.0000000000
74568  -30.581  -14.999  7.269 0.0000000000
68060  -28.530  -20.073  10.199 0.0000000000
69187  -28.133  -19.141  7.949 0.0000000000
71382  -28.725  -17.415  7.177 0.0000000000
71383  -29.275  -17.357  7.085 0.0000000000
73572  -29.532  -15.199  5.649 0.0000000000
74597  -29.840  -14.634  5.335 0.0000000000
75605  -29.193  -13.407  6.327 0.0000000000
75621  -32.994  -13.349  5.487 0.0000000000
75637  -32.497  -13.487  5.070 0.0000000000
75651  -32.687  -13.220  4.653 0.0000000000
76652  -30.375  -12.302  6.389 0.0000000000
76701  -30.598  -13.061  4.237 0.0000000000
77818  -33.255  -12.620  4.203 0.0000000000
78933  -32.170  -10.092  6.155 0.0000000000
78950  -32.867  -9.987  5.650 0.0000000000
79975  -32.294  -9.378  6.849 0.0000000000
79994  -33.150  -9.937  5.845 0.0000000000
80007  -32.994  -9.846  5.673 0.0000000000
80015  -32.797  -11.111  3.568 0.0000000000
80024  -32.780  -10.877  3.431 0.0000000000
80025  -33.007  -10.958  3.457 0.0000000000
80042  -34.098  -8.827  1.371 0.0000000000
81061  -32.512  -8.527  6.611 0.0000000000
81086  -31.695  -9.031  5.015 0.0000000000
81087  -32.365  -8.352  5.199 0.0000000000
81088  -32.616  -8.013  5.186 0.0000000000
81089  -32.849  -7.972  5.019 0.0000000000
81098  -32.169  -7.982  4.969 0.0000000000
81099  -32.482  -7.892  5.146 0.0000000000
81114  -30.959  -7.835  1.383 0.0000000000
81124  -31.740  -7.917  1.003 0.0000000000
81127  -34.250  -8.467  1.396 0.0000000000
81133  -32.881  -8.042  0.189 0.0000000000
82186  -32.193  -7.361  5.368 0.0000000000
82187  -32.421  -7.875  5.255 0.0000000000
82188  -32.733  -7.901  5.436 0.0000000000
82194  -31.143  -7.479  3.809 0.0000000000
82197  -32.674  -7.954  5.214 0.0000000000
82218  -30.783  -7.257  0.466 0.0000000000
82219  -31.656  -7.635  0.339 0.0000000000
82220  -32.077  -7.958  0.377 0.0000000000
82227  -30.982  -6.855  -0.200 0.0000000000
82230  -33.252  -7.823  0.240 0.0000000000
83189  -31.602  -6.569  8.553 0.0000000000
83238  -30.544  -6.919  3.359 0.0000000000
83262  -30.121  -5.598  0.174 0.0000000000
83265  -32.183  -6.435  -0.195 0.0000000000
83273  -31.570  -6.018  -0.352 0.0000000000
84236  -32.154  -5.607  5.630 0.0000000000
84252  -30.449  -6.121  2.980 0.0000000000
84253  -31.091  -6.125  3.483 0.0000000000
84254  -31.425  -5.686  3.900 0.0000000000
84265  -30.805  -5.386  2.994 0.0000000000
84280  -29.873  -5.086  0.501 0.0000000000
85162  -30.272  -3.737  9.692 0.0000000000
85163  -30.716  -3.839  9.682 0.0000000000
85241  -31.434  -5.275  3.642 0.0000000000
85249  -28.808  -4.115  1.296 0.0000000000
86153  -30.345  -3.180  9.799 0.0000000000
86163  -32.355  -3.539  8.584 0.0000000000
86203  -31.877  -3.289  5.921 0.0000000000
86210  -30.672  -2.945  4.194 0.0000000000
86218  -30.474  -3.377  3.835 0.0000000000
86219  -30.829  -3.628  4.159 0.0000000000
87143  -32.567  -2.626  8.024 0.0000000000
87177  -31.792  -2.701  5.519 0.0000000000
87186  -30.458  -2.738  4.005 0.0000000000
87210  -29.441  -2.166  2.291 0.0000000000
88058  -29.917  -1.417  9.578 0.0000000000
89023  -31.912  -1.041  9.145 0.0000000000
89046  -33.398  -0.274  7.359 0.0000000000
89988  -31.125  -0.048  9.437 0.0000000000
89999  -33.401  0.180  7.668 0.0000000000
90020  -33.595  0.619  6.043 0.0000000000
92072  -29.070  2.810  7.977 0.0000000000
94067  -29.530  4.707  7.869 0.0000000000
94070  -31.826  4.675  8.381 0.0000000000
94106  -32.728  4.595  7.062 0.0000000000
95114  -31.420  5.380  8.366 0.0000000000
95131  -30.920  5.793  8.119 0.0000000000
95132  -31.408  6.023  7.948 0.0000000000
96015  -30.396  5.876  8.043 0.0000000000
96878  -29.726  7.710  6.586 0.0000000000
97662  -29.415  8.046  6.108 0.0000000000
97664  -30.758  7.900  6.459 0.0000000000
125104  -25.352  5.681  4.449 0.0000000000
125108  -25.584  5.646  4.376 0.0000000000
125114  -25.659  6.975  3.855 0.0000000000
125119  -26.312  7.155  3.441 0.0000000000
125123  -28.182  7.393  5.363 0.0000000000
