#!ascii label  , from subject 3812 vox2ras=TkReg
2054
72951  44.972  -15.841  62.591 0.0000000000
50682  42.268  -34.452  79.945 0.0000000000
44715  28.272  -37.347  77.215 0.0000000000
43370  19.026  -38.607  80.910 0.0000000000
46866  35.258  -37.033  83.035 0.0000000000
48166  38.852  -36.543  74.497 0.0000000000
65688  43.648  -22.990  64.288 0.0000000000
75420  54.325  -14.334  60.608 0.0000000000
66813  48.748  -22.184  73.120 0.0000000000
60573  41.661  -25.915  72.925 0.0000000000
54782  35.569  -31.660  70.174 0.0000000000
43289  27.755  -38.448  83.239 0.0000000000
43426  23.463  -38.785  78.984 0.0000000000
44519  23.059  -38.879  85.356 0.0000000000
44613  32.087  -38.064  80.580 0.0000000000
72820  46.622  -17.224  74.046 0.0000000000
54495  39.332  -31.224  83.188 0.0000000000
55718  44.383  -29.447  80.767 0.0000000000
59364  46.182  -27.544  76.319 0.0000000000
57002  40.658  -29.445  76.946 0.0000000000
58237  38.154  -28.310  71.960 0.0000000000
53355  37.521  -32.249  75.313 0.0000000000
48264  36.242  -36.527  70.743 0.0000000000
48293  39.862  -36.558  69.257 0.0000000000
74156  48.892  -14.735  61.176 0.0000000000
71827  50.045  -17.176  55.832 0.0000000000
48241  29.944  -35.279  71.724 0.0000000000
48221  23.641  -35.976  72.282 0.0000000000
46863  40.378  -37.533  82.166 0.0000000000
48150  40.089  -36.947  77.121 0.0000000000
43402  37.281  -39.842  78.698 0.0000000000
46978  33.600  -37.112  75.057 0.0000000000
69401  41.551  -20.216  64.001 0.0000000000
44443  18.823  -38.152  89.329 0.0000000000
45670  14.693  -37.697  84.802 0.0000000000
76532  49.580  -13.827  66.278 0.0000000000
72870  47.654  -15.630  68.423 0.0000000000
69311  44.329  -18.990  69.460 0.0000000000
65579  45.430  -23.179  69.493 0.0000000000
61895  46.868  -24.771  67.771 0.0000000000
65456  46.305  -22.734  76.576 0.0000000000
61828  47.112  -25.042  72.386 0.0000000000
61920  41.586  -24.622  67.685 0.0000000000
60653  37.114  -26.202  66.722 0.0000000000
52123  39.185  -33.940  71.735 0.0000000000
44495  27.042  -38.917  86.226 0.0000000000
44535  24.554  -38.791  84.426 0.0000000000
44474  24.651  -38.700  87.147 0.0000000000
43246  29.229  -38.473  84.870 0.0000000000
53201  42.443  -33.406  81.869 0.0000000000
53251  44.051  -32.545  80.481 0.0000000000
54652  43.997  -30.686  78.416 0.0000000000
54626  42.134  -31.935  78.565 0.0000000000
55827  39.481  -30.436  76.677 0.0000000000
53308  39.526  -33.003  78.555 0.0000000000
47100  35.031  -37.642  69.754 0.0000000000
45984  38.343  -38.092  69.988 0.0000000000
72967  46.347  -15.995  61.100 0.0000000000
72987  47.088  -15.811  58.636 0.0000000000
72996  44.927  -16.392  58.741 0.0000000000
46983  28.168  -36.177  74.691 0.0000000000
48244  26.591  -35.859  71.268 0.0000000000
48178  25.935  -36.541  75.161 0.0000000000
43389  21.505  -38.558  80.058 0.0000000000
45849  21.499  -38.441  77.132 0.0000000000
44703  19.081  -38.155  78.104 0.0000000000
45795  16.433  -37.385  78.514 0.0000000000
50602  38.077  -33.715  82.561 0.0000000000
48118  37.389  -36.260  80.957 0.0000000000
43355  38.723  -40.196  80.485 0.0000000000
45743  36.100  -37.690  80.130 0.0000000000
44666  30.708  -37.727  78.789 0.0000000000
45810  33.319  -37.977  78.099 0.0000000000
45867  30.749  -36.790  76.327 0.0000000000
48193  31.149  -35.773  73.801 0.0000000000
66916  41.612  -22.050  64.650 0.0000000000
67000  42.748  -21.806  61.524 0.0000000000
66970  44.649  -22.031  62.304 0.0000000000
46818  13.365  -36.754  87.709 0.0000000000
71700  45.103  -17.484  68.670 0.0000000000
72848  46.076  -16.247  70.632 0.0000000000
69247  47.037  -20.301  74.813 0.0000000000
66797  45.651  -21.189  73.396 0.0000000000
65521  47.563  -22.371  72.192 0.0000000000
65619  47.315  -23.863  68.198 0.0000000000
64291  48.027  -23.554  70.608 0.0000000000
60533  43.714  -26.708  75.324 0.0000000000
60548  46.808  -26.321  74.679 0.0000000000
61831  43.801  -25.204  72.271 0.0000000000
61879  44.067  -24.899  69.336 0.0000000000
61882  41.341  -25.164  69.442 0.0000000000
60651  38.705  -25.307  66.652 0.0000000000
61884  39.519  -25.923  69.624 0.0000000000
59452  36.220  -28.318  68.949 0.0000000000
46948  40.394  -37.214  75.699 0.0000000000
50743  39.804  -35.180  75.024 0.0000000000
49457  40.417  -35.380  73.071 0.0000000000
48323  37.162  -36.252  68.431 0.0000000000
74213  56.011  -15.011  57.563 0.0000000000
74189  54.138  -15.498  58.382 0.0000000000
44617  27.627  -38.722  80.456 0.0000000000
44718  25.915  -38.219  77.783 0.0000000000
43336  25.331  -38.874  81.540 0.0000000000
43316  22.826  -38.977  82.450 0.0000000000
43272  20.905  -38.590  83.879 0.0000000000
43258  33.929  -38.285  84.731 0.0000000000
45724  33.827  -37.551  81.314 0.0000000000
43306  31.976  -38.351  83.090 0.0000000000
43331  30.064  -38.840  82.059 0.0000000000
73983  46.531  -15.718  72.997 0.0000000000
70371  47.427  -19.457  76.220 0.0000000000
56960  46.374  -28.607  79.218 0.0000000000
58170  44.198  -28.495  76.684 0.0000000000
59404  40.590  -27.523  74.595 0.0000000000
60576  39.496  -26.923  71.770 0.0000000000
58207  39.615  -28.547  74.573 0.0000000000
57056  38.042  -29.722  73.552 0.0000000000
54738  36.512  -31.802  72.956 0.0000000000
48187  37.181  -36.146  73.101 0.0000000000
48231  39.765  -36.187  71.459 0.0000000000
48261  39.173  -36.549  70.545 0.0000000000
75423  51.074  -14.506  60.337 0.0000000000
74191  51.763  -15.142  58.373 0.0000000000
74193  49.453  -15.069  58.258 0.0000000000
45896  23.964  -37.350  75.219 0.0000000000
50600  40.312  -34.420  82.208 0.0000000000
46890  42.427  -36.790  80.987 0.0000000000
49406  40.496  -35.566  79.743 0.0000000000
45760  41.185  -38.147  80.059 0.0000000000
44684  39.728  -39.132  78.027 0.0000000000
45862  37.865  -37.801  76.170 0.0000000000
44664  34.714  -38.698  78.777 0.0000000000
45835  35.441  -38.584  76.852 0.0000000000
46975  36.468  -36.841  74.947 0.0000000000
48190  34.242  -36.243  73.461 0.0000000000
49470  33.255  -35.659  71.203 0.0000000000
71758  42.768  -17.621  63.071 0.0000000000
70630  42.538  -18.349  59.380 0.0000000000
68281  41.497  -20.462  60.291 0.0000000000
43219  20.911  -39.123  87.668 0.0000000000
44523  19.087  -38.739  85.148 0.0000000000
46792  17.131  -37.472  88.240 0.0000000000
45685  16.819  -38.668  82.986 0.0000000000
75349  52.071  -13.814  63.765 0.0000000000
74120  49.493  -14.411  63.844 0.0000000000
72902  47.440  -15.384  64.827 0.0000000000
72917  45.719  -16.454  64.614 0.0000000000
71734  44.585  -17.500  65.926 0.0000000000
69353  43.249  -19.005  66.697 0.0000000000
66881  42.134  -21.645  68.053 0.0000000000
69281  46.156  -18.777  72.122 0.0000000000
65544  43.723  -21.335  70.967 0.0000000000
65623  43.506  -23.091  67.535 0.0000000000
64348  45.822  -23.664  66.267 0.0000000000
61952  45.549  -25.163  64.930 0.0000000000
65477  48.917  -23.008  74.935 0.0000000000
61762  47.501  -25.637  76.438 0.0000000000
61790  48.822  -25.230  74.917 0.0000000000
63086  48.803  -24.318  72.321 0.0000000000
61861  47.169  -24.877  69.901 0.0000000000
61918  43.540  -24.919  67.342 0.0000000000
59450  37.956  -27.108  69.317 0.0000000000
50725  38.428  -34.757  77.044 0.0000000000
52095  37.481  -33.759  73.799 0.0000000000
53441  36.853  -33.104  70.903 0.0000000000
49481  39.546  -35.109  70.550 0.0000000000
50795  37.153  -34.264  69.828 0.0000000000
44473  25.707  -39.060  87.136 0.0000000000
44435  25.389  -38.653  87.996 0.0000000000
50636  43.405  -34.718  81.011 0.0000000000
53224  43.801  -32.944  81.022 0.0000000000
51962  43.815  -33.316  80.111 0.0000000000
53304  43.222  -32.415  78.853 0.0000000000
52002  42.388  -33.353  79.173 0.0000000000
53307  40.446  -32.484  78.626 0.0000000000
52003  41.219  -33.497  79.214 0.0000000000
72950  46.053  -15.585  62.222 0.0000000000
72978  45.425  -16.097  60.402 0.0000000000
72979  44.419  -16.489  60.699 0.0000000000
45869  28.913  -36.782  76.304 0.0000000000
46984  27.142  -36.393  74.894 0.0000000000
45871  27.209  -37.261  76.639 0.0000000000
43390  20.344  -38.448  80.138 0.0000000000
45792  20.170  -38.318  78.415 0.0000000000
44678  18.991  -38.076  79.090 0.0000000000
45821  18.511  -37.857  77.809 0.0000000000
45772  18.064  -37.636  79.824 0.0000000000
45653  35.185  -37.225  84.783 0.0000000000
48071  35.968  -36.000  83.929 0.0000000000
49326  36.355  -35.440  82.699 0.0000000000
48119  36.319  -36.360  81.024 0.0000000000
46904  37.306  -37.359  80.467 0.0000000000
46893  35.772  -36.782  80.749 0.0000000000
44694  29.179  -37.491  77.887 0.0000000000
45813  30.730  -37.424  77.468 0.0000000000
45841  29.439  -37.154  76.992 0.0000000000
45868  29.797  -36.759  76.255 0.0000000000
65689  42.906  -22.412  64.496 0.0000000000
66940  42.737  -22.040  63.522 0.0000000000
66939  43.490  -22.378  63.252 0.0000000000
75258  47.949  -14.229  71.210 0.0000000000
74036  46.698  -15.378  70.268 0.0000000000
75259  47.038  -14.565  71.447 0.0000000000
68046  47.721  -21.382  74.278 0.0000000000
68067  47.411  -21.579  73.273 0.0000000000
66814  48.333  -21.875  72.840 0.0000000000
65556  47.922  -23.193  70.893 0.0000000000
65538  49.263  -22.620  71.942 0.0000000000
60564  42.104  -25.865  73.633 0.0000000000
61796  43.599  -25.639  73.854 0.0000000000
61815  42.326  -25.742  72.764 0.0000000000
61849  42.386  -25.178  71.233 0.0000000000
61850  41.449  -25.506  71.118 0.0000000000
61883  40.303  -25.433  69.618 0.0000000000
61851  40.602  -25.823  71.048 0.0000000000
48154  39.928  -37.135  75.136 0.0000000000
48164  40.475  -36.437  74.943 0.0000000000
48184  40.205  -36.053  73.570 0.0000000000
75451  54.944  -14.910  59.024 0.0000000000
75452  54.222  -14.941  58.904 0.0000000000
43334  27.262  -38.719  81.742 0.0000000000
43361  27.001  -38.716  81.084 0.0000000000
43312  26.610  -38.624  82.406 0.0000000000
44518  23.938  -39.210  85.374 0.0000000000
43293  23.772  -38.948  83.474 0.0000000000
43270  23.274  -38.879  83.850 0.0000000000
43317  21.993  -38.825  82.512 0.0000000000
44538  21.930  -38.601  84.342 0.0000000000
43228  32.311  -38.274  85.401 0.0000000000
43283  32.996  -38.454  84.054 0.0000000000
43261  31.800  -38.681  84.353 0.0000000000
43265  28.032  -38.444  84.090 0.0000000000
43287  29.688  -38.591  83.429 0.0000000000
43310  28.424  -38.569  82.524 0.0000000000
43359  28.868  -38.791  81.189 0.0000000000
56929  43.162  -29.395  81.484 0.0000000000
59318  43.283  -27.796  81.454 0.0000000000
59316  44.482  -28.088  80.702 0.0000000000
59335  45.385  -27.379  80.150 0.0000000000
56939  45.642  -29.032  80.176 0.0000000000
56986  42.598  -29.770  77.658 0.0000000000
55824  44.053  -29.545  77.470 0.0000000000
57000  42.912  -28.981  77.272 0.0000000000
59366  42.354  -27.771  76.266 0.0000000000
58191  40.818  -28.396  76.106 0.0000000000
58218  39.973  -28.002  74.354 0.0000000000
57034  40.215  -28.983  75.661 0.0000000000
54681  38.429  -31.583  76.404 0.0000000000
55871  38.291  -30.295  74.746 0.0000000000
55872  37.779  -30.914  74.397 0.0000000000
55910  36.800  -30.683  72.873 0.0000000000
54719  37.343  -31.660  74.483 0.0000000000
48234  36.616  -36.309  71.390 0.0000000000
48233  37.534  -36.110  71.442 0.0000000000
48263  37.068  -36.544  70.749 0.0000000000
74155  49.866  -14.571  61.680 0.0000000000
74179  49.712  -14.714  59.254 0.0000000000
74166  48.787  -14.685  60.100 0.0000000000
73009  47.237  -16.223  57.225 0.0000000000
49487  30.060  -35.564  70.239 0.0000000000
48271  28.797  -35.950  70.094 0.0000000000
44699  24.337  -38.600  78.593 0.0000000000
45846  24.582  -37.811  77.166 0.0000000000
45847  23.435  -38.322  77.086 0.0000000000
45900  20.240  -37.521  75.210 0.0000000000
46990  21.106  -37.484  74.716 0.0000000000
49347  39.633  -35.555  82.218 0.0000000000
50601  39.116  -33.810  82.266 0.0000000000
48085  40.748  -36.427  82.426 0.0000000000
49320  41.991  -35.522  82.410 0.0000000000
45677  41.350  -37.635  81.957 0.0000000000
45741  41.641  -37.833  80.883 0.0000000000
45719  41.075  -38.669  81.369 0.0000000000
43379  38.169  -40.042  79.497 0.0000000000
43400  39.531  -39.834  79.445 0.0000000000
44685  38.814  -39.185  78.035 0.0000000000
45805  39.230  -38.595  77.401 0.0000000000
44709  37.127  -38.958  77.203 0.0000000000
45725  32.970  -37.669  81.568 0.0000000000
45745  34.430  -37.541  80.237 0.0000000000
45763  33.435  -37.623  79.584 0.0000000000
46939  32.835  -37.488  76.412 0.0000000000
44712  34.429  -38.536  77.353 0.0000000000
45866  34.596  -37.903  76.310 0.0000000000
45864  35.868  -37.970  76.326 0.0000000000
46977  34.569  -37.198  74.963 0.0000000000
48170  34.876  -36.641  74.219 0.0000000000
48171  33.910  -36.634  74.302 0.0000000000
48214  30.443  -35.283  72.775 0.0000000000
48212  32.589  -35.677  72.864 0.0000000000
49472  31.506  -35.336  71.065 0.0000000000
70579  42.676  -18.401  63.784 0.0000000000
69434  41.747  -19.053  61.530 0.0000000000
68265  41.289  -20.885  61.432 0.0000000000
67008  44.536  -21.338  60.779 0.0000000000
44442  19.727  -38.725  89.006 0.0000000000
44503  19.481  -39.075  86.253 0.0000000000
44480  18.831  -38.677  87.363 0.0000000000
46816  15.249  -37.308  87.779 0.0000000000
45657  15.678  -37.705  85.589 0.0000000000
45656  16.846  -38.419  85.220 0.0000000000
45669  15.781  -38.039  84.414 0.0000000000
46896  15.801  -37.698  82.071 0.0000000000
45687  14.893  -37.837  83.633 0.0000000000
75366  53.355  -14.011  62.922 0.0000000000
76554  50.797  -13.747  64.631 0.0000000000
75339  50.241  -14.106  65.067 0.0000000000
74105  48.249  -14.671  64.434 0.0000000000
75340  49.480  -14.429  65.460 0.0000000000
72881  48.368  -15.483  67.622 0.0000000000
74078  47.658  -15.593  66.492 0.0000000000
72892  46.770  -16.170  66.289 0.0000000000
71733  45.187  -17.030  65.625 0.0000000000
71713  45.737  -17.144  66.926 0.0000000000
70509  44.614  -18.163  69.265 0.0000000000
69351  44.465  -18.298  67.525 0.0000000000
69325  43.708  -19.089  68.421 0.0000000000
68142  42.532  -20.558  67.802 0.0000000000
68126  42.839  -20.737  69.048 0.0000000000
72821  46.645  -16.594  73.542 0.0000000000
72833  46.606  -16.600  72.606 0.0000000000
70449  46.983  -18.138  72.909 0.0000000000
65523  45.500  -22.408  72.244 0.0000000000
66819  44.451  -21.110  72.244 0.0000000000
65560  44.108  -22.460  70.570 0.0000000000
65601  43.242  -22.840  68.710 0.0000000000
65600  44.489  -23.210  68.560 0.0000000000
64335  44.988  -23.469  66.721 0.0000000000
65621  46.123  -23.423  67.748 0.0000000000
63147  46.899  -24.334  67.682 0.0000000000
63160  46.477  -24.547  66.721 0.0000000000
61934  45.668  -25.362  65.967 0.0000000000
61935  44.756  -25.406  66.124 0.0000000000
65454  47.732  -22.715  75.871 0.0000000000
59353  46.784  -27.479  78.207 0.0000000000
61752  46.407  -26.344  77.457 0.0000000000
59361  47.534  -26.729  76.709 0.0000000000
61793  46.907  -25.585  74.119 0.0000000000
60547  47.878  -26.291  74.873 0.0000000000
61810  47.472  -25.280  73.427 0.0000000000
63072  49.241  -24.347  73.379 0.0000000000
61827  48.081  -24.756  72.683 0.0000000000
61844  47.866  -24.552  71.254 0.0000000000
61845  46.620  -24.864  71.205 0.0000000000
60604  43.011  -24.608  68.759 0.0000000000
61898  44.133  -25.058  68.351 0.0000000000
61919  42.584  -24.653  67.482 0.0000000000
61937  42.753  -24.664  66.445 0.0000000000
61938  41.654  -24.525  66.643 0.0000000000
61957  40.604  -24.669  65.761 0.0000000000
60652  37.916  -25.607  66.796 0.0000000000
61959  38.312  -25.337  65.611 0.0000000000
59423  38.536  -27.825  72.057 0.0000000000
59440  38.725  -27.103  70.915 0.0000000000
59441  38.112  -27.453  70.449 0.0000000000
59481  35.359  -28.003  67.492 0.0000000000
48143  39.901  -36.919  78.211 0.0000000000
49416  39.318  -35.732  78.489 0.0000000000
49424  39.219  -36.036  77.478 0.0000000000
50762  39.960  -34.537  73.341 0.0000000000
50752  39.133  -34.511  74.042 0.0000000000
52105  38.852  -34.037  72.780 0.0000000000
53416  37.380  -32.968  71.950 0.0000000000
52125  37.842  -33.373  71.506 0.0000000000
48259  40.147  -36.649  70.215 0.0000000000
49480  40.186  -35.640  70.823 0.0000000000
49502  39.805  -35.946  69.656 0.0000000000
49522  37.711  -35.426  69.068 0.0000000000
52150  36.214  -33.849  69.232 0.0000000000
73005  50.976  -16.299  56.889 0.0000000000
74204  52.632  -15.867  57.587 0.0000000000
69460  43.276  -19.283  57.411 0.0000000000
44532  27.367  -38.671  84.875 0.0000000000
43267  26.263  -38.612  83.950 0.0000000000
44516  25.886  -38.639  85.606 0.0000000000
44517  24.864  -38.697  85.497 0.0000000000
44475  23.415  -39.001  87.251 0.0000000000
43247  28.260  -38.573  85.028 0.0000000000
53203  40.762  -32.568  81.803 0.0000000000
55723  40.534  -30.735  81.726 0.0000000000
54526  42.077  -32.104  81.682 0.0000000000
55733  43.351  -30.945  81.264 0.0000000000
55732  44.106  -30.578  80.715 0.0000000000
55762  45.056  -30.155  79.281 0.0000000000
54623  43.979  -31.126  79.044 0.0000000000
55782  42.977  -31.010  78.448 0.0000000000
55804  41.310  -30.716  77.697 0.0000000000
57003  39.937  -29.797  76.748 0.0000000000
54656  40.701  -31.418  77.979 0.0000000000
53323  39.992  -31.812  78.032 0.0000000000
53325  38.313  -32.473  77.084 0.0000000000
47072  35.481  -36.948  70.460 0.0000000000
47071  36.554  -37.044  70.284 0.0000000000
45986  36.665  -38.536  69.652 0.0000000000
74140  48.060  -14.696  61.647 0.0000000000
74167  47.803  -15.025  59.815 0.0000000000
72977  46.295  -15.817  60.006 0.0000000000
72995  45.651  -16.178  58.526 0.0000000000
48195  29.152  -35.711  73.561 0.0000000000
48243  27.612  -35.890  71.335 0.0000000000
47021  27.395  -35.717  73.161 0.0000000000
47023  25.972  -36.512  72.914 0.0000000000
47024  25.213  -36.234  72.985 0.0000000000
43409  22.470  -39.302  79.041 0.0000000000
44720  22.337  -38.889  77.892 0.0000000000
45818  21.447  -38.727  77.990 0.0000000000
45850  20.281  -38.009  76.797 0.0000000000
46944  16.894  -37.269  76.925 0.0000000000
49324  37.815  -34.610  82.248 0.0000000000
48104  38.816  -36.631  81.567 0.0000000000
44551  39.535  -38.784  81.545 0.0000000000
45720  38.676  -38.574  80.997 0.0000000000
44609  37.225  -39.113  80.369 0.0000000000
44635  36.749  -39.204  79.936 0.0000000000
44639  31.464  -37.713  79.547 0.0000000000
45764  32.608  -37.536  79.617 0.0000000000
44665  31.611  -37.517  78.498 0.0000000000
45838  32.232  -37.580  76.995 0.0000000000
46956  32.353  -37.161  75.776 0.0000000000
48172  32.905  -36.591  74.407 0.0000000000
48157  31.160  -36.472  75.114 0.0000000000
48175  29.814  -36.025  74.120 0.0000000000
68218  41.484  -21.262  63.691 0.0000000000
68242  41.460  -21.499  62.523 0.0000000000
66973  42.164  -21.983  62.481 0.0000000000
66971  43.940  -22.075  62.333 0.0000000000
46817  14.386  -36.996  87.825 0.0000000000
45658  14.500  -37.314  85.981 0.0000000000
45688  13.651  -37.668  84.005 0.0000000000
46856  12.828  -37.059  84.734 0.0000000000
72859  47.389  -15.637  68.952 0.0000000000
72871  46.485  -16.449  68.072 0.0000000000
72860  46.650  -15.855  69.280 0.0000000000
72849  45.715  -16.615  69.790 0.0000000000
70497  45.074  -18.170  70.317 0.0000000000
70428  46.447  -18.963  74.469 0.0000000000
70429  46.189  -18.828  73.999 0.0000000000
69261  46.084  -20.181  74.184 0.0000000000
66817  46.082  -22.035  73.057 0.0000000000
65558  46.313  -22.985  70.372 0.0000000000
65578  46.587  -23.293  69.394 0.0000000000
65557  47.433  -23.256  70.418 0.0000000000
64302  47.837  -23.792  69.246 0.0000000000
63116  47.829  -24.094  68.803 0.0000000000
59382  44.686  -27.400  75.735 0.0000000000
59380  46.897  -27.106  75.839 0.0000000000
60549  45.531  -26.420  74.686 0.0000000000
61812  45.280  -25.595  73.617 0.0000000000
61830  44.884  -25.284  72.333 0.0000000000
61846  45.475  -24.968  71.264 0.0000000000
61847  44.393  -24.874  71.327 0.0000000000
63119  42.615  -24.680  69.774 0.0000000000
61901  41.520  -24.816  68.585 0.0000000000
61939  40.523  -24.585  66.888 0.0000000000
61902  40.561  -25.182  68.753 0.0000000000
61903  39.643  -25.525  68.829 0.0000000000
60637  37.765  -26.183  67.580 0.0000000000
58239  36.719  -28.906  70.946 0.0000000000
58256  36.800  -28.332  69.923 0.0000000000
58257  36.058  -28.668  69.497 0.0000000000
57118  34.786  -29.373  68.098 0.0000000000
57135  33.727  -29.265  66.927 0.0000000000
46935  40.416  -37.603  76.813 0.0000000000
49432  40.059  -36.535  76.395 0.0000000000
49442  40.521  -35.787  74.860 0.0000000000
50761  40.503  -34.992  73.696 0.0000000000
50771  40.038  -34.470  72.482 0.0000000000
49521  38.911  -35.954  68.974 0.0000000000
48344  37.302  -36.978  67.894 0.0000000000
75457  55.763  -14.809  58.129 0.0000000000
74201  55.543  -15.200  57.976 0.0000000000
73002  54.304  -16.585  57.139 0.0000000000
44669  27.698  -38.295  78.872 0.0000000000
44696  27.107  -38.108  78.163 0.0000000000
44670  26.631  -38.308  79.006 0.0000000000
45767  25.592  -38.752  79.768 0.0000000000
43385  24.648  -39.165  79.922 0.0000000000
43313  25.552  -38.754  82.303 0.0000000000
43337  24.439  -39.081  81.612 0.0000000000
43365  23.111  -38.861  80.614 0.0000000000
43366  22.377  -38.927  80.668 0.0000000000
43341  20.921  -38.430  81.673 0.0000000000
43319  20.142  -38.493  82.484 0.0000000000
45666  34.750  -37.491  84.411 0.0000000000
46880  34.936  -36.997  82.523 0.0000000000
44553  33.723  -37.911  83.862 0.0000000000
44572  32.722  -38.193  82.573 0.0000000000
44591  31.849  -38.274  81.719 0.0000000000
43286  30.589  -38.600  83.559 0.0000000000
43330  30.956  -38.491  82.145 0.0000000000
44592  31.237  -38.362  81.325 0.0000000000
44615  29.547  -38.440  80.508 0.0000000000
44641  29.169  -38.304  79.663 0.0000000000
65687  44.231  -23.389  64.094 0.0000000000
65712  44.047  -22.874  63.426 0.0000000000
64433  44.599  -23.888  62.412 0.0000000000
75237  46.835  -14.544  72.299 0.0000000000
72805  47.303  -17.159  74.737 0.0000000000
70408  47.172  -18.575  75.613 0.0000000000
70407  47.262  -19.282  75.645 0.0000000000
68029  47.865  -21.300  74.790 0.0000000000
59346  46.404  -27.646  78.933 0.0000000000
58157  46.674  -28.119  78.202 0.0000000000
55780  45.015  -29.828  78.365 0.0000000000
56984  44.792  -29.181  77.562 0.0000000000
58169  44.957  -28.507  76.881 0.0000000000
58188  44.053  -27.895  76.140 0.0000000000
59402  42.256  -26.834  75.343 0.0000000000
60565  41.062  -26.311  73.526 0.0000000000
60575  40.016  -26.430  72.215 0.0000000000
59413  40.264  -27.363  73.658 0.0000000000
59414  39.512  -27.653  73.187 0.0000000000
58228  38.426  -28.478  72.645 0.0000000000
55870  38.936  -29.715  75.029 0.0000000000
57055  38.574  -29.281  73.981 0.0000000000
58229  37.819  -28.784  72.247 0.0000000000
57070  36.809  -29.828  72.350 0.0000000000
55924  36.182  -30.642  71.833 0.0000000000
54768  35.612  -31.237  70.763 0.0000000000
48186  38.365  -36.007  73.482 0.0000000000
48205  39.601  -36.000  72.552 0.0000000000
49458  38.239  -35.718  72.444 0.0000000000
48260  39.950  -36.642  70.455 0.0000000000
47067  40.111  -37.231  70.133 0.0000000000
47069  38.548  -37.418  70.185 0.0000000000
47095  39.857  -37.857  69.811 0.0000000000
75422  52.249  -14.531  60.543 0.0000000000
74176  52.520  -14.781  59.186 0.0000000000
75440  51.495  -14.671  59.673 0.0000000000
74192  50.591  -15.079  58.348 0.0000000000
73006  49.893  -16.172  56.950 0.0000000000
74195  47.733  -15.669  58.119 0.0000000000
73008  48.039  -16.287  57.133 0.0000000000
45872  26.124  -37.177  76.472 0.0000000000
45895  24.508  -37.050  75.116 0.0000000000
47005  23.467  -36.597  73.747 0.0000000000
45898  22.363  -37.671  75.484 0.0000000000
47006  22.465  -36.669  73.632 0.0000000000
53181  40.148  -32.728  82.016 0.0000000000
51894  41.872  -33.724  82.263 0.0000000000
49319  42.589  -35.186  82.042 0.0000000000
49393  42.635  -35.377  80.681 0.0000000000
49405  41.336  -35.391  80.166 0.0000000000
48133  41.527  -36.356  80.414 0.0000000000
46910  40.666  -37.352  79.711 0.0000000000
46914  40.265  -37.793  78.571 0.0000000000
43353  40.334  -40.156  80.725 0.0000000000
44658  40.603  -38.809  79.039 0.0000000000
45829  40.356  -38.164  77.584 0.0000000000
45860  40.186  -37.874  76.238 0.0000000000
46936  39.042  -37.750  76.091 0.0000000000
46950  38.484  -37.195  75.465 0.0000000000
45723  34.676  -37.299  80.965 0.0000000000
44637  35.673  -38.592  79.452 0.0000000000
42118  35.897  -39.488  78.678 0.0000000000
45809  33.811  -38.172  78.415 0.0000000000
44688  35.354  -39.036  77.729 0.0000000000
44687  36.501  -39.332  77.645 0.0000000000
45834  36.531  -38.657  76.914 0.0000000000
46951  37.203  -37.201  75.658 0.0000000000
46974  37.464  -36.794  74.869 0.0000000000
48168  36.791  -36.631  74.051 0.0000000000
48188  36.119  -36.567  73.174 0.0000000000
48209  35.458  -36.367  72.300 0.0000000000
48191  33.243  -36.174  73.589 0.0000000000
48211  33.602  -35.841  72.693 0.0000000000
48236  34.786  -36.207  71.277 0.0000000000
47073  34.451  -37.012  70.287 0.0000000000
71770  43.811  -16.714  62.656 0.0000000000
71793  43.596  -16.887  60.678 0.0000000000
71784  42.848  -17.655  61.151 0.0000000000
67010  42.393  -21.474  60.492 0.0000000000
67020  44.071  -21.221  59.895 0.0000000000
65740  44.923  -22.473  62.177 0.0000000000
45598  24.594  -38.246  88.458 0.0000000000
44437  23.537  -38.522  88.327 0.0000000000
43201  22.676  -39.057  87.749 0.0000000000
43194  21.758  -38.787  88.381 0.0000000000
44477  21.964  -39.568  86.900 0.0000000000
44502  20.603  -39.204  86.233 0.0000000000
44540  19.901  -38.723  84.178 0.0000000000
44559  18.553  -38.641  83.109 0.0000000000
45619  18.186  -38.070  88.607 0.0000000000
44481  18.035  -38.523  86.832 0.0000000000
44542  17.783  -38.496  83.738 0.0000000000
44578  17.974  -38.356  82.146 0.0000000000
45751  17.244  -37.794  80.761 0.0000000000
75386  54.490  -14.050  62.006 0.0000000000
75388  53.052  -14.447  62.345 0.0000000000
75389  51.986  -14.508  62.494 0.0000000000
74154  50.317  -14.561  62.428 0.0000000000
76540  52.105  -12.764  64.973 0.0000000000
75369  50.466  -14.355  63.650 0.0000000000
74138  49.498  -14.658  62.784 0.0000000000
74121  48.490  -14.624  63.301 0.0000000000
72930  46.804  -15.256  63.024 0.0000000000
72931  45.847  -15.799  63.403 0.0000000000
74090  48.147  -15.213  65.650 0.0000000000
72903  46.625  -15.964  65.231 0.0000000000
72932  44.950  -16.355  63.633 0.0000000000
72918  44.783  -16.780  64.445 0.0000000000
71748  43.706  -17.649  64.505 0.0000000000
69383  42.946  -18.789  64.956 0.0000000000
71714  45.246  -17.537  67.263 0.0000000000
70541  43.988  -18.454  66.578 0.0000000000
69369  42.589  -19.629  65.986 0.0000000000
68177  41.906  -21.132  66.030 0.0000000000
66890  41.656  -21.783  66.639 0.0000000000
65668  42.767  -22.820  65.446 0.0000000000
74003  46.400  -15.699  72.162 0.0000000000
71684  46.453  -17.354  71.477 0.0000000000
69296  45.393  -18.770  71.100 0.0000000000
69263  45.705  -19.510  72.866 0.0000000000
68079  45.017  -19.761  71.785 0.0000000000
68094  44.057  -19.770  70.148 0.0000000000
66862  42.791  -21.416  69.451 0.0000000000
65624  42.309  -22.468  67.618 0.0000000000
65667  43.527  -23.091  65.246 0.0000000000
64371  44.203  -23.427  65.241 0.0000000000
64370  45.045  -23.659  65.349 0.0000000000
64333  46.391  -23.759  67.284 0.0000000000
63171  46.191  -24.657  65.790 0.0000000000
67999  47.682  -21.144  75.929 0.0000000000
66783  48.801  -22.504  74.445 0.0000000000
63034  46.771  -24.648  76.426 0.0000000000
60529  47.784  -26.586  75.588 0.0000000000
60527  48.433  -25.647  75.676 0.0000000000
63049  48.222  -24.457  75.597 0.0000000000
64222  48.831  -23.577  74.944 0.0000000000
64254  49.484  -23.269  73.971 0.0000000000
64281  49.630  -23.018  72.552 0.0000000000
63097  48.716  -23.783  71.462 0.0000000000
63107  47.632  -24.499  69.828 0.0000000000
61876  46.987  -24.860  68.631 0.0000000000
61862  45.938  -24.867  70.095 0.0000000000
61897  45.348  -25.296  68.075 0.0000000000
61916  45.582  -25.430  67.011 0.0000000000
61936  43.753  -25.136  66.292 0.0000000000
61958  39.251  -24.885  66.000 0.0000000000
61999  37.555  -25.284  64.039 0.0000000000
60593  39.724  -26.373  70.950 0.0000000000
60606  38.535  -26.579  69.098 0.0000000000
60623  37.564  -26.703  68.060 0.0000000000
59451  36.761  -27.879  69.219 0.0000000000
59479  36.698  -27.079  67.609 0.0000000000
51984  40.365  -34.418  79.393 0.0000000000
52005  38.749  -33.673  78.152 0.0000000000
52031  37.823  -33.757  77.106 0.0000000000
49440  39.048  -35.305  75.528 0.0000000000
52076  37.952  -34.243  75.066 0.0000000000
53356  37.336  -32.814  74.807 0.0000000000
53378  37.051  -32.805  73.803 0.0000000000
53417  36.816  -32.563  72.002 0.0000000000
54781  35.864  -32.175  70.460 0.0000000000
48204  40.126  -35.743  72.301 0.0000000000
50777  40.335  -34.853  71.828 0.0000000000
50786  39.367  -34.381  71.121 0.0000000000
49503  38.687  -35.143  69.890 0.0000000000
50793  38.517  -34.520  70.459 0.0000000000
50788  38.190  -34.147  70.736 0.0000000000
52137  36.899  -33.386  70.444 0.0000000000
53452  36.188  -32.860  69.817 0.0000000000
74190  52.961  -15.224  58.561 0.0000000000
74203  53.775  -15.914  57.630 0.0000000000
71812  53.415  -17.305  56.984 0.0000000000
71806  43.658  -17.404  58.605 0.0000000000
50658  43.079  -34.366  80.385 0.0000000000
50657  43.479  -33.849  80.345 0.0000000000
50681  42.835  -33.986  79.860 0.0000000000
51981  43.207  -33.378  79.558 0.0000000000
51982  42.660  -33.821  79.565 0.0000000000
50705  41.943  -33.972  79.417 0.0000000000
72968  45.236  -16.020  61.455 0.0000000000
45842  28.780  -37.142  76.830 0.0000000000
45870  28.110  -37.060  76.431 0.0000000000
44730  27.842  -37.273  76.794 0.0000000000
43369  19.700  -38.388  80.882 0.0000000000
43391  19.381  -38.430  80.304 0.0000000000
43392  18.912  -38.469  80.535 0.0000000000
45771  18.620  -37.926  79.448 0.0000000000
44624  18.533  -38.397  80.867 0.0000000000
45665  35.159  -37.124  84.034 0.0000000000
46853  35.428  -36.662  84.419 0.0000000000
46865  35.484  -36.691  83.454 0.0000000000
48088  35.806  -35.955  82.908 0.0000000000
46879  35.550  -36.535  82.131 0.0000000000
44714  28.961  -37.303  77.231 0.0000000000
66914  43.146  -22.262  63.957 0.0000000000
75236  47.685  -14.109  71.930 0.0000000000
68064  48.212  -21.790  73.725 0.0000000000
68065  48.061  -21.608  73.538 0.0000000000
66835  48.751  -22.340  72.344 0.0000000000
66834  49.100  -22.455  72.434 0.0000000000
61833  41.781  -25.646  72.092 0.0000000000
61834  40.734  -25.665  71.812 0.0000000000
48155  39.465  -36.989  75.113 0.0000000000
48165  40.017  -36.774  74.600 0.0000000000
48185  39.441  -36.206  73.571 0.0000000000
75437  54.209  -14.400  59.620 0.0000000000
43311  27.481  -38.576  82.460 0.0000000000
43290  26.864  -38.485  83.212 0.0000000000
44536  23.641  -39.116  84.303 0.0000000000
44537  22.814  -38.758  84.499 0.0000000000
43271  22.672  -38.717  83.791 0.0000000000
44520  22.174  -38.794  85.369 0.0000000000
44489  32.374  -38.102  85.641 0.0000000000
43242  32.141  -38.505  84.961 0.0000000000
43243  31.442  -38.563  84.848 0.0000000000
43288  28.735  -38.563  83.329 0.0000000000
43333  28.158  -38.692  81.785 0.0000000000
56928  43.928  -29.328  81.364 0.0000000000
58125  44.076  -28.977  81.401 0.0000000000
59317  44.005  -27.984  81.055 0.0000000000
58108  44.282  -28.625  81.132 0.0000000000
58123  45.067  -28.267  80.280 0.0000000000
56926  44.729  -29.127  80.559 0.0000000000
56985  43.327  -29.607  77.550 0.0000000000
57001  41.902  -29.082  77.314 0.0000000000
58173  41.469  -28.641  76.737 0.0000000000
57016  40.420  -29.131  76.158 0.0000000000
54702  37.788  -31.484  75.377 0.0000000000
54718  37.767  -31.047  74.761 0.0000000000
54703  37.400  -32.013  75.054 0.0000000000
49474  29.725  -35.509  70.920 0.0000000000
49488  29.348  -35.658  70.434 0.0000000000
43425  23.708  -38.684  78.865 0.0000000000
45817  24.111  -38.431  77.739 0.0000000000
44700  23.247  -38.664  78.392 0.0000000000
46991  20.098  -37.385  74.490 0.0000000000
48102  39.984  -36.610  82.169 0.0000000000
49323  40.049  -35.868  82.251 0.0000000000
46875  40.529  -37.021  82.311 0.0000000000
46861  41.345  -37.321  82.178 0.0000000000
45678  40.969  -37.937  82.004 0.0000000000
45697  41.097  -38.202  81.699 0.0000000000
44566  40.828  -38.379  82.309 0.0000000000
43401  37.898  -39.954  78.876 0.0000000000
44661  38.434  -39.731  78.788 0.0000000000
44662  37.776  -39.702  78.582 0.0000000000
44686  37.559  -39.260  77.879 0.0000000000
44612  32.466  -37.861  81.270 0.0000000000
45746  33.269  -37.591  80.526 0.0000000000
45747  32.842  -37.630  80.108 0.0000000000
46955  33.246  -37.376  75.761 0.0000000000
46938  33.674  -37.722  76.377 0.0000000000
46954  34.307  -37.611  75.902 0.0000000000
48240  30.984  -35.124  71.918 0.0000000000
49473  30.520  -35.395  70.979 0.0000000000
69400  41.893  -19.296  63.339 0.0000000000
69417  41.785  -19.206  62.165 0.0000000000
69418  41.312  -20.307  62.623 0.0000000000
44427  19.599  -38.426  89.857 0.0000000000
44458  19.584  -39.096  88.231 0.0000000000
44459  18.902  -38.641  88.492 0.0000000000
45647  15.464  -37.431  86.811 0.0000000000
76551  53.803  -12.530  64.431 0.0000000000
77671  53.960  -12.152  64.860 0.0000000000
76541  50.689  -13.175  65.407 0.0000000000
76542  49.773  -13.988  65.637 0.0000000000
72882  47.407  -15.817  67.276 0.0000000000
72893  45.915  -16.772  66.514 0.0000000000
72883  46.416  -16.663  67.081 0.0000000000
70510  44.455  -18.621  69.422 0.0000000000
69323  44.363  -18.542  68.813 0.0000000000
68125  43.439  -19.894  68.554 0.0000000000
68109  43.855  -19.535  69.236 0.0000000000
72832  46.751  -17.164  73.255 0.0000000000
71660  46.609  -17.837  73.521 0.0000000000
65559  45.094  -22.995  70.525 0.0000000000
65542  44.855  -22.491  71.398 0.0000000000
65580  44.153  -23.070  69.677 0.0000000000
65622  44.868  -23.429  67.362 0.0000000000
65599  45.774  -23.300  68.491 0.0000000000
63148  46.621  -24.642  67.221 0.0000000000
61915  46.399  -25.001  66.960 0.0000000000
65455  47.110  -22.458  76.464 0.0000000000
59354  46.906  -27.621  77.591 0.0000000000
59362  47.338  -26.996  77.123 0.0000000000
59363  46.915  -27.538  76.822 0.0000000000
61811  46.428  -25.488  73.453 0.0000000000
61809  48.405  -24.986  73.684 0.0000000000
61900  42.527  -24.705  68.375 0.0000000000
60620  43.111  -24.691  68.506 0.0000000000
60668  37.328  -25.802  65.743 0.0000000000
59433  38.202  -27.756  71.372 0.0000000000
59434  37.675  -27.985  70.807 0.0000000000
48144  39.559  -36.523  77.806 0.0000000000
48151  39.638  -36.521  76.989 0.0000000000
52104  39.549  -34.279  72.835 0.0000000000
50763  39.069  -34.308  73.317 0.0000000000
52114  38.717  -33.681  72.285 0.0000000000
52124  38.519  -33.644  71.685 0.0000000000
49501  40.186  -36.271  69.991 0.0000000000
73021  50.453  -16.877  56.509 0.0000000000
44515  26.775  -38.827  85.616 0.0000000000
44533  26.506  -38.634  84.794 0.0000000000
44497  25.280  -38.845  86.401 0.0000000000
44498  24.215  -38.851  86.335 0.0000000000
44471  27.517  -38.618  86.500 0.0000000000
43215  27.809  -38.561  86.164 0.0000000000
44514  27.482  -38.713  85.645 0.0000000000
53202  42.052  -32.723  81.987 0.0000000000
54527  41.468  -31.722  81.628 0.0000000000
54547  43.709  -31.879  80.941 0.0000000000
54571  44.422  -31.347  80.262 0.0000000000
53279  43.962  -32.142  79.702 0.0000000000
53305  42.602  -32.580  78.700 0.0000000000
54625  42.846  -31.733  78.504 0.0000000000
55803  42.341  -30.667  78.163 0.0000000000
54655  41.698  -31.287  78.339 0.0000000000
53324  39.200  -32.353  77.917 0.0000000000
54658  38.882  -31.686  77.178 0.0000000000
47099  36.064  -37.670  69.815 0.0000000000
72949  47.211  -15.144  61.784 0.0000000000
72966  47.072  -15.379  60.517 0.0000000000
72989  45.541  -16.060  59.406 0.0000000000
73012  45.112  -16.349  58.091 0.0000000000
71815  44.550  -16.895  57.718 0.0000000000
46999  28.745  -35.784  73.823 0.0000000000
47020  27.830  -35.621  73.230 0.0000000000
47000  28.102  -35.676  73.744 0.0000000000
48177  26.523  -36.472  75.158 0.0000000000
47002  26.500  -36.524  73.760 0.0000000000
46985  26.120  -36.509  74.550 0.0000000000
47003  25.576  -36.604  73.712 0.0000000000
43410  21.901  -39.214  79.172 0.0000000000
43428  22.005  -39.324  78.516 0.0000000000
44676  21.760  -39.018  79.067 0.0000000000
45820  19.599  -38.142  77.715 0.0000000000
45819  20.667  -38.392  77.726 0.0000000000
45878  19.780  -37.621  75.719 0.0000000000
45851  19.176  -37.735  76.667 0.0000000000
45879  18.714  -37.558  75.344 0.0000000000
45852  18.060  -37.544  76.501 0.0000000000
45794  17.572  -37.722  78.673 0.0000000000
45822  17.207  -37.350  77.441 0.0000000000
46928  16.380  -37.505  76.976 0.0000000000
49279  36.741  -34.905  84.810 0.0000000000
48105  36.949  -35.645  81.455 0.0000000000
49325  36.815  -34.773  82.438 0.0000000000
49349  37.524  -35.444  81.617 0.0000000000
48117  38.307  -36.794  81.131 0.0000000000
46891  38.803  -37.547  81.319 0.0000000000
46892  38.110  -37.492  80.812 0.0000000000
45742  36.971  -38.093  80.168 0.0000000000
45721  37.742  -38.368  80.595 0.0000000000
44610  36.581  -38.622  80.011 0.0000000000
45812  31.558  -37.508  77.513 0.0000000000
45839  31.260  -37.345  76.814 0.0000000000
46940  31.916  -37.285  76.339 0.0000000000
46941  31.354  -37.023  76.355 0.0000000000
46957  31.454  -36.719  75.796 0.0000000000
46959  29.088  -36.543  75.420 0.0000000000
46981  29.962  -36.340  74.522 0.0000000000
46982  29.169  -36.156  74.390 0.0000000000
68195  41.576  -20.931  64.907 0.0000000000
66941  41.854  -22.140  63.591 0.0000000000
65742  44.043  -22.448  62.741 0.0000000000
66972  43.131  -21.991  62.476 0.0000000000
46836  14.163  -36.817  86.895 0.0000000000
46846  13.760  -36.887  86.191 0.0000000000
45659  13.785  -37.110  85.742 0.0000000000
46847  13.048  -36.881  85.766 0.0000000000
74048  47.117  -15.311  69.667 0.0000000000
71693  45.216  -17.367  69.589 0.0000000000
71692  45.735  -17.331  70.484 0.0000000000
70427  46.767  -19.090  75.159 0.0000000000
69248  46.542  -19.959  74.560 0.0000000000
66815  47.877  -21.886  72.701 0.0000000000
66795  47.066  -21.493  73.436 0.0000000000
66816  47.106  -21.918  72.958 0.0000000000
65522  46.575  -22.483  72.239 0.0000000000
65540  47.074  -22.734  71.318 0.0000000000
64292  47.700  -23.539  69.964 0.0000000000
60532  44.572  -26.802  75.389 0.0000000000
60531  45.133  -26.951  75.417 0.0000000000
61813  44.185  -25.513  73.221 0.0000000000
61795  44.324  -25.720  74.147 0.0000000000
61866  42.078  -25.073  70.188 0.0000000000
61865  42.853  -24.689  70.353 0.0000000000
61881  42.448  -24.695  69.178 0.0000000000
61921  40.604  -24.862  67.900 0.0000000000
60636  38.830  -25.671  67.829 0.0000000000
60621  38.972  -26.157  68.911 0.0000000000
58248  36.450  -28.835  70.279 0.0000000000
57095  35.896  -29.305  70.007 0.0000000000
57119  34.098  -29.602  67.625 0.0000000000
48153  40.440  -36.812  76.074 0.0000000000
49448  40.450  -35.644  74.106 0.0000000000
50770  40.533  -34.833  72.735 0.0000000000
74188  54.936  -15.420  58.502 0.0000000000
74187  55.272  -15.089  58.551 0.0000000000
74202  54.954  -15.958  57.702 0.0000000000
44642  28.187  -38.423  79.682 0.0000000000
44643  27.246  -38.525  79.704 0.0000000000
43362  26.003  -38.891  80.938 0.0000000000
44619  25.987  -38.769  80.555 0.0000000000
43384  25.470  -38.895  80.389 0.0000000000
44646  25.313  -38.958  79.862 0.0000000000
43363  24.986  -38.785  80.817 0.0000000000
43268  25.434  -38.580  83.895 0.0000000000
43291  25.961  -38.573  83.148 0.0000000000
43292  24.810  -38.665  83.319 0.0000000000
43315  23.654  -39.050  82.438 0.0000000000
43314  24.547  -38.988  82.376 0.0000000000
43338  23.460  -38.981  81.558 0.0000000000
43364  24.056  -39.038  80.706 0.0000000000
43339  22.633  -38.830  81.567 0.0000000000
43296  21.224  -38.543  83.511 0.0000000000
43318  21.139  -38.456  82.540 0.0000000000
43297  20.406  -38.496  83.337 0.0000000000
44511  33.951  -38.333  85.203 0.0000000000
44487  33.899  -38.014  85.475 0.0000000000
44510  34.356  -38.082  85.170 0.0000000000
45654  34.824  -37.619  85.004 0.0000000000
44530  34.358  -38.003  84.727 0.0000000000
44552  34.225  -37.659  84.104 0.0000000000
43284  32.265  -38.617  83.843 0.0000000000
43305  32.809  -38.430  83.384 0.0000000000
44573  32.105  -38.228  82.369 0.0000000000
43329  31.587  -38.373  82.481 0.0000000000
43245  30.121  -38.331  84.807 0.0000000000
43262  30.894  -38.628  84.296 0.0000000000
43263  29.932  -38.526  84.145 0.0000000000
43309  29.412  -38.630  82.657 0.0000000000
43308  30.320  -38.598  82.814 0.0000000000
43357  30.541  -38.479  81.528 0.0000000000
44614  30.691  -38.214  80.664 0.0000000000
43358  29.783  -38.487  81.349 0.0000000000
44616  28.562  -38.628  80.467 0.0000000000
44668  28.667  -37.924  78.904 0.0000000000
64413  44.511  -23.996  63.313 0.0000000000
71640  47.135  -17.954  75.332 0.0000000000
71623  47.628  -18.158  75.833 0.0000000000
70390  47.440  -18.825  76.271 0.0000000000
71622  47.474  -18.680  75.995 0.0000000000
69236  47.521  -20.364  75.493 0.0000000000
59341  46.030  -28.015  79.153 0.0000000000
60492  46.111  -27.389  79.278 0.0000000000
58145  46.289  -28.169  79.014 0.0000000000
58156  46.576  -27.934  78.674 0.0000000000
58147  46.336  -28.603  78.552 0.0000000000
55763  44.462  -30.680  79.131 0.0000000000
55781  44.482  -30.456  78.632 0.0000000000
56999  43.735  -29.086  77.273 0.0000000000
56998  44.304  -29.096  77.342 0.0000000000
58189  43.442  -27.826  76.044 0.0000000000
59385  41.702  -27.414  75.887 0.0000000000
59384  42.927  -27.340  75.751 0.0000000000
59403  41.421  -26.932  74.923 0.0000000000
60553  41.549  -26.398  74.205 0.0000000000
59412  41.043  -26.994  74.125 0.0000000000
58219  39.363  -28.328  73.804 0.0000000000
58227  39.024  -28.101  73.067 0.0000000000
58220  38.671  -28.606  73.362 0.0000000000
55826  40.034  -30.010  76.991 0.0000000000
57017  39.821  -29.482  76.182 0.0000000000
55850  39.084  -29.953  75.612 0.0000000000
55891  38.133  -29.985  73.973 0.0000000000
57036  38.896  -29.484  74.659 0.0000000000
57068  38.275  -29.132  73.262 0.0000000000
57069  37.614  -29.612  72.889 0.0000000000
57079  37.297  -29.222  72.117 0.0000000000
55893  36.861  -31.231  73.331 0.0000000000
55925  35.713  -30.886  71.141 0.0000000000
54754  36.324  -31.803  72.130 0.0000000000
49449  38.370  -35.741  72.943 0.0000000000
49459  37.584  -35.801  72.408 0.0000000000
48232  38.700  -36.029  71.690 0.0000000000
47097  37.880  -37.755  69.923 0.0000000000
47070  37.523  -37.120  70.260 0.0000000000
47096  40.101  -38.268  69.836 0.0000000000
74178  50.913  -14.697  59.444 0.0000000000
74206  50.266  -15.533  57.469 0.0000000000
74207  49.219  -15.665  57.570 0.0000000000
72976  47.112  -15.684  59.526 0.0000000000
74181  47.846  -15.530  58.941 0.0000000000
72993  47.080  -15.914  57.852 0.0000000000
48273  26.924  -35.823  70.318 0.0000000000
44717  26.501  -37.922  77.656 0.0000000000
45844  26.655  -37.519  77.070 0.0000000000
45845  25.645  -37.709  77.254 0.0000000000
45874  23.743  -37.468  76.232 0.0000000000
45873  24.915  -37.210  75.996 0.0000000000
46987  24.115  -36.862  74.497 0.0000000000
46988  23.240  -37.141  74.497 0.0000000000
45848  22.484  -38.500  76.898 0.0000000000
45876  21.901  -38.101  75.954 0.0000000000
47007  21.395  -36.894  73.625 0.0000000000
46989  22.217  -37.323  74.650 0.0000000000
51871  37.260  -33.276  84.423 0.0000000000
51898  37.603  -33.173  83.498 0.0000000000
51897  38.391  -32.773  82.891 0.0000000000
51896  39.381  -32.734  82.356 0.0000000000
51895  40.830  -33.424  82.099 0.0000000000
50599  41.446  -34.538  82.337 0.0000000000
48099  42.315  -36.267  81.994 0.0000000000
49345  42.376  -35.808  82.116 0.0000000000
48115  42.517  -36.236  81.490 0.0000000000
49371  42.921  -35.474  81.278 0.0000000000
48125  42.510  -36.250  80.880 0.0000000000
48132  42.283  -36.034  80.604 0.0000000000
48126  42.123  -36.651  80.666 0.0000000000
46903  41.516  -37.253  80.551 0.0000000000
45782  40.586  -38.319  79.150 0.0000000000
43327  39.108  -40.048  81.242 0.0000000000
43326  39.945  -40.250  81.349 0.0000000000
42086  40.074  -40.728  80.929 0.0000000000
44660  39.418  -39.507  78.809 0.0000000000
44659  40.275  -39.195  78.857 0.0000000000
44683  40.121  -39.025  78.057 0.0000000000
45783  40.418  -38.617  78.652 0.0000000000
45803  40.265  -38.560  77.994 0.0000000000
45830  40.390  -38.264  77.023 0.0000000000
45804  39.941  -38.602  77.501 0.0000000000
45832  38.618  -38.095  76.716 0.0000000000
46937  38.501  -37.736  76.091 0.0000000000
45701  34.234  -37.415  82.317 0.0000000000
46894  34.972  -36.874  81.489 0.0000000000
45762  34.307  -37.925  79.439 0.0000000000
45761  35.025  -38.005  79.526 0.0000000000
44638  35.068  -38.692  79.212 0.0000000000
43383  35.568  -39.165  79.157 0.0000000000
43405  35.199  -39.204  78.866 0.0000000000
45786  32.475  -37.433  78.743 0.0000000000
45785  33.355  -37.662  78.870 0.0000000000
44711  34.905  -38.719  77.075 0.0000000000
45808  36.069  -38.939  77.290 0.0000000000
46952  36.178  -37.388  75.665 0.0000000000
48189  35.186  -36.431  73.305 0.0000000000
48210  34.578  -36.026  72.473 0.0000000000
48173  31.817  -36.367  74.695 0.0000000000
48192  32.212  -35.953  73.764 0.0000000000
48238  32.950  -35.671  71.948 0.0000000000
48237  33.872  -35.784  71.613 0.0000000000
49469  33.685  -35.779  71.041 0.0000000000
48265  34.512  -36.537  70.677 0.0000000000
48266  33.848  -36.192  70.587 0.0000000000
71771  43.477  -16.983  62.800 0.0000000000
71772  42.975  -17.802  62.171 0.0000000000
69435  41.369  -19.680  61.217 0.0000000000
70622  41.686  -19.117  60.569 0.0000000000
68292  41.637  -19.934  59.619 0.0000000000
67001  41.805  -21.610  61.486 0.0000000000
68279  44.812  -20.980  59.937 0.0000000000
65765  44.696  -23.133  62.056 0.0000000000
65741  44.432  -22.899  62.495 0.0000000000
46789  24.796  -38.032  88.499 0.0000000000
44422  23.364  -38.384  88.729 0.0000000000
44438  22.849  -38.557  88.555 0.0000000000
44456  23.098  -38.735  87.949 0.0000000000
44457  22.475  -38.785  88.274 0.0000000000
43203  21.423  -39.070  87.769 0.0000000000
43218  21.642  -39.331  87.536 0.0000000000
44478  21.139  -39.343  86.996 0.0000000000
44501  21.579  -39.331  86.173 0.0000000000
44541  18.769  -38.703  84.066 0.0000000000
46814  16.790  -37.329  87.930 0.0000000000
46768  16.555  -37.432  89.405 0.0000000000
45621  16.846  -37.778  89.136 0.0000000000
46766  17.406  -37.530  89.596 0.0000000000
45634  17.616  -37.832  87.542 0.0000000000
45668  16.765  -38.214  83.942 0.0000000000
44525  17.333  -38.405  84.351 0.0000000000
45667  17.197  -38.477  83.533 0.0000000000
44560  17.712  -38.612  82.865 0.0000000000
44561  17.363  -38.454  82.454 0.0000000000
45728  17.260  -37.899  81.541 0.0000000000
45706  16.961  -38.067  82.234 0.0000000000
45752  16.078  -37.659  80.583 0.0000000000
45709  14.096  -37.633  82.746 0.0000000000
75387  53.994  -14.259  62.296 0.0000000000
76588  53.892  -13.824  62.805 0.0000000000
76572  52.921  -13.807  63.541 0.0000000000
75367  52.523  -14.283  63.135 0.0000000000
75390  50.937  -14.487  62.800 0.0000000000
75368  51.536  -14.341  63.355 0.0000000000
76539  53.123  -12.593  64.957 0.0000000000
75351  50.446  -14.200  64.371 0.0000000000
75350  51.106  -13.900  63.982 0.0000000000
74137  50.119  -14.496  63.165 0.0000000000
74119  50.024  -14.435  63.541 0.0000000000
74139  48.629  -14.669  62.225 0.0000000000
72915  47.391  -14.710  63.804 0.0000000000
72916  46.559  -15.461  64.198 0.0000000000
74089  48.811  -14.828  66.101 0.0000000000
74076  48.787  -14.900  67.117 0.0000000000
74091  47.317  -15.640  65.721 0.0000000000
71745  45.515  -16.713  64.922 0.0000000000
71747  44.433  -17.422  64.947 0.0000000000
70564  44.039  -17.854  65.627 0.0000000000
70565  43.505  -18.211  65.053 0.0000000000
72872  45.580  -17.009  68.165 0.0000000000
71707  45.732  -17.027  67.510 0.0000000000
71708  45.084  -17.494  67.893 0.0000000000
69352  44.002  -18.603  67.243 0.0000000000
69368  43.000  -18.869  65.565 0.0000000000
68176  42.103  -20.304  65.514 0.0000000000
69354  42.620  -19.773  66.917 0.0000000000
68143  42.078  -21.280  67.562 0.0000000000
68159  41.892  -21.110  67.022 0.0000000000
66882  41.840  -21.768  67.371 0.0000000000
65646  41.829  -22.385  66.529 0.0000000000
65625  41.801  -22.166  67.065 0.0000000000
75216  46.600  -15.001  72.791 0.0000000000
75238  46.501  -15.160  72.450 0.0000000000
70481  47.017  -18.067  72.190 0.0000000000
71673  46.639  -16.970  72.056 0.0000000000
70482  46.589  -18.231  71.782 0.0000000000
70496  45.984  -18.166  71.058 0.0000000000
69295  46.042  -18.694  71.521 0.0000000000
69262  45.839  -19.469  73.583 0.0000000000
68050  45.536  -20.277  73.118 0.0000000000
66837  43.920  -21.014  71.389 0.0000000000
68069  44.824  -20.278  72.086 0.0000000000
68080  44.463  -20.208  71.214 0.0000000000
68095  43.849  -20.493  70.600 0.0000000000
68110  43.447  -20.447  69.722 0.0000000000
66861  43.195  -21.306  69.965 0.0000000000
65645  42.610  -22.839  66.507 0.0000000000
65644  43.828  -23.251  66.312 0.0000000000
64350  44.083  -23.334  65.726 0.0000000000
64389  45.477  -24.562  64.800 0.0000000000
64369  45.855  -24.203  65.546 0.0000000000
65598  46.766  -23.475  68.562 0.0000000000
65620  46.875  -23.771  68.081 0.0000000000
61933  46.191  -25.021  65.915 0.0000000000
61951  45.979  -24.953  65.440 0.0000000000
66752  47.608  -21.800  76.006 0.0000000000
66771  48.083  -22.192  75.439 0.0000000000
66769  48.669  -22.424  74.868 0.0000000000
65476  48.860  -22.724  74.850 0.0000000000
60516  47.087  -26.385  77.068 0.0000000000
61763  46.354  -25.670  76.784 0.0000000000
59400  46.577  -26.870  75.242 0.0000000000
60530  47.221  -26.663  75.239 0.0000000000
61791  48.444  -25.548  74.576 0.0000000000
60546  48.482  -26.069  75.231 0.0000000000
61777  48.587  -25.177  75.427 0.0000000000
63048  48.730  -24.411  75.102 0.0000000000
64255  49.467  -23.804  73.915 0.0000000000
63071  49.584  -23.642  73.226 0.0000000000
64268  49.443  -23.233  73.095 0.0000000000
63084  49.624  -23.466  72.753 0.0000000000
63096  49.445  -23.370  71.807 0.0000000000
63085  49.496  -23.649  72.367 0.0000000000
61860  47.670  -24.495  70.244 0.0000000000
63117  47.537  -24.456  69.219 0.0000000000
61877  46.223  -25.174  68.939 0.0000000000
61863  44.819  -24.858  70.241 0.0000000000
61878  45.100  -25.003  69.152 0.0000000000
61917  44.525  -25.372  67.205 0.0000000000
61956  41.781  -24.670  65.552 0.0000000000
61940  39.565  -24.955  67.260 0.0000000000
61978  37.556  -25.552  65.008 0.0000000000
60584  39.802  -26.417  71.455 0.0000000000
60585  39.338  -26.784  71.211 0.0000000000
59449  38.651  -26.997  70.153 0.0000000000
60622  38.220  -26.491  68.469 0.0000000000
59463  37.675  -26.832  68.547 0.0000000000
59465  35.933  -27.967  68.373 0.0000000000
59494  35.225  -27.457  66.580 0.0000000000
59480  36.174  -27.378  67.371 0.0000000000
59493  35.900  -27.187  66.832 0.0000000000
50683  41.113  -34.520  79.618 0.0000000000
50684  40.272  -34.996  79.564 0.0000000000
49417  38.763  -35.488  78.031 0.0000000000
50707  39.119  -34.712  78.542 0.0000000000
52006  38.294  -34.243  77.607 0.0000000000
49439  39.728  -35.642  75.634 0.0000000000
50753  38.298  -34.269  73.874 0.0000000000
50745  38.352  -34.413  74.512 0.0000000000
52077  37.628  -33.911  74.641 0.0000000000
52055  37.623  -33.666  75.335 0.0000000000
53430  36.465  -32.572  71.367 0.0000000000
53442  36.309  -32.746  70.492 0.0000000000
49466  40.383  -35.359  72.002 0.0000000000
50785  39.930  -34.850  71.219 0.0000000000
48322  38.034  -36.476  68.534 0.0000000000
50801  37.503  -34.704  69.552 0.0000000000
49504  37.965  -34.899  69.620 0.0000000000
50794  37.828  -34.436  70.170 0.0000000000
52136  37.578  -33.585  70.781 0.0000000000
52142  37.189  -33.875  70.235 0.0000000000
52151  35.575  -33.515  69.003 0.0000000000
52144  36.037  -33.282  69.495 0.0000000000
53453  35.631  -32.604  69.544 0.0000000000
75462  56.455  -14.739  57.068 0.0000000000
73004  52.261  -16.735  56.866 0.0000000000
73003  53.425  -16.912  57.195 0.0000000000
71803  42.998  -17.747  59.546 0.0000000000
71802  43.486  -17.269  59.587 0.0000000000
70629  43.143  -17.779  59.104 0.0000000000
44472  26.611  -38.989  86.885 0.0000000000
44496  26.242  -38.909  86.375 0.0000000000
44453  26.074  -39.002  87.577 0.0000000000
44454  25.122  -38.819  87.748 0.0000000000
51922  42.823  -33.926  81.532 0.0000000000
53225  43.111  -32.861  81.543 0.0000000000
51944  43.584  -33.855  81.195 0.0000000000
51943  43.865  -33.355  80.724 0.0000000000
53280  43.563  -32.595  79.351 0.0000000000
51980  43.755  -32.935  79.623 0.0000000000
52001  42.914  -32.991  78.959 0.0000000000
54627  41.349  -31.922  78.545 0.0000000000
53306  41.741  -32.677  78.702 0.0000000000
72990  44.744  -16.398  59.720 0.0000000000
46960  28.158  -36.635  75.590 0.0000000000
46961  27.333  -36.728  75.816 0.0000000000
46962  26.582  -36.804  76.005 0.0000000000
43368  20.697  -38.341  80.887 0.0000000000
44650  21.016  -38.511  79.379 0.0000000000
44651  19.823  -38.304  79.334 0.0000000000
45793  18.422  -37.973  78.863 0.0000000000
48070  36.177  -35.430  84.540 0.0000000000
49298  36.409  -34.970  83.659 0.0000000000
49299  36.133  -35.619  83.333 0.0000000000
48106  36.348  -35.872  81.811 0.0000000000
48128  36.337  -36.757  80.616 0.0000000000
44667  29.699  -37.827  78.856 0.0000000000
44693  30.222  -37.501  78.117 0.0000000000
45814  29.977  -37.305  77.495 0.0000000000
45840  30.317  -37.175  76.890 0.0000000000
65690  42.067  -22.633  64.566 0.0000000000
65713  42.743  -22.209  64.009 0.0000000000
75282  48.227  -14.493  70.526 0.0000000000
74035  47.501  -14.854  70.096 0.0000000000
75283  47.533  -14.575  70.825 0.0000000000
74020  46.950  -14.873  70.758 0.0000000000
74021  46.488  -15.403  71.264 0.0000000000
69259  47.471  -20.877  74.615 0.0000000000
68031  47.034  -20.564  74.355 0.0000000000
68047  47.370  -21.106  74.156 0.0000000000
68066  47.680  -21.553  73.362 0.0000000000
65520  48.080  -22.333  72.243 0.0000000000
65539  48.249  -22.721  71.556 0.0000000000
64283  48.990  -23.173  71.614 0.0000000000
60551  43.482  -26.195  74.529 0.0000000000
60563  42.913  -25.796  73.995 0.0000000000
61814  43.110  -25.570  73.125 0.0000000000
61832  42.764  -25.217  72.202 0.0000000000
61867  40.970  -25.499  70.330 0.0000000000
61868  39.921  -25.864  70.476 0.0000000000
46972  40.175  -37.125  75.233 0.0000000000
46971  40.336  -36.896  75.126 0.0000000000
75450  55.617  -14.730  58.771 0.0000000000
43360  27.937  -38.942  81.126 0.0000000000
43335  26.335  -38.730  81.655 0.0000000000
44554  24.076  -39.048  83.893 0.0000000000
44555  23.793  -39.087  83.918 0.0000000000
43269  23.555  -39.006  83.915 0.0000000000
43294  23.031  -39.040  83.212 0.0000000000
43295  22.161  -38.854  83.363 0.0000000000
44556  21.493  -38.579  83.856 0.0000000000
44488  33.171  -38.118  85.656 0.0000000000
43241  32.870  -38.140  85.024 0.0000000000
43259  33.303  -38.247  84.604 0.0000000000
43260  32.582  -38.456  84.478 0.0000000000
43285  31.437  -38.663  83.694 0.0000000000
43264  28.994  -38.769  84.148 0.0000000000
43332  29.134  -38.765  81.913 0.0000000000
56930  42.181  -29.512  81.557 0.0000000000
58110  42.545  -28.482  81.587 0.0000000000
60476  44.643  -27.046  80.855 0.0000000000
61722  44.904  -26.899  80.309 0.0000000000
59326  45.056  -27.806  80.298 0.0000000000
59324  45.596  -28.216  79.714 0.0000000000
56949  46.296  -28.723  79.519 0.0000000000
55802  43.374  -30.326  78.018 0.0000000000
55801  44.292  -30.008  77.827 0.0000000000
58171  43.395  -28.392  76.563 0.0000000000
58172  42.395  -28.406  76.683 0.0000000000
58190  41.723  -28.046  76.435 0.0000000000
59386  40.824  -27.601  75.415 0.0000000000
58206  40.190  -28.322  75.118 0.0000000000
55828  38.895  -30.969  76.454 0.0000000000
55851  38.586  -30.722  75.926 0.0000000000
55892  37.543  -30.630  73.698 0.0000000000
55909  37.308  -30.271  73.192 0.0000000000
54737  36.808  -31.829  73.630 0.0000000000
48207  37.030  -36.045  72.075 0.0000000000
49468  37.471  -35.881  71.933 0.0000000000
48262  38.083  -36.488  70.676 0.0000000000
75411  50.533  -14.438  60.938 0.0000000000
75424  50.550  -14.489  60.572 0.0000000000
74165  50.093  -14.570  60.411 0.0000000000
74180  48.608  -14.897  59.059 0.0000000000
73010  46.509  -16.314  57.510 0.0000000000
48245  25.659  -35.912  71.316 0.0000000000
44698  25.419  -38.534  78.220 0.0000000000
46942  25.396  -38.002  77.504 0.0000000000
45816  24.894  -38.391  77.688 0.0000000000
45877  20.862  -37.902  75.723 0.0000000000
46965  21.415  -37.774  75.435 0.0000000000
45899  20.600  -37.557  75.038 0.0000000000
47008  20.384  -37.223  73.477 0.0000000000
50620  38.873  -34.711  82.324 0.0000000000
50618  40.110  -35.002  82.294 0.0000000000
49321  41.113  -35.513  82.459 0.0000000000
46874  41.835  -36.990  82.049 0.0000000000
45695  41.955  -37.193  81.684 0.0000000000
46901  42.255  -37.191  81.163 0.0000000000
45717  41.756  -37.610  81.386 0.0000000000
45718  41.296  -38.392  81.259 0.0000000000
44607  41.188  -38.802  80.612 0.0000000000
43378  39.205  -40.253  79.900 0.0000000000
44634  38.721  -40.014  79.384 0.0000000000
45806  38.351  -38.661  77.439 0.0000000000
45833  37.559  -38.514  76.914 0.0000000000
45837  33.416  -37.978  77.154 0.0000000000
45836  34.456  -38.234  76.613 0.0000000000
45865  34.986  -37.957  76.307 0.0000000000
46953  35.233  -37.555  75.674 0.0000000000
46976  35.513  -37.036  74.945 0.0000000000
48169  35.819  -36.732  74.105 0.0000000000
49451  31.024  -35.537  73.382 0.0000000000
48213  31.413  -35.457  72.992 0.0000000000
48239  31.960  -35.592  72.003 0.0000000000
49471  32.464  -35.508  71.189 0.0000000000
49484  33.036  -35.668  70.531 0.0000000000
49485  32.084  -35.627  70.311 0.0000000000
49486  31.025  -35.594  70.070 0.0000000000
70593  42.243  -18.356  62.704 0.0000000000
70608  42.203  -18.464  61.623 0.0000000000
66999  43.760  -21.733  61.612 0.0000000000
67007  45.263  -21.187  61.176 0.0000000000
43196  20.309  -38.929  88.562 0.0000000000
43205  20.168  -39.243  88.188 0.0000000000
44479  20.139  -39.142  87.377 0.0000000000
46770  15.316  -37.233  88.953 0.0000000000
46815  16.052  -37.237  87.953 0.0000000000
45635  16.372  -37.539  87.342 0.0000000000
45646  16.590  -37.884  86.446 0.0000000000
45686  15.893  -38.235  83.309 0.0000000000
45707  16.114  -38.023  82.460 0.0000000000
45708  15.304  -37.697  82.473 0.0000000000
76571  53.716  -13.391  63.453 0.0000000000
76552  52.721  -13.022  64.097 0.0000000000
75352  49.813  -14.403  64.665 0.0000000000
74104  48.974  -14.605  65.028 0.0000000000
72890  48.638  -15.308  67.413 0.0000000000
74077  48.348  -15.318  66.902 0.0000000000
74069  47.895  -15.535  66.993 0.0000000000
71732  45.526  -16.760  65.149 0.0000000000
72904  45.888  -16.567  65.669 0.0000000000
72905  45.506  -16.903  66.215 0.0000000000
71721  45.166  -17.398  66.579 0.0000000000
70522  44.603  -18.034  68.366 0.0000000000
69336  44.033  -18.650  68.014 0.0000000000
69337  43.440  -19.142  67.802 0.0000000000
69338  42.957  -19.623  67.443 0.0000000000
68141  43.097  -19.805  67.915 0.0000000000
71672  46.879  -17.606  72.479 0.0000000000
70466  46.660  -18.357  72.506 0.0000000000
66818  45.149  -21.706  72.809 0.0000000000
66798  44.866  -20.973  73.219 0.0000000000
65524  44.683  -22.045  72.118 0.0000000000
65543  44.068  -21.839  71.395 0.0000000000
65561  43.616  -21.733  70.520 0.0000000000
65643  44.638  -23.407  66.603 0.0000000000
64334  45.550  -23.539  66.897 0.0000000000
64331  47.558  -23.863  68.063 0.0000000000
64346  46.777  -24.153  67.435 0.0000000000
61953  44.881  -25.532  65.084 0.0000000000
66753  47.446  -22.121  76.193 0.0000000000
65478  48.277  -22.814  75.445 0.0000000000
60506  46.685  -26.834  77.934 0.0000000000
60507  46.124  -26.469  78.061 0.0000000000
60515  47.571  -26.448  76.621 0.0000000000
60561  46.299  -25.895  74.227 0.0000000000
61792  47.668  -25.593  74.312 0.0000000000
61808  48.918  -24.916  74.216 0.0000000000
63073  48.657  -24.549  73.026 0.0000000000
60602  43.625  -24.743  69.068 0.0000000000
60619  43.470  -24.753  68.602 0.0000000000
61899  43.241  -24.848  68.157 0.0000000000
61975  40.804  -24.574  64.679 0.0000000000
61976  39.575  -24.653  64.845 0.0000000000
60666  38.573  -25.275  66.068 0.0000000000
60667  38.173  -25.584  66.041 0.0000000000
59432  38.936  -27.338  71.630 0.0000000000
59466  35.362  -28.365  67.981 0.0000000000
48136  40.087  -36.488  79.191 0.0000000000
49415  39.831  -35.703  79.244 0.0000000000
48137  39.691  -36.330  78.609 0.0000000000
49425  38.858  -35.465  77.189 0.0000000000
50751  39.873  -34.843  74.270 0.0000000000
50764  38.361  -33.950  73.304 0.0000000000
52106  38.007  -33.360  73.007 0.0000000000
52115  37.889  -33.374  72.206 0.0000000000
53429  37.189  -32.999  71.392 0.0000000000
48230  40.271  -36.066  71.209 0.0000000000
50802  36.804  -34.529  69.222 0.0000000000
74205  51.446  -15.631  57.439 0.0000000000
69456  42.528  -19.348  58.243 0.0000000000
70640  42.834  -18.849  57.920 0.0000000000
69455  42.906  -19.786  57.926 0.0000000000
43266  27.117  -38.475  84.005 0.0000000000
44534  25.574  -38.492  84.699 0.0000000000
44499  23.249  -38.958  86.269 0.0000000000
43232  28.693  -38.618  85.609 0.0000000000
54511  39.788  -31.418  82.164 0.0000000000
54528  40.453  -31.772  81.728 0.0000000000
55735  42.145  -31.165  81.514 0.0000000000
54548  42.982  -31.774  81.482 0.0000000000
55734  42.572  -31.077  81.442 0.0000000000
55720  43.570  -30.049  81.218 0.0000000000
55719  43.942  -29.753  80.941 0.0000000000
55731  44.462  -29.735  80.536 0.0000000000
54570  44.644  -30.752  80.157 0.0000000000
54597  44.425  -31.030  79.569 0.0000000000
53303  43.605  -31.914  79.101 0.0000000000
54624  43.468  -31.222  78.587 0.0000000000
56987  41.612  -29.945  77.585 0.0000000000
56988  40.951  -30.149  77.413 0.0000000000
55805  40.315  -30.515  77.291 0.0000000000
55806  39.805  -30.717  77.132 0.0000000000
54657  39.706  -31.269  77.345 0.0000000000
54680  39.094  -31.181  76.798 0.0000000000
47098  37.090  -37.738  69.864 0.0000000000
45985  37.832  -38.610  69.902 0.0000000000
74157  47.863  -14.691  60.837 0.0000000000
72988  46.327  -15.855  59.049 0.0000000000
72994  46.378  -16.079  58.214 0.0000000000
73011  45.641  -16.521  57.680 0.0000000000
48215  29.415  -35.379  72.618 0.0000000000
48242  28.864  -35.711  71.272 0.0000000000
48216  28.181  -35.614  72.742 0.0000000000
48217  27.127  -35.972  72.248 0.0000000000
47001  27.300  -36.123  73.867 0.0000000000
47022  26.755  -36.287  72.983 0.0000000000
48218  26.259  -36.186  72.131 0.0000000000
48220  24.486  -36.008  72.401 0.0000000000
44675  22.938  -39.162  79.031 0.0000000000
44701  22.642  -39.048  78.626 0.0000000000
43427  22.225  -39.215  78.389 0.0000000000
44721  21.896  -39.056  78.026 0.0000000000
45791  20.967  -38.523  78.397 0.0000000000
46966  19.732  -37.427  75.023 0.0000000000
45853  17.016  -37.449  76.403 0.0000000000
50603  37.202  -34.077  83.220 0.0000000000
49348  38.651  -35.610  81.877 0.0000000000
48103  39.443  -36.440  81.997 0.0000000000
45699  39.644  -37.685  81.930 0.0000000000
44550  39.987  -38.542  81.595 0.0000000000
45700  39.335  -38.245  81.590 0.0000000000
44569  39.194  -39.270  81.462 0.0000000000
44588  38.735  -39.439  81.085 0.0000000000
44589  38.076  -39.259  80.822 0.0000000000
43356  37.926  -39.801  80.343 0.0000000000
43380  37.177  -39.698  79.609 0.0000000000
43403  36.585  -39.784  78.953 0.0000000000
45811  32.345  -37.603  77.838 0.0000000000
44692  31.076  -37.549  78.053 0.0000000000
44691  31.657  -37.511  77.970 0.0000000000
46979  32.660  -36.944  75.154 0.0000000000
46958  30.248  -36.537  75.281 0.0000000000
48174  30.616  -36.219  74.433 0.0000000000
48194  30.203  -35.646  73.540 0.0000000000
66998  44.648  -21.562  61.743 0.0000000000
48006  14.728  -36.737  89.042 0.0000000000
46795  14.898  -37.055  88.545 0.0000000000
45648  14.748  -37.172  86.716 0.0000000000
45671  13.750  -37.335  85.174 0.0000000000
72861  45.705  -16.734  68.897 0.0000000000
70498  44.563  -18.599  69.814 0.0000000000
71641  46.545  -18.047  74.526 0.0000000000
71661  46.340  -18.300  73.952 0.0000000000
69249  46.182  -19.460  74.216 0.0000000000
68049  46.043  -20.599  73.695 0.0000000000
68048  46.878  -20.965  73.855 0.0000000000
66796  46.529  -21.363  73.442 0.0000000000
65541  45.911  -22.781  71.364 0.0000000000
65577  47.472  -23.528  69.293 0.0000000000
65596  47.719  -23.779  68.733 0.0000000000
64317  47.687  -23.911  68.409 0.0000000000
63131  47.556  -24.060  68.158 0.0000000000
63132  47.332  -24.387  68.337 0.0000000000
65457  45.485  -22.799  76.535 0.0000000000
59381  45.724  -27.298  75.557 0.0000000000
59401  46.168  -26.770  75.021 0.0000000000
60550  44.433  -26.352  74.721 0.0000000000
61794  44.917  -25.958  74.360 0.0000000000
60562  45.877  -25.800  74.034 0.0000000000
61829  45.984  -25.172  72.381 0.0000000000
61864  43.812  -24.748  70.344 0.0000000000
61848  43.332  -24.810  71.350 0.0000000000
61880  43.218  -24.644  69.547 0.0000000000
61922  39.848  -25.241  68.111 0.0000000000
58238  37.493  -28.592  71.462 0.0000000000
58247  37.141  -28.426  70.569 0.0000000000
58258  35.532  -29.065  68.972 0.0000000000
58272  35.332  -28.812  68.375 0.0000000000
58283  34.844  -28.748  67.657 0.0000000000
49438  40.312  -36.103  75.617 0.0000000000
50742  40.293  -35.557  75.143 0.0000000000
50750  40.324  -35.322  74.509 0.0000000000
48320  39.709  -37.003  68.888 0.0000000000
49520  39.558  -36.421  68.998 0.0000000000
48321  38.957  -36.836  68.455 0.0000000000
74215  54.918  -16.078  56.757 0.0000000000
73018  54.016  -17.150  56.947 0.0000000000
71842  50.397  -17.786  55.645 0.0000000000
44695  28.054  -37.705  78.119 0.0000000000
44618  26.623  -38.708  80.427 0.0000000000
45765  26.296  -38.457  79.392 0.0000000000
44671  25.816  -38.418  78.855 0.0000000000
44672  25.024  -38.684  79.272 0.0000000000
43406  24.495  -38.834  79.484 0.0000000000
43407  23.940  -38.785  79.333 0.0000000000
44575  24.671  -39.138  81.867 0.0000000000
44593  24.834  -39.064  81.723 0.0000000000
43386  23.618  -39.075  79.909 0.0000000000
43387  22.817  -39.022  79.828 0.0000000000
44648  22.269  -38.873  80.295 0.0000000000
43367  21.629  -38.755  80.813 0.0000000000
43340  21.829  -38.739  81.622 0.0000000000
43342  19.838  -38.497  81.647 0.0000000000
44595  19.199  -38.583  81.784 0.0000000000
45640  35.101  -37.146  85.246 0.0000000000
45682  35.201  -37.096  83.505 0.0000000000
45683  34.759  -37.331  83.434 0.0000000000
44570  34.048  -37.629  83.375 0.0000000000
44571  33.479  -38.052  83.053 0.0000000000
43304  33.324  -38.274  83.730 0.0000000000
45702  33.314  -37.750  82.178 0.0000000000
45703  32.819  -37.877  82.087 0.0000000000
44590  32.451  -38.003  81.938 0.0000000000
43244  30.815  -38.476  84.899 0.0000000000
43307  31.134  -38.514  82.993 0.0000000000
44640  30.231  -38.154  79.645 0.0000000000
65711  44.313  -23.479  63.553 0.0000000000
64445  44.865  -23.418  61.806 0.0000000000
73963  46.452  -15.337  73.524 0.0000000000
73964  46.556  -16.106  73.932 0.0000000000
72806  46.704  -16.694  74.310 0.0000000000
72787  46.867  -16.619  74.794 0.0000000000
70426  47.054  -19.806  75.246 0.0000000000
69246  47.327  -20.530  74.990 0.0000000000
68045  48.252  -21.894  74.041 0.0000000000
60501  46.137  -26.693  78.693 0.0000000000
58167  46.609  -28.021  77.527 0.0000000000
56951  45.434  -29.532  79.851 0.0000000000
56962  45.858  -29.400  79.415 0.0000000000
56973  45.948  -29.288  78.729 0.0000000000
55800  44.837  -29.593  77.893 0.0000000000
56983  45.302  -29.177  78.010 0.0000000000
58158  46.035  -28.534  77.974 0.0000000000
58168  45.886  -28.009  77.088 0.0000000000
58186  45.465  -27.809  76.392 0.0000000000
58187  44.805  -27.869  76.219 0.0000000000
59383  43.897  -27.325  75.792 0.0000000000
60534  42.954  -26.648  75.145 0.0000000000
60552  42.369  -26.315  74.581 0.0000000000
60574  40.866  -25.914  72.662 0.0000000000
60566  40.392  -26.586  73.014 0.0000000000
59421  39.872  -27.106  72.903 0.0000000000
59422  39.221  -27.488  72.430 0.0000000000
57035  39.507  -29.198  75.131 0.0000000000
57054  39.152  -28.936  74.448 0.0000000000
57080  36.571  -29.473  71.576 0.0000000000
55934  35.892  -30.181  71.221 0.0000000000
48206  38.869  -35.858  72.786 0.0000000000
48292  40.087  -36.904  69.490 0.0000000000
47068  39.693  -37.660  70.079 0.0000000000
45957  40.159  -38.687  70.062 0.0000000000
75421  53.381  -14.437  60.541 0.0000000000
75438  53.158  -14.574  59.408 0.0000000000
75439  52.066  -14.651  59.725 0.0000000000
74177  51.947  -14.850  59.161 0.0000000000
74194  48.498  -15.358  58.222 0.0000000000
74209  47.674  -15.929  57.564 0.0000000000
74208  48.333  -15.813  57.594 0.0000000000
73007  48.926  -16.277  57.094 0.0000000000
48272  27.958  -35.979  70.304 0.0000000000
45843  27.071  -37.448  77.020 0.0000000000
46963  25.782  -36.730  75.708 0.0000000000
46986  25.145  -36.734  74.776 0.0000000000
47004  24.455  -36.479  73.487 0.0000000000
48198  23.588  -36.223  73.014 0.0000000000
44719  22.850  -38.602  77.571 0.0000000000
45875  22.824  -37.868  76.169 0.0000000000
45897  23.077  -37.537  75.344 0.0000000000
46964  21.797  -37.622  75.280 0.0000000000
48199  22.955  -36.278  73.163 0.0000000000
48222  22.983  -36.240  72.401 0.0000000000
53163  39.198  -32.009  83.320 0.0000000000
53182  39.716  -32.134  82.339 0.0000000000
51924  41.528  -33.148  82.126 0.0000000000
53179  42.215  -33.605  82.101 0.0000000000
50598  42.209  -34.583  82.232 0.0000000000
50597  42.605  -34.528  81.811 0.0000000000
50617  43.063  -34.821  81.518 0.0000000000
49392  42.954  -35.381  80.898 0.0000000000
50659  42.543  -34.846  80.475 0.0000000000
49404  42.126  -35.382  80.480 0.0000000000
48134  40.645  -36.364  79.922 0.0000000000
46911  40.386  -36.892  79.418 0.0000000000
46915  40.248  -37.192  78.801 0.0000000000
46924  40.127  -37.465  77.828 0.0000000000
44567  40.514  -38.601  81.598 0.0000000000
44586  40.609  -39.336  81.153 0.0000000000
44608  40.655  -39.438  80.283 0.0000000000
43377  39.991  -39.766  79.983 0.0000000000
44632  40.537  -39.371  79.641 0.0000000000
44631  40.931  -38.980  79.578 0.0000000000
45802  40.284  -38.217  78.272 0.0000000000
46923  40.352  -37.891  77.666 0.0000000000
45831  39.744  -38.212  76.499 0.0000000000
45861  39.966  -37.990  76.054 0.0000000000
46949  39.763  -37.554  75.681 0.0000000000
45722  35.337  -37.206  80.578 0.0000000000
45744  35.391  -37.676  79.943 0.0000000000
44611  36.068  -38.310  79.769 0.0000000000
44636  36.262  -38.919  79.729 0.0000000000
42106  36.310  -39.616  79.003 0.0000000000
43422  36.286  -39.588  78.348 0.0000000000
45784  33.974  -38.231  78.904 0.0000000000
44713  33.940  -38.261  77.732 0.0000000000
44689  34.455  -38.455  78.141 0.0000000000
44663  34.926  -38.804  78.242 0.0000000000
43423  35.536  -39.345  78.387 0.0000000000
43421  37.020  -39.542  77.987 0.0000000000
44710  36.838  -39.127  77.334 0.0000000000
45863  36.861  -37.962  76.242 0.0000000000
46973  38.141  -36.693  74.779 0.0000000000
48167  37.784  -36.425  74.158 0.0000000000
48208  36.335  -36.444  72.224 0.0000000000
48235  35.698  -36.387  71.276 0.0000000000
47045  35.182  -36.513  70.870 0.0000000000
47046  34.860  -36.672  70.703 0.0000000000
48267  32.737  -36.296  69.749 0.0000000000
47074  33.545  -36.961  69.834 0.0000000000
47101  34.061  -37.658  69.664 0.0000000000
71782  43.823  -16.713  62.347 0.0000000000
72970  43.805  -16.699  61.320 0.0000000000
71783  43.574  -17.070  61.746 0.0000000000
71794  42.901  -17.677  60.139 0.0000000000
70621  42.271  -18.467  60.550 0.0000000000
69451  41.928  -19.414  58.994 0.0000000000
67011  41.637  -21.184  60.695 0.0000000000
67009  43.457  -21.541  60.653 0.0000000000
67022  42.420  -21.173  59.635 0.0000000000
67021  43.199  -21.346  59.659 0.0000000000
65764  45.418  -22.465  61.751 0.0000000000
45597  25.608  -38.255  88.082 0.0000000000
44436  24.451  -38.554  88.184 0.0000000000
45599  23.883  -38.370  88.581 0.0000000000
44455  24.010  -38.620  87.772 0.0000000000
44476  22.678  -39.370  86.950 0.0000000000
44439  22.123  -38.510  88.797 0.0000000000
43202  22.069  -39.174  87.982 0.0000000000
43217  22.308  -39.400  87.464 0.0000000000
44500  22.413  -39.239  86.208 0.0000000000
44521  21.222  -38.784  85.327 0.0000000000
44539  20.939  -38.603  84.246 0.0000000000
44522  20.184  -38.832  85.257 0.0000000000
43273  20.649  -38.609  83.854 0.0000000000
44558  19.463  -38.589  83.270 0.0000000000
45704  18.927  -38.560  82.187 0.0000000000
45633  18.439  -38.269  88.017 0.0000000000
44504  18.338  -38.725  86.077 0.0000000000
45645  17.517  -38.353  86.283 0.0000000000
45655  17.667  -38.529  85.620 0.0000000000
44524  17.959  -38.607  84.908 0.0000000000
44625  17.891  -38.082  80.998 0.0000000000
45773  16.853  -37.530  79.655 0.0000000000
45729  16.388  -37.762  81.662 0.0000000000
75407  54.425  -14.250  61.465 0.0000000000
75408  53.676  -14.493  61.501 0.0000000000
75409  52.606  -14.548  61.531 0.0000000000
75410  51.191  -14.484  61.616 0.0000000000
77656  53.447  -12.125  65.233 0.0000000000
76553  51.591  -13.412  64.473 0.0000000000
72948  47.883  -14.759  62.117 0.0000000000
72929  47.713  -14.793  62.721 0.0000000000
72952  44.155  -16.558  62.847 0.0000000000
72953  43.837  -16.782  63.211 0.0000000000
72934  43.681  -16.976  63.403 0.0000000000
71746  45.227  -16.848  64.977 0.0000000000
71756  44.030  -17.302  64.277 0.0000000000
71757  43.428  -17.443  63.764 0.0000000000
70578  43.205  -18.021  64.360 0.0000000000
70566  42.930  -18.583  64.570 0.0000000000
69384  42.267  -19.420  64.737 0.0000000000
71722  44.613  -17.695  66.436 0.0000000000
70530  44.678  -17.941  67.690 0.0000000000
70540  44.541  -18.099  66.830 0.0000000000
70552  44.203  -17.961  66.256 0.0000000000
70553  43.712  -18.441  65.935 0.0000000000
68194  41.817  -20.169  64.978 0.0000000000
68158  42.255  -20.407  66.542 0.0000000000
66900  41.484  -21.928  65.724 0.0000000000
65669  41.904  -22.591  65.553 0.0000000000
75260  46.481  -14.983  71.911 0.0000000000
72840  46.354  -16.369  71.711 0.0000000000
69297  44.616  -19.081  70.526 0.0000000000
70450  46.345  -18.485  73.316 0.0000000000
69272  45.999  -18.869  72.811 0.0000000000
69273  45.723  -19.185  72.431 0.0000000000
68051  44.899  -20.473  72.735 0.0000000000
68068  45.282  -19.768  72.444 0.0000000000
69282  45.505  -19.159  71.838 0.0000000000
69283  44.898  -19.313  71.368 0.0000000000
68111  42.993  -20.945  69.601 0.0000000000
66871  42.434  -21.418  68.805 0.0000000000
65581  43.196  -22.189  69.664 0.0000000000
65602  42.446  -22.213  68.801 0.0000000000
64391  44.360  -23.530  64.691 0.0000000000
64349  44.838  -23.353  66.097 0.0000000000
64347  46.524  -24.087  66.784 0.0000000000
64368  46.380  -24.347  66.159 0.0000000000
63172  45.716  -24.766  65.140 0.0000000000
69217  47.623  -20.302  75.957 0.0000000000
68013  47.973  -21.545  75.270 0.0000000000
68028  48.349  -21.929  74.538 0.0000000000
66794  48.771  -22.421  73.852 0.0000000000
64205  46.100  -23.694  76.359 0.0000000000
64204  46.990  -23.618  76.346 0.0000000000
59379  47.554  -26.886  76.321 0.0000000000
60528  48.209  -26.213  76.054 0.0000000000
61778  48.173  -25.315  75.875 0.0000000000
63033  47.595  -24.557  76.065 0.0000000000
64203  47.659  -23.566  75.884 0.0000000000
64223  48.301  -23.588  75.460 0.0000000000
63059  49.170  -24.273  74.431 0.0000000000
64239  49.260  -23.437  74.480 0.0000000000
65494  49.185  -23.151  74.655 0.0000000000
65493  49.152  -22.911  74.544 0.0000000000
65506  49.251  -22.841  73.854 0.0000000000
65519  49.144  -22.829  73.117 0.0000000000
65537  49.371  -22.690  72.466 0.0000000000
63106  48.019  -24.163  70.033 0.0000000000
61896  46.316  -25.158  67.864 0.0000000000
61955  42.916  -24.817  65.360 0.0000000000
61977  38.469  -25.103  64.897 0.0000000000
61835  40.217  -26.023  71.511 0.0000000000
61852  40.087  -26.125  71.085 0.0000000000
61869  39.458  -26.264  70.069 0.0000000000
60594  39.281  -26.576  70.497 0.0000000000
60605  38.972  -26.581  69.648 0.0000000000
59442  37.421  -27.850  70.057 0.0000000000
59464  37.007  -27.225  68.234 0.0000000000
60638  36.988  -26.694  67.502 0.0000000000
51983  40.688  -34.024  79.360 0.0000000000
52004  39.951  -33.785  79.002 0.0000000000
50706  39.703  -34.876  79.201 0.0000000000
52030  38.444  -33.017  77.639 0.0000000000
53338  37.603  -32.781  75.903 0.0000000000
49433  39.506  -36.056  76.452 0.0000000000
49434  38.847  -35.501  76.283 0.0000000000
50744  38.815  -34.698  75.026 0.0000000000
50736  38.294  -34.791  76.130 0.0000000000
52054  37.768  -34.088  75.792 0.0000000000
53339  37.518  -33.282  75.190 0.0000000000
53399  36.931  -32.783  72.790 0.0000000000
53400  36.572  -32.284  72.477 0.0000000000
54767  35.863  -31.774  71.094 0.0000000000
50778  39.763  -34.418  71.791 0.0000000000
49482  39.024  -34.636  70.558 0.0000000000
50787  38.757  -34.204  70.877 0.0000000000
52134  38.875  -33.951  71.300 0.0000000000
52135  38.316  -33.806  71.148 0.0000000000
52143  36.620  -33.576  69.818 0.0000000000
53443  35.954  -32.386  70.058 0.0000000000
54796  35.075  -31.782  69.217 0.0000000000
75453  53.650  -15.062  58.797 0.0000000000
71822  53.979  -17.257  56.484 0.0000000000
71826  50.870  -17.631  56.103 0.0000000000
71792  44.020  -16.691  60.461 0.0000000000
71801  44.074  -16.756  60.029 0.0000000000
71805  44.174  -16.773  59.040 0.0000000000
70639  43.444  -18.468  57.634 0.0000000000
71816  43.693  -17.717  57.873 0.0000000000
42074  40.496  -40.954  81.012 0.0000000000
42075  40.318  -40.811  81.103 0.0000000000
42085  40.348  -40.780  80.901 0.0000000000
42093  40.124  -40.460  80.658 0.0000000000
42094  39.804  -40.371  80.505 0.0000000000
42095  36.352  -39.557  79.138 0.0000000000
42096  36.147  -39.456  79.094 0.0000000000
42097  35.908  -39.373  79.065 0.0000000000
42107  36.025  -39.554  78.857 0.0000000000
42108  35.694  -39.397  78.912 0.0000000000
42117  36.235  -39.592  78.763 0.0000000000
42119  35.510  -39.353  78.693 0.0000000000
43197  19.931  -39.077  88.526 0.0000000000
43216  22.754  -39.261  87.389 0.0000000000
43220  20.463  -39.209  87.893 0.0000000000
43226  33.436  -38.200  85.288 0.0000000000
43227  32.735  -38.188  85.355 0.0000000000
43233  27.995  -38.538  85.806 0.0000000000
43239  34.077  -38.423  85.003 0.0000000000
43240  33.673  -38.355  84.996 0.0000000000
43257  34.218  -38.303  84.940 0.0000000000
43282  33.544  -38.169  84.263 0.0000000000
43302  39.761  -39.890  81.435 0.0000000000
43303  39.520  -39.828  81.423 0.0000000000
43325  40.319  -40.607  81.083 0.0000000000
43328  38.484  -39.836  80.878 0.0000000000
43343  19.246  -38.558  81.383 0.0000000000
43354  39.512  -40.412  80.781 0.0000000000
43381  36.436  -39.475  79.360 0.0000000000
43382  36.000  -39.203  79.304 0.0000000000
43388  22.239  -38.867  79.957 0.0000000000
43399  39.875  -39.641  79.237 0.0000000000
43404  35.077  -38.996  78.372 0.0000000000
43408  23.151  -38.990  79.196 0.0000000000
43424  35.210  -39.176  78.536 0.0000000000
43438  22.129  -39.126  78.025 0.0000000000
43439  21.971  -39.227  78.199 0.0000000000
44494  27.547  -38.692  86.100 0.0000000000
44531  34.015  -37.915  84.383 0.0000000000
44543  17.293  -38.316  83.884 0.0000000000
44548  40.856  -38.398  82.529 0.0000000000
44549  40.777  -38.274  81.827 0.0000000000
44557  21.197  -38.576  83.878 0.0000000000
44568  39.865  -39.363  81.449 0.0000000000
44574  25.017  -39.068  81.933 0.0000000000
44576  19.196  -38.590  82.360 0.0000000000
44577  18.531  -38.524  82.358 0.0000000000
44579  17.562  -38.126  81.913 0.0000000000
44585  41.153  -38.986  80.987 0.0000000000
44587  40.128  -39.722  81.363 0.0000000000
44594  24.689  -39.130  81.659 0.0000000000
44596  18.718  -38.516  81.681 0.0000000000
44597  18.050  -38.254  81.479 0.0000000000
44598  17.661  -38.073  81.409 0.0000000000
44620  22.646  -38.922  80.303 0.0000000000
44621  22.415  -38.914  80.393 0.0000000000
44622  21.450  -38.700  79.237 0.0000000000
44623  21.201  -38.586  79.168 0.0000000000
44626  17.529  -37.974  81.169 0.0000000000
44633  39.067  -39.848  79.293 0.0000000000
44644  26.463  -38.557  79.737 0.0000000000
44645  25.892  -38.720  80.125 0.0000000000
44647  22.448  -38.910  80.168 0.0000000000
44649  21.667  -38.840  79.295 0.0000000000
44652  18.857  -38.163  80.019 0.0000000000
44653  18.334  -37.948  80.508 0.0000000000
44673  24.423  -38.682  79.216 0.0000000000
44674  23.004  -38.982  78.889 0.0000000000
44677  19.400  -38.177  78.501 0.0000000000
44690  33.919  -38.222  78.075 0.0000000000
44697  26.254  -38.318  78.221 0.0000000000
44702  21.790  -39.113  78.525 0.0000000000
44704  18.888  -38.062  78.456 0.0000000000
44716  27.329  -37.544  77.382 0.0000000000
44731  27.682  -37.351  77.000 0.0000000000
45603  17.197  -37.715  89.304 0.0000000000
45618  25.091  -38.182  88.372 0.0000000000
45620  17.315  -37.796  88.738 0.0000000000
45636  15.763  -37.375  87.456 0.0000000000
45679  40.636  -37.904  82.061 0.0000000000
45680  39.967  -38.049  81.899 0.0000000000
45681  39.652  -38.403  81.633 0.0000000000
45684  17.340  -38.627  83.245 0.0000000000
45696  41.536  -37.660  81.680 0.0000000000
45698  40.871  -38.835  81.369 0.0000000000
45705  18.722  -38.503  82.069 0.0000000000
45716  42.002  -37.289  81.474 0.0000000000
45726  19.116  -38.573  82.016 0.0000000000
45727  18.887  -38.557  81.945 0.0000000000
45739  42.142  -37.203  81.365 0.0000000000
45740  42.049  -37.397  81.215 0.0000000000
45748  21.571  -38.839  79.083 0.0000000000
45749  21.384  -38.720  78.997 0.0000000000
45750  17.920  -37.777  80.576 0.0000000000
45766  25.970  -38.556  79.639 0.0000000000
45768  21.551  -38.850  78.868 0.0000000000
45769  21.200  -38.621  78.892 0.0000000000
45770  20.630  -38.442  78.876 0.0000000000
45787  26.061  -38.441  79.239 0.0000000000
45788  25.607  -38.583  79.407 0.0000000000
45789  25.345  -38.774  79.613 0.0000000000
45790  21.511  -38.809  78.593 0.0000000000
45807  36.487  -39.030  77.287 0.0000000000
45815  25.453  -38.231  77.656 0.0000000000
45823  16.132  -37.417  77.455 0.0000000000
45854  16.066  -37.792  76.534 0.0000000000
45958  38.973  -38.595  70.286 0.0000000000
45983  40.532  -38.499  69.977 0.0000000000
46793  16.481  -37.578  88.684 0.0000000000
46835  14.809  -37.159  87.217 0.0000000000
46837  13.120  -36.718  86.755 0.0000000000
46862  40.910  -37.308  82.303 0.0000000000
46864  39.959  -37.506  82.075 0.0000000000
46873  42.212  -36.747  81.746 0.0000000000
46876  40.081  -36.988  82.198 0.0000000000
46877  39.742  -37.119  82.053 0.0000000000
46878  39.301  -37.314  81.792 0.0000000000
46881  15.885  -37.846  82.300 0.0000000000
46882  15.652  -37.799  82.364 0.0000000000
46889  42.301  -36.959  81.355 0.0000000000
46895  16.068  -37.806  82.135 0.0000000000
46902  42.239  -37.127  80.927 0.0000000000
46905  36.539  -37.239  80.373 0.0000000000
46925  25.189  -38.145  77.544 0.0000000000
46926  24.941  -38.038  77.460 0.0000000000
46927  16.652  -37.332  77.122 0.0000000000
46934  40.591  -37.989  77.165 0.0000000000
46943  25.158  -37.905  77.411 0.0000000000
46945  16.614  -37.453  76.785 0.0000000000
46967  19.347  -37.501  75.149 0.0000000000
46980  32.006  -36.739  75.355 0.0000000000
48005  15.066  -37.015  88.981 0.0000000000
48084  41.497  -36.525  82.388 0.0000000000
48086  40.242  -36.221  82.322 0.0000000000
48087  39.896  -36.141  82.171 0.0000000000
48100  42.074  -36.269  82.268 0.0000000000
48101  40.346  -36.672  82.313 0.0000000000
48116  42.515  -36.474  81.166 0.0000000000
48124  42.679  -35.963  81.134 0.0000000000
48127  36.794  -36.740  80.565 0.0000000000
48156  31.623  -36.568  75.258 0.0000000000
48158  27.086  -36.522  75.402 0.0000000000
48159  26.797  -36.583  75.553 0.0000000000
48160  26.297  -36.587  75.544 0.0000000000
48176  26.902  -36.472  75.252 0.0000000000
48196  28.543  -35.638  73.489 0.0000000000
48197  24.049  -36.151  72.814 0.0000000000
49322  40.312  -35.539  82.329 0.0000000000
49344  42.668  -35.654  81.734 0.0000000000
49346  39.967  -35.232  82.287 0.0000000000
49350  36.714  -35.348  81.943 0.0000000000
49372  38.131  -36.034  81.284 0.0000000000
49373  37.697  -35.898  81.269 0.0000000000
49450  37.915  -35.713  72.932 0.0000000000
49452  30.727  -35.575  73.451 0.0000000000
49460  30.814  -35.447  73.185 0.0000000000
49461  30.520  -35.469  73.259 0.0000000000
49467  37.894  -35.757  71.926 0.0000000000
49483  33.493  -35.771  70.819 0.0000000000
50619  39.702  -34.799  82.289 0.0000000000
50635  43.605  -33.922  80.670 0.0000000000
50704  42.373  -33.893  79.495 0.0000000000
50708  38.507  -34.777  77.871 0.0000000000
51893  42.333  -33.966  81.923 0.0000000000
51923  41.933  -33.231  82.210 0.0000000000
51963  43.374  -33.726  80.122 0.0000000000
52113  39.396  -34.134  72.313 0.0000000000
53180  42.147  -33.341  82.144 0.0000000000
53204  40.043  -32.098  81.891 0.0000000000
53226  42.514  -32.236  81.639 0.0000000000
54549  42.249  -31.631  81.564 0.0000000000
54550  41.924  -31.297  81.557 0.0000000000
54596  44.669  -30.712  79.878 0.0000000000
54653  43.812  -30.565  78.211 0.0000000000
54654  42.376  -31.362  78.455 0.0000000000
55721  42.805  -30.276  81.412 0.0000000000
55722  41.836  -30.671  81.523 0.0000000000
55746  44.757  -30.187  80.138 0.0000000000
55747  44.486  -30.712  80.343 0.0000000000
55783  42.679  -31.203  78.442 0.0000000000
55825  43.805  -29.764  77.574 0.0000000000
56925  45.218  -28.939  80.335 0.0000000000
56927  44.368  -29.135  81.017 0.0000000000
56940  45.035  -29.415  80.265 0.0000000000
56941  44.342  -28.960  81.219 0.0000000000
56942  44.232  -29.154  81.298 0.0000000000
56950  46.125  -29.041  79.849 0.0000000000
56961  46.400  -29.076  79.341 0.0000000000
56971  46.421  -28.515  78.936 0.0000000000
56972  46.444  -28.782  78.939 0.0000000000
58106  44.956  -28.685  80.405 0.0000000000
58107  44.696  -28.522  80.602 0.0000000000
58109  43.656  -28.660  81.435 0.0000000000
58121  45.761  -28.403  79.670 0.0000000000
58122  45.487  -28.493  80.052 0.0000000000
58124  44.200  -28.782  81.321 0.0000000000
58132  45.981  -28.518  79.549 0.0000000000
58133  45.843  -28.678  79.830 0.0000000000
58139  46.166  -28.380  79.303 0.0000000000
58146  46.447  -28.342  78.745 0.0000000000
58159  45.322  -28.627  77.528 0.0000000000
58271  35.819  -28.548  68.846 0.0000000000
59325  45.415  -28.063  79.896 0.0000000000
59333  45.746  -28.147  79.550 0.0000000000
59334  45.568  -27.663  79.852 0.0000000000
59365  42.930  -28.012  76.171 0.0000000000
59378  47.630  -26.663  76.495 0.0000000000
60464  44.559  -27.553  80.741 0.0000000000
60474  45.518  -26.990  80.048 0.0000000000
60475  45.134  -27.212  80.322 0.0000000000
60484  45.859  -27.643  79.506 0.0000000000
60485  45.772  -27.188  79.885 0.0000000000
60486  45.464  -27.146  80.169 0.0000000000
60500  46.480  -27.130  78.815 0.0000000000
60545  48.540  -25.713  75.430 0.0000000000
60603  43.296  -24.635  68.938 0.0000000000
60618  43.758  -24.814  68.813 0.0000000000
61914  46.708  -24.704  67.449 0.0000000000
61960  37.853  -25.546  65.610 0.0000000000
63108  42.684  -24.663  70.034 0.0000000000
63109  42.477  -24.776  70.113 0.0000000000
63118  42.861  -24.607  69.877 0.0000000000
63146  47.351  -24.044  68.014 0.0000000000
63159  46.668  -24.286  67.184 0.0000000000
64238  49.312  -23.176  74.453 0.0000000000
64269  49.716  -23.306  72.457 0.0000000000
64282  49.802  -23.026  71.992 0.0000000000
64303  47.800  -23.645  69.730 0.0000000000
64318  47.554  -23.892  68.244 0.0000000000
64332  47.092  -24.058  67.932 0.0000000000
65576  47.688  -23.659  69.009 0.0000000000
65582  42.623  -21.860  69.244 0.0000000000
65597  47.445  -23.723  68.531 0.0000000000
65714  42.311  -22.397  64.020 0.0000000000
65777  45.653  -22.632  61.409 0.0000000000
66770  48.480  -22.321  75.132 0.0000000000
66836  48.333  -22.265  72.377 0.0000000000
66838  43.756  -20.904  70.916 0.0000000000
66851  43.501  -21.026  70.489 0.0000000000
66915  42.931  -22.018  64.060 0.0000000000
67998  47.702  -21.017  75.718 0.0000000000
68012  48.460  -22.027  74.831 0.0000000000
68014  47.976  -21.865  75.415 0.0000000000
68030  47.204  -20.643  74.464 0.0000000000
68081  43.974  -20.649  71.045 0.0000000000
68124  43.774  -19.319  68.759 0.0000000000
68280  41.849  -21.075  59.977 0.0000000000
68303  43.437  -20.024  57.570 0.0000000000
69218  47.582  -20.444  76.150 0.0000000000
69260  47.338  -20.724  74.563 0.0000000000
69310  44.390  -18.612  69.185 0.0000000000
69324  44.038  -18.852  68.728 0.0000000000
69335  44.399  -18.428  68.168 0.0000000000
69385  41.709  -20.160  64.664 0.0000000000
69446  41.550  -19.640  60.182 0.0000000000
69461  42.837  -19.309  57.829 0.0000000000
70389  47.408  -19.132  75.947 0.0000000000
70465  47.072  -18.078  72.508 0.0000000000
70539  44.855  -17.899  67.173 0.0000000000
70609  41.714  -18.867  61.096 0.0000000000
70632  43.140  -18.218  58.446 0.0000000000
70633  42.479  -18.777  58.525 0.0000000000
71604  47.657  -18.424  76.084 0.0000000000
71642  46.382  -18.513  74.253 0.0000000000
71683  46.914  -17.849  71.923 0.0000000000
71720  45.625  -17.131  66.749 0.0000000000
71823  53.625  -17.344  56.637 0.0000000000
72891  48.431  -15.379  67.292 0.0000000000
72894  45.565  -17.046  66.526 0.0000000000
72919  44.344  -17.095  64.380 0.0000000000
72933  44.157  -16.894  63.757 0.0000000000
72969  44.174  -16.361  61.762 0.0000000000
72980  43.997  -16.602  61.105 0.0000000000
74047  47.850  -15.362  69.214 0.0000000000
74068  48.043  -15.495  67.215 0.0000000000
74164  50.676  -14.584  60.072 0.0000000000
74200  55.834  -14.855  57.875 0.0000000000
75370  50.068  -14.372  64.140 0.0000000000
76538  53.520  -12.420  64.929 0.0000000000
77655  53.911  -11.733  65.112 0.0000000000
