#!ascii label  , from subject 3064 vox2ras=TkReg
356
79146  -25.241  -7.413  2.722 0.0000000000
75605  -20.982  -10.448  6.478 0.0000000000
74502  -27.499  -11.884  4.721 0.0000000000
71061  -23.558  -15.039  7.742 0.0000000000
92619  -25.710  5.579  -0.170 0.0000000000
88684  -28.077  1.421  0.049 0.0000000000
84545  -21.680  -2.568  1.594 0.0000000000
66391  -22.387  -18.736  10.481 0.0000000000
73328  -23.026  -12.859  6.945 0.0000000000
71058  -21.192  -14.435  8.716 0.0000000000
90653  -27.427  3.493  0.101 0.0000000000
87643  -23.362  0.700  -0.339 0.0000000000
79122  -21.546  -7.151  4.080 0.0000000000
82411  -20.141  -4.934  4.068 0.0000000000
81375  -23.950  -5.004  1.815 0.0000000000
83565  -26.336  -3.483  0.332 0.0000000000
82454  -27.404  -5.202  0.751 0.0000000000
79167  -28.549  -7.324  1.583 0.0000000000
77905  -20.020  -8.532  6.306 0.0000000000
76769  -23.182  -9.163  4.714 0.0000000000
77956  -26.372  -8.835  3.485 0.0000000000
74498  -23.985  -11.105  4.949 0.0000000000
73346  -25.058  -12.851  6.215 0.0000000000
69864  -25.959  -15.277  6.905 0.0000000000
85533  -19.909  -0.932  1.638 0.0000000000
85556  -24.680  -1.031  -0.051 0.0000000000
85560  -28.857  -1.630  -0.763 0.0000000000
69797  -20.283  -15.564  10.208 0.0000000000
68634  -23.262  -16.482  8.841 0.0000000000
73309  -20.618  -12.606  8.216 0.0000000000
72193  -20.243  -13.613  9.430 0.0000000000
88679  -23.055  1.614  -0.653 0.0000000000
87632  -21.394  0.848  0.221 0.0000000000
80239  -23.358  -6.885  3.139 0.0000000000
81353  -22.591  -5.974  2.991 0.0000000000
81366  -24.244  -5.758  2.210 0.0000000000
81376  -24.960  -5.187  1.708 0.0000000000
80270  -26.140  -6.385  1.814 0.0000000000
80272  -27.770  -6.481  1.387 0.0000000000
79148  -27.126  -7.384  2.381 0.0000000000
76733  -21.120  -9.619  5.980 0.0000000000
77923  -21.204  -8.619  5.493 0.0000000000
76751  -21.844  -9.593  5.432 0.0000000000
76770  -23.694  -9.781  4.744 0.0000000000
75607  -22.449  -11.017  5.735 0.0000000000
72224  -22.728  -13.439  7.589 0.0000000000
73345  -23.810  -12.525  6.271 0.0000000000
72226  -24.224  -13.908  7.061 0.0000000000
71088  -25.787  -14.582  6.678 0.0000000000
69854  -24.724  -15.662  7.357 0.0000000000
92618  -24.663  5.608  -0.435 0.0000000000
93693  -24.253  6.669  -0.349 0.0000000000
93694  -25.360  6.630  -0.353 0.0000000000
94836  -27.462  7.716  -0.389 0.0000000000
92621  -27.784  5.474  -0.049 0.0000000000
89687  -27.781  2.470  0.177 0.0000000000
83538  -20.568  -3.605  2.776 0.0000000000
83537  -20.107  -3.026  2.748 0.0000000000
84544  -21.119  -1.971  1.656 0.0000000000
85544  -22.782  -1.316  0.276 0.0000000000
84554  -23.456  -1.915  0.718 0.0000000000
83575  -27.781  -3.463  -0.334 0.0000000000
84564  -27.380  -2.182  -0.017 0.0000000000
84566  -29.255  -2.650  -1.353 0.0000000000
75659  -26.798  -10.150  3.746 0.0000000000
76790  -28.064  -9.384  3.415 0.0000000000
67536  -20.903  -17.285  11.090 0.0000000000
68615  -21.885  -16.759  10.148 0.0000000000
69818  -21.573  -15.712  9.255 0.0000000000
67549  -22.457  -17.269  9.974 0.0000000000
74449  -20.516  -11.487  7.539 0.0000000000
74466  -21.553  -11.424  6.569 0.0000000000
73326  -20.883  -12.177  7.397 0.0000000000
72223  -21.951  -13.232  7.838 0.0000000000
71059  -22.061  -14.396  8.417 0.0000000000
90650  -24.362  3.572  -0.526 0.0000000000
91618  -26.065  4.537  -0.183 0.0000000000
89684  -24.676  2.574  -0.350 0.0000000000
88681  -24.943  1.631  -0.034 0.0000000000
87645  -25.196  0.679  0.199 0.0000000000
80197  -20.094  -6.536  5.277 0.0000000000
81334  -20.595  -5.683  4.128 0.0000000000
82441  -21.520  -4.622  2.788 0.0000000000
82449  -22.928  -4.454  1.707 0.0000000000
83562  -23.931  -3.213  0.962 0.0000000000
82451  -24.590  -4.362  1.502 0.0000000000
82462  -26.513  -4.210  0.377 0.0000000000
82464  -28.636  -4.532  -0.338 0.0000000000
81388  -28.914  -5.312  0.167 0.0000000000
64004  -23.535  -20.316  9.833 0.0000000000
65195  -23.955  -19.757  9.568 0.0000000000
79079  -20.427  -7.596  5.217 0.0000000000
79105  -21.872  -8.049  4.341 0.0000000000
77953  -23.285  -8.247  3.773 0.0000000000
79127  -25.751  -8.112  3.125 0.0000000000
77941  -24.415  -9.243  4.308 0.0000000000
76772  -25.411  -10.034  4.512 0.0000000000
75643  -25.742  -10.766  4.988 0.0000000000
74468  -23.062  -11.762  6.063 0.0000000000
73358  -24.708  -12.137  5.759 0.0000000000
73369  -26.231  -11.879  5.336 0.0000000000
72250  -26.635  -13.405  5.812 0.0000000000
71089  -26.526  -14.531  6.708 0.0000000000
91620  -28.073  4.457  -0.193 0.0000000000
87633  -21.812  0.183  0.063 0.0000000000
86618  -23.640  -0.067  0.025 0.0000000000
86620  -25.430  -0.308  0.099 0.0000000000
85547  -25.789  -2.065  0.393 0.0000000000
85558  -26.739  -1.669  0.177 0.0000000000
86622  -27.561  -0.614  0.124 0.0000000000
79129  -27.527  -7.946  2.931 0.0000000000
77971  -28.911  -8.403  1.919 0.0000000000
71021  -20.029  -14.672  10.293 0.0000000000
71045  -20.494  -14.548  9.410 0.0000000000
69837  -21.735  -15.153  8.698 0.0000000000
69839  -23.516  -15.600  8.228 0.0000000000
67551  -24.173  -18.150  8.991 0.0000000000
68648  -24.152  -16.710  8.288 0.0000000000
69840  -24.301  -16.050  7.832 0.0000000000
88670  -19.809  1.934  0.551 0.0000000000
80240  -24.059  -6.921  3.022 0.0000000000
80253  -23.713  -6.320  2.686 0.0000000000
80254  -24.677  -6.629  2.581 0.0000000000
81367  -25.237  -6.007  2.059 0.0000000000
80255  -25.670  -6.717  2.233 0.0000000000
80256  -26.471  -6.933  1.951 0.0000000000
79147  -26.140  -7.464  2.518 0.0000000000
76713  -20.108  -9.733  7.014 0.0000000000
75606  -21.850  -10.603  5.772 0.0000000000
75623  -22.276  -10.138  5.377 0.0000000000
71072  -23.322  -13.975  7.571 0.0000000000
72225  -23.551  -13.556  7.202 0.0000000000
71073  -23.900  -14.595  7.402 0.0000000000
71074  -24.952  -14.671  6.946 0.0000000000
93695  -26.470  6.621  -0.139 0.0000000000
93696  -27.520  6.500  -0.067 0.0000000000
92620  -26.759  5.539  0.108 0.0000000000
88683  -27.001  1.492  0.147 0.0000000000
89694  -28.610  2.397  -0.484 0.0000000000
88689  -28.868  1.339  -0.729 0.0000000000
84531  -21.183  -3.148  2.210 0.0000000000
84530  -20.634  -2.488  2.257 0.0000000000
85536  -22.323  -1.871  1.150 0.0000000000
84546  -22.959  -2.503  1.143 0.0000000000
83576  -28.519  -3.611  -0.742 0.0000000000
84565  -28.013  -2.653  -0.374 0.0000000000
75644  -26.738  -10.741  4.283 0.0000000000
75660  -27.471  -10.214  3.772 0.0000000000
75645  -28.034  -10.893  4.463 0.0000000000
66390  -21.614  -18.089  11.090 0.0000000000
67537  -21.860  -17.533  10.470 0.0000000000
67538  -22.627  -18.044  9.967 0.0000000000
74450  -20.999  -11.827  6.988 0.0000000000
72211  -20.762  -13.633  8.887 0.0000000000
73310  -21.475  -12.948  7.933 0.0000000000
72212  -21.473  -13.573  8.304 0.0000000000
72213  -22.268  -13.783  8.073 0.0000000000
90649  -23.341  3.614  -0.687 0.0000000000
89683  -23.699  2.588  -0.574 0.0000000000
88680  -23.992  1.631  -0.335 0.0000000000
87644  -24.247  0.743  0.016 0.0000000000
80218  -20.547  -6.627  4.742 0.0000000000
81335  -21.248  -6.206  3.805 0.0000000000
81365  -22.935  -5.472  2.278 0.0000000000
81352  -21.747  -5.653  3.259 0.0000000000
81364  -22.140  -5.062  2.665 0.0000000000
82442  -22.274  -4.567  2.238 0.0000000000
82450  -23.717  -4.323  1.564 0.0000000000
82453  -26.777  -4.906  0.947 0.0000000000
82452  -25.706  -4.373  1.149 0.0000000000
82463  -27.582  -4.641  0.254 0.0000000000
81387  -28.340  -4.960  0.270 0.0000000000
81379  -28.088  -5.590  0.652 0.0000000000
80273  -28.855  -6.378  1.057 0.0000000000
77990  -29.663  -8.028  1.323 0.0000000000
63986  -23.110  -20.860  10.231 0.0000000000
63987  -23.820  -20.815  10.401 0.0000000000
79060  -19.774  -7.452  6.289 0.0000000000
79061  -20.176  -7.977  5.891 0.0000000000
77924  -22.061  -8.870  5.153 0.0000000000
77938  -21.650  -8.334  4.767 0.0000000000
77939  -22.574  -8.531  4.428 0.0000000000
77952  -22.689  -8.026  3.806 0.0000000000
77954  -24.216  -8.479  3.827 0.0000000000
77940  -23.584  -8.882  4.333 0.0000000000
75641  -24.168  -10.527  4.781 0.0000000000
76771  -24.584  -9.965  4.534 0.0000000000
75642  -24.869  -10.465  4.928 0.0000000000
75626  -24.989  -10.974  5.324 0.0000000000
73343  -22.068  -11.935  6.561 0.0000000000
74467  -22.364  -11.457  6.145 0.0000000000
73344  -22.660  -12.216  6.482 0.0000000000
74486  -25.181  -11.614  5.475 0.0000000000
73359  -25.848  -12.521  5.556 0.0000000000
72249  -25.901  -13.444  5.817 0.0000000000
71075  -25.589  -15.082  6.913 0.0000000000
69865  -26.261  -14.979  6.987 0.0000000000
71076  -26.687  -14.805  7.158 0.0000000000
90652  -26.391  3.519  -0.092 0.0000000000
91619  -27.083  4.501  0.001 0.0000000000
81333  -19.992  -5.109  4.418 0.0000000000
86599  -19.417  -0.353  1.790 0.0000000000
86600  -20.426  -0.297  1.275 0.0000000000
86608  -20.862  0.278  0.728 0.0000000000
86609  -21.440  -0.306  0.664 0.0000000000
85554  -23.254  -0.668  -0.121 0.0000000000
85555  -23.783  -0.845  -0.049 0.0000000000
86619  -24.478  -0.142  0.109 0.0000000000
83563  -24.605  -3.237  0.826 0.0000000000
84555  -24.060  -2.471  0.758 0.0000000000
84556  -25.130  -2.640  0.559 0.0000000000
85559  -27.862  -1.582  -0.156 0.0000000000
86623  -28.498  -0.634  -0.503 0.0000000000
86630  -29.224  -0.644  -1.396 0.0000000000
79128  -26.695  -8.049  2.986 0.0000000000
77957  -27.333  -8.650  3.365 0.0000000000
76809  -28.727  -9.097  2.695 0.0000000000
68631  -20.720  -16.057  10.133 0.0000000000
71022  -20.448  -15.024  9.959 0.0000000000
69817  -20.828  -15.444  9.707 0.0000000000
68633  -22.365  -16.494  9.556 0.0000000000
69819  -22.399  -15.792  8.891 0.0000000000
69838  -22.638  -15.146  8.527 0.0000000000
69820  -23.005  -15.692  8.719 0.0000000000
66402  -23.991  -18.811  9.313 0.0000000000
73291  -19.835  -12.669  9.322 0.0000000000
73292  -20.382  -13.122  8.987 0.0000000000
89682  -22.744  2.627  -0.718 0.0000000000
88677  -21.555  1.834  -0.292 0.0000000000
87641  -21.848  1.233  -0.382 0.0000000000
87642  -22.319  0.674  -0.361 0.0000000000
80238  -22.491  -6.657  3.326 0.0000000000
80237  -21.661  -6.695  3.704 0.0000000000
80252  -23.026  -6.257  2.883 0.0000000000
81377  -26.063  -5.638  1.529 0.0000000000
81378  -27.154  -5.691  1.142 0.0000000000
80271  -26.786  -6.354  1.576 0.0000000000
80257  -27.160  -6.913  1.756 0.0000000000
79166  -27.756  -7.136  1.899 0.0000000000
76732  -20.241  -9.534  6.576 0.0000000000
77906  -20.654  -8.878  6.115 0.0000000000
77922  -20.463  -8.315  5.791 0.0000000000
76752  -22.740  -9.587  5.111 0.0000000000
76753  -23.212  -10.178  5.090 0.0000000000
75625  -23.557  -10.662  5.016 0.0000000000
73329  -23.568  -13.069  6.784 0.0000000000
72238  -23.936  -13.337  6.768 0.0000000000
72239  -24.668  -13.567  6.655 0.0000000000
72240  -25.505  -13.657  6.357 0.0000000000
71087  -25.232  -14.112  6.703 0.0000000000
69855  -25.561  -15.646  7.043 0.0000000000
92617  -23.573  5.664  -0.554 0.0000000000
93697  -28.329  6.408  -0.506 0.0000000000
89686  -26.704  2.511  0.067 0.0000000000
84513  -19.215  -2.779  3.601 0.0000000000
84529  -19.633  -2.408  2.745 0.0000000000
85518  -20.076  -1.926  2.241 0.0000000000
85534  -20.503  -1.452  1.634 0.0000000000
86601  -20.978  -0.904  1.129 0.0000000000
85535  -21.589  -1.432  1.036 0.0000000000
85545  -23.950  -1.532  0.397 0.0000000000
84558  -26.951  -2.774  0.195 0.0000000000
84559  -27.447  -3.191  -0.149 0.0000000000
76788  -26.188  -9.708  4.102 0.0000000000
76789  -26.995  -9.574  3.512 0.0000000000
75661  -28.595  -10.178  3.981 0.0000000000
68614  -21.152  -16.659  10.430 0.0000000000
68632  -21.402  -16.160  9.884 0.0000000000
67550  -23.308  -17.700  9.398 0.0000000000
75588  -20.430  -10.269  7.248 0.0000000000
74465  -20.900  -11.096  6.960 0.0000000000
73327  -21.773  -12.492  7.219 0.0000000000
71060  -23.051  -14.434  8.029 0.0000000000
91638  -22.092  4.730  -0.808 0.0000000000
91615  -22.942  4.666  -0.661 0.0000000000
91616  -24.008  4.607  -0.662 0.0000000000
91617  -25.044  4.568  -0.447 0.0000000000
90651  -25.372  3.545  -0.320 0.0000000000
89685  -25.679  2.543  -0.197 0.0000000000
88682  -25.960  1.555  -0.039 0.0000000000
87646  -26.216  0.558  0.189 0.0000000000
81351  -20.977  -5.261  3.470 0.0000000000
82425  -20.552  -4.572  3.447 0.0000000000
82440  -20.986  -4.170  2.812 0.0000000000
83539  -21.379  -3.841  2.299 0.0000000000
83552  -22.205  -3.669  1.705 0.0000000000
84547  -23.567  -2.948  1.013 0.0000000000
83553  -23.369  -3.527  1.386 0.0000000000
83554  -24.179  -3.751  1.204 0.0000000000
83555  -24.927  -3.807  1.107 0.0000000000
82461  -26.031  -3.856  0.658 0.0000000000
83566  -27.086  -3.744  -0.211 0.0000000000
83567  -27.893  -4.019  -0.315 0.0000000000
82471  -28.956  -4.177  -0.988 0.0000000000
82472  -29.685  -4.533  -1.095 0.0000000000
82465  -29.247  -4.999  -0.410 0.0000000000
81380  -28.815  -5.803  0.594 0.0000000000
65194  -23.090  -19.828  9.962 0.0000000000
66392  -23.262  -18.847  9.762 0.0000000000
79103  -20.915  -7.094  4.763 0.0000000000
79080  -21.119  -8.056  4.970 0.0000000000
79104  -21.355  -7.567  4.551 0.0000000000
79123  -22.079  -7.592  3.854 0.0000000000
79124  -22.932  -7.561  3.448 0.0000000000
79125  -23.888  -7.627  3.364 0.0000000000
79145  -24.525  -7.338  2.959 0.0000000000
79126  -24.831  -7.951  3.344 0.0000000000
77955  -25.303  -8.888  3.896 0.0000000000
77942  -25.034  -9.534  4.312 0.0000000000
76787  -25.488  -9.525  4.245 0.0000000000
76773  -26.044  -10.275  4.523 0.0000000000
74501  -26.487  -11.444  5.033 0.0000000000
74483  -22.822  -11.306  5.718 0.0000000000
74484  -23.532  -11.470  5.479 0.0000000000
73357  -24.078  -11.913  5.684 0.0000000000
74485  -24.385  -11.448  5.370 0.0000000000
74500  -25.818  -11.547  5.312 0.0000000000
73370  -26.733  -12.104  5.232 0.0000000000
73360  -27.007  -12.692  5.467 0.0000000000
72241  -26.260  -14.013  6.239 0.0000000000
92622  -28.572  5.404  -0.654 0.0000000000
90654  -28.389  3.440  -0.252 0.0000000000
87631  -20.183  0.837  0.709 0.0000000000
86610  -22.187  -0.341  0.092 0.0000000000
86617  -22.905  -0.208  -0.161 0.0000000000
87647  -27.295  0.451  0.280 0.0000000000
85546  -24.876  -1.813  0.380 0.0000000000
85548  -26.358  -2.331  0.322 0.0000000000
85557  -25.644  -1.255  0.060 0.0000000000
86621  -26.464  -0.490  0.207 0.0000000000
87648  -28.329  0.365  -0.131 0.0000000000
87655  -28.876  0.321  -1.159 0.0000000000
79149  -28.131  -7.629  2.422 0.0000000000
77958  -28.182  -8.472  2.883 0.0000000000
71044  -20.148  -14.113  9.809 0.0000000000
69836  -20.960  -15.202  8.933 0.0000000000
67562  -23.904  -17.469  8.649 0.0000000000
69853  -23.947  -15.440  7.605 0.0000000000
71090  -26.941  -14.498  6.856 0.0000000000
73347  -25.547  -13.153  5.921 0.0000000000
73371  -27.278  -12.311  5.138 0.0000000000
74487  -27.806  -12.309  4.746 0.0000000000
74499  -24.443  -10.882  5.080 0.0000000000
75624  -22.786  -10.651  5.377 0.0000000000
75627  -25.425  -11.189  5.313 0.0000000000
77989  -29.096  -7.821  1.428 0.0000000000
80219  -21.166  -6.691  4.310 0.0000000000
81368  -25.765  -6.199  1.891 0.0000000000
81374  -23.341  -4.867  1.731 0.0000000000
82426  -21.217  -5.006  3.275 0.0000000000
83540  -21.812  -4.200  2.202 0.0000000000
83551  -21.571  -3.340  1.870 0.0000000000
83564  -25.528  -3.447  0.706 0.0000000000
84557  -25.996  -2.799  0.394 0.0000000000
85543  -21.955  -0.908  0.406 0.0000000000
88678  -22.213  1.727  -0.652 0.0000000000
