#!ascii label  , from subject 3614 vox2ras=TkReg
1064
53081  4.291  -42.434  70.756 0.0000000000
43832  1.288  -49.033  53.888 0.0000000000
45637  -0.059  -49.610  66.959 0.0000000000
52125  -2.814  -42.514  62.811 0.0000000000
58901  1.508  -36.386  59.315 0.0000000000
48821  2.287  -45.761  69.376 0.0000000000
51070  -0.719  -43.015  67.708 0.0000000000
49948  7.740  -43.262  71.596 0.0000000000
45620  3.652  -47.958  70.263 0.0000000000
41452  1.061  -52.151  68.160 0.0000000000
61165  -1.954  -35.192  66.572 0.0000000000
56540  -0.676  -38.922  60.967 0.0000000000
64320  -0.461  -31.545  64.182 0.0000000000
41514  -2.516  -52.697  63.491 0.0000000000
44698  -1.080  -49.363  61.192 0.0000000000
48897  -0.184  -45.856  64.079 0.0000000000
56417  -2.870  -38.793  67.770 0.0000000000
47791  -0.960  -46.645  57.784 0.0000000000
50129  2.806  -44.578  56.308 0.0000000000
54359  0.829  -40.540  54.361 0.0000000000
62350  -0.523  -33.608  56.461 0.0000000000
51033  3.255  -43.925  70.672 0.0000000000
52064  2.006  -43.191  69.667 0.0000000000
53065  6.294  -42.280  71.168 0.0000000000
46549  5.245  -45.671  71.086 0.0000000000
49953  4.402  -44.364  71.846 0.0000000000
45616  2.825  -47.420  70.554 0.0000000000
62260  -1.333  -33.557  65.027 0.0000000000
43647  -0.828  -51.190  64.800 0.0000000000
45661  -1.062  -49.314  63.711 0.0000000000
46606  -0.109  -47.743  65.532 0.0000000000
55234  -0.747  -40.116  68.120 0.0000000000
54169  -1.554  -40.912  67.408 0.0000000000
43633  0.264  -50.848  67.869 0.0000000000
39294  -0.213  -53.025  67.361 0.0000000000
42543  -0.606  -52.192  66.722 0.0000000000
40416  -1.692  -53.431  64.883 0.0000000000
48935  -2.141  -45.075  61.216 0.0000000000
46712  -1.750  -47.199  59.660 0.0000000000
50098  -2.631  -44.154  59.856 0.0000000000
56538  1.389  -38.519  60.623 0.0000000000
53206  1.155  -41.735  59.054 0.0000000000
54317  3.305  -40.066  58.078 0.0000000000
53250  2.523  -41.689  54.798 0.0000000000
55416  2.019  -38.580  56.621 0.0000000000
46565  1.200  -48.020  68.603 0.0000000000
48853  0.896  -45.419  67.274 0.0000000000
48823  0.698  -44.332  68.426 0.0000000000
54149  0.407  -41.749  68.243 0.0000000000
48804  8.767  -43.549  70.115 0.0000000000
46591  7.177  -45.635  67.149 0.0000000000
47626  6.398  -45.115  69.795 0.0000000000
44632  4.183  -48.276  68.556 0.0000000000
42503  2.862  -49.918  68.931 0.0000000000
44635  1.243  -49.218  69.022 0.0000000000
56476  -2.147  -38.670  64.678 0.0000000000
54272  -2.126  -40.768  61.413 0.0000000000
57651  -1.402  -37.427  63.880 0.0000000000
58841  -0.556  -36.370  62.616 0.0000000000
61208  0.733  -34.290  61.948 0.0000000000
53128  6.390  -41.613  69.236 0.0000000000
50004  12.573  -42.509  69.090 0.0000000000
52061  13.951  -42.087  70.772 0.0000000000
53063  9.773  -41.710  70.923 0.0000000000
54144  8.442  -41.344  70.565 0.0000000000
40470  -3.102  -53.498  61.469 0.0000000000
42667  -1.725  -52.034  60.912 0.0000000000
43671  -1.451  -50.630  62.362 0.0000000000
47732  -1.289  -46.618  62.086 0.0000000000
50058  -2.223  -44.077  63.165 0.0000000000
48877  -0.171  -43.847  66.237 0.0000000000
52108  -1.982  -42.144  65.633 0.0000000000
53161  -2.398  -40.832  65.082 0.0000000000
58801  -2.886  -37.573  66.765 0.0000000000
43751  -0.591  -50.789  59.869 0.0000000000
44748  -0.025  -49.050  58.420 0.0000000000
45764  0.854  -48.250  56.676 0.0000000000
52160  -0.954  -43.067  59.473 0.0000000000
48980  0.250  -45.782  57.385 0.0000000000
47839  0.563  -46.973  54.194 0.0000000000
49028  0.232  -45.546  53.266 0.0000000000
52206  0.455  -42.973  52.424 0.0000000000
65347  0.010  -30.767  62.718 0.0000000000
63344  0.282  -32.551  60.256 0.0000000000
65406  -0.587  -30.817  58.589 0.0000000000
60102  0.503  -35.252  58.030 0.0000000000
56574  0.503  -37.346  56.163 0.0000000000
53069  3.808  -42.817  70.934 0.0000000000
53083  3.052  -42.580  70.219 0.0000000000
53097  3.998  -41.987  70.178 0.0000000000
54113  5.229  -42.431  71.000 0.0000000000
52038  4.979  -43.179  71.846 0.0000000000
52050  4.338  -42.987  71.594 0.0000000000
49955  3.610  -44.491  71.169 0.0000000000
43835  1.220  -49.962  52.458 0.0000000000
44838  0.323  -48.737  52.387 0.0000000000
44648  -0.527  -50.676  66.043 0.0000000000
45648  -0.588  -49.788  65.123 0.0000000000
45640  -0.306  -48.416  65.919 0.0000000000
47675  8.505  -44.628  65.874 0.0000000000
44644  -0.204  -50.432  67.218 0.0000000000
42532  -0.498  -51.894  67.434 0.0000000000
44645  -0.525  -50.873  66.737 0.0000000000
43643  -0.674  -51.601  65.502 0.0000000000
51115  -3.017  -43.302  62.023 0.0000000000
48946  -2.433  -44.940  60.395 0.0000000000
51123  -3.263  -43.266  61.119 0.0000000000
57737  1.782  -37.364  59.650 0.0000000000
55399  2.620  -39.488  59.190 0.0000000000
57748  2.065  -37.878  58.912 0.0000000000
55415  2.816  -38.885  57.406 0.0000000000
57762  1.657  -37.354  57.859 0.0000000000
46564  1.736  -47.594  69.007 0.0000000000
47628  1.997  -45.969  68.267 0.0000000000
48822  1.590  -45.026  68.817 0.0000000000
53100  0.972  -42.413  68.495 0.0000000000
55255  0.324  -40.106  67.685 0.0000000000
48794  7.740  -43.736  70.782 0.0000000000
47625  7.081  -44.625  69.553 0.0000000000
47607  7.035  -44.120  70.756 0.0000000000
46550  4.498  -46.284  70.846 0.0000000000
46557  5.247  -46.459  70.377 0.0000000000
45627  4.011  -47.956  69.645 0.0000000000
44628  3.252  -48.600  69.736 0.0000000000
46555  2.694  -46.831  70.230 0.0000000000
45623  2.239  -47.927  70.216 0.0000000000
46560  2.325  -47.286  69.764 0.0000000000
45628  1.003  -48.525  69.015 0.0000000000
58807  -2.038  -37.236  65.604 0.0000000000
57652  -1.726  -38.033  63.891 0.0000000000
60021  -1.565  -36.338  64.935 0.0000000000
63277  -1.217  -32.552  65.170 0.0000000000
61197  -0.930  -34.875  63.888 0.0000000000
61196  -0.424  -34.435  63.367 0.0000000000
61209  0.174  -34.567  62.632 0.0000000000
62279  0.131  -33.476  62.631 0.0000000000
52047  11.053  -42.003  70.471 0.0000000000
40459  -3.046  -53.412  62.385 0.0000000000
41542  -2.614  -52.604  61.917 0.0000000000
43661  -1.568  -51.049  62.877 0.0000000000
47702  -0.403  -47.536  63.599 0.0000000000
46656  -0.984  -48.122  62.721 0.0000000000
47731  -0.917  -46.020  62.515 0.0000000000
48923  -1.317  -45.499  62.475 0.0000000000
50057  -1.693  -44.362  63.574 0.0000000000
48854  0.340  -44.114  67.359 0.0000000000
48865  0.360  -44.496  66.717 0.0000000000
50014  -0.751  -43.376  67.186 0.0000000000
55258  -2.325  -40.066  67.772 0.0000000000
52105  -1.687  -41.958  66.476 0.0000000000
53151  -2.205  -41.294  66.340 0.0000000000
53155  -2.374  -41.170  65.526 0.0000000000
55301  -2.601  -39.951  66.474 0.0000000000
56445  -2.571  -38.946  66.119 0.0000000000
57578  -3.047  -38.162  67.328 0.0000000000
46592  6.233  -46.557  66.710 0.0000000000
46604  6.921  -46.184  65.879 0.0000000000
40378  1.800  -52.159  68.215 0.0000000000
39290  1.591  -52.940  67.019 0.0000000000
40391  1.067  -52.925  67.638 0.0000000000
39308  -0.997  -53.699  66.183 0.0000000000
38220  -0.207  -53.663  65.922 0.0000000000
41501  -2.224  -52.871  64.180 0.0000000000
40435  -2.685  -53.499  63.752 0.0000000000
43704  -1.202  -50.734  61.145 0.0000000000
42685  -1.140  -52.144  60.308 0.0000000000
44711  -0.892  -49.454  60.508 0.0000000000
46727  -1.615  -47.337  58.842 0.0000000000
44749  -0.402  -48.705  58.809 0.0000000000
45747  -0.442  -47.871  57.956 0.0000000000
44772  0.558  -48.797  57.238 0.0000000000
46757  -0.409  -47.391  57.630 0.0000000000
54270  -1.298  -40.562  60.540 0.0000000000
53189  -1.728  -41.402  60.471 0.0000000000
53196  -0.467  -41.553  59.923 0.0000000000
52168  2.318  -42.952  58.186 0.0000000000
52169  1.205  -43.112  58.582 0.0000000000
50118  2.408  -44.581  57.196 0.0000000000
47804  1.062  -46.667  56.285 0.0000000000
49004  1.598  -46.140  55.340 0.0000000000
47855  0.712  -46.022  53.768 0.0000000000
50150  2.052  -44.798  54.286 0.0000000000
54358  1.715  -40.712  54.753 0.0000000000
52197  0.982  -42.750  53.493 0.0000000000
53264  0.637  -41.916  53.314 0.0000000000
66367  0.247  -29.873  61.599 0.0000000000
64359  -0.011  -31.515  61.569 0.0000000000
65373  -0.271  -30.848  61.002 0.0000000000
65421  -0.685  -31.481  56.740 0.0000000000
63386  -0.612  -32.371  57.551 0.0000000000
62322  0.065  -33.872  58.461 0.0000000000
61260  -0.388  -34.653  57.615 0.0000000000
58932  0.127  -35.882  57.300 0.0000000000
60122  -0.398  -35.229  56.565 0.0000000000
49962  2.749  -44.574  70.338 0.0000000000
49974  1.995  -44.438  69.900 0.0000000000
51034  2.347  -43.894  70.197 0.0000000000
51017  6.850  -43.120  71.575 0.0000000000
48786  6.386  -43.787  71.123 0.0000000000
49951  5.256  -44.115  71.990 0.0000000000
47604  4.873  -45.314  71.640 0.0000000000
47612  3.784  -46.046  71.062 0.0000000000
45621  3.256  -48.088  70.412 0.0000000000
47613  3.731  -46.133  70.877 0.0000000000
48799  3.022  -45.352  70.568 0.0000000000
62226  -1.441  -33.668  67.649 0.0000000000
62250  -2.028  -34.580  66.178 0.0000000000
63254  -1.437  -32.875  66.532 0.0000000000
64303  -1.164  -32.066  65.667 0.0000000000
64302  -0.381  -31.438  65.369 0.0000000000
43648  -1.284  -51.416  64.219 0.0000000000
44663  -1.396  -50.450  63.410 0.0000000000
44654  -0.920  -50.401  64.463 0.0000000000
46622  -0.377  -48.087  64.492 0.0000000000
47700  0.035  -46.586  64.554 0.0000000000
53120  -0.924  -41.514  67.681 0.0000000000
52092  -1.096  -42.093  67.675 0.0000000000
54167  -0.909  -40.688  67.772 0.0000000000
55235  -1.501  -39.538  68.271 0.0000000000
56405  -2.276  -38.622  68.622 0.0000000000
58774  -2.508  -37.293  68.909 0.0000000000
42520  0.801  -51.704  68.176 0.0000000000
39281  0.326  -53.043  68.060 0.0000000000
41463  -0.423  -52.341  67.732 0.0000000000
40394  -0.557  -52.856  66.810 0.0000000000
40405  -1.189  -53.132  66.033 0.0000000000
39322  -1.607  -53.860  64.925 0.0000000000
41482  -1.262  -52.931  65.446 0.0000000000
42556  -1.085  -52.483  65.185 0.0000000000
46685  -1.466  -47.479  61.198 0.0000000000
45713  -1.115  -48.263  60.188 0.0000000000
46713  -1.942  -46.764  60.209 0.0000000000
47767  -2.352  -46.190  59.762 0.0000000000
48969  -2.264  -45.420  58.631 0.0000000000
56539  0.329  -38.785  60.857 0.0000000000
55392  0.351  -40.126  60.137 0.0000000000
54285  1.789  -40.225  59.547 0.0000000000
53204  2.850  -40.764  58.330 0.0000000000
52167  3.228  -42.405  57.336 0.0000000000
52188  3.602  -43.131  54.875 0.0000000000
53238  3.142  -41.279  55.530 0.0000000000
54357  2.486  -40.691  55.118 0.0000000000
55429  1.122  -38.957  55.543 0.0000000000
63401  -0.641  -32.650  56.100 0.0000000000
60131  -0.259  -34.939  55.886 0.0000000000
61311  0.263  -33.791  55.321 0.0000000000
45632  0.492  -48.986  67.546 0.0000000000
46580  0.776  -47.862  66.961 0.0000000000
47658  1.287  -46.710  67.082 0.0000000000
48840  1.150  -45.222  67.939 0.0000000000
49992  0.269  -43.702  68.058 0.0000000000
51045  0.848  -43.519  68.873 0.0000000000
52079  0.323  -42.748  68.424 0.0000000000
53102  -0.239  -42.053  68.313 0.0000000000
54166  -0.194  -41.148  67.899 0.0000000000
48839  9.313  -43.786  68.880 0.0000000000
47656  8.757  -44.332  68.260 0.0000000000
47639  8.333  -44.253  69.126 0.0000000000
46556  5.686  -45.421  70.643 0.0000000000
45625  5.022  -46.745  69.005 0.0000000000
45635  4.861  -48.000  67.565 0.0000000000
41449  2.804  -51.513  68.502 0.0000000000
41437  2.040  -51.394  68.971 0.0000000000
44629  2.856  -48.718  69.749 0.0000000000
43622  2.086  -49.346  69.069 0.0000000000
42510  1.243  -51.065  68.321 0.0000000000
43629  1.206  -50.092  68.185 0.0000000000
44640  0.706  -49.322  67.996 0.0000000000
54249  -1.907  -40.297  63.605 0.0000000000
53184  -2.270  -41.788  61.607 0.0000000000
55362  -1.831  -39.538  63.344 0.0000000000
56529  -1.825  -38.696  62.187 0.0000000000
57705  -1.169  -37.786  62.437 0.0000000000
60020  -1.430  -36.000  64.471 0.0000000000
58842  -1.052  -36.492  63.204 0.0000000000
57704  -0.408  -37.286  62.052 0.0000000000
58862  0.367  -36.693  61.956 0.0000000000
60040  1.227  -35.731  61.756 0.0000000000
60055  1.556  -35.595  60.950 0.0000000000
53113  5.540  -41.666  69.578 0.0000000000
48837  11.301  -42.782  68.619 0.0000000000
52075  15.305  -42.702  70.114 0.0000000000
53075  14.841  -41.659  70.255 0.0000000000
51039  14.666  -42.721  70.471 0.0000000000
49969  13.222  -42.309  69.978 0.0000000000
50005  11.642  -42.601  69.157 0.0000000000
48819  10.048  -43.230  69.286 0.0000000000
51030  9.405  -42.545  70.989 0.0000000000
52033  8.937  -42.259  71.748 0.0000000000
54107  9.564  -41.479  70.946 0.0000000000
54098  8.270  -41.908  71.873 0.0000000000
55207  7.752  -41.601  71.169 0.0000000000
54146  6.607  -41.711  70.519 0.0000000000
42648  -1.958  -51.756  61.510 0.0000000000
44689  -1.123  -49.311  61.603 0.0000000000
44673  -1.342  -49.963  62.823 0.0000000000
45671  -1.219  -48.913  62.434 0.0000000000
46671  -1.425  -47.569  61.651 0.0000000000
47745  -1.771  -46.439  61.341 0.0000000000
50069  -2.365  -44.039  62.066 0.0000000000
51107  -2.694  -43.252  62.996 0.0000000000
47668  1.147  -46.967  66.251 0.0000000000
48875  0.972  -46.040  65.415 0.0000000000
48887  -0.343  -44.215  65.468 0.0000000000
51079  -1.320  -42.609  66.866 0.0000000000
50028  -1.359  -43.220  65.706 0.0000000000
50035  -1.609  -43.386  64.936 0.0000000000
51088  -2.074  -42.897  64.812 0.0000000000
52110  -2.430  -42.261  64.737 0.0000000000
53173  -2.534  -41.718  63.564 0.0000000000
55337  -2.317  -39.399  64.805 0.0000000000
57593  -2.519  -37.993  66.007 0.0000000000
59996  -1.924  -35.962  66.990 0.0000000000
58780  -2.022  -36.559  68.353 0.0000000000
61153  -1.745  -35.799  67.485 0.0000000000
62212  -1.586  -34.248  68.027 0.0000000000
38228  1.393  -53.764  65.551 0.0000000000
38211  0.662  -53.408  66.799 0.0000000000
44728  -0.569  -49.292  59.549 0.0000000000
44727  -0.050  -49.814  59.019 0.0000000000
43817  1.383  -48.754  55.274 0.0000000000
52145  -2.476  -42.735  60.397 0.0000000000
51138  -1.953  -43.306  59.574 0.0000000000
51162  -1.407  -44.316  58.587 0.0000000000
53207  0.119  -41.857  59.336 0.0000000000
51160  0.311  -43.844  58.633 0.0000000000
48981  -0.656  -45.732  57.775 0.0000000000
47805  0.385  -47.189  56.909 0.0000000000
46770  0.925  -47.776  56.096 0.0000000000
45805  0.494  -47.812  53.551 0.0000000000
46801  0.170  -47.103  53.034 0.0000000000
51193  1.339  -43.691  53.810 0.0000000000
50162  0.045  -44.219  52.782 0.0000000000
65312  0.140  -30.993  64.438 0.0000000000
65328  1.529  -30.620  63.702 0.0000000000
64335  -0.201  -31.341  63.243 0.0000000000
63305  0.172  -32.310  62.180 0.0000000000
62291  0.790  -33.709  61.320 0.0000000000
61233  1.164  -34.501  59.917 0.0000000000
64397  -0.061  -32.004  59.769 0.0000000000
62312  0.520  -33.962  58.981 0.0000000000
60082  1.116  -35.397  58.409 0.0000000000
57751  0.957  -36.491  57.789 0.0000000000
56573  0.641  -37.423  56.541 0.0000000000
55430  0.623  -38.457  55.248 0.0000000000
55445  0.460  -38.060  54.830 0.0000000000
53082  3.584  -42.449  70.529 0.0000000000
53080  4.909  -42.437  70.946 0.0000000000
53068  4.348  -42.751  71.209 0.0000000000
52051  3.857  -43.179  71.294 0.0000000000
43831  1.607  -49.796  53.459 0.0000000000
43836  0.842  -49.305  52.944 0.0000000000
44647  -0.353  -50.235  66.629 0.0000000000
45641  -0.410  -49.526  66.046 0.0000000000
45636  0.032  -48.669  66.689 0.0000000000
47665  9.331  -43.853  67.635 0.0000000000
47674  9.300  -43.828  66.579 0.0000000000
52130  -2.876  -42.532  61.825 0.0000000000
57749  1.629  -37.103  58.704 0.0000000000
57761  2.047  -37.642  58.309 0.0000000000
47627  2.236  -46.436  69.039 0.0000000000
49959  7.727  -43.434  71.210 0.0000000000
48795  6.868  -43.979  70.966 0.0000000000
45613  4.027  -47.230  70.636 0.0000000000
46558  4.344  -47.031  70.501 0.0000000000
45619  4.223  -47.921  69.925 0.0000000000
44626  3.752  -48.322  69.528 0.0000000000
44627  3.523  -48.545  69.491 0.0000000000
43618  3.779  -49.019  69.030 0.0000000000
47619  2.576  -46.314  69.790 0.0000000000
60004  -2.014  -36.291  66.282 0.0000000000
60012  -1.780  -36.295  65.492 0.0000000000
61177  -1.833  -35.389  65.889 0.0000000000
63276  -0.795  -32.651  64.431 0.0000000000
62259  -0.854  -33.421  64.405 0.0000000000
62269  -0.504  -33.388  63.758 0.0000000000
63290  -0.328  -32.282  63.265 0.0000000000
41529  -2.632  -52.564  62.757 0.0000000000
42604  -1.923  -52.043  63.028 0.0000000000
47717  -0.334  -46.454  63.595 0.0000000000
47718  -0.489  -46.907  62.925 0.0000000000
48910  -0.448  -46.098  63.427 0.0000000000
48911  -0.892  -45.278  63.316 0.0000000000
50013  -0.262  -43.500  67.366 0.0000000000
48855  -0.004  -43.641  67.195 0.0000000000
50007  -0.677  -43.223  67.521 0.0000000000
55259  -2.558  -39.753  67.537 0.0000000000
54203  -2.386  -40.586  66.950 0.0000000000
55281  -2.574  -39.912  66.829 0.0000000000
54215  -2.490  -40.448  66.232 0.0000000000
56431  -2.636  -39.080  67.011 0.0000000000
41451  1.651  -51.975  68.536 0.0000000000
40390  1.418  -52.677  67.622 0.0000000000
40379  1.042  -52.540  67.935 0.0000000000
38221  -0.755  -54.218  65.707 0.0000000000
40445  -2.916  -53.266  63.145 0.0000000000
43703  -1.020  -50.111  60.807 0.0000000000
44697  -1.031  -49.698  60.916 0.0000000000
47777  -2.086  -46.558  58.188 0.0000000000
46742  -1.094  -47.345  58.228 0.0000000000
55382  -1.077  -40.056  60.724 0.0000000000
55393  -0.522  -40.301  60.261 0.0000000000
51158  2.991  -43.623  57.388 0.0000000000
50130  2.298  -45.404  56.357 0.0000000000
50140  2.309  -45.377  55.323 0.0000000000
49003  1.862  -45.733  55.118 0.0000000000
50139  2.654  -44.711  55.238 0.0000000000
53252  0.899  -41.725  53.858 0.0000000000
66366  1.130  -29.526  61.489 0.0000000000
66368  -0.110  -30.324  61.292 0.0000000000
66386  -0.053  -30.136  60.620 0.0000000000
63387  -0.667  -32.854  57.084 0.0000000000
64430  -0.723  -31.905  57.158 0.0000000000
63375  -0.497  -33.401  57.603 0.0000000000
62335  -0.514  -33.849  57.290 0.0000000000
60114  -0.333  -35.319  57.243 0.0000000000
61273  -0.494  -34.534  56.941 0.0000000000
52053  2.870  -43.513  70.269 0.0000000000
53098  3.137  -42.181  69.854 0.0000000000
52036  6.685  -43.135  71.729 0.0000000000
52037  5.714  -43.091  71.558 0.0000000000
51020  4.641  -43.727  72.046 0.0000000000
49952  4.931  -44.305  72.113 0.0000000000
48790  4.672  -44.947  71.826 0.0000000000
47611  4.453  -45.853  71.121 0.0000000000
47605  4.400  -45.536  71.365 0.0000000000
47606  4.105  -45.787  71.146 0.0000000000
48797  3.915  -45.631  71.132 0.0000000000
51023  3.467  -44.182  70.985 0.0000000000
49961  3.293  -44.624  70.792 0.0000000000
63240  -1.302  -33.193  67.123 0.0000000000
64287  -0.946  -32.028  66.497 0.0000000000
64286  -0.015  -31.572  66.411 0.0000000000
64301  0.567  -31.296  65.504 0.0000000000
45646  -0.333  -48.262  65.476 0.0000000000
45647  -0.411  -48.781  65.154 0.0000000000
46621  -0.180  -47.682  64.971 0.0000000000
47688  -0.160  -47.429  64.620 0.0000000000
47687  0.267  -46.994  64.898 0.0000000000
55236  -2.273  -39.574  68.043 0.0000000000
56404  -1.674  -38.309  68.598 0.0000000000
57557  -2.170  -37.714  69.010 0.0000000000
42521  0.486  -51.446  68.077 0.0000000000
41454  -0.091  -52.264  68.155 0.0000000000
42531  -0.201  -51.662  67.930 0.0000000000
41464  -0.524  -52.471  67.147 0.0000000000
41473  -0.625  -52.699  66.612 0.0000000000
41481  -0.818  -52.791  66.065 0.0000000000
43644  -0.990  -51.878  64.801 0.0000000000
42569  -1.516  -52.380  64.474 0.0000000000
46698  -1.672  -47.008  60.739 0.0000000000
47755  -2.184  -46.108  60.612 0.0000000000
50087  -3.007  -43.945  60.568 0.0000000000
48958  -2.450  -45.226  59.454 0.0000000000
47778  -2.508  -46.054  58.989 0.0000000000
50108  -2.338  -44.463  59.068 0.0000000000
56525  1.187  -38.163  61.029 0.0000000000
55380  0.779  -39.387  60.431 0.0000000000
56537  1.824  -39.105  60.195 0.0000000000
54316  3.108  -39.846  58.586 0.0000000000
55398  2.841  -39.870  58.904 0.0000000000
53216  2.928  -41.124  57.660 0.0000000000
53227  3.418  -41.154  56.551 0.0000000000
54330  3.359  -40.056  56.922 0.0000000000
55427  2.699  -39.338  56.460 0.0000000000
55428  2.007  -39.222  55.920 0.0000000000
54341  1.865  -39.931  55.314 0.0000000000
55417  1.383  -38.566  56.217 0.0000000000
64450  -0.513  -31.840  55.700 0.0000000000
63409  -0.419  -32.360  55.507 0.0000000000
62361  -0.411  -33.109  55.750 0.0000000000
63417  -0.203  -32.466  55.330 0.0000000000
46569  1.195  -47.816  67.839 0.0000000000
48841  0.518  -44.366  68.064 0.0000000000
51044  1.549  -43.732  69.564 0.0000000000
49975  1.360  -44.292  69.300 0.0000000000
53085  0.877  -42.698  68.709 0.0000000000
53101  0.390  -42.270  68.403 0.0000000000
54150  0.080  -41.708  68.292 0.0000000000
53118  -0.162  -41.721  68.225 0.0000000000
48820  9.015  -43.681  69.485 0.0000000000
46561  6.450  -45.200  69.569 0.0000000000
46566  6.620  -45.342  69.094 0.0000000000
47609  5.567  -44.985  71.359 0.0000000000
46548  5.618  -45.138  71.055 0.0000000000
45626  4.376  -47.643  69.256 0.0000000000
46563  4.859  -46.770  69.786 0.0000000000
45631  4.652  -47.694  68.446 0.0000000000
44638  4.392  -48.499  68.037 0.0000000000
43635  3.842  -49.394  67.623 0.0000000000
42507  2.836  -50.597  68.700 0.0000000000
41436  2.542  -51.212  68.851 0.0000000000
41450  2.259  -51.842  68.815 0.0000000000
42508  2.175  -50.481  68.897 0.0000000000
45615  2.955  -47.282  70.822 0.0000000000
45622  2.744  -48.107  70.406 0.0000000000
44631  1.824  -48.880  69.449 0.0000000000
43628  1.705  -49.828  68.578 0.0000000000
44636  0.854  -49.553  68.282 0.0000000000
45629  0.804  -48.702  68.334 0.0000000000
55352  -1.973  -39.417  64.122 0.0000000000
54259  -1.781  -40.271  62.886 0.0000000000
56513  -1.915  -38.790  63.158 0.0000000000
57678  -1.634  -38.044  63.190 0.0000000000
57706  -1.505  -37.969  62.761 0.0000000000
61176  -1.723  -34.587  65.507 0.0000000000
61189  -1.292  -34.915  64.609 0.0000000000
60028  -0.752  -35.241  63.405 0.0000000000
60029  -1.133  -35.706  63.791 0.0000000000
60043  -0.877  -35.803  63.105 0.0000000000
57676  -0.909  -37.069  62.705 0.0000000000
58863  -0.153  -36.588  62.226 0.0000000000
60041  0.577  -35.297  62.191 0.0000000000
60056  1.153  -35.052  61.620 0.0000000000
53129  5.671  -41.590  68.539 0.0000000000
53140  6.499  -41.446  68.301 0.0000000000
48836  12.627  -42.608  68.434 0.0000000000
48862  11.595  -43.025  67.047 0.0000000000
48850  11.420  -42.867  67.875 0.0000000000
53076  13.758  -41.410  70.408 0.0000000000
51040  13.698  -42.486  70.503 0.0000000000
49968  14.191  -42.854  70.228 0.0000000000
49970  12.068  -42.438  69.991 0.0000000000
49989  11.138  -42.553  69.451 0.0000000000
49971  10.892  -42.348  69.836 0.0000000000
53062  10.920  -41.638  70.457 0.0000000000
51029  10.381  -42.126  70.454 0.0000000000
52048  9.991  -42.104  70.890 0.0000000000
51014  9.144  -42.418  71.461 0.0000000000
52032  9.369  -42.085  71.573 0.0000000000
54143  9.487  -40.865  70.138 0.0000000000
54126  8.931  -41.147  70.721 0.0000000000
54108  8.849  -41.564  71.463 0.0000000000
54127  8.439  -41.426  71.095 0.0000000000
54109  8.063  -41.601  71.375 0.0000000000
55220  8.248  -41.425  70.932 0.0000000000
54180  7.217  -41.362  69.014 0.0000000000
54162  7.002  -41.536  69.890 0.0000000000
53095  5.980  -41.790  70.321 0.0000000000
39415  -3.331  -54.327  61.002 0.0000000000
42626  -1.892  -51.694  62.305 0.0000000000
43686  -1.359  -50.505  61.739 0.0000000000
44672  -1.284  -49.768  63.425 0.0000000000
47719  -0.998  -47.418  62.336 0.0000000000
46657  -1.308  -47.888  62.168 0.0000000000
45680  -1.253  -48.613  61.851 0.0000000000
48912  -1.668  -44.852  62.938 0.0000000000
48924  -1.778  -45.148  62.105 0.0000000000
48864  0.896  -45.660  66.482 0.0000000000
48876  0.339  -44.813  65.914 0.0000000000
48886  0.203  -45.167  64.968 0.0000000000
53121  -1.189  -41.372  67.402 0.0000000000
51072  -1.283  -42.312  67.199 0.0000000000
52102  -1.432  -41.886  66.980 0.0000000000
51082  -1.545  -42.655  66.122 0.0000000000
51084  -1.706  -42.840  65.449 0.0000000000
53154  -2.429  -40.805  65.460 0.0000000000
53162  -2.461  -41.577  64.506 0.0000000000
53172  -2.259  -40.830  64.220 0.0000000000
54233  -2.369  -40.158  64.948 0.0000000000
58800  -2.493  -37.134  66.293 0.0000000000
58790  -2.492  -36.787  66.920 0.0000000000
58781  -2.690  -36.932  68.405 0.0000000000
47667  7.880  -45.236  67.341 0.0000000000
46603  7.810  -45.356  66.376 0.0000000000
46590  7.876  -45.292  67.046 0.0000000000
39305  1.384  -53.340  66.559 0.0000000000
39304  1.702  -53.308  66.338 0.0000000000
40392  -0.243  -53.014  67.781 0.0000000000
39293  0.156  -53.178  67.439 0.0000000000
39394  -3.254  -54.375  61.875 0.0000000000
42684  -0.739  -51.449  60.143 0.0000000000
42704  -1.144  -52.530  59.625 0.0000000000
42703  -0.750  -51.839  59.493 0.0000000000
42702  -0.362  -51.465  58.854 0.0000000000
45725  -1.018  -47.862  59.474 0.0000000000
44726  0.112  -49.993  58.871 0.0000000000
43749  0.062  -50.478  58.800 0.0000000000
44771  0.611  -49.405  57.747 0.0000000000
44796  0.947  -49.123  56.783 0.0000000000
44797  1.191  -48.580  55.951 0.0000000000
54260  -1.977  -40.806  62.222 0.0000000000
53190  -2.112  -41.789  60.734 0.0000000000
53209  -1.164  -42.840  60.069 0.0000000000
52150  -1.751  -43.098  60.060 0.0000000000
52161  -1.417  -43.157  59.649 0.0000000000
51149  -1.742  -43.529  58.989 0.0000000000
54304  0.627  -41.294  59.501 0.0000000000
54305  0.173  -41.384  59.582 0.0000000000
52158  0.748  -42.507  58.942 0.0000000000
50119  1.227  -45.090  57.493 0.0000000000
50120  -0.166  -44.929  58.062 0.0000000000
47790  -0.180  -46.510  57.397 0.0000000000
47789  0.406  -46.434  56.908 0.0000000000
47822  0.993  -47.186  55.426 0.0000000000
46784  0.775  -47.552  54.904 0.0000000000
45785  0.766  -48.031  55.062 0.0000000000
46800  0.491  -47.367  53.924 0.0000000000
49027  0.774  -45.394  53.729 0.0000000000
49045  -0.245  -45.420  52.934 0.0000000000
52189  3.177  -42.793  54.626 0.0000000000
51185  2.059  -43.650  54.168 0.0000000000
52190  2.154  -42.723  54.552 0.0000000000
52198  0.670  -42.903  52.910 0.0000000000
51194  0.676  -43.710  53.362 0.0000000000
51204  0.129  -43.830  52.510 0.0000000000
51215  -0.140  -43.724  52.023 0.0000000000
65345  1.153  -30.171  62.968 0.0000000000
65346  0.437  -30.313  62.819 0.0000000000
65330  0.049  -30.853  63.532 0.0000000000
64348  -0.057  -31.450  62.487 0.0000000000
63323  0.305  -32.326  61.202 0.0000000000
63322  0.577  -33.112  60.819 0.0000000000
62301  0.848  -33.850  60.430 0.0000000000
63343  0.519  -33.349  59.950 0.0000000000
66403  -0.135  -29.683  59.406 0.0000000000
65390  -0.409  -30.981  59.880 0.0000000000
64416  -0.283  -31.896  58.896 0.0000000000
61246  0.444  -34.596  58.461 0.0000000000
61245  1.037  -34.655  58.903 0.0000000000
60101  0.875  -35.594  58.011 0.0000000000
58920  1.073  -36.042  58.190 0.0000000000
58921  0.723  -35.928  57.759 0.0000000000
57778  0.292  -36.604  56.688 0.0000000000
57777  0.461  -36.876  57.014 0.0000000000
56582  0.567  -38.081  55.929 0.0000000000
60130  0.090  -35.625  55.696 0.0000000000
52052  3.432  -43.271  70.753 0.0000000000
53070  3.378  -42.840  70.605 0.0000000000
53115  3.644  -41.778  69.345 0.0000000000
54112  5.638  -42.342  71.004 0.0000000000
53054  5.439  -42.868  71.539 0.0000000000
53055  4.979  -42.896  71.670 0.0000000000
52039  4.410  -43.284  71.859 0.0000000000
51021  4.142  -43.776  71.770 0.0000000000
49954  3.928  -44.367  71.520 0.0000000000
51022  3.722  -43.811  71.293 0.0000000000
51032  3.620  -43.533  71.018 0.0000000000
44651  -0.625  -50.634  65.232 0.0000000000
45642  -0.524  -50.151  65.605 0.0000000000
43636  -0.183  -51.068  67.597 0.0000000000
43637  -0.535  -51.374  67.095 0.0000000000
43640  -0.592  -51.569  66.403 0.0000000000
42555  -0.716  -52.330  65.886 0.0000000000
50077  -2.810  -44.058  61.211 0.0000000000
57723  1.609  -37.487  60.579 0.0000000000
56547  2.156  -38.759  59.862 0.0000000000
57736  2.009  -38.166  59.489 0.0000000000
56554  2.483  -38.608  59.054 0.0000000000
55407  3.008  -39.232  58.500 0.0000000000
56561  2.483  -38.306  58.232 0.0000000000
56570  2.374  -38.215  57.663 0.0000000000
57775  1.478  -37.480  57.451 0.0000000000
46568  1.588  -47.417  68.361 0.0000000000
47641  2.010  -46.870  68.438 0.0000000000
53084  1.223  -42.959  69.157 0.0000000000
53117  0.920  -41.844  68.177 0.0000000000
54165  0.516  -41.080  67.956 0.0000000000
54186  1.010  -40.780  67.804 0.0000000000
48793  8.452  -43.472  70.570 0.0000000000
47624  8.152  -44.121  69.854 0.0000000000
48805  8.101  -43.815  70.447 0.0000000000
47617  7.359  -44.241  70.364 0.0000000000
47618  6.364  -44.909  70.173 0.0000000000
47610  5.009  -45.551  71.397 0.0000000000
45618  4.415  -47.311  70.072 0.0000000000
43625  2.923  -49.932  68.830 0.0000000000
43620  2.908  -49.437  69.016 0.0000000000
46554  2.896  -46.906  70.554 0.0000000000
45617  2.622  -47.437  70.521 0.0000000000
46559  2.534  -47.285  70.354 0.0000000000
45624  1.606  -48.224  69.569 0.0000000000
57611  -2.160  -38.093  65.284 0.0000000000
56496  -1.889  -38.706  63.971 0.0000000000
57628  -1.819  -37.887  64.711 0.0000000000
57627  -1.522  -37.456  64.427 0.0000000000
58813  -1.360  -36.827  64.487 0.0000000000
61188  -0.853  -34.106  64.230 0.0000000000
60042  -0.289  -35.382  62.792 0.0000000000
51043  10.918  -42.241  69.970 0.0000000000
46638  -0.662  -48.353  63.645 0.0000000000
45670  -1.185  -49.079  63.139 0.0000000000
48866  -0.135  -43.696  66.856 0.0000000000
50020  -0.812  -43.505  66.637 0.0000000000
54188  -2.069  -40.632  67.497 0.0000000000
53135  -1.521  -41.313  67.217 0.0000000000
53144  -1.924  -41.294  66.948 0.0000000000
54223  -2.457  -40.677  65.842 0.0000000000
54222  -2.488  -40.407  65.671 0.0000000000
55318  -2.501  -39.563  65.515 0.0000000000
56430  -2.602  -39.270  66.503 0.0000000000
57594  -2.735  -38.419  66.649 0.0000000000
58791  -3.039  -37.219  67.542 0.0000000000
46605  6.139  -46.944  65.902 0.0000000000
40389  2.168  -52.272  67.700 0.0000000000
39291  1.130  -53.205  67.162 0.0000000000
39306  0.226  -53.327  66.850 0.0000000000
40425  -2.253  -53.525  64.364 0.0000000000
39373  -2.981  -54.412  62.968 0.0000000000
43727  -1.163  -51.485  60.872 0.0000000000
43726  -0.838  -50.676  60.504 0.0000000000
45737  -0.666  -48.111  58.704 0.0000000000
45736  -0.303  -48.545  58.466 0.0000000000
45746  0.048  -48.360  57.880 0.0000000000
46756  0.278  -47.866  57.283 0.0000000000
55383  -1.810  -39.906  61.530 0.0000000000
54271  -1.669  -40.781  60.682 0.0000000000
54289  -1.524  -41.210  60.364 0.0000000000
53208  -0.574  -42.403  59.861 0.0000000000
52157  1.685  -42.305  58.606 0.0000000000
51159  1.751  -43.911  58.005 0.0000000000
48979  1.090  -45.995  56.835 0.0000000000
50131  1.724  -45.805  56.816 0.0000000000
48991  1.769  -46.143  56.018 0.0000000000
47821  1.380  -46.522  55.224 0.0000000000
47838  0.865  -46.581  54.387 0.0000000000
47820  1.466  -46.017  54.874 0.0000000000
49016  1.395  -45.465  54.308 0.0000000000
53251  1.546  -41.669  54.360 0.0000000000
52191  1.403  -42.698  54.069 0.0000000000
52205  0.575  -42.484  52.755 0.0000000000
66350  0.756  -29.759  62.300 0.0000000000
66351  0.314  -29.923  62.292 0.0000000000
65361  -0.132  -30.654  61.875 0.0000000000
64376  -0.074  -31.692  60.626 0.0000000000
64429  -0.583  -31.796  57.920 0.0000000000
63374  -0.324  -32.893  58.065 0.0000000000
62323  -0.412  -33.930  57.938 0.0000000000
61259  -0.076  -34.683  58.156 0.0000000000
58922  0.379  -35.663  57.661 0.0000000000
60103  -0.048  -35.322  57.774 0.0000000000
58942  -0.140  -35.875  56.832 0.0000000000
48806  2.422  -45.285  69.850 0.0000000000
52063  2.902  -43.025  70.240 0.0000000000
51016  7.656  -43.055  71.922 0.0000000000
49949  6.999  -43.373  71.433 0.0000000000
49950  5.970  -43.792  71.224 0.0000000000
48788  5.476  -44.573  71.647 0.0000000000
51019  5.253  -43.668  71.883 0.0000000000
48789  5.042  -44.891  72.072 0.0000000000
46551  4.032  -46.635  70.822 0.0000000000
45614  3.620  -47.346  70.638 0.0000000000
46552  3.642  -46.770  70.775 0.0000000000
46553  3.282  -46.830  70.704 0.0000000000
48798  3.602  -45.308  71.021 0.0000000000
47614  3.239  -46.135  70.702 0.0000000000
47615  2.856  -46.159  70.346 0.0000000000
62238  -2.168  -34.291  66.803 0.0000000000
62237  -1.899  -33.535  67.025 0.0000000000
62249  -1.949  -33.651  66.094 0.0000000000
64269  -0.746  -32.511  66.997 0.0000000000
63264  -1.517  -32.779  65.775 0.0000000000
64321  -0.917  -31.950  64.964 0.0000000000
42583  -1.813  -52.193  63.746 0.0000000000
43653  -1.527  -51.306  63.486 0.0000000000
44655  -1.302  -50.677  63.895 0.0000000000
44662  -1.225  -49.962  63.917 0.0000000000
45653  -0.763  -49.271  64.353 0.0000000000
46623  -0.587  -48.649  64.268 0.0000000000
46637  -0.368  -47.782  63.920 0.0000000000
47701  -0.141  -47.003  64.058 0.0000000000
52081  -0.836  -42.269  67.928 0.0000000000
51059  -0.920  -42.526  67.785 0.0000000000
54168  -1.589  -40.546  67.734 0.0000000000
55257  -1.033  -39.486  68.192 0.0000000000
54187  -2.128  -40.229  67.810 0.0000000000
55237  -2.692  -39.205  67.974 0.0000000000
57558  -2.850  -37.881  68.853 0.0000000000
41439  1.057  -51.810  68.225 0.0000000000
40380  0.529  -52.704  68.128 0.0000000000
41453  0.506  -52.221  68.199 0.0000000000
40381  0.025  -52.890  68.223 0.0000000000
40382  -0.306  -52.719  67.936 0.0000000000
40393  -0.391  -52.814  67.292 0.0000000000
40404  -0.628  -53.056  66.546 0.0000000000
39321  -1.343  -53.815  65.635 0.0000000000
40415  -1.312  -53.323  65.563 0.0000000000
41491  -1.740  -52.987  64.803 0.0000000000
45700  -1.261  -48.087  60.832 0.0000000000
45714  -1.510  -47.418  60.303 0.0000000000
47766  -2.222  -46.723  59.073 0.0000000000
48968  -1.621  -45.611  57.940 0.0000000000
55381  -0.160  -39.583  60.530 0.0000000000
54286  0.949  -40.665  59.837 0.0000000000
54303  1.599  -40.984  59.292 0.0000000000
55390  1.930  -39.516  59.831 0.0000000000
54284  2.268  -39.886  59.361 0.0000000000
53205  2.289  -41.406  58.665 0.0000000000
53217  2.512  -42.058  58.129 0.0000000000
51157  3.372  -43.071  57.184 0.0000000000
51178  3.169  -44.157  55.532 0.0000000000
51168  3.972  -42.945  56.129 0.0000000000
52182  3.310  -42.216  55.337 0.0000000000
54340  2.921  -40.113  55.786 0.0000000000
54342  1.127  -39.949  55.017 0.0000000000
64443  -0.660  -31.988  56.460 0.0000000000
61285  -0.432  -34.369  56.341 0.0000000000
62360  -0.476  -33.544  56.007 0.0000000000
62370  0.083  -32.873  55.390 0.0000000000
47642  1.626  -46.506  67.799 0.0000000000
50006  -0.140  -43.457  67.680 0.0000000000
51058  -0.541  -42.946  67.954 0.0000000000
48807  1.855  -44.761  69.502 0.0000000000
49991  0.735  -44.060  68.677 0.0000000000
52065  1.041  -43.003  68.994 0.0000000000
51057  0.219  -43.226  68.289 0.0000000000
52080  -0.357  -42.513  68.167 0.0000000000
53103  -0.696  -41.946  68.054 0.0000000000
53119  -0.538  -41.539  67.918 0.0000000000
55233  -0.161  -40.362  67.887 0.0000000000
48852  9.505  -43.688  68.421 0.0000000000
47655  9.402  -43.811  68.135 0.0000000000
47657  7.840  -45.112  67.841 0.0000000000
47640  7.547  -44.784  68.651 0.0000000000
46578  6.871  -45.513  68.193 0.0000000000
46579  6.166  -46.299  67.691 0.0000000000
45634  5.605  -47.222  67.219 0.0000000000
47608  6.159  -44.498  70.742 0.0000000000
46562  5.778  -45.767  69.740 0.0000000000
45630  5.384  -47.029  68.139 0.0000000000
45639  5.238  -47.970  66.661 0.0000000000
44643  4.201  -48.962  67.831 0.0000000000
40377  2.335  -52.033  68.441 0.0000000000
42504  2.684  -49.839  68.726 0.0000000000
44630  2.363  -48.734  69.708 0.0000000000
43621  2.516  -49.444  68.981 0.0000000000
43627  1.897  -49.967  68.471 0.0000000000
42509  1.828  -50.787  68.781 0.0000000000
41438  1.534  -51.591  68.575 0.0000000000
42511  0.937  -50.837  68.077 0.0000000000
43630  0.748  -50.516  67.950 0.0000000000
44637  0.634  -50.235  67.834 0.0000000000
44641  0.402  -50.037  67.674 0.0000000000
45633  0.166  -49.777  67.387 0.0000000000
53178  -2.202  -41.096  63.381 0.0000000000
53179  -2.368  -41.673  62.611 0.0000000000
54250  -1.980  -40.852  62.921 0.0000000000
55370  -1.846  -39.786  62.449 0.0000000000
55371  -1.999  -40.315  61.859 0.0000000000
56542  -1.802  -39.243  61.667 0.0000000000
56541  -1.494  -39.131  61.358 0.0000000000
56528  -1.032  -38.264  61.658 0.0000000000
60011  -1.607  -35.578  65.167 0.0000000000
58825  -1.183  -36.657  63.884 0.0000000000
57677  -1.233  -37.386  63.192 0.0000000000
56527  -0.093  -38.137  61.372 0.0000000000
57703  0.574  -37.484  61.613 0.0000000000
57702  1.244  -37.768  61.166 0.0000000000
58840  0.090  -36.048  62.274 0.0000000000
58839  0.813  -36.113  62.070 0.0000000000
58861  1.305  -36.698  61.432 0.0000000000
58881  1.670  -36.533  60.346 0.0000000000
60064  1.553  -35.723  59.911 0.0000000000
53096  5.128  -41.999  70.451 0.0000000000
53114  4.495  -41.660  69.472 0.0000000000
48851  10.128  -43.295  68.116 0.0000000000
52059  15.457  -42.279  70.158 0.0000000000
49987  13.713  -42.674  69.713 0.0000000000
51041  12.790  -42.179  70.392 0.0000000000
49988  12.399  -42.422  69.588 0.0000000000
48818  10.827  -42.854  69.026 0.0000000000
48838  10.148  -43.257  68.714 0.0000000000
49956  10.356  -42.495  70.221 0.0000000000
49957  9.628  -42.802  70.581 0.0000000000
49973  9.067  -43.227  70.503 0.0000000000
49958  8.633  -43.081  70.970 0.0000000000
51031  8.750  -42.822  71.335 0.0000000000
51015  8.423  -42.810  71.707 0.0000000000
54124  11.068  -40.960  70.431 0.0000000000
54106  10.450  -41.333  70.603 0.0000000000
54125  10.184  -40.918  70.553 0.0000000000
53064  9.324  -41.739  71.472 0.0000000000
53050  8.971  -42.098  71.925 0.0000000000
52034  8.249  -42.502  71.984 0.0000000000
53051  7.916  -42.140  71.973 0.0000000000
53052  7.148  -42.292  71.669 0.0000000000
54100  6.917  -42.054  71.404 0.0000000000
54145  7.533  -41.535  70.517 0.0000000000
54128  7.242  -41.685  70.946 0.0000000000
54129  6.587  -41.886  70.950 0.0000000000
54130  5.941  -42.093  70.869 0.0000000000
54148  5.591  -42.082  70.736 0.0000000000
41554  -2.465  -52.914  61.028 0.0000000000
44681  -1.212  -49.686  62.109 0.0000000000
45689  -1.252  -48.378  61.363 0.0000000000
46593  0.240  -47.748  66.260 0.0000000000
47676  0.674  -47.208  65.625 0.0000000000
48885  0.312  -46.129  64.677 0.0000000000
48898  -0.624  -44.706  64.567 0.0000000000
51071  -1.059  -42.723  67.496 0.0000000000
51078  -1.151  -42.995  67.161 0.0000000000
50015  -1.150  -43.171  66.902 0.0000000000
50021  -1.250  -43.149  66.412 0.0000000000
50027  -0.980  -43.569  65.874 0.0000000000
50034  -1.037  -43.803  65.161 0.0000000000
50044  -1.328  -44.123  64.269 0.0000000000
50045  -2.007  -43.668  64.161 0.0000000000
51096  -2.425  -43.105  63.960 0.0000000000
52115  -2.678  -42.445  63.790 0.0000000000
54242  -2.105  -40.008  64.355 0.0000000000
56459  -2.401  -38.753  65.389 0.0000000000
57568  -3.187  -37.938  68.144 0.0000000000
59986  -1.945  -36.349  67.943 0.0000000000
59997  -2.312  -36.553  67.558 0.0000000000
61152  -1.906  -34.999  67.209 0.0000000000
62227  -2.051  -34.195  67.564 0.0000000000
47666  8.452  -44.754  67.160 0.0000000000
46619  7.783  -45.555  64.985 0.0000000000
39280  0.605  -53.013  67.864 0.0000000000
39292  0.761  -53.232  67.380 0.0000000000
38210  0.957  -53.387  66.925 0.0000000000
37029  0.873  -53.937  65.575 0.0000000000
41577  -1.495  -53.008  59.720 0.0000000000
43750  -0.335  -50.626  59.336 0.0000000000
42701  0.134  -51.260  58.477 0.0000000000
43800  1.090  -49.725  57.123 0.0000000000
52138  -2.890  -42.501  60.923 0.0000000000
51130  -3.059  -43.266  60.301 0.0000000000
52151  -2.196  -42.801  60.002 0.0000000000
51150  -2.379  -43.849  59.364 0.0000000000
50107  -1.856  -44.654  58.453 0.0000000000
54287  -0.039  -40.926  59.828 0.0000000000
53195  -0.023  -41.423  59.654 0.0000000000
52159  -0.004  -43.036  59.347 0.0000000000
52170  0.556  -43.126  58.915 0.0000000000
51148  -0.600  -43.534  59.046 0.0000000000
51161  -0.825  -44.194  58.645 0.0000000000
50121  -1.114  -44.912  58.298 0.0000000000
47806  -0.326  -46.988  57.451 0.0000000000
44817  1.052  -48.498  54.510 0.0000000000
44831  0.644  -48.527  53.286 0.0000000000
45806  0.191  -47.369  52.776 0.0000000000
45823  0.132  -47.322  52.534 0.0000000000
50149  2.438  -44.272  54.491 0.0000000000
50160  1.022  -44.601  53.780 0.0000000000
50161  0.222  -44.600  53.222 0.0000000000
50177  -0.223  -44.710  52.646 0.0000000000
65294  0.341  -31.128  65.033 0.0000000000
65329  0.704  -30.672  63.675 0.0000000000
62278  0.572  -33.608  61.933 0.0000000000
63304  0.474  -33.059  61.707 0.0000000000
61223  1.237  -34.519  60.952 0.0000000000
61222  1.465  -35.061  60.244 0.0000000000
61232  1.403  -35.110  59.450 0.0000000000
63361  0.276  -32.974  59.171 0.0000000000
63360  0.526  -33.576  59.409 0.0000000000
62311  0.769  -33.985  59.589 0.0000000000
61244  1.290  -35.209  58.888 0.0000000000
58902  1.222  -35.981  58.748 0.0000000000
57750  1.253  -36.728  58.108 0.0000000000
57763  1.084  -37.173  57.501 0.0000000000
56572  1.205  -37.705  56.807 0.0000000000
58931  0.484  -36.076  57.467 0.0000000000
56564  0.633  -37.199  56.992 0.0000000000
56581  0.913  -38.180  56.214 0.0000000000
55443  0.747  -39.299  54.745 0.0000000000
58952  0.043  -36.011  56.074 0.0000000000
56583  0.464  -37.681  55.573 0.0000000000
55431  0.475  -38.101  55.080 0.0000000000
38217  1.422  -53.523  66.164 0.0000000000
39279  0.861  -53.055  67.654 0.0000000000
41435  2.785  -51.048  68.621 0.0000000000
43619  3.299  -49.021  68.977 0.0000000000
43626  2.992  -50.142  68.967 0.0000000000
44747  0.263  -49.795  58.558 0.0000000000
45652  -0.534  -48.736  64.575 0.0000000000
45699  -0.973  -48.918  60.768 0.0000000000
45822  0.146  -47.706  52.550 0.0000000000
46607  -0.336  -48.116  65.169 0.0000000000
47602  5.512  -44.817  71.619 0.0000000000
47603  5.318  -45.048  71.717 0.0000000000
47616  8.108  -44.010  70.217 0.0000000000
47837  1.113  -46.051  54.346 0.0000000000
47856  0.438  -46.312  53.533 0.0000000000
48787  5.689  -44.373  71.388 0.0000000000
48791  4.102  -45.117  71.449 0.0000000000
48792  3.798  -44.811  71.305 0.0000000000
48796  6.137  -44.242  70.903 0.0000000000
48896  -0.039  -46.359  64.384 0.0000000000
48990  2.131  -45.751  55.722 0.0000000000
49947  8.266  -43.100  71.430 0.0000000000
49960  7.156  -43.560  71.300 0.0000000000
50117  2.898  -44.258  56.893 0.0000000000
50176  -0.133  -45.059  53.064 0.0000000000
51018  5.912  -43.463  71.420 0.0000000000
51139  -2.309  -43.343  59.815 0.0000000000
51147  -0.131  -43.522  59.109 0.0000000000
51169  3.685  -43.101  56.550 0.0000000000
51170  3.284  -43.997  56.462 0.0000000000
51176  3.953  -43.124  55.786 0.0000000000
51177  3.637  -43.642  55.761 0.0000000000
51182  3.761  -43.303  55.249 0.0000000000
51183  3.450  -43.574  54.964 0.0000000000
51184  2.795  -43.761  54.629 0.0000000000
51195  0.283  -43.778  52.872 0.0000000000
52035  7.433  -42.645  71.846 0.0000000000
52040  4.041  -43.360  71.635 0.0000000000
52049  4.686  -42.959  71.733 0.0000000000
52060  15.125  -42.299  70.395 0.0000000000
52093  -1.278  -41.975  67.366 0.0000000000
52175  3.797  -42.675  55.864 0.0000000000
52176  3.504  -42.115  56.192 0.0000000000
52181  3.719  -42.829  55.193 0.0000000000
52199  0.370  -43.405  52.636 0.0000000000
53049  9.433  -41.856  71.642 0.0000000000
53053  6.337  -42.510  71.343 0.0000000000
53066  5.850  -42.493  71.209 0.0000000000
53067  5.017  -42.695  71.344 0.0000000000
53074  15.500  -41.748  70.061 0.0000000000
53094  6.292  -41.709  70.349 0.0000000000
53112  6.303  -41.673  70.028 0.0000000000
53197  -1.355  -41.951  60.357 0.0000000000
53198  -1.998  -42.499  60.364 0.0000000000
54099  7.600  -41.911  71.682 0.0000000000
54101  6.534  -42.179  71.230 0.0000000000
54110  7.343  -41.777  71.270 0.0000000000
54111  6.337  -41.805  70.906 0.0000000000
54131  5.380  -42.211  70.795 0.0000000000
54147  5.984  -41.933  70.680 0.0000000000
54214  -2.570  -40.223  66.043 0.0000000000
54288  -1.074  -40.814  60.222 0.0000000000
54301  3.007  -39.983  58.753 0.0000000000
54302  2.662  -40.297  58.923 0.0000000000
55192  8.042  -41.256  71.158 0.0000000000
55193  7.988  -41.547  71.194 0.0000000000
55206  7.939  -41.333  71.018 0.0000000000
55221  7.946  -41.503  70.943 0.0000000000
55280  -2.593  -39.609  66.608 0.0000000000
55300  -2.608  -39.804  66.157 0.0000000000
55378  1.770  -39.325  60.085 0.0000000000
55379  1.505  -39.304  60.218 0.0000000000
55384  -2.103  -40.294  61.625 0.0000000000
55391  1.234  -39.901  60.038 0.0000000000
55394  -0.911  -40.398  60.394 0.0000000000
55406  2.971  -39.691  58.791 0.0000000000
56406  -2.780  -38.677  68.318 0.0000000000
56446  -2.626  -38.916  66.579 0.0000000000
56526  0.814  -38.190  61.208 0.0000000000
56548  1.802  -38.056  60.048 0.0000000000
56562  2.151  -37.825  57.839 0.0000000000
56563  0.790  -37.207  57.192 0.0000000000
56571  1.923  -37.894  57.297 0.0000000000
56591  0.417  -37.679  55.033 0.0000000000
57764  0.627  -36.673  57.398 0.0000000000
57765  0.408  -36.410  57.217 0.0000000000
57776  1.389  -37.552  57.227 0.0000000000
58814  -1.593  -37.018  65.002 0.0000000000
58919  1.300  -36.417  58.631 0.0000000000
58951  0.185  -35.942  55.750 0.0000000000
60081  1.345  -35.655  59.103 0.0000000000
60083  0.819  -34.932  58.308 0.0000000000
61140  -1.598  -35.809  67.814 0.0000000000
61284  -0.439  -33.904  56.248 0.0000000000
61296  -0.438  -33.780  56.079 0.0000000000
61297  -0.323  -33.921  55.926 0.0000000000
61312  -0.107  -33.428  55.596 0.0000000000
62349  -0.490  -33.662  56.228 0.0000000000
62371  -0.193  -32.916  55.505 0.0000000000
63253  -1.048  -32.706  66.959 0.0000000000
64268  -0.281  -32.311  67.026 0.0000000000
64288  -1.342  -32.362  66.151 0.0000000000
65293  0.586  -31.189  65.065 0.0000000000
65360  0.060  -30.193  62.307 0.0000000000
66349  1.581  -29.867  62.223 0.0000000000
