#!ascii label  , from subject 3614 vox2ras=TkReg
739
40428  23.232  -53.820  63.773 0.0000000000
60118  39.733  -35.511  56.149 0.0000000000
65407  44.264  -30.754  57.535 0.0000000000
51097  38.214  -43.439  62.265 0.0000000000
39421  28.464  -54.222  60.287 0.0000000000
37074  26.849  -56.161  61.968 0.0000000000
65394  41.609  -31.078  57.813 0.0000000000
61211  41.890  -34.888  60.942 0.0000000000
46641  35.940  -47.586  63.214 0.0000000000
39376  33.120  -54.743  61.466 0.0000000000
66535  49.052  -29.258  49.439 0.0000000000
68620  45.256  -27.881  53.341 0.0000000000
53186  35.956  -42.368  59.950 0.0000000000
57657  38.670  -38.185  61.938 0.0000000000
41506  25.451  -53.733  62.497 0.0000000000
38254  24.575  -54.889  62.692 0.0000000000
63379  40.278  -32.834  56.936 0.0000000000
63328  42.207  -32.879  60.222 0.0000000000
61226  40.301  -34.889  59.874 0.0000000000
43689  37.109  -49.994  60.137 0.0000000000
37071  29.732  -56.399  61.402 0.0000000000
39399  31.003  -55.248  60.582 0.0000000000
35853  31.947  -56.845  60.079 0.0000000000
68666  47.841  -27.827  49.959 0.0000000000
65496  46.418  -29.310  50.084 0.0000000000
67568  46.550  -28.692  50.424 0.0000000000
68593  42.544  -28.212  55.685 0.0000000000
68641  43.150  -27.947  53.346 0.0000000000
68574  44.329  -28.380  55.224 0.0000000000
66467  43.966  -29.669  54.723 0.0000000000
64444  43.807  -31.368  56.372 0.0000000000
48901  37.240  -45.333  63.499 0.0000000000
50061  35.340  -44.633  62.182 0.0000000000
52120  36.319  -42.097  62.998 0.0000000000
55367  37.023  -40.665  61.148 0.0000000000
54227  38.007  -40.748  63.108 0.0000000000
55339  40.182  -39.402  62.458 0.0000000000
52126  39.101  -41.476  62.054 0.0000000000
38272  27.774  -54.963  62.229 0.0000000000
66454  40.670  -29.751  55.192 0.0000000000
67439  42.920  -29.759  58.505 0.0000000000
64360  43.922  -32.198  59.749 0.0000000000
60057  43.822  -35.103  59.579 0.0000000000
42587  34.647  -51.116  62.385 0.0000000000
44666  35.876  -49.773  62.979 0.0000000000
45673  37.525  -48.399  62.186 0.0000000000
48925  38.347  -46.120  60.937 0.0000000000
50089  38.555  -44.877  60.141 0.0000000000
41534  33.443  -53.229  61.431 0.0000000000
39396  34.766  -54.330  61.240 0.0000000000
66552  48.733  -29.476  48.257 0.0000000000
67570  45.602  -28.414  51.183 0.0000000000
66480  45.842  -29.166  52.904 0.0000000000
64459  43.187  -31.126  53.503 0.0000000000
58886  39.154  -37.227  59.374 0.0000000000
60032  40.253  -36.245  61.607 0.0000000000
56497  41.955  -38.452  61.374 0.0000000000
38241  23.266  -54.672  63.471 0.0000000000
39340  23.706  -54.378  63.445 0.0000000000
38255  23.701  -55.009  63.089 0.0000000000
61275  39.963  -34.707  56.329 0.0000000000
62316  40.607  -33.823  58.455 0.0000000000
60105  40.227  -35.474  57.725 0.0000000000
34666  30.955  -56.891  60.573 0.0000000000
68667  46.899  -27.969  50.099 0.0000000000
67586  47.176  -28.355  50.076 0.0000000000
68652  46.448  -28.591  50.529 0.0000000000
68538  43.713  -28.868  57.397 0.0000000000
68576  43.605  -28.338  56.255 0.0000000000
68554  43.919  -28.697  56.622 0.0000000000
66437  43.908  -30.009  56.259 0.0000000000
50047  37.414  -44.732  63.171 0.0000000000
51090  36.683  -43.748  63.084 0.0000000000
52119  37.380  -43.002  63.133 0.0000000000
53159  37.311  -41.695  62.989 0.0000000000
53165  38.304  -41.833  62.679 0.0000000000
53164  39.133  -41.108  62.679 0.0000000000
52127  38.551  -42.668  61.989 0.0000000000
40436  26.804  -54.430  62.246 0.0000000000
37060  27.357  -55.943  62.309 0.0000000000
35823  28.450  -56.926  61.870 0.0000000000
65409  40.608  -31.516  56.723 0.0000000000
65442  40.332  -30.967  55.108 0.0000000000
65424  40.997  -30.566  56.438 0.0000000000
67483  41.748  -29.501  56.878 0.0000000000
66390  42.304  -30.381  58.411 0.0000000000
65376  43.667  -31.134  59.263 0.0000000000
65378  42.446  -31.070  58.742 0.0000000000
62282  41.845  -34.150  60.883 0.0000000000
62294  43.266  -33.734  60.372 0.0000000000
61225  43.059  -34.759  60.329 0.0000000000
58864  43.189  -36.229  59.645 0.0000000000
58843  42.639  -36.705  60.403 0.0000000000
42606  35.455  -51.650  62.417 0.0000000000
43656  35.040  -50.244  62.685 0.0000000000
42628  36.174  -51.049  61.354 0.0000000000
44683  37.739  -49.203  60.900 0.0000000000
47735  37.917  -47.093  61.501 0.0000000000
39378  31.642  -55.497  60.832 0.0000000000
40462  32.656  -54.054  60.984 0.0000000000
40449  33.066  -54.050  61.648 0.0000000000
40447  34.265  -53.498  61.881 0.0000000000
39375  33.784  -54.587  61.602 0.0000000000
68664  49.560  -27.873  49.577 0.0000000000
65506  48.555  -29.710  49.071 0.0000000000
65487  45.836  -30.049  51.138 0.0000000000
68621  44.552  -27.752  53.611 0.0000000000
67573  42.914  -28.651  51.816 0.0000000000
68656  44.440  -27.883  52.379 0.0000000000
67571  45.017  -28.297  51.380 0.0000000000
68638  45.415  -28.011  52.498 0.0000000000
68618  46.302  -28.705  52.375 0.0000000000
67541  45.808  -28.743  53.031 0.0000000000
64451  43.039  -31.574  54.887 0.0000000000
65462  43.550  -30.634  53.928 0.0000000000
46643  35.267  -47.543  62.115 0.0000000000
47723  35.052  -46.433  61.988 0.0000000000
52128  36.019  -42.957  61.346 0.0000000000
51118  35.246  -44.301  60.458 0.0000000000
56517  38.232  -39.285  61.290 0.0000000000
55387  37.359  -40.121  59.771 0.0000000000
57709  38.369  -38.682  59.886 0.0000000000
57741  38.636  -38.167  58.575 0.0000000000
58846  38.969  -37.647  60.942 0.0000000000
60034  39.560  -36.684  61.079 0.0000000000
57655  39.345  -37.789  62.243 0.0000000000
54243  40.746  -39.357  62.058 0.0000000000
56477  40.774  -38.649  62.293 0.0000000000
54252  41.485  -39.179  61.249 0.0000000000
54262  42.212  -38.942  60.396 0.0000000000
40438  25.037  -53.928  62.989 0.0000000000
38253  25.417  -54.892  62.354 0.0000000000
37075  25.808  -55.619  61.680 0.0000000000
37076  24.793  -55.431  61.745 0.0000000000
64420  40.656  -32.006  57.234 0.0000000000
64382  41.988  -32.163  59.059 0.0000000000
63364  40.950  -32.886  58.433 0.0000000000
62305  40.980  -33.704  59.616 0.0000000000
62283  41.221  -34.304  60.752 0.0000000000
38270  29.416  -55.778  61.710 0.0000000000
39400  29.994  -54.979  60.642 0.0000000000
38269  30.400  -56.075  61.248 0.0000000000
37069  31.767  -56.206  61.066 0.0000000000
37068  32.841  -55.762  61.002 0.0000000000
37083  33.895  -55.858  60.896 0.0000000000
35864  33.479  -56.474  60.034 0.0000000000
67584  49.194  -28.215  50.041 0.0000000000
66536  47.909  -29.403  49.495 0.0000000000
67567  47.348  -28.521  49.972 0.0000000000
66508  46.704  -29.233  50.271 0.0000000000
65474  46.285  -29.458  51.326 0.0000000000
67542  41.670  -28.548  54.307 0.0000000000
68624  42.376  -28.123  54.187 0.0000000000
68606  43.540  -27.840  54.746 0.0000000000
68589  44.772  -28.292  54.540 0.0000000000
67527  45.115  -28.657  54.276 0.0000000000
67514  44.487  -29.105  55.116 0.0000000000
65440  43.537  -30.585  55.396 0.0000000000
47690  36.249  -45.782  63.199 0.0000000000
48903  35.093  -45.583  62.376 0.0000000000
50038  35.855  -44.728  62.733 0.0000000000
51102  35.991  -43.914  62.463 0.0000000000
53176  35.584  -41.991  61.822 0.0000000000
54267  36.103  -41.713  60.413 0.0000000000
54246  36.583  -41.167  62.274 0.0000000000
55343  37.749  -40.187  62.703 0.0000000000
56481  38.293  -39.371  62.622 0.0000000000
57631  39.297  -38.182  62.611 0.0000000000
55320  39.244  -39.832  63.052 0.0000000000
54235  39.964  -40.021  62.569 0.0000000000
53181  39.377  -40.878  61.262 0.0000000000
41521  26.418  -53.664  61.595 0.0000000000
40464  27.213  -53.747  61.218 0.0000000000
39380  28.045  -54.697  61.678 0.0000000000
37072  28.599  -56.292  62.173 0.0000000000
35839  29.211  -57.104  61.141 0.0000000000
67515  41.600  -28.909  55.893 0.0000000000
67481  42.645  -28.983  57.579 0.0000000000
66405  43.716  -29.813  58.121 0.0000000000
65375  44.212  -31.116  58.851 0.0000000000
63346  44.931  -32.597  59.208 0.0000000000
62303  45.116  -33.535  59.396 0.0000000000
63327  42.769  -32.742  60.249 0.0000000000
62293  44.371  -33.471  59.831 0.0000000000
42629  33.960  -50.972  61.281 0.0000000000
43657  34.623  -50.350  62.412 0.0000000000
44659  35.108  -49.532  62.519 0.0000000000
45655  35.828  -48.684  62.945 0.0000000000
43662  37.097  -49.780  61.638 0.0000000000
44664  36.918  -49.131  62.465 0.0000000000
46640  36.443  -47.409  63.321 0.0000000000
47703  37.332  -46.421  63.085 0.0000000000
48914  38.078  -45.725  62.570 0.0000000000
50059  38.511  -45.199  62.022 0.0000000000
51116  38.570  -43.782  61.395 0.0000000000
50078  38.547  -45.469  60.656 0.0000000000
41518  34.228  -52.458  62.031 0.0000000000
41517  34.803  -52.630  62.290 0.0000000000
40460  35.605  -53.160  60.801 0.0000000000
38286  34.580  -55.150  60.880 0.0000000000
39416  35.411  -54.270  60.410 0.0000000000
66567  49.925  -28.809  47.979 0.0000000000
67601  45.814  -28.517  50.282 0.0000000000
68636  46.380  -28.698  51.479 0.0000000000
66479  46.557  -29.003  52.435 0.0000000000
65459  45.614  -29.715  52.666 0.0000000000
66465  45.437  -29.058  53.830 0.0000000000
65460  44.867  -29.981  53.074 0.0000000000
64472  44.218  -30.655  52.439 0.0000000000
48927  34.544  -45.485  61.133 0.0000000000
57756  39.217  -37.780  57.521 0.0000000000
58935  40.059  -36.115  57.426 0.0000000000
60069  40.121  -36.002  59.658 0.0000000000
61199  40.215  -35.626  61.235 0.0000000000
60031  40.789  -36.050  61.661 0.0000000000
57629  40.556  -38.048  62.210 0.0000000000
58827  40.846  -37.092  61.957 0.0000000000
58844  42.083  -36.809  61.064 0.0000000000
57679  42.473  -37.770  60.454 0.0000000000
51124  38.628  -43.696  60.613 0.0000000000
53185  39.118  -41.267  60.374 0.0000000000
39341  22.639  -54.426  63.828 0.0000000000
40429  22.337  -53.749  64.363 0.0000000000
61262  40.211  -34.639  57.155 0.0000000000
60117  39.965  -35.451  56.929 0.0000000000
68668  46.019  -28.210  50.437 0.0000000000
67457  44.142  -29.425  57.338 0.0000000000
67479  43.890  -28.796  57.078 0.0000000000
67478  44.088  -29.101  56.990 0.0000000000
66420  43.921  -29.674  56.907 0.0000000000
51098  37.825  -43.908  62.609 0.0000000000
51099  37.249  -43.721  63.032 0.0000000000
52118  37.760  -42.863  62.804 0.0000000000
53166  37.686  -42.378  62.909 0.0000000000
52117  38.324  -42.386  62.412 0.0000000000
38252  26.530  -55.298  62.191 0.0000000000
35841  27.237  -56.714  61.368 0.0000000000
65425  40.577  -31.051  56.078 0.0000000000
65408  41.004  -31.035  57.084 0.0000000000
66409  41.564  -30.563  57.423 0.0000000000
65393  42.155  -30.744  58.189 0.0000000000
65379  41.962  -31.460  58.350 0.0000000000
61210  42.558  -34.637  60.669 0.0000000000
60044  42.562  -35.692  60.590 0.0000000000
41515  35.929  -51.923  61.591 0.0000000000
42605  36.089  -51.377  61.925 0.0000000000
39377  32.531  -55.051  61.025 0.0000000000
40448  33.651  -53.795  61.755 0.0000000000
38265  33.644  -55.088  61.354 0.0000000000
66518  49.470  -28.373  49.732 0.0000000000
67583  49.655  -28.169  49.565 0.0000000000
66534  49.871  -28.380  49.085 0.0000000000
68640  43.987  -27.838  52.834 0.0000000000
68639  44.794  -27.780  52.793 0.0000000000
68655  44.889  -27.914  52.066 0.0000000000
68619  45.702  -28.386  52.886 0.0000000000
68603  45.469  -28.215  53.817 0.0000000000
46642  35.556  -47.837  62.658 0.0000000000
47707  35.420  -46.478  62.474 0.0000000000
52133  35.921  -43.239  60.340 0.0000000000
52140  35.984  -42.860  59.704 0.0000000000
56499  38.440  -38.987  62.044 0.0000000000
57681  38.622  -38.322  61.213 0.0000000000
57708  38.672  -38.111  60.433 0.0000000000
58831  38.838  -37.815  61.424 0.0000000000
58830  39.329  -37.361  61.473 0.0000000000
57656  39.125  -37.804  62.243 0.0000000000
54253  40.311  -39.886  61.129 0.0000000000
54263  41.430  -39.408  60.329 0.0000000000
39339  24.413  -54.234  63.191 0.0000000000
40426  24.603  -54.020  63.191 0.0000000000
39358  24.802  -54.515  62.820 0.0000000000
38274  25.133  -55.189  62.140 0.0000000000
62356  39.918  -33.453  55.695 0.0000000000
63405  39.776  -32.831  55.274 0.0000000000
63392  39.934  -32.760  56.114 0.0000000000
64433  40.232  -31.969  56.488 0.0000000000
64401  40.891  -32.257  57.923 0.0000000000
63365  40.653  -32.917  57.726 0.0000000000
62306  40.509  -34.157  59.372 0.0000000000
62297  40.565  -34.434  60.081 0.0000000000
62284  40.648  -34.578  60.606 0.0000000000
38291  29.487  -55.273  61.238 0.0000000000
34665  31.217  -56.742  60.530 0.0000000000
35820  31.039  -56.672  60.883 0.0000000000
37086  31.991  -56.354  61.003 0.0000000000
37085  32.272  -56.283  60.708 0.0000000000
35835  32.557  -56.375  60.553 0.0000000000
35834  32.984  -56.276  60.587 0.0000000000
68678  48.437  -27.442  49.464 0.0000000000
68665  48.787  -27.790  49.957 0.0000000000
67585  48.027  -28.368  50.140 0.0000000000
66496  46.607  -29.035  51.514 0.0000000000
68608  42.097  -28.248  55.006 0.0000000000
68575  43.982  -28.398  55.891 0.0000000000
68591  43.926  -27.959  55.379 0.0000000000
68605  44.255  -27.807  54.493 0.0000000000
67513  44.507  -28.576  55.031 0.0000000000
67498  44.305  -28.573  55.362 0.0000000000
65423  43.822  -30.551  56.313 0.0000000000
64445  43.404  -31.572  55.725 0.0000000000
47689  36.573  -45.869  63.368 0.0000000000
48890  35.933  -45.285  62.892 0.0000000000
48888  36.539  -45.225  63.261 0.0000000000
52113  36.072  -42.898  62.849 0.0000000000
51091  36.247  -43.833  62.821 0.0000000000
52121  36.181  -42.666  62.738 0.0000000000
52122  36.021  -42.869  62.128 0.0000000000
53169  35.840  -42.088  62.438 0.0000000000
53175  35.933  -41.632  62.282 0.0000000000
53168  36.215  -41.713  62.748 0.0000000000
54238  37.468  -40.779  62.857 0.0000000000
54237  37.879  -40.525  63.036 0.0000000000
55321  38.568  -39.932  63.110 0.0000000000
56461  38.686  -39.450  63.228 0.0000000000
52116  39.012  -41.434  62.415 0.0000000000
54236  39.666  -40.603  62.731 0.0000000000
53174  39.823  -40.658  62.200 0.0000000000
53180  39.634  -40.668  61.900 0.0000000000
52131  39.210  -41.311  61.739 0.0000000000
41522  25.740  -53.628  61.983 0.0000000000
42608  25.988  -53.493  61.551 0.0000000000
41505  26.033  -53.859  62.116 0.0000000000
39355  27.257  -54.711  62.266 0.0000000000
40451  27.118  -54.119  61.776 0.0000000000
39381  27.562  -54.605  62.050 0.0000000000
40450  27.706  -54.195  61.374 0.0000000000
38271  28.372  -55.459  62.189 0.0000000000
38250  28.133  -55.934  62.481 0.0000000000
66455  40.230  -30.003  54.865 0.0000000000
67517  40.650  -29.514  54.809 0.0000000000
67516  41.106  -29.384  55.371 0.0000000000
67461  42.349  -29.398  57.943 0.0000000000
67482  42.070  -29.286  57.372 0.0000000000
67460  42.795  -29.449  58.184 0.0000000000
67459  43.389  -29.325  58.018 0.0000000000
66406  43.535  -29.875  58.393 0.0000000000
65392  44.035  -30.413  58.342 0.0000000000
66387  43.780  -30.326  58.687 0.0000000000
65362  43.664  -31.529  59.487 0.0000000000
64378  44.070  -31.982  59.455 0.0000000000
63347  44.468  -32.555  59.620 0.0000000000
63324  44.704  -32.968  59.728 0.0000000000
64364  42.171  -32.403  59.761 0.0000000000
61224  43.785  -34.443  59.867 0.0000000000
62304  44.532  -34.116  59.546 0.0000000000
61236  44.288  -34.700  59.442 0.0000000000
42607  34.154  -51.190  62.081 0.0000000000
43664  34.337  -50.194  62.053 0.0000000000
43655  35.529  -50.103  62.851 0.0000000000
43650  35.514  -49.929  63.152 0.0000000000
44657  35.787  -49.541  62.973 0.0000000000
44656  36.021  -49.310  63.078 0.0000000000
43674  36.607  -50.386  61.221 0.0000000000
43673  37.166  -49.840  60.982 0.0000000000
45672  37.697  -48.581  61.642 0.0000000000
44675  37.310  -49.342  61.927 0.0000000000
45663  36.461  -48.328  63.034 0.0000000000
46659  37.420  -47.772  62.501 0.0000000000
46639  37.043  -47.393  63.028 0.0000000000
47734  38.204  -46.640  61.062 0.0000000000
47721  37.942  -46.558  62.002 0.0000000000
48913  38.266  -45.910  61.899 0.0000000000
48926  38.434  -45.745  61.332 0.0000000000
48937  38.668  -45.307  61.082 0.0000000000
48936  38.473  -45.777  60.774 0.0000000000
39420  29.562  -54.410  59.899 0.0000000000
39419  30.730  -54.618  59.939 0.0000000000
41547  33.032  -52.914  60.317 0.0000000000
42652  33.090  -52.252  59.318 0.0000000000
41546  33.734  -51.931  60.796 0.0000000000
41533  33.827  -52.151  61.375 0.0000000000
40446  34.851  -53.438  61.929 0.0000000000
40461  35.313  -53.316  61.467 0.0000000000
38306  34.284  -55.650  60.813 0.0000000000
39436  35.773  -54.211  59.454 0.0000000000
66551  49.243  -29.400  48.586 0.0000000000
66568  49.267  -29.145  47.822 0.0000000000
66569  48.554  -29.235  47.582 0.0000000000
66521  47.063  -28.986  49.745 0.0000000000
67557  42.213  -28.528  53.119 0.0000000000
67574  41.837  -29.094  51.732 0.0000000000
67589  44.638  -28.765  50.758 0.0000000000
67588  45.396  -28.582  50.750 0.0000000000
67569  45.825  -28.424  51.075 0.0000000000
68653  45.992  -28.498  51.208 0.0000000000
67540  46.500  -28.806  52.483 0.0000000000
66497  46.235  -29.377  52.178 0.0000000000
67528  44.925  -29.019  54.506 0.0000000000
66466  44.751  -29.311  54.247 0.0000000000
65461  44.017  -30.380  53.355 0.0000000000
64458  43.779  -30.684  53.085 0.0000000000
65477  44.580  -30.305  52.789 0.0000000000
64473  43.476  -31.314  52.237 0.0000000000
50050  34.951  -45.053  62.241 0.0000000000
48916  34.728  -45.585  61.896 0.0000000000
50062  34.873  -44.847  61.674 0.0000000000
54266  36.478  -41.063  60.783 0.0000000000
55396  37.594  -39.630  58.950 0.0000000000
58909  39.263  -37.338  58.327 0.0000000000
58926  39.635  -36.919  57.670 0.0000000000
58908  39.798  -36.481  58.839 0.0000000000
58907  40.128  -36.184  58.591 0.0000000000
58885  39.612  -36.528  59.704 0.0000000000
60033  39.875  -36.319  61.273 0.0000000000
60047  39.926  -35.850  60.967 0.0000000000
61198  40.567  -35.536  61.398 0.0000000000
56479  39.362  -39.037  62.807 0.0000000000
57630  39.876  -38.239  62.339 0.0000000000
56478  40.079  -38.836  62.413 0.0000000000
56498  41.395  -38.503  61.924 0.0000000000
57654  41.148  -37.863  61.954 0.0000000000
57653  41.755  -37.745  61.567 0.0000000000
58826  41.481  -36.965  61.566 0.0000000000
57680  42.249  -37.684  61.031 0.0000000000
56515  42.273  -38.293  60.905 0.0000000000
54274  42.640  -38.808  59.578 0.0000000000
40427  24.189  -54.078  63.632 0.0000000000
39359  24.255  -54.599  63.092 0.0000000000
62340  39.966  -34.121  55.743 0.0000000000
62339  40.177  -33.747  56.466 0.0000000000
62326  40.441  -33.769  57.454 0.0000000000
61250  40.351  -34.684  58.093 0.0000000000
61237  40.254  -34.814  59.071 0.0000000000
35838  30.002  -56.995  60.973 0.0000000000
35821  30.252  -56.747  61.046 0.0000000000
34667  30.471  -57.117  60.693 0.0000000000
34686  31.250  -57.061  60.005 0.0000000000
68577  42.982  -28.354  56.384 0.0000000000
68592  43.265  -28.089  55.584 0.0000000000
67499  44.107  -28.806  55.914 0.0000000000
65422  43.986  -30.438  56.864 0.0000000000
50048  36.882  -44.486  63.171 0.0000000000
51100  37.148  -44.002  63.132 0.0000000000
51089  37.087  -43.369  63.221 0.0000000000
52112  36.536  -42.649  63.046 0.0000000000
53167  36.803  -41.589  62.908 0.0000000000
53158  38.018  -41.526  62.927 0.0000000000
53157  38.903  -41.049  62.879 0.0000000000
40437  26.145  -54.171  62.354 0.0000000000
39356  26.659  -54.766  62.346 0.0000000000
38251  27.511  -55.439  62.383 0.0000000000
37059  27.938  -56.088  62.477 0.0000000000
37073  27.789  -56.470  62.247 0.0000000000
64452  39.950  -31.604  54.727 0.0000000000
66439  40.483  -30.457  55.455 0.0000000000
66438  40.818  -30.088  55.804 0.0000000000
67502  41.401  -29.480  56.250 0.0000000000
66422  41.449  -30.121  56.876 0.0000000000
66408  41.973  -30.005  57.911 0.0000000000
66389  42.624  -30.073  58.573 0.0000000000
66388  43.265  -30.069  58.692 0.0000000000
65377  43.014  -31.069  59.350 0.0000000000
64362  43.134  -31.964  59.799 0.0000000000
63307  41.814  -33.599  60.510 0.0000000000
63306  42.375  -33.414  60.622 0.0000000000
62281  42.554  -33.983  60.754 0.0000000000
62280  42.840  -34.103  60.691 0.0000000000
60067  43.616  -35.576  59.492 0.0000000000
60058  43.220  -35.483  59.988 0.0000000000
57707  42.792  -37.145  59.732 0.0000000000
41503  34.858  -51.840  62.547 0.0000000000
42586  34.755  -50.930  62.750 0.0000000000
42585  35.298  -51.202  62.558 0.0000000000
43654  35.845  -50.569  62.479 0.0000000000
43672  37.565  -49.622  60.625 0.0000000000
45682  37.763  -48.343  61.127 0.0000000000
46658  37.750  -47.608  62.020 0.0000000000
46673  37.923  -47.585  60.930 0.0000000000
39418  31.484  -54.744  60.159 0.0000000000
39398  32.026  -54.933  60.555 0.0000000000
40486  32.219  -53.577  59.585 0.0000000000
41519  33.661  -53.448  61.706 0.0000000000
39374  34.355  -54.107  61.727 0.0000000000
66533  50.361  -28.212  48.529 0.0000000000
65519  48.745  -29.674  48.678 0.0000000000
65486  46.329  -29.407  50.511 0.0000000000
67556  43.332  -28.132  52.539 0.0000000000
67555  43.781  -27.989  52.385 0.0000000000
67572  44.051  -28.186  51.836 0.0000000000
68654  45.480  -28.248  51.748 0.0000000000
68637  45.881  -28.517  52.077 0.0000000000
65452  43.342  -30.852  54.542 0.0000000000
65451  43.720  -30.244  54.287 0.0000000000
45674  35.008  -48.434  61.769 0.0000000000
51110  35.639  -44.045  61.761 0.0000000000
51111  35.171  -44.486  61.192 0.0000000000
51117  35.640  -43.883  61.055 0.0000000000
52134  35.508  -43.900  59.921 0.0000000000
55366  37.566  -40.151  61.586 0.0000000000
55375  37.566  -40.049  60.737 0.0000000000
56532  38.000  -39.359  60.269 0.0000000000
57727  38.369  -38.603  59.083 0.0000000000
57742  38.383  -38.557  58.684 0.0000000000
57726  38.687  -38.015  59.599 0.0000000000
58866  39.037  -37.440  60.238 0.0000000000
58865  39.427  -36.737  60.206 0.0000000000
58845  39.372  -37.007  60.777 0.0000000000
58829  39.686  -37.178  62.015 0.0000000000
54234  40.418  -39.414  62.401 0.0000000000
55338  40.800  -39.205  62.250 0.0000000000
55354  41.618  -38.922  61.598 0.0000000000
55353  41.921  -38.763  61.317 0.0000000000
55364  42.109  -38.733  60.923 0.0000000000
54251  41.976  -38.943  60.883 0.0000000000
39357  25.576  -54.504  62.487 0.0000000000
38273  25.995  -55.399  62.029 0.0000000000
37087  26.364  -56.172  61.231 0.0000000000
37088  25.285  -55.727  61.025 0.0000000000
38275  24.278  -55.323  62.355 0.0000000000
64446  39.968  -31.875  55.562 0.0000000000
64419  41.046  -31.642  57.730 0.0000000000
64400  41.369  -32.035  58.347 0.0000000000
63348  41.290  -32.887  59.085 0.0000000000
62315  40.879  -33.507  58.996 0.0000000000
63329  41.593  -33.131  59.909 0.0000000000
63308  41.451  -33.769  60.361 0.0000000000
41530  36.420  -51.273  60.191 0.0000000000
39401  28.913  -54.759  60.911 0.0000000000
38290  30.181  -55.603  61.060 0.0000000000
38289  30.944  -55.728  61.001 0.0000000000
37070  30.754  -56.453  61.072 0.0000000000
38268  31.504  -55.904  60.997 0.0000000000
38267  32.531  -55.566  60.939 0.0000000000
37067  33.082  -55.773  60.913 0.0000000000
38266  33.293  -55.396  61.147 0.0000000000
37084  33.254  -56.009  60.798 0.0000000000
37101  33.445  -56.211  60.547 0.0000000000
37116  33.960  -56.254  59.641 0.0000000000
66519  49.031  -28.710  49.975 0.0000000000
66520  47.778  -28.828  49.798 0.0000000000
66507  46.952  -28.724  49.792 0.0000000000
65488  45.551  -30.188  51.717 0.0000000000
68642  42.669  -28.051  53.684 0.0000000000
68623  43.040  -27.862  54.122 0.0000000000
68622  43.776  -27.759  53.869 0.0000000000
68604  44.902  -27.910  54.190 0.0000000000
66452  44.338  -29.264  55.042 0.0000000000
66436  44.019  -29.467  55.985 0.0000000000
66453  43.879  -29.846  55.651 0.0000000000
65441  43.257  -31.110  55.170 0.0000000000
47706  35.841  -46.298  63.024 0.0000000000
48902  35.563  -45.485  62.687 0.0000000000
50049  35.470  -44.838  62.494 0.0000000000
50037  36.196  -44.567  62.945 0.0000000000
51092  35.915  -44.409  62.637 0.0000000000
53182  35.619  -42.185  60.881 0.0000000000
54256  35.895  -41.534  61.273 0.0000000000
54255  36.418  -41.105  61.564 0.0000000000
54239  36.858  -41.272  62.672 0.0000000000
54245  37.244  -40.812  62.582 0.0000000000
55355  37.444  -40.394  62.281 0.0000000000
56482  37.846  -39.874  62.499 0.0000000000
57633  38.533  -38.720  62.362 0.0000000000
57632  38.747  -38.506  62.587 0.0000000000
56480  38.739  -39.166  63.059 0.0000000000
55340  39.704  -39.450  62.741 0.0000000000
54225  39.466  -40.489  62.867 0.0000000000
54224  39.742  -40.199  62.796 0.0000000000
54244  40.224  -39.827  61.995 0.0000000000
40477  27.974  -53.639  60.120 0.0000000000
40452  26.438  -53.953  62.003 0.0000000000
40463  27.603  -53.795  60.947 0.0000000000
39402  28.089  -54.278  60.979 0.0000000000
39379  28.894  -55.153  61.650 0.0000000000
35822  29.322  -56.753  61.403 0.0000000000
67529  41.554  -28.732  55.157 0.0000000000
68594  41.949  -28.463  55.734 0.0000000000
67501  41.863  -28.983  56.592 0.0000000000
68578  42.297  -28.533  56.382 0.0000000000
68556  43.313  -28.698  57.227 0.0000000000
66404  43.987  -30.004  57.651 0.0000000000
64418  44.919  -31.891  57.820 0.0000000000
65391  44.474  -31.082  58.182 0.0000000000
64399  45.040  -32.197  58.378 0.0000000000
64377  44.514  -31.914  58.894 0.0000000000
64381  42.549  -31.759  59.451 0.0000000000
64380  42.851  -31.728  59.640 0.0000000000
62295  42.873  -33.286  60.529 0.0000000000
63326  43.339  -32.695  60.161 0.0000000000
63325  44.063  -32.634  59.919 0.0000000000
62292  44.781  -33.266  59.696 0.0000000000
43675  34.300  -49.777  61.476 0.0000000000
44677  34.686  -49.341  61.963 0.0000000000
44667  34.932  -49.875  62.587 0.0000000000
45657  35.026  -49.127  62.291 0.0000000000
45656  35.429  -48.884  62.565 0.0000000000
46625  35.647  -48.390  62.774 0.0000000000
42627  36.483  -50.782  60.737 0.0000000000
43663  36.645  -50.158  61.905 0.0000000000
44684  37.505  -49.496  61.333 0.0000000000
44676  36.826  -49.653  62.253 0.0000000000
44665  36.347  -49.455  62.750 0.0000000000
45654  36.085  -48.961  63.052 0.0000000000
45664  36.151  -48.194  63.147 0.0000000000
47705  36.288  -46.552  63.400 0.0000000000
47704  36.856  -46.377  63.360 0.0000000000
47722  37.593  -46.768  62.598 0.0000000000
48915  37.697  -46.006  62.957 0.0000000000
48900  37.448  -45.645  63.188 0.0000000000
50046  37.977  -45.065  63.062 0.0000000000
50060  38.245  -44.702  62.518 0.0000000000
51109  38.134  -44.093  62.337 0.0000000000
51108  38.355  -44.146  62.004 0.0000000000
50079  38.744  -44.924  60.854 0.0000000000
48947  38.515  -45.984  60.335 0.0000000000
48948  38.596  -45.891  59.929 0.0000000000
41502  35.189  -51.992  62.542 0.0000000000
41516  35.449  -52.413  62.095 0.0000000000
41532  35.713  -52.589  61.387 0.0000000000
38287  33.925  -55.288  61.208 0.0000000000
39417  34.948  -54.835  60.724 0.0000000000
39395  35.292  -53.790  60.991 0.0000000000
41494  22.712  -53.262  64.076 0.0000000000
66585  49.099  -29.016  47.029 0.0000000000
67554  46.651  -28.791  51.882 0.0000000000
65475  45.884  -29.904  51.931 0.0000000000
66481  45.211  -29.485  53.449 0.0000000000
66482  44.400  -29.764  53.832 0.0000000000
65476  45.107  -30.180  52.249 0.0000000000
64483  43.547  -31.471  51.772 0.0000000000
58945  39.558  -36.338  55.930 0.0000000000
56558  38.455  -38.503  57.829 0.0000000000
57781  39.331  -37.154  55.750 0.0000000000
58936  39.819  -36.274  56.779 0.0000000000
60087  40.241  -35.674  58.647 0.0000000000
61238  40.205  -35.320  59.635 0.0000000000
60059  39.854  -36.167  60.245 0.0000000000
61215  39.979  -35.812  60.541 0.0000000000
61214  40.152  -35.320  60.702 0.0000000000
61213  40.552  -34.953  61.122 0.0000000000
61212  41.141  -35.000  61.263 0.0000000000
60046  41.302  -35.571  61.303 0.0000000000
58816  39.849  -37.650  62.247 0.0000000000
58815  40.307  -37.585  62.166 0.0000000000
60030  41.219  -36.301  61.541 0.0000000000
60045  41.821  -35.831  61.045 0.0000000000
56531  42.614  -37.981  59.851 0.0000000000
55363  42.303  -38.701  60.493 0.0000000000
55372  42.572  -38.730  59.619 0.0000000000
52132  38.780  -42.175  61.258 0.0000000000
51131  38.498  -43.754  59.619 0.0000000000
34677  31.365  -56.811  60.305 0.0000000000
34678  30.839  -57.162  60.346 0.0000000000
35819  31.328  -56.499  60.869 0.0000000000
35836  31.521  -56.572  60.643 0.0000000000
35837  30.689  -56.872  60.864 0.0000000000
35851  33.514  -56.350  60.300 0.0000000000
35852  33.145  -56.400  60.393 0.0000000000
35854  31.613  -56.680  60.377 0.0000000000
37058  28.220  -56.182  62.445 0.0000000000
37100  33.882  -56.135  60.423 0.0000000000
38242  23.029  -54.857  63.427 0.0000000000
38288  33.502  -55.593  61.055 0.0000000000
38305  34.880  -55.402  60.340 0.0000000000
39338  24.842  -54.224  62.958 0.0000000000
39397  34.198  -54.595  61.519 0.0000000000
39422  28.000  -54.013  60.591 0.0000000000
41504  34.701  -51.602  62.442 0.0000000000
41523  25.265  -53.394  62.390 0.0000000000
42584  35.565  -51.188  62.401 0.0000000000
42609  25.550  -53.350  61.737 0.0000000000
43649  35.609  -49.791  62.982 0.0000000000
44658  35.364  -49.585  62.739 0.0000000000
44668  34.835  -49.657  62.370 0.0000000000
44674  37.652  -49.063  61.524 0.0000000000
45662  37.021  -48.555  62.571 0.0000000000
45665  35.398  -48.518  62.472 0.0000000000
45666  35.205  -48.758  62.244 0.0000000000
46624  35.781  -48.127  62.922 0.0000000000
46674  37.802  -47.851  61.470 0.0000000000
47691  35.752  -45.664  62.926 0.0000000000
47720  38.158  -46.373  61.553 0.0000000000
47733  38.370  -46.451  60.696 0.0000000000
48889  36.209  -45.170  63.053 0.0000000000
48899  37.852  -45.612  63.032 0.0000000000
50036  36.458  -44.633  63.111 0.0000000000
50070  38.694  -44.870  61.464 0.0000000000
50088  38.568  -45.403  60.452 0.0000000000
51101  36.307  -43.356  62.800 0.0000000000
52111  37.219  -42.643  63.139 0.0000000000
53156  39.040  -40.926  63.146 0.0000000000
53163  39.525  -40.786  62.712 0.0000000000
53187  36.089  -42.669  59.183 0.0000000000
54226  38.750  -40.571  63.040 0.0000000000
54228  37.486  -41.049  62.963 0.0000000000
54247  35.960  -41.432  61.887 0.0000000000
54261  42.431  -38.913  59.925 0.0000000000
55319  39.732  -39.949  62.796 0.0000000000
55322  38.176  -40.290  63.099 0.0000000000
55341  38.673  -39.627  63.143 0.0000000000
55342  38.217  -39.993  63.013 0.0000000000
55356  37.009  -40.747  61.805 0.0000000000
55365  41.813  -38.939  61.292 0.0000000000
55373  42.450  -38.688  60.022 0.0000000000
55374  42.283  -38.740  60.510 0.0000000000
55386  42.601  -38.688  59.769 0.0000000000
56460  38.876  -39.477  63.135 0.0000000000
56500  37.954  -39.649  62.110 0.0000000000
56514  42.373  -38.437  60.484 0.0000000000
56516  38.511  -38.668  61.654 0.0000000000
56530  42.650  -38.477  59.521 0.0000000000
56545  37.947  -39.214  59.387 0.0000000000
56551  38.400  -38.512  58.290 0.0000000000
57682  38.444  -38.766  60.618 0.0000000000
57725  43.413  -36.668  58.985 0.0000000000
57755  39.493  -37.319  57.318 0.0000000000
57769  39.591  -37.149  56.748 0.0000000000
58817  39.566  -37.766  62.243 0.0000000000
58828  40.287  -36.912  62.066 0.0000000000
58925  40.165  -36.235  58.158 0.0000000000
58927  39.361  -37.363  57.858 0.0000000000
60048  39.755  -36.198  60.753 0.0000000000
60068  40.187  -35.512  59.268 0.0000000000
60088  40.170  -35.953  59.152 0.0000000000
61200  40.060  -35.714  61.096 0.0000000000
61227  40.132  -35.570  60.173 0.0000000000
62296  41.012  -33.949  60.162 0.0000000000
64361  43.718  -31.982  59.700 0.0000000000
64363  42.603  -32.217  59.886 0.0000000000
64379  43.770  -31.664  59.508 0.0000000000
65363  43.497  -31.533  59.520 0.0000000000
65374  44.509  -31.587  58.551 0.0000000000
66407  42.442  -29.656  58.182 0.0000000000
66421  41.846  -29.709  57.274 0.0000000000
66553  48.125  -29.395  48.065 0.0000000000
66570  47.733  -29.360  47.416 0.0000000000
66584  49.917  -28.822  47.293 0.0000000000
67438  43.063  -29.631  58.400 0.0000000000
67458  43.807  -29.132  57.532 0.0000000000
67480  42.790  -28.970  57.944 0.0000000000
67500  42.309  -28.860  57.002 0.0000000000
67587  45.823  -28.468  50.829 0.0000000000
68537  43.834  -28.788  57.278 0.0000000000
68555  43.802  -28.641  56.878 0.0000000000
68557  42.718  -28.644  56.951 0.0000000000
68579  41.897  -28.668  56.164 0.0000000000
68590  44.354  -27.839  54.935 0.0000000000
68607  42.800  -27.994  54.901 0.0000000000
