#!ascii label  , from subject 3764 vox2ras=TkReg
1934
58816  11.552  -22.525  58.393 0.0000000000
85566  48.018  -4.246  28.015 0.0000000000
67225  29.924  -18.421  49.148 0.0000000000
68461  41.508  -16.249  51.426 0.0000000000
65938  22.989  -18.095  47.774 0.0000000000
62862  19.872  -20.089  60.028 0.0000000000
99527  54.935  6.415  21.421 0.0000000000
94139  58.400  2.067  30.189 0.0000000000
76859  39.241  -9.008  41.801 0.0000000000
103442  55.999  10.057  13.231 0.0000000000
68414  29.608  -16.896  54.893 0.0000000000
64347  14.922  -19.600  58.290 0.0000000000
99463  56.575  6.164  26.851 0.0000000000
95508  51.410  3.348  26.003 0.0000000000
82600  47.752  -6.464  33.702 0.0000000000
84034  54.314  -5.192  33.828 0.0000000000
81235  42.665  -6.842  34.693 0.0000000000
68524  37.971  -16.494  45.430 0.0000000000
65863  36.147  -18.741  49.510 0.0000000000
69754  25.566  -16.154  55.330 0.0000000000
67030  23.903  -16.823  59.874 0.0000000000
64401  21.496  -18.888  53.602 0.0000000000
63001  16.798  -21.125  53.236 0.0000000000
71293  26.049  -14.734  48.527 0.0000000000
103407  59.315  9.245  21.101 0.0000000000
102039  61.390  8.160  27.110 0.0000000000
89903  53.842  -1.145  29.516 0.0000000000
78217  43.379  -8.642  41.404 0.0000000000
71314  43.771  -13.048  46.901 0.0000000000
99585  54.778  5.851  17.391 0.0000000000
99580  60.693  6.833  16.871 0.0000000000
100970  62.335  7.129  12.204 0.0000000000
69681  29.561  -15.902  57.742 0.0000000000
62928  13.318  -20.614  58.330 0.0000000000
65682  13.668  -18.981  61.843 0.0000000000
62868  11.787  -20.133  60.976 0.0000000000
96956  50.385  4.071  25.054 0.0000000000
82513  48.201  -5.552  36.975 0.0000000000
82510  51.237  -5.523  36.692 0.0000000000
58795  6.452  -23.603  59.942 0.0000000000
81317  42.259  -6.773  31.169 0.0000000000
67283  30.981  -17.736  46.867 0.0000000000
65934  33.898  -18.570  47.438 0.0000000000
65888  33.207  -18.384  49.613 0.0000000000
68465  24.331  -16.775  51.529 0.0000000000
67159  23.327  -17.552  54.124 0.0000000000
65844  22.359  -18.763  51.070 0.0000000000
69869  24.504  -15.741  47.890 0.0000000000
69813  25.556  -16.011  50.902 0.0000000000
65692  21.890  -18.508  60.615 0.0000000000
102107  57.430  8.356  21.567 0.0000000000
103364  61.252  9.584  24.395 0.0000000000
99500  59.178  7.193  23.740 0.0000000000
95490  58.635  3.633  27.902 0.0000000000
99437  60.424  5.933  29.530 0.0000000000
87111  48.476  -2.663  25.635 0.0000000000
88602  50.588  -1.489  25.709 0.0000000000
87048  50.615  -3.155  28.541 0.0000000000
81134  37.609  -7.153  39.506 0.0000000000
81147  40.039  -7.536  38.216 0.0000000000
81054  40.668  -7.695  42.727 0.0000000000
68504  40.510  -16.652  48.364 0.0000000000
69890  40.689  -15.130  46.219 0.0000000000
71285  42.877  -14.498  49.749 0.0000000000
100831  52.459  7.451  20.367 0.0000000000
100877  52.200  7.238  17.640 0.0000000000
100851  54.068  7.571  20.022 0.0000000000
100865  57.583  7.076  19.260 0.0000000000
99688  59.819  7.072  10.182 0.0000000000
99657  58.738  6.843  12.332 0.0000000000
100914  61.812  7.599  14.268 0.0000000000
99626  58.096  6.583  14.405 0.0000000000
67172  29.766  -17.451  52.161 0.0000000000
65819  32.102  -18.297  52.362 0.0000000000
67135  32.052  -18.317  55.072 0.0000000000
62882  17.314  -20.106  59.682 0.0000000000
64232  18.157  -19.378  63.199 0.0000000000
65641  15.866  -18.735  62.599 0.0000000000
97019  52.561  4.547  21.491 0.0000000000
98283  56.783  5.154  23.877 0.0000000000
95532  53.227  3.886  24.027 0.0000000000
96937  54.425  4.458  26.445 0.0000000000
92873  56.605  1.677  27.111 0.0000000000
82655  48.213  -5.867  30.375 0.0000000000
84083  50.899  -4.835  31.141 0.0000000000
82597  51.125  -5.507  33.316 0.0000000000
75654  40.104  -10.458  40.390 0.0000000000
72691  42.865  -13.705  52.258 0.0000000000
57482  10.096  -23.944  58.049 0.0000000000
61492  9.973  -21.068  61.816 0.0000000000
58757  8.543  -22.750  61.372 0.0000000000
84128  45.485  -5.335  27.940 0.0000000000
82658  45.207  -6.402  30.470 0.0000000000
81259  45.522  -7.094  34.036 0.0000000000
82516  45.470  -5.990  36.650 0.0000000000
67298  34.466  -18.027  44.683 0.0000000000
65931  37.273  -18.177  47.075 0.0000000000
65837  39.405  -18.619  50.513 0.0000000000
64412  35.581  -19.060  52.653 0.0000000000
64396  38.720  -19.817  53.067 0.0000000000
69700  26.682  -15.859  57.662 0.0000000000
69654  25.909  -15.535  60.371 0.0000000000
68362  24.535  -16.881  57.544 0.0000000000
65731  22.980  -17.885  57.221 0.0000000000
62920  20.549  -19.844  57.456 0.0000000000
63034  20.551  -19.776  50.493 0.0000000000
62998  19.619  -20.525  53.963 0.0000000000
62946  18.419  -20.948  56.655 0.0000000000
62966  15.995  -20.604  55.351 0.0000000000
61581  14.370  -21.302  55.535 0.0000000000
58885  12.609  -23.249  55.648 0.0000000000
68526  28.345  -17.061  46.110 0.0000000000
69902  26.510  -15.246  46.290 0.0000000000
68493  27.750  -16.907  49.638 0.0000000000
68464  27.265  -16.429  51.730 0.0000000000
69751  27.187  -15.769  54.567 0.0000000000
100779  60.950  7.202  25.171 0.0000000000
100742  58.610  7.668  27.272 0.0000000000
92904  49.441  1.323  24.758 0.0000000000
91450  53.295  0.028  26.129 0.0000000000
91385  56.285  0.595  29.563 0.0000000000
85488  54.014  -3.371  31.674 0.0000000000
88479  56.687  -1.776  31.657 0.0000000000
81210  40.033  -7.379  35.419 0.0000000000
79720  43.253  -7.733  37.748 0.0000000000
79645  46.763  -8.382  40.693 0.0000000000
72838  41.557  -12.866  42.963 0.0000000000
75597  42.883  -10.376  44.204 0.0000000000
74183  43.896  -12.422  50.478 0.0000000000
75530  44.195  -10.423  47.781 0.0000000000
76824  41.471  -9.084  45.300 0.0000000000
81010  43.202  -7.808  45.231 0.0000000000
79553  46.143  -7.641  45.034 0.0000000000
102166  54.985  7.847  14.903 0.0000000000
99595  57.917  5.746  16.780 0.0000000000
100846  60.118  7.490  19.514 0.0000000000
68326  30.553  -15.943  59.451 0.0000000000
60223  12.353  -21.744  58.444 0.0000000000
62884  12.650  -20.240  59.881 0.0000000000
61519  11.878  -20.960  59.619 0.0000000000
83978  47.950  -5.154  38.489 0.0000000000
83976  49.581  -5.106  38.342 0.0000000000
57487  5.588  -24.279  58.913 0.0000000000
67244  30.096  -18.051  48.117 0.0000000000
65913  31.640  -17.998  48.478 0.0000000000
65889  32.109  -18.260  49.475 0.0000000000
67228  23.812  -17.078  49.452 0.0000000000
65868  23.239  -17.891  50.852 0.0000000000
65892  22.670  -18.269  49.558 0.0000000000
68528  23.902  -16.150  46.140 0.0000000000
67247  23.859  -16.848  48.378 0.0000000000
68495  24.295  -16.395  49.163 0.0000000000
64282  20.704  -19.734  59.706 0.0000000000
64243  20.064  -20.056  62.046 0.0000000000
100813  56.377  7.287  21.788 0.0000000000
100805  58.585  7.431  22.717 0.0000000000
99515  57.663  6.410  22.512 0.0000000000
94173  58.622  2.846  29.082 0.0000000000
95446  59.363  3.738  29.751 0.0000000000
87078  48.351  -3.869  26.971 0.0000000000
87096  49.224  -2.791  26.405 0.0000000000
85564  49.508  -3.681  28.343 0.0000000000
78235  37.785  -8.831  40.369 0.0000000000
81101  38.122  -8.018  40.865 0.0000000000
81098  39.254  -7.611  41.167 0.0000000000
81056  39.520  -7.724  42.392 0.0000000000
68475  41.400  -16.227  50.375 0.0000000000
69840  41.488  -15.676  48.614 0.0000000000
69823  41.818  -15.437  50.023 0.0000000000
100816  53.645  7.267  21.105 0.0000000000
100852  53.050  7.517  19.913 0.0000000000
100829  54.413  7.568  20.732 0.0000000000
102125  55.872  8.278  21.054 0.0000000000
100973  57.657  8.139  11.626 0.0000000000
100957  57.099  7.840  12.414 0.0000000000
99643  58.093  6.860  13.378 0.0000000000
100938  56.373  7.867  13.402 0.0000000000
67155  29.582  -17.349  53.353 0.0000000000
67154  30.673  -17.822  53.086 0.0000000000
67118  30.760  -17.310  55.412 0.0000000000
64322  15.927  -19.552  59.272 0.0000000000
64283  16.728  -19.402  61.235 0.0000000000
64285  15.560  -19.217  60.664 0.0000000000
65644  13.285  -18.180  63.433 0.0000000000
65643  14.257  -18.216  63.118 0.0000000000
95569  50.686  3.792  21.508 0.0000000000
95554  52.881  3.461  22.227 0.0000000000
95544  51.236  3.343  23.001 0.0000000000
96926  50.481  3.990  26.202 0.0000000000
96939  52.087  4.549  25.922 0.0000000000
95492  52.509  3.833  26.411 0.0000000000
94212  55.218  2.655  26.043 0.0000000000
92899  54.050  2.280  25.649 0.0000000000
82624  48.038  -6.275  32.460 0.0000000000
82623  49.383  -5.884  32.189 0.0000000000
82599  48.940  -6.226  33.472 0.0000000000
98310  51.236  5.627  21.086 0.0000000000
58772  9.243  -22.788  60.817 0.0000000000
58793  8.810  -23.677  59.786 0.0000000000
82696  43.252  -6.068  28.279 0.0000000000
82674  44.765  -6.169  29.445 0.0000000000
82675  43.692  -6.562  29.248 0.0000000000
81286  41.989  -7.434  32.655 0.0000000000
81304  43.688  -6.822  32.148 0.0000000000
81261  43.367  -7.001  33.949 0.0000000000
82577  45.277  -6.580  35.419 0.0000000000
82551  44.367  -6.483  35.880 0.0000000000
67315  33.338  -17.705  44.273 0.0000000000
65910  34.637  -19.025  48.367 0.0000000000
65932  36.159  -18.823  47.078 0.0000000000
65884  37.357  -18.978  48.842 0.0000000000
65883  38.391  -18.575  48.954 0.0000000000
64439  38.384  -18.935  50.467 0.0000000000
65800  34.049  -18.716  54.216 0.0000000000
65838  33.727  -18.923  52.218 0.0000000000
64399  35.131  -18.877  53.906 0.0000000000
62975  38.122  -19.808  53.873 0.0000000000
65781  40.603  -18.475  53.128 0.0000000000
69735  26.113  -15.722  55.982 0.0000000000
69701  25.900  -16.113  58.106 0.0000000000
68398  25.020  -16.696  55.846 0.0000000000
65788  21.956  -18.118  54.034 0.0000000000
67120  23.183  -17.688  55.725 0.0000000000
65751  22.136  -18.315  55.908 0.0000000000
64343  21.563  -18.780  57.393 0.0000000000
64390  20.923  -19.195  55.175 0.0000000000
64461  20.868  -19.374  49.144 0.0000000000
63026  16.819  -20.928  50.979 0.0000000000
63024  18.689  -20.552  51.619 0.0000000000
63000  17.786  -20.902  53.494 0.0000000000
62982  18.975  -21.053  54.727 0.0000000000
62983  17.894  -20.794  54.564 0.0000000000
62947  17.383  -20.520  56.613 0.0000000000
62985  15.973  -20.937  54.187 0.0000000000
60267  13.700  -22.272  55.178 0.0000000000
68538  28.416  -16.690  44.815 0.0000000000
68539  27.867  -16.065  45.367 0.0000000000
71323  25.594  -15.394  46.893 0.0000000000
69884  26.317  -15.401  47.325 0.0000000000
68517  27.123  -16.700  47.687 0.0000000000
69866  26.685  -15.862  49.104 0.0000000000
68477  27.762  -16.774  50.627 0.0000000000
69849  26.486  -16.250  50.163 0.0000000000
69774  26.054  -16.096  53.680 0.0000000000
69773  26.598  -15.903  53.559 0.0000000000
69752  26.682  -15.679  54.647 0.0000000000
69713  27.351  -15.618  56.391 0.0000000000
68306  24.784  -15.992  60.091 0.0000000000
61472  9.053  -20.670  63.460 0.0000000000
62838  9.741  -19.855  63.016 0.0000000000
103384  61.594  9.345  22.548 0.0000000000
103355  61.147  9.376  25.193 0.0000000000
102070  62.022  9.161  24.733 0.0000000000
100766  61.357  8.130  26.297 0.0000000000
99468  61.165  6.529  27.208 0.0000000000
99492  55.956  6.132  25.429 0.0000000000
99479  57.682  6.366  25.489 0.0000000000
100744  57.302  6.568  27.025 0.0000000000
99435  61.610  6.763  29.453 0.0000000000
89955  51.987  -1.256  26.882 0.0000000000
89975  52.670  -0.421  26.162 0.0000000000
89953  53.535  -0.815  27.821 0.0000000000
91406  54.645  -0.024  28.317 0.0000000000
89902  54.798  -0.493  29.506 0.0000000000
84065  52.280  -5.268  32.388 0.0000000000
85490  52.410  -4.090  31.077 0.0000000000
84063  54.171  -4.478  32.561 0.0000000000
81212  37.769  -7.305  35.308 0.0000000000
79669  41.461  -8.466  40.104 0.0000000000
81145  41.831  -8.269  38.092 0.0000000000
79667  43.623  -8.483  39.644 0.0000000000
79686  45.194  -8.279  39.543 0.0000000000
78215  44.999  -8.887  41.297 0.0000000000
68549  36.965  -15.729  43.889 0.0000000000
69913  38.179  -15.666  44.204 0.0000000000
71334  42.285  -14.063  46.408 0.0000000000
71387  41.601  -13.804  44.256 0.0000000000
71386  42.442  -13.242  44.408 0.0000000000
74308  42.347  -11.668  43.017 0.0000000000
72792  43.722  -12.121  44.957 0.0000000000
72701  43.204  -12.853  51.361 0.0000000000
76782  43.108  -8.957  47.910 0.0000000000
75550  42.245  -9.606  46.347 0.0000000000
78130  42.083  -8.683  46.888 0.0000000000
79557  41.863  -8.117  45.154 0.0000000000
80956  43.109  -7.527  46.957 0.0000000000
99587  53.090  6.484  17.692 0.0000000000
99612  54.906  6.375  16.285 0.0000000000
98366  56.494  5.661  15.862 0.0000000000
98346  56.166  5.599  17.506 0.0000000000
102140  58.800  8.425  20.207 0.0000000000
100847  59.136  7.751  19.660 0.0000000000
102139  59.776  8.428  19.881 0.0000000000
102119  61.722  8.482  20.302 0.0000000000
99670  60.804  6.221  11.312 0.0000000000
100886  61.314  7.494  15.597 0.0000000000
100884  63.023  7.669  16.225 0.0000000000
100875  62.172  7.539  16.993 0.0000000000
69710  29.163  -16.407  56.169 0.0000000000
68375  30.499  -16.814  56.246 0.0000000000
68344  30.316  -16.378  57.626 0.0000000000
64348  14.208  -19.851  58.347 0.0000000000
64303  14.546  -19.393  59.748 0.0000000000
64305  13.393  -19.892  59.580 0.0000000000
64268  12.732  -19.204  61.448 0.0000000000
65666  11.620  -18.532  62.898 0.0000000000
96957  49.369  3.781  24.803 0.0000000000
96928  49.578  3.223  25.469 0.0000000000
82574  47.557  -6.383  34.894 0.0000000000
82545  49.467  -6.170  35.679 0.0000000000
82512  49.172  -5.760  36.711 0.0000000000
83975  50.518  -5.288  38.202 0.0000000000
57485  7.359  -24.564  58.662 0.0000000000
57486  6.329  -24.315  58.994 0.0000000000
58796  5.601  -23.620  59.632 0.0000000000
82661  41.901  -6.598  29.871 0.0000000000
81287  40.911  -7.533  32.414 0.0000000000
65974  32.609  -18.088  45.713 0.0000000000
65958  32.355  -18.343  46.750 0.0000000000
65911  33.616  -18.393  48.539 0.0000000000
65887  34.484  -18.880  49.631 0.0000000000
68450  24.825  -16.459  53.253 0.0000000000
68434  24.189  -16.596  54.317 0.0000000000
67176  23.928  -17.055  52.622 0.0000000000
65822  23.194  -17.974  52.454 0.0000000000
64414  21.493  -18.901  52.578 0.0000000000
63002  15.900  -20.930  52.901 0.0000000000
61624  15.279  -22.170  51.455 0.0000000000
71344  24.594  -15.362  46.445 0.0000000000
71309  24.924  -15.146  48.386 0.0000000000
71279  25.846  -15.605  50.298 0.0000000000
69833  24.957  -15.699  49.850 0.0000000000
69814  24.944  -16.362  51.151 0.0000000000
65691  22.568  -17.840  60.000 0.0000000000
102106  58.652  8.829  21.633 0.0000000000
103385  60.660  9.306  22.626 0.0000000000
102095  59.317  8.600  22.511 0.0000000000
102086  60.119  9.009  24.275 0.0000000000
103357  59.912  8.987  25.545 0.0000000000
96920  57.324  4.575  26.867 0.0000000000
98235  59.212  5.838  27.643 0.0000000000
96911  59.597  4.655  28.694 0.0000000000
96862  60.624  4.580  30.482 0.0000000000
90009  48.634  -0.500  24.219 0.0000000000
88604  49.098  -2.027  25.259 0.0000000000
88578  50.604  -2.199  27.144 0.0000000000
88525  52.018  -2.267  29.168 0.0000000000
82593  55.652  -5.001  33.988 0.0000000000
82523  36.342  -7.023  36.951 0.0000000000
82520  38.140  -7.186  37.213 0.0000000000
81149  38.503  -7.026  38.574 0.0000000000
81096  40.486  -7.991  40.836 0.0000000000
79626  42.097  -8.293  42.139 0.0000000000
67278  39.231  -16.992  46.569 0.0000000000
69891  39.886  -15.673  45.936 0.0000000000
69875  40.443  -15.800  46.545 0.0000000000
71317  41.736  -14.821  47.812 0.0000000000
71300  43.186  -14.152  48.240 0.0000000000
100855  50.452  7.923  19.385 0.0000000000
102152  50.795  8.356  18.039 0.0000000000
100868  51.845  7.361  18.814 0.0000000000
99575  52.918  6.575  18.674 0.0000000000
99574  53.795  6.408  18.553 0.0000000000
99572  56.081  5.967  18.586 0.0000000000
100867  55.505  6.716  19.228 0.0000000000
102142  56.754  8.346  20.545 0.0000000000
102203  58.051  9.016  11.307 0.0000000000
99672  58.779  7.270  11.430 0.0000000000
99655  60.926  6.555  12.361 0.0000000000
100932  62.611  7.680  13.488 0.0000000000
100934  60.632  6.810  13.764 0.0000000000
99624  59.608  6.928  14.391 0.0000000000
99608  58.929  6.561  15.229 0.0000000000
67191  29.688  -17.830  51.101 0.0000000000
65841  31.140  -17.984  51.070 0.0000000000
65820  31.369  -17.902  52.067 0.0000000000
65802  32.014  -18.488  53.445 0.0000000000
65785  33.082  -18.409  54.921 0.0000000000
62881  18.311  -20.320  59.444 0.0000000000
62834  19.066  -19.878  61.724 0.0000000000
62848  17.652  -19.766  61.433 0.0000000000
64233  17.315  -19.056  63.111 0.0000000000
65662  15.343  -18.772  62.014 0.0000000000
65618  15.883  -18.273  64.062 0.0000000000
98307  54.296  5.405  21.392 0.0000000000
98293  56.305  4.954  21.984 0.0000000000
97002  54.947  4.019  22.175 0.0000000000
95540  54.855  3.892  23.483 0.0000000000
98271  54.480  4.825  25.134 0.0000000000
96973  51.847  4.231  24.463 0.0000000000
98258  53.787  4.745  25.551 0.0000000000
98239  55.291  5.174  26.703 0.0000000000
96934  56.899  3.943  26.499 0.0000000000
94199  57.220  2.430  27.184 0.0000000000
92827  57.292  1.677  28.980 0.0000000000
84109  47.714  -5.026  29.031 0.0000000000
84107  49.330  -4.376  29.479 0.0000000000
84085  49.281  -5.440  30.731 0.0000000000
84066  51.173  -5.305  32.191 0.0000000000
82596  52.234  -5.399  33.390 0.0000000000
82544  50.469  -5.657  35.532 0.0000000000
82542  52.583  -5.720  35.375 0.0000000000
82541  53.629  -5.655  35.317 0.0000000000
76877  39.673  -9.555  40.734 0.0000000000
71229  42.053  -14.944  52.244 0.0000000000
102126  49.825  8.066  19.725 0.0000000000
99543  51.238  7.140  20.504 0.0000000000
99530  52.014  6.680  20.719 0.0000000000
107184  57.156  12.187  14.095 0.0000000000
105876  56.244  11.825  14.681 0.0000000000
58817  10.906  -22.933  58.481 0.0000000000
60210  10.930  -21.881  59.786 0.0000000000
58792  10.174  -22.844  59.831 0.0000000000
60194  9.320  -22.333  61.425 0.0000000000
60163  8.119  -22.249  62.624 0.0000000000
60195  7.315  -23.025  61.033 0.0000000000
85589  46.797  -4.428  26.737 0.0000000000
84142  45.305  -5.061  26.808 0.0000000000
84127  46.447  -5.110  28.084 0.0000000000
82672  46.848  -5.996  29.686 0.0000000000
82657  46.400  -6.335  30.507 0.0000000000
82625  46.721  -6.650  32.815 0.0000000000
82645  43.375  -6.714  31.195 0.0000000000
81303  44.727  -7.017  32.343 0.0000000000
81257  46.468  -6.809  33.790 0.0000000000
82575  46.690  -6.465  35.184 0.0000000000
82515  46.285  -5.706  36.727 0.0000000000
82461  47.352  -5.620  38.823 0.0000000000
67296  36.348  -17.325  45.038 0.0000000000
65972  34.741  -18.384  45.391 0.0000000000
67281  36.055  -17.797  45.656 0.0000000000
67262  37.438  -17.905  46.429 0.0000000000
65929  38.930  -17.664  47.706 0.0000000000
67223  40.306  -17.732  49.729 0.0000000000
68476  41.107  -17.174  50.691 0.0000000000
65865  32.597  -18.432  50.580 0.0000000000
65864  33.835  -18.552  50.899 0.0000000000
64426  35.779  -19.410  51.441 0.0000000000
64398  36.393  -19.353  53.568 0.0000000000
64411  36.663  -19.568  52.374 0.0000000000
64424  38.106  -19.252  51.190 0.0000000000
64408  39.898  -18.816  51.757 0.0000000000
65816  40.393  -18.198  51.577 0.0000000000
68446  41.319  -16.894  52.434 0.0000000000
69667  27.805  -15.025  59.137 0.0000000000
69685  26.494  -15.713  58.729 0.0000000000
68345  25.279  -15.966  58.832 0.0000000000
68329  24.306  -16.394  59.154 0.0000000000
68399  24.447  -17.190  55.914 0.0000000000
67078  23.522  -17.400  57.019 0.0000000000
67045  23.221  -17.211  58.584 0.0000000000
65719  22.210  -18.250  58.045 0.0000000000
64320  21.393  -19.047  58.383 0.0000000000
62899  20.275  -19.858  58.283 0.0000000000
64452  21.691  -19.199  49.524 0.0000000000
64453  21.038  -19.507  50.101 0.0000000000
64429  20.722  -19.240  52.086 0.0000000000
63036  18.628  -20.449  50.466 0.0000000000
63023  19.474  -20.118  52.065 0.0000000000
62997  20.359  -20.115  54.117 0.0000000000
62962  20.088  -20.285  55.793 0.0000000000
62944  19.827  -20.622  56.917 0.0000000000
62901  18.784  -20.425  58.295 0.0000000000
62902  17.691  -19.961  58.609 0.0000000000
62924  16.706  -19.883  57.810 0.0000000000
62925  15.548  -19.899  57.442 0.0000000000
62986  15.504  -21.259  53.979 0.0000000000
62967  15.106  -20.948  55.305 0.0000000000
62950  14.379  -20.601  56.412 0.0000000000
61566  13.864  -21.387  56.634 0.0000000000
61567  13.427  -21.804  57.207 0.0000000000
58861  12.425  -22.880  56.982 0.0000000000
58843  11.239  -23.247  57.438 0.0000000000
57497  10.514  -23.789  57.117 0.0000000000
67302  30.144  -17.403  45.466 0.0000000000
67285  29.421  -17.384  46.344 0.0000000000
67245  29.317  -17.913  48.237 0.0000000000
68527  27.652  -16.252  46.616 0.0000000000
68516  27.839  -17.324  47.373 0.0000000000
67226  29.018  -18.033  49.279 0.0000000000
67209  28.330  -17.240  50.486 0.0000000000
67174  28.305  -16.731  51.973 0.0000000000
68430  28.492  -16.701  53.474 0.0000000000
69811  26.283  -15.709  51.575 0.0000000000
68432  27.323  -15.986  53.037 0.0000000000
68396  28.457  -16.441  55.266 0.0000000000
69712  27.871  -15.742  56.289 0.0000000000
69683  28.024  -15.356  58.076 0.0000000000
61491  10.694  -20.581  61.485 0.0000000000
64250  10.846  -19.082  62.608 0.0000000000
103363  61.962  9.425  24.148 0.0000000000
98281  58.347  5.985  24.247 0.0000000000
100769  58.787  7.635  25.467 0.0000000000
102026  60.031  8.216  27.360 0.0000000000
100727  59.812  7.331  28.091 0.0000000000
100725  61.427  7.452  28.703 0.0000000000
100741  61.498  7.435  28.054 0.0000000000
94218  48.619  2.445  25.394 0.0000000000
94236  50.706  2.154  25.057 0.0000000000
89993  50.311  -0.030  24.590 0.0000000000
91460  51.808  0.542  25.081 0.0000000000
92901  52.355  1.625  25.278 0.0000000000
91448  54.572  1.079  26.476 0.0000000000
92847  56.042  0.984  28.632 0.0000000000
92815  57.481  1.254  30.106 0.0000000000
85536  50.917  -3.616  29.485 0.0000000000
86993  52.579  -3.206  30.127 0.0000000000
88500  53.970  -2.110  30.271 0.0000000000
85465  55.614  -3.649  32.369 0.0000000000
86971  55.413  -2.571  31.503 0.0000000000
88498  55.168  -1.473  30.689 0.0000000000
89865  56.741  -0.922  31.303 0.0000000000
91368  57.657  0.210  30.891 0.0000000000
81265  38.826  -7.538  33.057 0.0000000000
81237  40.538  -7.124  34.436 0.0000000000
81183  39.643  -7.367  36.431 0.0000000000
81182  40.714  -7.341  36.374 0.0000000000
81180  42.988  -6.955  36.466 0.0000000000
82487  44.644  -6.850  37.215 0.0000000000
81113  46.218  -6.887  39.388 0.0000000000
82424  47.747  -6.533  40.869 0.0000000000
71360  40.075  -14.966  44.604 0.0000000000
74326  41.165  -12.337  41.837 0.0000000000
75631  41.667  -10.989  42.040 0.0000000000
75617  41.279  -9.609  43.002 0.0000000000
71258  42.496  -14.207  51.362 0.0000000000
72726  43.195  -13.668  50.221 0.0000000000
72740  43.833  -13.337  48.560 0.0000000000
75498  44.554  -11.147  49.206 0.0000000000
72753  44.233  -12.245  47.044 0.0000000000
75573  43.614  -10.561  45.966 0.0000000000
75575  42.103  -9.795  45.134 0.0000000000
76839  40.770  -8.971  43.780 0.0000000000
79580  40.809  -7.981  43.682 0.0000000000
81034  41.784  -8.269  43.931 0.0000000000
79601  43.367  -8.260  43.212 0.0000000000
80982  44.837  -7.243  46.147 0.0000000000
79554  45.000  -7.501  45.284 0.0000000000
78189  44.881  -8.864  43.214 0.0000000000
79599  46.831  -8.750  42.494 0.0000000000
104636  55.448  10.653  14.541 0.0000000000
102172  55.206  8.756  14.371 0.0000000000
100900  56.449  6.865  14.964 0.0000000000
99609  57.773  6.142  15.604 0.0000000000
99581  59.757  6.361  17.201 0.0000000000
99570  58.211  6.350  18.620 0.0000000000
99569  59.474  6.562  18.538 0.0000000000
99568  60.561  6.655  17.927 0.0000000000
100845  61.213  7.565  19.222 0.0000000000
69651  28.298  -15.451  59.907 0.0000000000
69650  29.304  -15.577  59.795 0.0000000000
60238  12.116  -22.246  58.168 0.0000000000
61533  12.125  -21.384  59.066 0.0000000000
60209  11.508  -21.532  59.572 0.0000000000
83938  48.599  -4.984  39.720 0.0000000000
83956  48.707  -4.796  39.248 0.0000000000
65891  30.417  -18.317  48.661 0.0000000000
65914  30.819  -18.147  48.209 0.0000000000
65890  30.954  -18.415  49.273 0.0000000000
67248  23.367  -17.533  48.596 0.0000000000
67229  23.182  -17.769  49.666 0.0000000000
65915  22.668  -18.022  48.790 0.0000000000
67267  23.458  -17.323  47.523 0.0000000000
64262  20.416  -19.671  60.722 0.0000000000
99526  55.907  6.419  21.594 0.0000000000
100807  57.076  7.247  22.118 0.0000000000
99516  56.745  6.420  21.952 0.0000000000
94151  58.088  2.160  29.498 0.0000000000
94150  58.883  2.764  29.788 0.0000000000
94138  59.130  2.329  30.427 0.0000000000
85587  48.478  -3.981  27.552 0.0000000000
85586  49.065  -3.626  27.767 0.0000000000
85565  48.685  -4.128  28.318 0.0000000000
78218  38.636  -8.877  41.424 0.0000000000
78220  37.709  -8.551  40.389 0.0000000000
78206  38.452  -8.624  41.336 0.0000000000
81081  38.817  -7.978  41.502 0.0000000000
78192  39.519  -8.421  42.385 0.0000000000
69803  41.860  -15.578  51.149 0.0000000000
99528  53.954  6.441  21.105 0.0000000000
100815  54.601  7.226  21.193 0.0000000000
100814  55.559  7.418  21.454 0.0000000000
102192  56.393  8.986  12.404 0.0000000000
102180  56.083  9.036  13.242 0.0000000000
100958  56.473  8.383  12.736 0.0000000000
67138  29.240  -17.171  54.198 0.0000000000
67137  30.106  -17.391  54.575 0.0000000000
68413  29.927  -17.090  55.088 0.0000000000
64323  15.148  -18.954  59.011 0.0000000000
64301  16.025  -19.360  60.144 0.0000000000
64302  15.308  -19.417  59.911 0.0000000000
95570  49.933  3.984  21.318 0.0000000000
95568  51.403  3.704  21.711 0.0000000000
95556  50.884  3.256  22.156 0.0000000000
95494  50.957  3.715  26.464 0.0000000000
95493  51.749  3.804  26.493 0.0000000000
95507  52.439  3.415  26.148 0.0000000000
94213  53.310  3.221  26.029 0.0000000000
94234  52.662  2.739  25.730 0.0000000000
58819  9.188  -24.171  59.036 0.0000000000
82712  42.959  -6.210  27.194 0.0000000000
82676  42.556  -6.611  29.125 0.0000000000
81262  42.335  -7.286  33.714 0.0000000000
81285  43.040  -7.252  32.894 0.0000000000
81234  43.650  -6.722  34.932 0.0000000000
65886  35.530  -18.869  49.250 0.0000000000
65885  36.365  -18.838  48.946 0.0000000000
65862  36.783  -19.017  49.554 0.0000000000
65861  37.863  -18.950  49.658 0.0000000000
64440  37.337  -19.265  50.332 0.0000000000
64400  34.372  -18.934  53.586 0.0000000000
64388  35.212  -18.743  54.727 0.0000000000
69736  25.687  -16.212  56.374 0.0000000000
65769  22.198  -18.450  54.970 0.0000000000
64389  21.551  -18.846  54.583 0.0000000000
64377  21.563  -18.789  55.516 0.0000000000
63014  16.829  -21.045  52.058 0.0000000000
63013  17.773  -21.061  52.375 0.0000000000
62984  16.851  -20.867  54.390 0.0000000000
71308  25.488  -14.672  47.951 0.0000000000
71307  26.041  -14.867  47.639 0.0000000000
69867  26.519  -15.060  48.355 0.0000000000
69850  26.188  -15.477  49.521 0.0000000000
69775  25.338  -16.221  54.079 0.0000000000
69753  26.073  -15.809  54.925 0.0000000000
69734  26.686  -15.534  55.659 0.0000000000
68287  24.370  -16.418  60.487 0.0000000000
61473  8.237  -20.961  63.609 0.0000000000
103406  60.149  9.087  21.118 0.0000000000
103393  61.858  9.172  21.721 0.0000000000
103394  60.853  9.354  21.775 0.0000000000
102056  60.876  8.950  25.694 0.0000000000
102055  61.526  8.830  25.507 0.0000000000
100756  60.967  7.005  26.805 0.0000000000
100755  61.307  7.438  27.158 0.0000000000
99481  55.845  6.237  25.811 0.0000000000
99471  56.499  6.389  26.280 0.0000000000
99462  57.462  6.324  27.277 0.0000000000
88576  52.925  -1.403  27.992 0.0000000000
89954  52.653  -0.826  27.051 0.0000000000
88575  53.455  -1.078  28.345 0.0000000000
89928  53.949  -0.616  28.722 0.0000000000
84052  53.311  -5.045  33.138 0.0000000000
84064  53.217  -4.909  32.632 0.0000000000
84051  53.836  -5.036  33.311 0.0000000000
81213  36.843  -7.056  35.192 0.0000000000
79647  42.758  -8.287  41.313 0.0000000000
79668  42.799  -8.452  40.200 0.0000000000
78233  43.742  -8.687  40.410 0.0000000000
78232  44.640  -8.781  40.438 0.0000000000
78216  44.147  -8.929  41.337 0.0000000000
68536  36.887  -16.669  44.723 0.0000000000
68548  37.671  -15.695  44.042 0.0000000000
69893  38.284  -15.839  44.873 0.0000000000
71358  42.340  -13.768  45.221 0.0000000000
71333  43.368  -13.368  46.027 0.0000000000
72793  43.240  -12.592  44.647 0.0000000000
72772  43.863  -12.351  45.931 0.0000000000
78095  43.638  -8.816  49.244 0.0000000000
76783  42.483  -9.054  47.396 0.0000000000
78129  42.449  -8.367  47.308 0.0000000000
79518  42.261  -8.024  46.934 0.0000000000
80931  42.858  -7.782  47.381 0.0000000000
99586  53.998  6.016  17.614 0.0000000000
100889  53.398  7.081  16.710 0.0000000000
99597  54.248  6.302  16.660 0.0000000000
100888  54.053  6.766  16.369 0.0000000000
99596  55.117  5.981  16.682 0.0000000000
98354  55.771  5.685  16.675 0.0000000000
98347  55.421  5.736  17.331 0.0000000000
102121  59.468  8.972  20.539 0.0000000000
102120  60.501  8.741  20.437 0.0000000000
99669  62.068  6.592  11.621 0.0000000000
100969  62.879  7.224  12.018 0.0000000000
100968  63.789  7.325  11.811 0.0000000000
99592  60.871  7.260  16.101 0.0000000000
100885  62.022  7.488  15.944 0.0000000000
99579  61.413  7.282  16.578 0.0000000000
69696  29.310  -16.174  56.681 0.0000000000
68359  30.111  -16.290  56.891 0.0000000000
62904  13.595  -20.072  58.552 0.0000000000
64325  13.781  -19.668  58.991 0.0000000000
62905  13.169  -20.426  59.090 0.0000000000
62867  12.375  -19.958  60.558 0.0000000000
64269  11.974  -19.228  61.687 0.0000000000
65684  12.024  -18.597  62.226 0.0000000000
64249  11.552  -18.702  62.257 0.0000000000
96958  48.253  3.779  24.707 0.0000000000
96942  49.103  3.415  25.189 0.0000000000
82547  47.377  -5.958  35.930 0.0000000000
82546  48.373  -6.333  35.902 0.0000000000
56257  6.689  -24.786  58.121 0.0000000000
57471  5.196  -24.030  59.286 0.0000000000
67301  31.228  -17.788  45.828 0.0000000000
65975  31.927  -18.098  46.135 0.0000000000
65959  31.603  -18.021  46.810 0.0000000000
65912  32.616  -18.041  48.571 0.0000000000
68451  24.602  -16.518  52.459 0.0000000000
67175  24.471  -16.716  52.958 0.0000000000
65843  22.916  -18.220  51.373 0.0000000000
65823  22.327  -18.589  52.020 0.0000000000
68518  24.036  -16.078  47.224 0.0000000000
69885  24.309  -15.713  46.862 0.0000000000
71325  24.686  -15.561  47.519 0.0000000000
71310  24.652  -15.382  48.094 0.0000000000
69852  24.835  -15.558  49.137 0.0000000000
69853  24.555  -15.824  48.801 0.0000000000
68479  24.391  -16.678  50.294 0.0000000000
69794  24.744  -16.304  51.909 0.0000000000
102105  59.426  8.893  22.075 0.0000000000
102096  58.288  8.144  22.207 0.0000000000
100793  59.097  7.601  23.382 0.0000000000
102087  59.740  8.448  23.534 0.0000000000
100792  59.535  7.724  24.068 0.0000000000
103366  60.126  9.194  25.150 0.0000000000
100768  59.331  8.111  25.269 0.0000000000
96919  58.757  4.689  27.602 0.0000000000
96912  58.986  4.195  28.253 0.0000000000
96863  59.970  4.559  30.126 0.0000000000
88605  48.208  -2.224  24.746 0.0000000000
87076  49.862  -2.979  27.517 0.0000000000
88579  50.088  -2.478  26.959 0.0000000000
87075  50.956  -2.515  27.876 0.0000000000
87074  51.434  -2.225  28.133 0.0000000000
88526  51.583  -2.446  28.917 0.0000000000
82492  36.435  -7.076  37.408 0.0000000000
82466  37.077  -6.903  38.197 0.0000000000
82490  37.591  -6.986  37.736 0.0000000000
81150  37.610  -6.959  38.508 0.0000000000
81078  40.026  -7.285  41.955 0.0000000000
81097  40.000  -7.783  41.020 0.0000000000
81077  40.861  -7.599  41.886 0.0000000000
79649  41.159  -8.161  41.100 0.0000000000
81076  41.540  -7.956  42.337 0.0000000000
67259  39.989  -17.036  47.746 0.0000000000
68514  40.423  -16.521  47.085 0.0000000000
71286  42.290  -15.057  49.329 0.0000000000
69858  41.444  -15.440  48.070 0.0000000000
71301  42.585  -14.621  48.621 0.0000000000
71316  42.356  -14.312  47.559 0.0000000000
100832  51.627  7.534  20.091 0.0000000000
100854  51.227  7.685  19.321 0.0000000000
100853  52.173  7.519  19.617 0.0000000000
99559  52.681  7.114  19.300 0.0000000000
99558  53.493  7.015  19.355 0.0000000000
99557  54.544  6.946  19.350 0.0000000000
100850  55.606  7.680  20.263 0.0000000000
102124  56.631  8.470  21.086 0.0000000000
102143  56.177  8.334  20.750 0.0000000000
102123  57.623  8.552  21.026 0.0000000000
100956  58.048  7.503  11.913 0.0000000000
99656  59.874  6.427  12.310 0.0000000000
99640  61.106  6.654  13.107 0.0000000000
99641  60.228  6.624  13.154 0.0000000000
100918  57.601  7.040  13.951 0.0000000000
100936  59.393  6.967  13.970 0.0000000000
99625  59.187  6.868  14.348 0.0000000000
99607  59.671  6.952  14.873 0.0000000000
67171  30.524  -17.825  51.710 0.0000000000
67136  31.392  -17.855  54.373 0.0000000000
67153  31.347  -18.185  53.455 0.0000000000
65786  32.310  -18.360  54.345 0.0000000000
62864  17.926  -20.241  60.487 0.0000000000
64265  16.383  -19.005  61.522 0.0000000000
64264  16.978  -19.363  61.758 0.0000000000
64234  16.534  -18.878  62.912 0.0000000000
64217  17.465  -18.869  63.789 0.0000000000
64218  16.637  -18.671  63.622 0.0000000000
65693  14.216  -19.221  60.906 0.0000000000
65681  14.542  -19.104  61.464 0.0000000000
65663  14.403  -18.660  62.319 0.0000000000
97018  53.594  4.522  21.478 0.0000000000
97017  54.547  4.367  21.711 0.0000000000
95542  53.091  3.501  23.297 0.0000000000
95553  53.846  3.505  22.638 0.0000000000
96989  54.028  4.330  24.088 0.0000000000
96969  55.023  4.696  24.509 0.0000000000
96970  54.173  4.551  24.462 0.0000000000
96975  49.807  3.616  24.074 0.0000000000
95535  50.729  3.557  23.682 0.0000000000
96974  50.945  3.903  24.441 0.0000000000
96938  53.055  4.216  26.126 0.0000000000
98259  52.945  4.771  25.384 0.0000000000
98247  54.003  4.684  26.046 0.0000000000
96923  54.956  4.925  26.687 0.0000000000
96921  56.084  4.840  26.993 0.0000000000
96936  55.354  4.296  26.596 0.0000000000
92885  55.800  1.910  26.261 0.0000000000
94210  56.839  2.660  26.675 0.0000000000
92872  57.268  2.178  27.472 0.0000000000
92845  57.293  1.959  28.007 0.0000000000
84096  48.169  -5.489  29.743 0.0000000000
84095  49.008  -5.110  29.878 0.0000000000
84086  48.638  -5.623  30.365 0.0000000000
82598  50.088  -5.890  33.408 0.0000000000
82622  50.486  -5.580  32.599 0.0000000000
84053  51.595  -5.454  32.786 0.0000000000
82511  50.163  -5.667  36.567 0.0000000000
82509  52.316  -5.626  36.452 0.0000000000
82508  53.372  -5.666  36.342 0.0000000000
82506  55.368  -5.435  36.224 0.0000000000
76891  39.542  -9.730  39.859 0.0000000000
76878  38.886  -9.226  40.188 0.0000000000
100834  49.593  7.515  20.370 0.0000000000
100833  50.618  7.548  20.055 0.0000000000
99544  50.279  6.856  20.685 0.0000000000
98309  52.249  5.612  21.249 0.0000000000
98308  53.260  5.527  21.254 0.0000000000
107174  56.766  12.303  14.489 0.0000000000
58791  10.835  -22.545  59.361 0.0000000000
58756  8.982  -22.552  61.410 0.0000000000
60176  8.817  -22.272  61.952 0.0000000000
57469  6.935  -24.219  59.629 0.0000000000
58794  7.485  -23.606  60.052 0.0000000000
58774  6.993  -23.095  60.463 0.0000000000
85606  46.579  -3.932  25.807 0.0000000000
85590  46.042  -4.513  26.508 0.0000000000
84129  44.722  -5.479  27.458 0.0000000000
84143  44.377  -5.289  26.748 0.0000000000
84141  46.201  -4.977  27.214 0.0000000000
84110  46.840  -5.499  28.885 0.0000000000
84111  46.000  -5.545  28.583 0.0000000000
82673  45.931  -6.146  29.382 0.0000000000
82642  47.105  -6.230  31.522 0.0000000000
82643  45.761  -6.674  31.735 0.0000000000
81318  41.588  -6.802  30.715 0.0000000000
82660  42.747  -6.557  30.372 0.0000000000
82646  42.741  -6.668  31.158 0.0000000000
81284  44.044  -6.979  33.163 0.0000000000
81283  45.019  -7.116  33.284 0.0000000000
81282  45.941  -7.090  33.228 0.0000000000
82602  46.081  -6.811  34.571 0.0000000000
82549  45.675  -5.931  35.940 0.0000000000
82484  47.036  -5.583  37.754 0.0000000000
82462  46.507  -5.978  38.451 0.0000000000
67313  35.162  -17.469  44.150 0.0000000000
67312  35.785  -17.248  44.542 0.0000000000
65957  33.247  -18.434  46.517 0.0000000000
65973  33.619  -18.245  45.325 0.0000000000
65956  34.295  -18.547  46.308 0.0000000000
65955  35.441  -18.355  46.117 0.0000000000
65954  36.502  -17.994  46.403 0.0000000000
65953  37.092  -17.910  46.410 0.0000000000
67261  38.105  -17.859  46.586 0.0000000000
65930  38.404  -17.939  47.452 0.0000000000
65860  38.923  -18.717  49.880 0.0000000000
65882  39.434  -18.210  49.092 0.0000000000
65859  39.865  -18.378  50.086 0.0000000000
67205  40.418  -17.837  50.569 0.0000000000
65840  31.961  -18.212  51.366 0.0000000000
65839  32.863  -18.456  51.707 0.0000000000
64413  34.554  -19.014  52.906 0.0000000000
64427  34.727  -19.047  51.784 0.0000000000
64442  34.981  -18.998  50.655 0.0000000000
62974  38.426  -19.827  53.647 0.0000000000
64397  37.557  -19.858  53.248 0.0000000000
64410  37.832  -19.648  52.152 0.0000000000
64409  39.035  -19.531  51.861 0.0000000000
65798  40.531  -18.307  52.294 0.0000000000
67170  40.856  -17.527  51.997 0.0000000000
69684  27.255  -15.506  58.401 0.0000000000
69668  26.967  -15.340  59.397 0.0000000000
69702  25.497  -16.325  57.884 0.0000000000
68360  25.327  -16.271  58.281 0.0000000000
68361  25.068  -16.504  57.859 0.0000000000
68346  24.833  -16.244  58.642 0.0000000000
68347  24.413  -16.656  58.407 0.0000000000
67140  23.742  -17.084  54.663 0.0000000000
68418  24.260  -16.751  55.191 0.0000000000
67119  23.795  -17.362  55.605 0.0000000000
65750  22.750  -17.930  56.251 0.0000000000
67099  23.384  -17.607  56.392 0.0000000000
67061  23.483  -17.508  57.758 0.0000000000
65718  22.909  -17.701  58.130 0.0000000000
65706  22.653  -17.726  58.935 0.0000000000
64366  21.153  -19.367  56.916 0.0000000000
64321  20.726  -19.424  58.129 0.0000000000
64300  20.849  -19.687  58.813 0.0000000000
63046  20.391  -19.906  49.854 0.0000000000
64444  20.766  -19.410  51.084 0.0000000000
64445  20.181  -19.690  51.712 0.0000000000
63048  18.610  -20.590  49.370 0.0000000000
63012  18.738  -20.795  52.676 0.0000000000
63011  19.699  -20.562  52.963 0.0000000000
64416  20.351  -20.286  52.914 0.0000000000
63010  20.238  -20.346  53.402 0.0000000000
62981  19.708  -20.365  54.908 0.0000000000
62964  18.135  -20.888  55.647 0.0000000000
62963  19.293  -21.103  55.883 0.0000000000
62945  19.138  -21.038  56.786 0.0000000000
61531  19.365  -20.386  57.994 0.0000000000
62922  18.791  -20.811  57.347 0.0000000000
62923  17.957  -20.424  57.558 0.0000000000
62948  16.263  -20.241  56.491 0.0000000000
62949  15.239  -20.252  56.346 0.0000000000
61602  15.484  -21.300  52.887 0.0000000000
63003  15.539  -21.220  53.307 0.0000000000
61593  14.220  -21.792  54.797 0.0000000000
61580  14.844  -21.268  55.190 0.0000000000
62968  14.561  -20.801  55.728 0.0000000000
61548  13.994  -20.942  57.152 0.0000000000
60268  13.224  -22.726  55.599 0.0000000000
60252  13.362  -22.386  56.443 0.0000000000
60237  12.611  -22.079  57.818 0.0000000000
58862  11.714  -23.269  56.938 0.0000000000
58863  11.203  -23.670  56.790 0.0000000000
57515  10.885  -24.089  56.049 0.0000000000
67265  28.812  -17.547  47.285 0.0000000000
69921  26.439  -15.070  45.145 0.0000000000
69920  27.134  -15.560  45.831 0.0000000000
68506  27.175  -16.473  48.826 0.0000000000
68505  27.740  -17.126  48.560 0.0000000000
67246  28.502  -17.559  48.373 0.0000000000
67227  28.385  -17.402  49.452 0.0000000000
67208  29.025  -17.630  50.302 0.0000000000
68463  27.845  -16.628  51.525 0.0000000000
67193  28.331  -16.973  51.415 0.0000000000
68448  28.142  -16.448  52.500 0.0000000000
68447  28.650  -16.696  52.941 0.0000000000
71267  25.793  -15.693  50.610 0.0000000000
69832  26.022  -15.630  50.557 0.0000000000
69812  25.971  -15.509  51.205 0.0000000000
69772  27.141  -15.977  53.568 0.0000000000
69750  27.487  -16.041  54.619 0.0000000000
69771  27.513  -16.252  54.133 0.0000000000
68397  27.822  -16.221  55.112 0.0000000000
69731  28.030  -16.225  55.498 0.0000000000
69732  27.652  -15.937  55.413 0.0000000000
69699  27.389  -15.557  57.346 0.0000000000
69698  28.068  -15.038  57.051 0.0000000000
69634  26.240  -15.570  60.873 0.0000000000
64244  18.781  -19.757  62.455 0.0000000000
64231  19.173  -19.656  63.144 0.0000000000
60192  10.549  -21.700  60.597 0.0000000000
61506  10.922  -20.880  60.616 0.0000000000
61507  10.447  -21.473  61.094 0.0000000000
64236  9.828  -19.101  63.611 0.0000000000
64251  10.188  -19.425  62.972 0.0000000000
64235  10.545  -18.829  63.338 0.0000000000
65667  10.953  -18.616  63.262 0.0000000000
65632  10.088  -17.992  64.246 0.0000000000
103376  61.410  9.491  23.459 0.0000000000
100778  61.433  8.087  25.133 0.0000000000
97000  56.631  4.842  22.629 0.0000000000
98291  57.501  5.528  22.864 0.0000000000
98282  57.700  5.611  23.783 0.0000000000
102043  58.228  7.722  26.534 0.0000000000
100770  58.102  7.162  25.891 0.0000000000
102042  58.665  8.255  26.588 0.0000000000
102041  59.635  8.556  26.552 0.0000000000
102027  58.942  8.182  27.352 0.0000000000
98234  59.742  5.614  28.303 0.0000000000
99461  59.584  6.288  27.979 0.0000000000
99451  60.146  6.463  28.610 0.0000000000
100708  61.099  7.260  29.278 0.0000000000
99449  62.054  6.771  28.911 0.0000000000
102013  61.311  7.721  28.374 0.0000000000
99459  61.664  6.716  27.980 0.0000000000
92890  47.998  2.051  24.976 0.0000000000
94219  47.563  2.583  25.403 0.0000000000
92889  48.977  1.761  25.381 0.0000000000
94217  49.612  2.464  25.635 0.0000000000
92888  49.882  1.895  25.398 0.0000000000
90007  50.213  -1.034  24.805 0.0000000000
90008  49.728  -0.581  24.507 0.0000000000
89992  50.901  -0.585  25.162 0.0000000000
89991  52.232  -0.199  25.532 0.0000000000
89990  52.846  -0.027  25.742 0.0000000000
91459  53.062  0.616  25.482 0.0000000000
92887  53.968  1.333  25.859 0.0000000000
91449  53.963  0.820  26.232 0.0000000000
91386  55.595  0.277  29.279 0.0000000000
91405  55.589  0.601  28.271 0.0000000000
92829  55.811  0.869  28.909 0.0000000000
92828  56.386  1.058  29.222 0.0000000000
92816  56.680  0.778  29.721 0.0000000000
84093  50.430  -4.582  30.526 0.0000000000
85512  49.865  -3.998  29.650 0.0000000000
85492  50.962  -4.308  30.468 0.0000000000
85489  53.384  -3.815  31.281 0.0000000000
85508  52.858  -3.695  30.545 0.0000000000
86992  53.364  -2.947  30.426 0.0000000000
87017  52.816  -2.737  29.959 0.0000000000
86991  54.131  -2.623  30.804 0.0000000000
88458  57.125  -2.201  32.021 0.0000000000
86950  56.003  -3.139  31.702 0.0000000000
86970  56.094  -2.389  31.569 0.0000000000
88481  55.065  -2.269  31.286 0.0000000000
88480  55.596  -1.764  31.225 0.0000000000
89881  55.745  -0.725  30.531 0.0000000000
89866  56.147  -1.243  31.246 0.0000000000
81239  38.100  -7.539  34.151 0.0000000000
81238  39.390  -7.589  34.325 0.0000000000
81164  39.397  -7.185  37.440 0.0000000000
79706  42.798  -8.126  38.215 0.0000000000
81162  41.349  -7.699  37.238 0.0000000000
81161  42.546  -7.690  37.322 0.0000000000
81181  41.801  -7.309  36.383 0.0000000000
81160  43.752  -7.448  37.310 0.0000000000
81179  43.574  -7.118  36.694 0.0000000000
79665  45.906  -8.025  40.155 0.0000000000
81127  45.602  -7.236  39.067 0.0000000000
81112  46.510  -7.373  39.870 0.0000000000
82438  47.249  -6.635  40.042 0.0000000000
81095  47.304  -7.356  40.927 0.0000000000
69911  39.641  -15.474  45.037 0.0000000000
69910  40.328  -15.197  45.397 0.0000000000
71388  40.382  -14.147  43.794 0.0000000000
72817  40.456  -13.495  43.177 0.0000000000
72839  40.838  -13.122  42.752 0.0000000000
72864  41.325  -12.627  42.305 0.0000000000
75615  42.595  -11.002  43.506 0.0000000000
74309  41.917  -11.293  42.548 0.0000000000
75616  41.934  -10.644  43.069 0.0000000000
75632  41.436  -10.088  41.967 0.0000000000
71245  42.484  -14.312  52.004 0.0000000000
72702  42.741  -13.495  51.691 0.0000000000
74170  44.008  -12.443  51.039 0.0000000000
72712  43.302  -12.780  50.532 0.0000000000
72711  43.772  -12.438  50.086 0.0000000000
72725  43.473  -13.010  49.658 0.0000000000
72724  44.240  -12.409  49.383 0.0000000000
75514  43.782  -9.916  48.243 0.0000000000
75513  44.302  -10.219  48.684 0.0000000000
75529  44.478  -10.754  48.287 0.0000000000
74208  44.404  -11.615  47.746 0.0000000000
74226  44.325  -11.163  47.239 0.0000000000
74248  43.996  -11.364  46.405 0.0000000000
75548  43.843  -10.483  46.881 0.0000000000
76813  41.844  -9.202  46.337 0.0000000000
75576  41.516  -9.341  44.777 0.0000000000
75599  41.014  -9.179  43.838 0.0000000000
76825  41.028  -9.201  44.696 0.0000000000
78160  41.123  -8.753  44.027 0.0000000000
78159  41.448  -8.779  44.981 0.0000000000
81011  42.480  -7.776  45.124 0.0000000000
81012  42.029  -8.034  44.831 0.0000000000
81033  42.349  -8.159  44.424 0.0000000000
79578  42.808  -8.210  43.929 0.0000000000
79577  43.593  -7.972  44.312 0.0000000000
80955  44.204  -7.522  47.254 0.0000000000
80954  45.283  -7.042  47.421 0.0000000000
81008  45.545  -7.199  45.729 0.0000000000
79575  45.730  -8.260  44.430 0.0000000000
79576  44.687  -8.282  44.327 0.0000000000
78175  45.492  -8.678  43.799 0.0000000000
78188  45.994  -8.769  42.957 0.0000000000
78173  46.570  -8.554  43.721 0.0000000000
105866  55.696  11.530  15.295 0.0000000000
100878  51.356  8.073  17.639 0.0000000000
102157  50.952  8.753  17.521 0.0000000000
102173  54.754  8.522  14.908 0.0000000000
100920  55.744  7.737  14.247 0.0000000000
100901  55.808  6.971  15.038 0.0000000000
98352  57.177  5.470  16.183 0.0000000000
98365  57.057  5.773  15.630 0.0000000000
99594  58.868  6.186  16.359 0.0000000000
100866  56.480  6.942  19.347 0.0000000000
99571  57.141  6.286  18.641 0.0000000000
100863  59.440  7.106  19.286 0.0000000000
99556  59.898  6.886  19.168 0.0000000000
99555  60.430  6.991  18.831 0.0000000000
100862  61.129  7.211  18.367 0.0000000000
100827  62.467  8.229  20.125 0.0000000000
100985  58.923  8.163  10.387 0.0000000000
102219  59.319  8.849  10.044 0.0000000000
100984  59.520  7.871  9.823 0.0000000000
61532  12.603  -21.221  58.701 0.0000000000
61518  12.552  -20.680  59.308 0.0000000000
62885  12.024  -20.310  60.241 0.0000000000
61505  11.630  -20.543  60.342 0.0000000000
84000  47.882  -5.295  37.636 0.0000000000
82483  48.477  -5.292  37.664 0.0000000000
83977  48.630  -4.999  38.234 0.0000000000
67263  30.539  -17.722  47.454 0.0000000000
65937  31.253  -17.968  47.575 0.0000000000
67210  23.844  -17.508  50.638 0.0000000000
67194  23.859  -17.298  51.665 0.0000000000
67211  23.288  -17.893  50.367 0.0000000000
65869  22.788  -18.256  50.396 0.0000000000
67286  23.783  -16.402  46.799 0.0000000000
68507  24.222  -16.226  48.142 0.0000000000
64281  21.334  -19.254  60.196 0.0000000000
64261  21.131  -19.198  61.267 0.0000000000
64242  21.142  -19.274  62.233 0.0000000000
102108  56.364  8.087  21.593 0.0000000000
99514  58.233  6.914  22.660 0.0000000000
99501  58.562  6.575  23.428 0.0000000000
94197  58.499  3.014  28.399 0.0000000000
95476  58.866  3.776  28.893 0.0000000000
95447  58.961  3.286  29.361 0.0000000000
94149  59.393  3.034  30.342 0.0000000000
87097  48.010  -3.357  26.428 0.0000000000
87077  48.795  -3.375  27.145 0.0000000000
87049  50.014  -3.356  28.260 0.0000000000
79671  37.392  -8.103  40.079 0.0000000000
81119  37.922  -7.474  40.412 0.0000000000
81118  38.448  -7.429  40.350 0.0000000000
81099  38.732  -7.633  41.119 0.0000000000
81079  39.417  -7.514  41.909 0.0000000000
81055  39.987  -7.637  42.681 0.0000000000
68492  40.731  -16.902  49.488 0.0000000000
68503  41.176  -16.048  48.190 0.0000000000
68491  41.237  -16.086  49.158 0.0000000000
71272  42.383  -14.840  50.155 0.0000000000
100817  52.851  7.324  20.992 0.0000000000
100830  53.396  7.548  20.580 0.0000000000
100828  55.288  7.744  21.038 0.0000000000
102109  55.707  8.016  21.330 0.0000000000
102205  56.622  8.842  12.006 0.0000000000
99658  57.815  7.203  12.674 0.0000000000
100937  57.286  7.291  13.391 0.0000000000
67117  31.568  -17.700  55.587 0.0000000000
62903  16.746  -19.757  58.964 0.0000000000
62865  16.959  -19.778  60.679 0.0000000000
62866  16.409  -19.546  60.400 0.0000000000
64284  16.284  -19.221  60.836 0.0000000000
64266  15.715  -18.941  61.348 0.0000000000
65664  13.498  -18.557  62.591 0.0000000000
97020  51.503  4.551  21.418 0.0000000000
95567  53.051  3.849  21.546 0.0000000000
97004  51.930  4.057  21.761 0.0000000000
95555  51.832  3.620  22.261 0.0000000000
95543  52.154  3.626  23.072 0.0000000000
96955  51.373  4.374  25.193 0.0000000000
96940  50.881  4.324  25.847 0.0000000000
96924  52.087  4.112  26.377 0.0000000000
95505  54.610  3.527  26.136 0.0000000000
95523  54.380  3.231  25.841 0.0000000000
94232  54.397  2.806  25.734 0.0000000000
82641  48.415  -5.940  31.170 0.0000000000
97021  50.503  4.737  21.300 0.0000000000
57483  9.292  -24.185  58.273 0.0000000000
58818  9.838  -23.742  58.986 0.0000000000
58773  8.000  -23.136  60.767 0.0000000000
82711  43.882  -5.695  27.448 0.0000000000
82695  44.459  -5.880  28.357 0.0000000000
82694  45.338  -5.849  28.708 0.0000000000
82659  44.051  -6.646  30.316 0.0000000000
81306  41.703  -7.286  31.658 0.0000000000
81305  42.646  -6.868  31.871 0.0000000000
81260  44.527  -6.973  34.390 0.0000000000
82603  45.401  -6.935  34.839 0.0000000000
82578  44.646  -6.728  35.293 0.0000000000
82517  44.825  -6.473  36.557 0.0000000000
67299  33.755  -17.886  44.658 0.0000000000
65933  34.973  -19.062  47.161 0.0000000000
65909  35.758  -19.217  48.151 0.0000000000
65908  36.854  -19.044  47.984 0.0000000000
65907  37.849  -18.448  48.096 0.0000000000
64438  38.951  -18.741  50.514 0.0000000000
65818  32.819  -18.877  52.797 0.0000000000
65817  33.723  -19.049  53.288 0.0000000000
64385  38.725  -19.818  54.014 0.0000000000
64395  39.871  -19.174  52.612 0.0000000000
69714  26.700  -15.685  56.625 0.0000000000
69715  26.050  -15.797  56.990 0.0000000000
68378  25.224  -16.757  56.926 0.0000000000
65787  22.711  -17.932  54.502 0.0000000000
67141  23.276  -17.628  54.992 0.0000000000
65768  22.719  -17.991  55.388 0.0000000000
65732  22.201  -18.310  56.879 0.0000000000
64365  21.577  -18.753  56.442 0.0000000000
64378  20.971  -19.174  56.038 0.0000000000
62943  20.604  -19.901  56.464 0.0000000000
63047  19.518  -20.246  49.692 0.0000000000
63025  17.706  -20.843  51.247 0.0000000000
62999  18.780  -20.752  53.714 0.0000000000
62965  17.030  -20.660  55.505 0.0000000000
60251  13.945  -21.879  55.989 0.0000000000
58884  13.256  -23.134  55.116 0.0000000000
71322  26.024  -15.250  46.619 0.0000000000
69901  26.711  -16.004  46.909 0.0000000000
69883  26.664  -15.919  48.048 0.0000000000
68494  27.069  -16.572  49.840 0.0000000000
68478  27.165  -16.518  50.832 0.0000000000
69830  26.677  -16.319  51.075 0.0000000000
69792  25.897  -15.527  52.406 0.0000000000
69733  27.263  -15.574  55.468 0.0000000000
61493  9.312  -21.700  62.103 0.0000000000
61479  9.564  -20.638  62.862 0.0000000000
62827  9.244  -19.961  63.603 0.0000000000
103354  61.743  9.288  24.886 0.0000000000
102054  61.862  9.160  25.067 0.0000000000
100767  60.957  7.350  26.130 0.0000000000
98269  56.768  5.579  24.841 0.0000000000
98255  57.310  5.963  25.294 0.0000000000
99480  56.606  6.215  25.566 0.0000000000
99470  57.374  6.550  26.119 0.0000000000
100743  58.402  6.873  26.917 0.0000000000
98192  60.831  5.519  30.074 0.0000000000
99417  61.141  6.148  29.814 0.0000000000
91463  49.209  1.135  24.077 0.0000000000
88591  51.663  -1.418  26.766 0.0000000000
89976  51.801  -0.962  26.205 0.0000000000
91434  53.608  0.059  27.242 0.0000000000
91407  53.990  -0.390  28.000 0.0000000000
91387  54.839  -0.069  29.049 0.0000000000
89901  55.493  -0.254  29.806 0.0000000000
84082  51.893  -4.853  31.454 0.0000000000
85491  51.607  -4.270  30.752 0.0000000000
84081  52.814  -4.636  31.738 0.0000000000
84080  53.481  -4.343  32.040 0.0000000000
85467  53.856  -3.831  32.027 0.0000000000
88478  57.598  -1.301  31.732 0.0000000000
79777  37.483  -7.569  33.925 0.0000000000
81211  38.861  -7.770  35.425 0.0000000000
81114  40.839  -8.454  39.511 0.0000000000
81146  40.891  -7.900  38.125 0.0000000000
81129  41.221  -8.558  38.948 0.0000000000
79689  42.246  -8.658  39.061 0.0000000000
79688  43.265  -8.485  38.991 0.0000000000
79704  44.098  -7.667  38.307 0.0000000000
78252  44.359  -8.501  39.800 0.0000000000
79666  45.375  -8.626  40.470 0.0000000000
79646  45.800  -8.548  41.144 0.0000000000
71335  41.376  -14.524  46.838 0.0000000000
71359  40.851  -14.086  45.499 0.0000000000
72815  41.936  -13.037  43.680 0.0000000000
72837  42.160  -12.470  43.072 0.0000000000
72814  42.711  -12.425  43.909 0.0000000000
72813  43.352  -11.989  44.314 0.0000000000
74289  43.504  -11.298  44.575 0.0000000000
72690  43.246  -12.974  52.013 0.0000000000
74147  43.795  -12.444  52.180 0.0000000000
74158  43.830  -12.340  51.748 0.0000000000
74169  44.529  -11.454  51.442 0.0000000000
76781  43.467  -9.335  48.310 0.0000000000
75532  42.678  -9.741  47.087 0.0000000000
76796  42.351  -9.378  47.174 0.0000000000
76812  41.939  -9.422  46.802 0.0000000000
78146  41.728  -8.777  45.927 0.0000000000
79537  41.743  -8.389  45.512 0.0000000000
79519  41.956  -8.352  46.301 0.0000000000
80985  42.273  -7.862  46.370 0.0000000000
80984  42.581  -7.892  46.046 0.0000000000
102156  51.953  8.631  17.176 0.0000000000
100890  52.579  7.932  16.758 0.0000000000
100902  54.566  7.056  15.884 0.0000000000
99611  55.620  6.123  15.896 0.0000000000
98353  56.453  5.516  16.583 0.0000000000
98345  57.064  5.498  17.172 0.0000000000
100848  58.139  7.785  19.779 0.0000000000
102138  60.800  8.178  19.821 0.0000000000
99687  60.887  6.531  10.152 0.0000000000
98413  61.424  6.202  10.798 0.0000000000
99686  61.985  6.385  10.231 0.0000000000
100898  61.123  7.602  14.969 0.0000000000
100897  61.947  7.735  15.066 0.0000000000
68395  29.370  -16.606  55.259 0.0000000000
68394  30.040  -16.886  55.372 0.0000000000
68376  29.706  -16.566  56.062 0.0000000000
68358  30.691  -16.686  57.183 0.0000000000
69664  30.616  -16.260  58.638 0.0000000000
64324  14.366  -19.317  58.963 0.0000000000
64304  13.851  -19.562  59.703 0.0000000000
65694  13.731  -19.147  61.095 0.0000000000
64288  12.991  -19.441  60.643 0.0000000000
65695  13.166  -19.131  61.404 0.0000000000
65683  12.776  -18.837  61.973 0.0000000000
65665  12.572  -18.556  62.813 0.0000000000
65645  12.255  -18.226  63.610 0.0000000000
96941  50.096  3.906  25.415 0.0000000000
96927  50.005  3.496  25.601 0.0000000000
95495  50.464  3.351  25.863 0.0000000000
82573  48.630  -6.336  34.681 0.0000000000
82482  48.969  -5.410  37.624 0.0000000000
83998  49.852  -5.444  37.478 0.0000000000
83997  50.729  -5.426  37.352 0.0000000000
57500  7.987  -24.652  57.957 0.0000000000
57470  6.354  -24.025  59.601 0.0000000000
56258  5.974  -24.849  58.157 0.0000000000
58821  5.862  -23.964  59.288 0.0000000000
58820  6.031  -23.863  59.502 0.0000000000
58776  5.084  -23.072  60.381 0.0000000000
81307  40.746  -7.179  31.397 0.0000000000
81263  41.240  -7.365  33.516 0.0000000000
65935  32.982  -18.139  47.599 0.0000000000
65936  32.073  -18.012  47.648 0.0000000000
64450  35.277  -18.971  49.761 0.0000000000
68417  24.812  -16.407  54.790 0.0000000000
68433  24.644  -16.369  53.991 0.0000000000
67158  23.810  -17.043  53.751 0.0000000000
67177  23.415  -17.492  53.302 0.0000000000
65821  23.650  -17.525  52.059 0.0000000000
65804  22.790  -17.890  53.574 0.0000000000
65805  22.291  -18.498  53.065 0.0000000000
63015  16.234  -21.268  51.648 0.0000000000
61612  15.720  -21.545  52.132 0.0000000000
71324  25.111  -15.454  47.212 0.0000000000
71294  25.619  -15.212  49.247 0.0000000000
71280  25.459  -15.599  50.035 0.0000000000
69834  24.743  -15.936  49.916 0.0000000000
69793  25.253  -16.061  52.484 0.0000000000
103396  59.002  9.228  21.328 0.0000000000
103395  59.723  9.130  21.763 0.0000000000
103386  59.917  9.043  22.582 0.0000000000
103377  60.411  9.261  23.586 0.0000000000
102088  58.995  8.095  22.867 0.0000000000
103365  60.425  9.331  24.725 0.0000000000
103356  60.473  9.214  25.406 0.0000000000
102040  60.745  8.500  26.537 0.0000000000
98237  56.812  5.574  27.183 0.0000000000
98236  57.986  5.763  27.543 0.0000000000
96918  59.394  5.212  27.975 0.0000000000
98227  60.331  5.336  28.972 0.0000000000
95475  59.343  4.178  29.238 0.0000000000
96888  59.766  4.476  29.534 0.0000000000
98193  60.414  5.293  30.021 0.0000000000
88620  47.943  -1.325  24.224 0.0000000000
88619  48.909  -1.404  24.562 0.0000000000
88603  49.841  -1.731  25.552 0.0000000000
88594  49.483  -2.255  25.839 0.0000000000
88593  50.095  -2.160  26.353 0.0000000000
88592  51.092  -1.615  26.496 0.0000000000
88577  51.703  -1.675  27.582 0.0000000000
88553  52.355  -1.671  28.691 0.0000000000
82567  55.049  -5.391  34.356 0.0000000000
84050  54.904  -4.880  33.451 0.0000000000
81186  36.514  -6.927  36.091 0.0000000000
81185  37.364  -7.034  36.157 0.0000000000
82521  37.718  -7.258  37.033 0.0000000000
81165  38.425  -7.031  37.697 0.0000000000
81148  39.284  -7.160  38.401 0.0000000000
81133  38.410  -7.203  39.417 0.0000000000
81132  39.225  -7.282  39.302 0.0000000000
81131  39.885  -7.568  39.160 0.0000000000
79670  40.866  -8.242  40.539 0.0000000000
79648  42.004  -8.196  41.097 0.0000000000
79625  42.970  -8.260  42.245 0.0000000000
67279  38.504  -17.086  46.331 0.0000000000
69892  38.934  -15.797  45.422 0.0000000000
68523  39.327  -16.440  46.233 0.0000000000
68522  39.982  -16.065  46.493 0.0000000000
68513  41.156  -15.920  47.539 0.0000000000
69874  40.992  -15.386  47.176 0.0000000000
71315  43.245  -13.633  47.345 0.0000000000
102144  50.655  8.139  18.757 0.0000000000
100869  51.275  7.729  18.339 0.0000000000
99560  52.241  7.270  19.141 0.0000000000
99588  52.549  6.652  18.159 0.0000000000
99573  54.903  6.066  18.374 0.0000000000
98342  55.157  5.802  17.780 0.0000000000
100849  57.013  7.886  19.827 0.0000000000
102141  57.813  8.287  20.446 0.0000000000
102122  58.595  8.994  20.872 0.0000000000
102220  58.578  8.742  10.596 0.0000000000
100972  58.334  7.978  11.039 0.0000000000
100971  59.152  7.484  10.663 0.0000000000
99671  59.624  6.625  11.149 0.0000000000
100955  61.957  7.133  12.462 0.0000000000
100954  62.423  7.408  12.669 0.0000000000
99639  61.429  6.847  13.051 0.0000000000
100933  61.598  7.163  13.313 0.0000000000
100915  60.971  7.135  14.351 0.0000000000
99642  59.139  6.673  13.477 0.0000000000
100935  59.774  6.865  13.870 0.0000000000
100899  60.376  7.241  15.011 0.0000000000
100887  60.701  7.334  15.524 0.0000000000
99593  59.913  6.992  15.938 0.0000000000
67207  29.706  -17.996  50.108 0.0000000000
65867  30.754  -18.475  50.250 0.0000000000
67190  30.344  -18.062  50.732 0.0000000000
65803  31.395  -18.395  52.844 0.0000000000
65801  33.014  -18.618  53.842 0.0000000000
67097  31.071  -17.297  56.147 0.0000000000
67095  32.723  -17.955  56.741 0.0000000000
67116  32.419  -18.092  55.836 0.0000000000
62863  18.926  -20.294  60.259 0.0000000000
62846  19.511  -20.059  61.013 0.0000000000
62847  18.575  -20.058  61.164 0.0000000000
62835  18.312  -19.768  61.894 0.0000000000
64245  17.853  -19.545  62.494 0.0000000000
62849  17.081  -19.592  61.293 0.0000000000
64263  17.497  -19.518  62.043 0.0000000000
64286  14.743  -19.340  60.626 0.0000000000
65680  15.190  -19.002  61.507 0.0000000000
65642  15.118  -18.548  62.863 0.0000000000
65626  15.844  -18.589  63.327 0.0000000000
98305  56.305  5.661  21.815 0.0000000000
98306  55.437  5.186  21.651 0.0000000000
97016  55.197  4.391  21.910 0.0000000000
97001  55.654  4.292  22.531 0.0000000000
95565  54.420  3.746  22.159 0.0000000000
95551  55.221  3.879  23.183 0.0000000000
96968  56.023  4.855  24.334 0.0000000000
98270  55.527  5.598  25.245 0.0000000000
98256  55.341  5.714  26.053 0.0000000000
95545  50.177  3.241  23.023 0.0000000000
95534  51.551  3.711  23.784 0.0000000000
95533  52.424  3.768  23.926 0.0000000000
96954  52.277  4.656  25.037 0.0000000000
98273  52.972  4.697  24.789 0.0000000000
98257  54.622  5.196  25.794 0.0000000000
98238  55.914  5.429  26.842 0.0000000000
95491  57.984  3.664  27.187 0.0000000000
95504  55.695  3.481  26.227 0.0000000000
95502  57.233  3.535  26.689 0.0000000000
94198  57.910  2.705  27.643 0.0000000000
94174  57.957  2.375  28.620 0.0000000000
84125  48.025  -4.468  28.587 0.0000000000
84108  48.549  -4.629  29.155 0.0000000000
84094  49.748  -4.605  30.197 0.0000000000
84084  50.029  -5.042  30.963 0.0000000000
84068  49.638  -5.500  31.411 0.0000000000
84067  50.231  -5.307  31.770 0.0000000000
82620  52.793  -5.173  32.998 0.0000000000
82595  53.198  -5.199  33.537 0.0000000000
82572  49.746  -6.041  34.519 0.0000000000
82571  50.781  -5.642  34.428 0.0000000000
82543  51.528  -5.599  35.462 0.0000000000
82570  51.839  -5.562  34.384 0.0000000000
82569  52.886  -5.510  34.374 0.0000000000
82568  53.904  -5.335  34.289 0.0000000000
82540  54.678  -5.649  35.293 0.0000000000
76879  37.980  -8.973  39.785 0.0000000000
76868  38.837  -9.114  41.140 0.0000000000
76867  39.723  -9.386  41.646 0.0000000000
68445  41.370  -16.138  52.238 0.0000000000
69783  41.528  -15.400  51.972 0.0000000000
71228  42.513  -14.543  52.581 0.0000000000
99542  51.860  7.276  20.407 0.0000000000
99531  50.922  6.419  20.738 0.0000000000
99529  52.967  6.605  21.177 0.0000000000
105888  56.159  11.264  13.843 0.0000000000
104654  55.899  10.821  13.707 0.0000000000
60225  11.188  -22.389  59.161 0.0000000000
60211  10.311  -22.169  60.359 0.0000000000
60193  9.931  -22.003  61.065 0.0000000000
58771  9.940  -22.464  60.535 0.0000000000
60175  9.475  -21.873  61.688 0.0000000000
61480  9.021  -21.613  62.936 0.0000000000
57468  7.827  -24.192  59.476 0.0000000000
60177  7.647  -22.716  61.727 0.0000000000
61481  7.770  -21.654  63.197 0.0000000000
87112  47.269  -2.916  25.399 0.0000000000
87098  47.337  -3.617  25.929 0.0000000000
85605  47.320  -3.985  26.379 0.0000000000
85588  47.749  -4.338  27.140 0.0000000000
84140  46.963  -4.846  27.428 0.0000000000
84126  47.395  -4.759  28.195 0.0000000000
84097  47.410  -5.587  29.527 0.0000000000
82656  47.538  -6.087  30.318 0.0000000000
82644  44.465  -6.813  31.335 0.0000000000
82626  45.999  -6.919  32.550 0.0000000000
82601  46.723  -6.653  34.019 0.0000000000
82576  45.923  -6.439  35.352 0.0000000000
82548  46.474  -5.810  35.922 0.0000000000
82514  47.205  -5.624  36.805 0.0000000000
83957  48.090  -5.233  39.304 0.0000000000
68550  35.830  -16.538  44.094 0.0000000000
68525  37.190  -16.875  45.350 0.0000000000
65988  33.022  -17.886  44.988 0.0000000000
67297  35.482  -17.973  44.924 0.0000000000
67280  37.214  -17.468  45.853 0.0000000000
67260  39.306  -17.428  47.166 0.0000000000
65906  38.886  -17.895  48.313 0.0000000000
65905  39.399  -17.907  48.599 0.0000000000
67242  39.810  -17.560  48.450 0.0000000000
65866  31.586  -18.435  50.365 0.0000000000
64451  35.169  -19.008  50.051 0.0000000000
64441  35.978  -19.035  50.185 0.0000000000
64425  36.938  -19.660  51.205 0.0000000000
64423  39.181  -18.752  51.094 0.0000000000
67189  40.648  -17.609  51.277 0.0000000000
68462  41.229  -16.937  51.711 0.0000000000
69653  26.601  -15.373  60.256 0.0000000000
69669  26.231  -15.503  59.624 0.0000000000
69686  25.803  -15.790  59.125 0.0000000000
68327  25.243  -15.799  59.592 0.0000000000
68328  24.759  -16.004  59.335 0.0000000000
68307  24.440  -16.321  59.790 0.0000000000
68379  24.577  -17.075  56.670 0.0000000000
67098  23.954  -17.296  56.486 0.0000000000
67077  23.977  -17.162  57.258 0.0000000000
67060  24.020  -17.243  58.176 0.0000000000
67044  23.702  -16.738  58.931 0.0000000000
67031  23.010  -17.027  59.470 0.0000000000
65707  22.027  -18.654  59.366 0.0000000000
64299  21.380  -19.397  59.301 0.0000000000
62879  20.174  -20.103  59.088 0.0000000000
65939  22.375  -18.714  48.103 0.0000000000
65916  22.332  -18.772  49.064 0.0000000000
65893  22.358  -18.800  49.916 0.0000000000
64443  21.783  -19.177  50.554 0.0000000000
64428  21.517  -18.922  51.564 0.0000000000
64415  20.880  -19.779  53.133 0.0000000000
63035  19.858  -20.159  50.882 0.0000000000
64430  20.227  -19.939  52.415 0.0000000000
64402  20.952  -19.445  54.265 0.0000000000
62980  20.385  -19.783  54.984 0.0000000000
62961  20.601  -19.669  55.683 0.0000000000
62921  19.898  -20.167  57.777 0.0000000000
62900  19.650  -20.236  58.398 0.0000000000
62880  19.297  -20.287  59.262 0.0000000000
64345  16.251  -19.725  58.610 0.0000000000
64346  15.707  -19.628  58.411 0.0000000000
61603  15.104  -21.491  53.446 0.0000000000
62926  14.680  -20.082  57.417 0.0000000000
62927  13.998  -20.518  57.754 0.0000000000
61549  13.435  -21.206  57.694 0.0000000000
58842  11.852  -22.624  57.843 0.0000000000
58886  12.025  -23.486  56.246 0.0000000000
57498  9.400  -24.210  57.128 0.0000000000
67284  30.350  -17.520  46.593 0.0000000000
67303  29.252  -16.877  45.248 0.0000000000
67264  29.802  -17.409  47.406 0.0000000000
67192  28.944  -17.468  51.359 0.0000000000
67173  28.866  -16.952  52.391 0.0000000000
67156  28.947  -16.962  53.411 0.0000000000
68415  28.700  -16.726  54.439 0.0000000000
69851  26.036  -15.533  49.881 0.0000000000
69831  26.246  -15.928  50.793 0.0000000000
69810  26.662  -16.163  51.754 0.0000000000
69791  26.367  -15.738  52.480 0.0000000000
69790  26.765  -16.029  52.542 0.0000000000
68449  27.328  -16.210  52.536 0.0000000000
68431  27.799  -16.361  53.543 0.0000000000
68377  29.028  -16.477  55.796 0.0000000000
69711  28.480  -16.217  56.070 0.0000000000
69697  28.666  -15.627  56.946 0.0000000000
69682  28.646  -15.448  57.717 0.0000000000
69666  28.836  -15.407  58.789 0.0000000000
61520  11.271  -21.266  59.877 0.0000000000
62869  11.167  -20.354  61.425 0.0000000000
62852  9.918  -20.147  62.348 0.0000000000
62851  10.854  -20.168  62.199 0.0000000000
64270  11.265  -19.496  62.033 0.0000000000
65646  11.326  -18.317  63.712 0.0000000000
103375  62.175  9.302  23.226 0.0000000000
98292  56.934  5.520  22.293 0.0000000000
99502  57.931  5.980  23.091 0.0000000000
99488  59.173  7.013  24.256 0.0000000000
98268  57.870  5.961  24.843 0.0000000000
99478  58.385  6.826  25.304 0.0000000000
100780  59.311  7.697  24.822 0.0000000000
102057  59.230  8.452  25.796 0.0000000000
99453  58.414  6.612  27.446 0.0000000000
100729  58.602  7.018  27.320 0.0000000000
99450  60.594  7.032  29.124 0.0000000000
100726  60.696  7.418  28.772 0.0000000000
102016  59.511  7.933  27.836 0.0000000000
102015  60.372  7.914  28.068 0.0000000000
102025  60.948  8.234  27.660 0.0000000000
95511  48.237  3.066  25.469 0.0000000000
95510  49.197  2.896  25.419 0.0000000000
94201  50.189  2.939  25.699 0.0000000000
94215  51.180  2.995  25.707 0.0000000000
91462  49.775  0.567  24.191 0.0000000000
91461  50.756  0.557  24.690 0.0000000000
92903  50.307  1.435  24.602 0.0000000000
92902  51.303  1.520  24.830 0.0000000000
92900  53.528  1.763  25.587 0.0000000000
92886  54.587  1.701  26.070 0.0000000000
92874  55.431  1.316  26.724 0.0000000000
91433  54.803  0.732  27.161 0.0000000000
91432  55.829  1.011  27.489 0.0000000000
91431  56.330  1.166  27.716 0.0000000000
92846  56.617  1.292  28.262 0.0000000000
85538  49.674  -3.838  29.075 0.0000000000
85537  50.351  -3.663  29.209 0.0000000000
87020  50.864  -3.416  29.091 0.0000000000
85509  52.238  -3.936  30.239 0.0000000000
86994  51.999  -3.375  29.828 0.0000000000
87019  51.412  -2.998  29.288 0.0000000000
87018  52.270  -2.716  29.721 0.0000000000
88524  53.115  -2.090  29.547 0.0000000000
89883  53.863  -1.639  29.880 0.0000000000
84062  55.191  -4.226  32.797 0.0000000000
85466  54.634  -3.648  32.086 0.0000000000
85464  56.419  -3.350  32.481 0.0000000000
86951  55.247  -3.185  31.782 0.0000000000
86972  54.606  -2.816  31.434 0.0000000000
88499  54.725  -2.042  30.862 0.0000000000
89882  54.575  -1.357  30.183 0.0000000000
91370  55.796  -0.062  29.968 0.0000000000
89880  56.945  -0.323  30.833 0.0000000000
91369  56.491  0.280  30.126 0.0000000000
91367  58.156  0.898  30.945 0.0000000000
92814  58.876  1.425  30.767 0.0000000000
81264  40.090  -7.338  33.316 0.0000000000
81236  41.645  -7.030  34.564 0.0000000000
81184  38.410  -7.270  36.594 0.0000000000
81163  40.365  -7.434  37.305 0.0000000000
81209  41.104  -7.007  35.464 0.0000000000
81208  42.178  -6.952  35.528 0.0000000000
81207  43.046  -6.671  35.584 0.0000000000
82519  43.381  -6.653  36.087 0.0000000000
82518  43.963  -6.846  36.506 0.0000000000
82486  45.245  -6.301  37.336 0.0000000000
81143  44.518  -7.212  38.184 0.0000000000
81142  45.152  -6.797  38.374 0.0000000000
82463  45.663  -6.431  38.246 0.0000000000
82449  46.899  -6.157  39.281 0.0000000000
82448  47.635  -5.862  39.640 0.0000000000
69912  38.914  -15.519  44.514 0.0000000000
74355  40.736  -11.317  40.741 0.0000000000
74324  42.104  -12.140  42.604 0.0000000000
75645  41.514  -11.287  41.647 0.0000000000
75646  41.173  -10.875  41.089 0.0000000000
75647  40.549  -9.900  41.257 0.0000000000
75633  40.555  -9.486  42.220 0.0000000000
76858  39.846  -9.145  42.401 0.0000000000
71246  42.149  -14.938  51.683 0.0000000000
71259  42.327  -14.952  50.900 0.0000000000
71271  42.681  -14.251  50.611 0.0000000000
72713  42.737  -13.404  50.971 0.0000000000
72741  43.307  -13.974  49.214 0.0000000000
72754  44.001  -12.993  47.623 0.0000000000
74182  44.425  -11.728  50.385 0.0000000000
75488  44.552  -10.565  50.695 0.0000000000
75499  44.471  -10.652  49.607 0.0000000000
74194  44.440  -11.563  49.415 0.0000000000
72723  44.420  -11.909  48.929 0.0000000000
72739  44.315  -12.240  48.288 0.0000000000
74268  43.766  -11.389  45.477 0.0000000000
75596  43.453  -10.653  45.106 0.0000000000
75549  43.176  -9.904  46.534 0.0000000000
75574  42.957  -10.052  45.521 0.0000000000
75598  41.791  -9.760  44.015 0.0000000000
75618  40.467  -9.166  43.068 0.0000000000
76849  40.123  -8.751  42.948 0.0000000000
78191  39.811  -8.279  42.846 0.0000000000
79581  40.345  -7.979  43.310 0.0000000000
81036  40.551  -7.842  43.245 0.0000000000
79558  41.427  -8.420  44.340 0.0000000000
81035  41.147  -7.938  43.655 0.0000000000
81053  41.553  -7.729  42.985 0.0000000000
81052  41.908  -7.872  42.708 0.0000000000
78204  43.746  -8.600  42.236 0.0000000000
80930  43.599  -7.611  47.898 0.0000000000
80983  43.792  -7.854  46.138 0.0000000000
79534  44.479  -7.585  45.713 0.0000000000
79555  44.114  -7.832  45.191 0.0000000000
79600  44.097  -8.432  43.643 0.0000000000
78203  44.556  -8.803  42.210 0.0000000000
78202  45.449  -8.896  42.132 0.0000000000
79624  46.471  -8.846  41.794 0.0000000000
79623  47.418  -8.483  41.566 0.0000000000
79597  47.933  -8.017  43.032 0.0000000000
81075  47.679  -7.849  41.374 0.0000000000
105877  55.977  11.311  14.266 0.0000000000
103443  55.483  9.738  13.873 0.0000000000
103436  54.962  9.810  14.689 0.0000000000
102181  55.616  8.981  13.814 0.0000000000
100939  55.733  8.432  13.771 0.0000000000
100919  56.825  7.053  14.429 0.0000000000
99610  56.681  6.427  15.295 0.0000000000
99627  57.347  6.586  14.975 0.0000000000
98341  55.545  5.764  17.953 0.0000000000
99584  56.843  5.649  18.053 0.0000000000
99583  57.678  5.795  17.873 0.0000000000
100864  58.644  7.097  19.219 0.0000000000
99582  58.656  6.119  17.579 0.0000000000
99567  61.346  7.200  17.513 0.0000000000
100861  62.104  7.618  18.281 0.0000000000
102137  61.508  7.954  19.806 0.0000000000
100844  62.224  7.839  19.597 0.0000000000
58841  12.325  -22.555  57.585 0.0000000000
60224  11.834  -21.980  58.788 0.0000000000
61471  9.417  -20.295  63.275 0.0000000000
61530  19.640  -20.235  58.001 0.0000000000
61546  19.574  -20.480  57.616 0.0000000000
61547  19.193  -20.637  57.602 0.0000000000
61564  19.458  -20.694  57.305 0.0000000000
61565  19.256  -20.877  57.128 0.0000000000
61592  14.817  -21.532  54.532 0.0000000000
62836  17.840  -19.662  61.988 0.0000000000
62837  10.285  -19.701  62.612 0.0000000000
62850  11.644  -20.028  61.902 0.0000000000
62883  16.473  -19.857  59.881 0.0000000000
62991  38.133  -19.852  53.534 0.0000000000
62992  37.829  -19.817  53.753 0.0000000000
64246  17.099  -19.240  62.448 0.0000000000
64247  16.414  -18.922  62.190 0.0000000000
64248  15.971  -18.802  61.846 0.0000000000
64267  15.156  -19.203  61.154 0.0000000000
64287  13.973  -19.365  60.445 0.0000000000
64289  12.348  -19.718  61.030 0.0000000000
64326  13.527  -19.975  59.035 0.0000000000
64344  20.977  -19.181  57.660 0.0000000000
64422  39.951  -18.568  51.308 0.0000000000
65647  10.496  -18.461  63.790 0.0000000000
65661  15.911  -18.760  62.172 0.0000000000
65799  34.754  -18.586  54.677 0.0000000000
65836  40.066  -18.343  50.910 0.0000000000
65842  23.534  -17.806  51.501 0.0000000000
65870  22.388  -18.799  50.477 0.0000000000
65971  35.310  -18.291  45.423 0.0000000000
65987  33.392  -17.896  44.818 0.0000000000
67139  28.746  -17.051  53.951 0.0000000000
67157  24.318  -16.691  53.491 0.0000000000
67206  30.192  -18.332  50.010 0.0000000000
67224  30.435  -18.464  49.674 0.0000000000
67243  39.229  -17.583  47.910 0.0000000000
67266  23.783  -16.588  47.413 0.0000000000
67282  35.571  -18.117  45.499 0.0000000000
67295  36.850  -17.038  45.275 0.0000000000
68416  27.882  -16.437  54.576 0.0000000000
68490  41.366  -15.858  48.684 0.0000000000
68502  41.295  -15.900  48.449 0.0000000000
68515  39.610  -16.884  46.719 0.0000000000
68535  37.649  -16.033  44.516 0.0000000000
68537  36.175  -16.913  44.617 0.0000000000
69649  30.235  -15.669  59.865 0.0000000000
69670  25.678  -15.615  59.818 0.0000000000
69680  30.287  -16.322  58.253 0.0000000000
69716  25.629  -16.289  57.334 0.0000000000
69841  41.675  -15.553  48.851 0.0000000000
69857  41.415  -15.690  48.391 0.0000000000
69868  24.727  -15.483  48.466 0.0000000000
71266  25.959  -15.572  50.731 0.0000000000
71295  25.134  -15.437  49.333 0.0000000000
71302  42.068  -15.037  48.508 0.0000000000
71332  43.829  -12.788  46.475 0.0000000000
71357  43.076  -13.245  44.944 0.0000000000
71361  39.491  -15.275  44.469 0.0000000000
71385  42.843  -12.867  44.514 0.0000000000
72680  42.930  -13.881  52.557 0.0000000000
72738  44.431  -11.754  48.613 0.0000000000
72773  43.556  -12.819  45.258 0.0000000000
72816  41.122  -13.403  43.453 0.0000000000
72863  41.814  -12.416  42.566 0.0000000000
72865  40.568  -12.730  42.027 0.0000000000
74181  44.711  -11.081  51.104 0.0000000000
74193  44.507  -11.450  48.893 0.0000000000
74207  44.492  -11.389  48.353 0.0000000000
74225  44.500  -11.032  47.850 0.0000000000
74290  43.038  -11.422  43.822 0.0000000000
74325  41.643  -11.827  42.099 0.0000000000
74343  41.362  -11.488  41.448 0.0000000000
75512  44.560  -10.899  48.833 0.0000000000
75531  43.405  -9.879  47.499 0.0000000000
75551  41.809  -9.356  45.633 0.0000000000
75600  40.471  -9.041  43.503 0.0000000000
75653  40.577  -11.001  40.565 0.0000000000
76766  43.651  -8.993  48.730 0.0000000000
76780  43.974  -9.541  48.751 0.0000000000
76795  42.974  -9.409  47.543 0.0000000000
76797  42.012  -9.170  47.035 0.0000000000
76838  41.231  -9.032  44.446 0.0000000000
76850  39.534  -8.811  42.284 0.0000000000
76869  38.163  -9.076  40.606 0.0000000000
78096  43.550  -8.588  48.873 0.0000000000
78111  42.903  -8.635  47.661 0.0000000000
78112  42.280  -8.895  47.254 0.0000000000
78174  46.219  -8.620  43.748 0.0000000000
78176  40.374  -8.403  43.360 0.0000000000
78187  46.618  -8.585  43.309 0.0000000000
78190  44.099  -8.690  42.939 0.0000000000
78205  39.107  -8.597  41.682 0.0000000000
78219  37.949  -8.881  41.100 0.0000000000
78234  43.157  -8.541  40.832 0.0000000000
78253  43.997  -8.459  39.700 0.0000000000
79505  42.966  -8.254  47.607 0.0000000000
79533  44.743  -7.406  45.717 0.0000000000
79535  42.199  -7.901  45.895 0.0000000000
79536  42.069  -7.934  46.099 0.0000000000
79556  42.152  -7.874  45.541 0.0000000000
79559  40.809  -8.268  43.719 0.0000000000
79574  46.911  -8.419  44.021 0.0000000000
79579  42.256  -8.208  43.743 0.0000000000
79598  47.293  -8.377  42.745 0.0000000000
79602  42.402  -7.889  43.052 0.0000000000
79603  41.986  -8.048  43.394 0.0000000000
79604  39.821  -7.950  42.919 0.0000000000
79605  39.450  -8.004  42.428 0.0000000000
79622  48.084  -7.990  41.759 0.0000000000
79627  41.455  -8.174  41.761 0.0000000000
79628  39.188  -8.157  41.810 0.0000000000
79629  38.651  -8.264  41.417 0.0000000000
79650  38.188  -8.353  41.148 0.0000000000
79651  37.879  -8.280  40.684 0.0000000000
79685  45.738  -7.860  39.528 0.0000000000
79687  44.222  -8.132  38.973 0.0000000000
79705  43.607  -7.803  38.168 0.0000000000
79719  43.540  -7.637  37.739 0.0000000000
79778  37.191  -7.596  33.797 0.0000000000
80957  42.444  -7.751  46.673 0.0000000000
81009  45.089  -7.218  45.697 0.0000000000
81013  41.918  -7.945  44.286 0.0000000000
81032  42.884  -7.929  44.652 0.0000000000
81074  47.754  -7.437  41.376 0.0000000000
81080  39.134  -7.855  41.716 0.0000000000
81100  38.393  -7.897  41.091 0.0000000000
81115  40.495  -8.092  39.935 0.0000000000
81116  39.906  -7.612  40.079 0.0000000000
81117  39.203  -7.481  40.217 0.0000000000
81120  37.797  -7.809  40.447 0.0000000000
81126  46.003  -7.661  39.602 0.0000000000
81128  44.907  -7.727  38.909 0.0000000000
81130  40.398  -8.239  38.953 0.0000000000
81144  43.996  -7.520  37.990 0.0000000000
81159  44.347  -7.185  37.368 0.0000000000
81166  38.031  -6.898  38.123 0.0000000000
81167  36.486  -7.105  37.745 0.0000000000
81168  36.007  -7.112  37.222 0.0000000000
81233  44.230  -6.813  34.988 0.0000000000
81240  37.190  -7.574  34.314 0.0000000000
81258  46.207  -6.921  33.856 0.0000000000
81281  46.442  -6.859  33.540 0.0000000000
81302  45.484  -7.040  32.594 0.0000000000
82425  47.524  -6.631  40.793 0.0000000000
82437  48.065  -6.346  40.451 0.0000000000
82439  46.596  -6.656  39.538 0.0000000000
82450  46.206  -6.488  39.038 0.0000000000
82464  44.963  -6.574  37.916 0.0000000000
82465  37.241  -6.882  38.066 0.0000000000
82485  46.014  -5.923  37.511 0.0000000000
82488  44.308  -7.222  36.981 0.0000000000
82489  37.964  -7.105  37.453 0.0000000000
82491  36.847  -7.010  37.755 0.0000000000
82522  36.977  -7.251  36.977 0.0000000000
82550  45.028  -6.301  35.939 0.0000000000
82552  43.723  -6.559  35.722 0.0000000000
82579  44.120  -6.620  35.339 0.0000000000
82592  56.051  -4.864  34.082 0.0000000000
82594  53.695  -5.209  33.722 0.0000000000
82604  44.972  -6.979  35.041 0.0000000000
82619  52.857  -5.002  32.883 0.0000000000
82621  50.955  -5.437  32.725 0.0000000000
82640  49.186  -5.713  31.374 0.0000000000
83999  48.243  -5.250  37.649 0.0000000000
84035  54.147  -5.234  33.969 0.0000000000
84054  51.188  -5.428  32.757 0.0000000000
85510  51.401  -3.869  29.939 0.0000000000
85511  50.479  -3.994  29.989 0.0000000000
85539  49.153  -4.135  28.874 0.0000000000
85563  50.022  -3.520  28.697 0.0000000000
86949  56.754  -2.676  31.992 0.0000000000
86973  53.914  -3.133  31.116 0.0000000000
87047  51.285  -2.566  28.557 0.0000000000
87095  49.813  -2.591  26.814 0.0000000000
87110  49.108  -2.511  25.723 0.0000000000
88552  53.223  -1.261  28.858 0.0000000000
88554  51.711  -2.103  28.537 0.0000000000
88617  50.264  -1.268  25.176 0.0000000000
88618  49.691  -1.377  24.914 0.0000000000
89879  57.421  -0.218  30.978 0.0000000000
89927  54.514  -0.248  28.934 0.0000000000
89977  51.125  -1.201  25.846 0.0000000000
91404  56.163  0.851  28.080 0.0000000000
91435  52.957  -0.174  26.701 0.0000000000
91458  53.713  1.082  25.664 0.0000000000
92875  54.853  1.173  26.578 0.0000000000
92884  56.400  2.154  26.464 0.0000000000
94200  50.426  2.996  25.747 0.0000000000
94209  57.420  3.010  27.096 0.0000000000
94211  56.135  2.658  26.211 0.0000000000
94214  53.068  3.144  26.084 0.0000000000
94216  50.604  2.856  25.667 0.0000000000
94233  53.559  2.874  25.751 0.0000000000
94235  51.558  2.613  25.435 0.0000000000
95496  49.873  3.033  25.624 0.0000000000
95503  56.553  3.404  26.383 0.0000000000
95506  53.412  3.559  26.207 0.0000000000
95509  50.849  3.374  26.070 0.0000000000
95524  54.063  3.263  25.824 0.0000000000
95525  52.480  3.197  25.873 0.0000000000
95526  52.131  3.187  25.754 0.0000000000
95531  53.580  4.048  24.024 0.0000000000
95539  55.170  3.944  23.455 0.0000000000
95541  53.966  3.832  23.686 0.0000000000
95552  54.748  3.719  22.824 0.0000000000
95557  49.851  3.425  21.984 0.0000000000
95566  53.789  3.671  21.744 0.0000000000
96887  60.026  4.667  29.460 0.0000000000
96910  60.216  4.749  29.031 0.0000000000
96922  55.273  4.899  26.830 0.0000000000
96925  51.302  4.180  26.424 0.0000000000
96935  56.298  4.137  26.578 0.0000000000
96971  53.518  4.352  24.300 0.0000000000
96972  52.694  4.321  24.444 0.0000000000
96985  57.109  5.014  23.184 0.0000000000
96986  56.363  4.553  23.389 0.0000000000
96987  55.410  4.177  23.674 0.0000000000
96988  54.556  4.244  24.021 0.0000000000
96999  57.095  5.158  22.709 0.0000000000
97003  52.419  3.814  21.764 0.0000000000
98213  60.199  4.858  29.695 0.0000000000
98214  60.290  5.126  29.727 0.0000000000
98226  60.243  4.792  29.345 0.0000000000
98228  59.137  6.143  27.616 0.0000000000
98229  58.703  6.260  27.590 0.0000000000
98245  55.544  5.566  26.533 0.0000000000
98246  54.863  5.137  26.401 0.0000000000
98248  53.138  4.624  25.851 0.0000000000
98254  57.618  6.092  25.241 0.0000000000
98267  58.270  6.117  24.578 0.0000000000
98272  53.614  4.689  24.927 0.0000000000
98367  56.057  5.668  16.211 0.0000000000
98414  61.044  6.188  10.688 0.0000000000
98423  61.391  6.331  10.392 0.0000000000
98424  61.176  6.289  10.500 0.0000000000
99418  60.655  5.984  29.786 0.0000000000
99419  60.425  5.644  29.846 0.0000000000
99436  60.762  6.719  29.491 0.0000000000
99452  59.207  6.617  27.798 0.0000000000
99460  59.706  6.054  28.077 0.0000000000
99464  55.958  5.841  26.676 0.0000000000
99469  60.690  6.475  26.504 0.0000000000
99472  55.883  6.089  26.410 0.0000000000
99489  58.511  6.462  24.595 0.0000000000
99490  58.127  6.385  25.093 0.0000000000
99491  56.129  6.027  25.235 0.0000000000
99576  52.333  6.947  18.656 0.0000000000
99591  61.384  7.386  16.048 0.0000000000
99598  53.603  6.318  17.092 0.0000000000
99654  61.517  6.834  12.654 0.0000000000
100709  60.798  7.173  29.238 0.0000000000
100728  58.843  7.383  27.594 0.0000000000
100757  58.032  7.004  26.373 0.0000000000
100758  57.265  6.612  26.696 0.0000000000
100781  58.820  7.147  24.890 0.0000000000
100806  57.859  7.368  22.332 0.0000000000
100876  52.892  6.897  17.335 0.0000000000
100916  60.053  7.038  14.356 0.0000000000
100917  59.568  6.957  14.166 0.0000000000
102014  61.090  7.870  28.332 0.0000000000
102024  61.307  7.841  28.074 0.0000000000
102028  58.432  7.870  27.027 0.0000000000
102058  58.281  8.015  26.026 0.0000000000
102059  58.096  7.581  26.219 0.0000000000
102072  60.086  9.113  24.617 0.0000000000
102073  59.791  8.681  24.800 0.0000000000
102097  57.223  7.941  22.042 0.0000000000
102098  56.707  7.747  21.964 0.0000000000
102158  50.569  8.814  17.895 0.0000000000
102191  56.684  8.483  12.232 0.0000000000
102204  57.101  8.732  11.766 0.0000000000
103348  60.240  8.903  25.965 0.0000000000
103349  59.729  8.826  25.990 0.0000000000
103378  59.883  8.847  23.031 0.0000000000
107173  57.355  12.755  14.329 0.0000000000
