#!ascii label  , from subject 3062 vox2ras=TkReg
1149
106712  44.649  34.401  32.375 0.0000000000
109363  39.483  38.337  33.203 0.0000000000
103691  46.489  31.457  36.214 0.0000000000
104427  39.223  31.576  32.645 0.0000000000
103073  42.676  29.505  31.528 0.0000000000
106002  48.201  33.546  27.143 0.0000000000
112526  40.188  43.556  37.893 0.0000000000
113176  41.773  44.665  35.107 0.0000000000
102326  41.434  28.495  38.146 0.0000000000
100279  41.977  25.522  33.027 0.0000000000
108090  46.734  36.524  31.849 0.0000000000
105133  48.682  32.556  34.137 0.0000000000
107345  44.209  34.925  37.068 0.0000000000
105816  44.520  33.419  42.803 0.0000000000
111967  41.377  42.302  29.278 0.0000000000
110756  43.774  40.257  29.803 0.0000000000
101741  46.981  27.286  30.181 0.0000000000
105918  41.230  33.713  33.320 0.0000000000
103053  41.204  30.041  32.101 0.0000000000
104417  43.362  31.874  33.608 0.0000000000
105950  46.928  33.642  29.647 0.0000000000
106744  42.355  34.759  30.326 0.0000000000
113169  37.640  45.446  35.091 0.0000000000
100253  42.676  25.638  39.237 0.0000000000
99585  41.546  24.330  36.297 0.0000000000
98865  44.814  23.031  37.918 0.0000000000
112005  44.808  43.455  25.960 0.0000000000
108083  42.552  36.572  32.450 0.0000000000
108060  44.607  36.416  34.333 0.0000000000
108063  41.118  35.945  34.628 0.0000000000
107958  39.787  36.705  42.643 0.0000000000
106583  41.702  35.316  41.856 0.0000000000
106554  41.553  34.580  43.481 0.0000000000
103601  42.263  30.847  42.832 0.0000000000
111287  42.021  42.277  35.603 0.0000000000
111311  44.915  42.209  33.832 0.0000000000
110084  41.474  39.415  30.753 0.0000000000
108738  43.654  37.251  29.658 0.0000000000
104394  49.157  31.247  36.028 0.0000000000
103045  49.626  29.077  31.991 0.0000000000
102363  47.938  28.127  32.981 0.0000000000
101731  40.452  28.007  30.923 0.0000000000
101756  41.810  27.338  29.336 0.0000000000
109410  48.087  38.269  26.759 0.0000000000
106030  46.198  33.291  24.723 0.0000000000
111270  40.877  41.574  37.548 0.0000000000
109309  38.710  37.970  37.226 0.0000000000
113808  36.740  45.745  30.706 0.0000000000
113198  38.445  44.767  32.139 0.0000000000
113718  40.868  45.580  37.022 0.0000000000
104391  42.751  31.064  36.646 0.0000000000
102352  44.964  28.315  34.122 0.0000000000
101683  41.948  26.984  34.907 0.0000000000
98880  41.462  23.478  34.311 0.0000000000
106724  47.320  34.610  31.669 0.0000000000
105912  46.783  33.535  33.568 0.0000000000
107407  47.840  35.834  33.418 0.0000000000
106671  46.756  34.708  36.102 0.0000000000
105863  46.555  33.540  38.222 0.0000000000
107347  40.445  34.735  37.889 0.0000000000
106616  43.832  34.260  39.894 0.0000000000
105060  45.083  32.752  39.542 0.0000000000
104331  43.026  31.170  40.411 0.0000000000
102306  42.375  28.335  40.732 0.0000000000
112009  40.740  42.439  26.710 0.0000000000
112653  44.749  43.443  28.829 0.0000000000
112617  45.114  42.953  31.127 0.0000000000
110753  46.085  41.127  29.007 0.0000000000
108757  45.803  37.307  27.765 0.0000000000
107431  47.626  35.134  29.097 0.0000000000
103735  45.957  30.164  32.877 0.0000000000
102409  45.668  28.642  30.080 0.0000000000
101044  43.599  26.609  27.920 0.0000000000
101013  44.620  26.328  31.206 0.0000000000
106704  42.866  34.279  33.024 0.0000000000
105140  42.399  32.854  33.473 0.0000000000
105915  43.953  33.491  33.455 0.0000000000
106741  45.374  34.347  30.596 0.0000000000
106754  44.154  34.423  29.619 0.0000000000
106728  43.533  34.626  31.365 0.0000000000
106715  41.788  34.455  32.097 0.0000000000
100252  43.341  25.175  39.468 0.0000000000
99567  43.468  24.347  38.726 0.0000000000
99566  44.508  23.934  39.013 0.0000000000
100336  40.209  25.715  27.534 0.0000000000
108085  40.607  37.030  32.476 0.0000000000
108072  41.839  36.338  33.379 0.0000000000
108064  39.855  36.553  34.226 0.0000000000
107297  39.431  35.569  42.271 0.0000000000
107272  40.486  35.563  43.317 0.0000000000
110682  40.301  40.935  34.253 0.0000000000
110696  41.370  40.792  33.095 0.0000000000
109371  40.109  38.788  31.964 0.0000000000
108727  41.029  37.869  31.274 0.0000000000
103689  48.272  31.032  36.152 0.0000000000
103026  49.122  29.057  34.612 0.0000000000
103012  47.438  29.787  35.281 0.0000000000
103056  38.246  29.559  32.804 0.0000000000
103055  39.370  29.475  32.333 0.0000000000
103052  42.199  30.014  32.173 0.0000000000
103075  40.714  29.385  31.651 0.0000000000
102395  41.647  28.851  31.015 0.0000000000
101742  41.487  27.810  29.957 0.0000000000
102412  42.105  28.585  30.544 0.0000000000
107455  48.135  35.736  26.563 0.0000000000
107468  47.801  35.188  25.582 0.0000000000
105233  47.193  32.788  25.301 0.0000000000
105150  38.758  32.421  32.469 0.0000000000
104428  38.215  31.450  32.561 0.0000000000
112509  41.182  43.430  38.884 0.0000000000
111252  40.581  41.747  39.701 0.0000000000
111837  39.918  42.596  39.700 0.0000000000
112550  38.990  43.954  35.853 0.0000000000
113734  39.145  45.769  36.149 0.0000000000
113140  40.761  44.594  37.523 0.0000000000
112524  41.879  43.913  37.969 0.0000000000
103685  41.612  29.852  37.291 0.0000000000
103018  42.168  29.207  35.909 0.0000000000
101668  41.185  27.760  36.708 0.0000000000
98175  42.782  22.721  35.437 0.0000000000
98878  41.674  23.476  35.312 0.0000000000
98186  42.455  22.375  34.458 0.0000000000
107415  47.989  35.674  31.395 0.0000000000
107411  48.126  35.777  32.505 0.0000000000
108079  47.042  36.521  32.764 0.0000000000
107387  44.557  35.864  35.613 0.0000000000
107385  46.049  35.739  35.396 0.0000000000
107343  45.405  35.267  36.701 0.0000000000
106649  46.332  34.147  37.003 0.0000000000
106651  44.950  34.741  37.705 0.0000000000
108645  39.539  37.769  39.527 0.0000000000
108012  38.957  36.457  38.220 0.0000000000
107319  39.753  36.253  40.117 0.0000000000
106568  43.443  34.462  42.875 0.0000000000
106598  42.522  34.154  41.142 0.0000000000
106580  44.542  34.338  41.772 0.0000000000
105835  45.714  33.688  40.488 0.0000000000
105036  45.460  33.237  41.062 0.0000000000
105061  43.994  32.366  39.746 0.0000000000
105038  44.020  32.294  41.871 0.0000000000
102921  41.500  30.117  43.209 0.0000000000
102933  42.365  29.778  42.454 0.0000000000
111984  41.480  42.408  28.341 0.0000000000
111982  43.609  42.847  28.104 0.0000000000
111965  43.317  42.768  28.891 0.0000000000
112573  39.642  44.015  33.803 0.0000000000
112588  39.369  43.559  32.858 0.0000000000
112571  41.554  43.387  33.955 0.0000000000
111341  44.636  41.258  31.869 0.0000000000
111913  45.208  42.577  32.694 0.0000000000
111355  45.367  41.657  31.089 0.0000000000
111365  45.747  41.740  29.733 0.0000000000
110762  45.199  40.342  28.993 0.0000000000
110095  46.115  39.575  28.181 0.0000000000
109389  44.438  38.353  28.475 0.0000000000
108103  44.998  36.568  30.675 0.0000000000
108114  45.589  36.304  29.584 0.0000000000
108102  46.361  36.303  30.682 0.0000000000
106738  48.090  34.592  30.634 0.0000000000
105134  48.002  32.806  33.876 0.0000000000
104414  46.469  31.585  34.100 0.0000000000
104413  47.396  31.444  33.776 0.0000000000
102420  48.289  28.144  30.312 0.0000000000
103085  47.206  28.976  30.586 0.0000000000
102423  46.165  28.193  29.638 0.0000000000
101753  44.673  27.690  29.095 0.0000000000
101763  45.208  27.189  28.756 0.0000000000
100980  43.255  26.507  33.197 0.0000000000
101717  44.814  27.019  32.482 0.0000000000
100998  43.510  26.308  32.317 0.0000000000
105148  40.688  32.778  33.128 0.0000000000
103741  39.746  30.676  32.624 0.0000000000
104425  41.271  31.802  33.041 0.0000000000
104424  42.163  31.516  33.149 0.0000000000
103051  43.212  29.925  32.273 0.0000000000
105188  47.859  32.822  28.013 0.0000000000
105927  40.388  33.740  32.880 0.0000000000
100951  41.931  26.655  39.051 0.0000000000
100955  40.919  26.643  37.250 0.0000000000
99568  42.063  24.902  38.360 0.0000000000
98867  43.022  23.462  37.239 0.0000000000
108092  44.356  36.650  31.636 0.0000000000
108069  45.227  36.557  33.529 0.0000000000
108071  43.032  36.407  33.438 0.0000000000
107401  42.926  36.047  34.799 0.0000000000
107389  42.305  35.354  35.646 0.0000000000
108612  40.166  37.685  42.509 0.0000000000
107983  40.597  37.036  41.586 0.0000000000
107970  41.238  36.324  42.913 0.0000000000
107269  42.129  35.096  43.501 0.0000000000
105804  43.021  33.550  43.690 0.0000000000
105015  43.389  32.561  43.219 0.0000000000
105016  42.505  32.665  43.257 0.0000000000
104298  41.214  31.383  42.754 0.0000000000
102923  40.283  30.342  43.058 0.0000000000
111969  39.412  42.929  29.663 0.0000000000
112548  43.268  43.823  35.691 0.0000000000
112556  44.064  43.430  34.755 0.0000000000
111285  44.063  42.576  35.157 0.0000000000
111328  42.941  40.933  32.603 0.0000000000
110747  42.918  40.260  30.514 0.0000000000
109383  43.363  38.746  29.289 0.0000000000
108740  42.425  38.365  30.089 0.0000000000
108105  42.865  37.020  30.652 0.0000000000
105121  49.435  31.926  34.998 0.0000000000
103719  48.862  30.710  33.278 0.0000000000
103718  49.726  30.287  33.478 0.0000000000
101712  49.773  27.943  32.559 0.0000000000
101728  47.773  27.063  31.470 0.0000000000
98902  41.358  23.438  31.528 0.0000000000
99617  42.304  24.553  31.330 0.0000000000
101733  39.125  27.095  31.920 0.0000000000
103076  40.062  29.440  31.852 0.0000000000
101732  39.725  27.661  31.525 0.0000000000
101015  39.446  26.661  31.200 0.0000000000
101027  40.383  26.709  29.927 0.0000000000
101037  40.669  26.327  29.140 0.0000000000
101046  41.711  26.352  28.094 0.0000000000
109422  48.190  38.153  25.759 0.0000000000
108177  46.786  35.263  25.213 0.0000000000
110672  39.804  40.209  35.440 0.0000000000
109332  38.806  38.638  35.699 0.0000000000
110653  39.848  40.063  37.269 0.0000000000
110635  39.700  39.835  38.812 0.0000000000
109962  40.295  39.687  40.949 0.0000000000
109949  39.498  39.684  41.880 0.0000000000
109260  38.928  38.362  42.261 0.0000000000
113791  37.495  45.801  31.640 0.0000000000
113774  37.988  45.242  32.843 0.0000000000
113755  39.831  45.793  34.947 0.0000000000
113746  41.582  45.832  35.906 0.0000000000
112537  42.612  44.207  36.789 0.0000000000
111277  41.628  42.274  37.059 0.0000000000
104397  44.639  31.324  35.964 0.0000000000
103014  45.153  29.854  35.218 0.0000000000
103015  44.198  29.657  35.241 0.0000000000
101682  42.853  27.673  34.596 0.0000000000
100982  41.853  25.766  33.924 0.0000000000
100270  40.946  25.765  36.261 0.0000000000
100272  41.453  25.166  34.459 0.0000000000
99592  41.437  24.202  33.030 0.0000000000
106725  46.463  34.366  31.582 0.0000000000
106701  45.658  34.018  33.257 0.0000000000
106709  47.422  34.516  32.627 0.0000000000
106699  47.692  34.467  33.178 0.0000000000
106694  48.237  34.435  34.339 0.0000000000
108058  46.178  36.019  34.225 0.0000000000
107383  47.422  35.343  34.723 0.0000000000
106686  48.245  33.965  35.005 0.0000000000
105898  47.833  33.357  36.199 0.0000000000
105100  47.864  32.321  36.967 0.0000000000
105101  46.754  32.750  37.554 0.0000000000
108049  39.075  36.809  35.741 0.0000000000
107391  40.537  35.364  36.268 0.0000000000
106674  42.092  34.590  37.183 0.0000000000
106600  40.724  35.258  40.553 0.0000000000
105865  42.247  33.893  39.210 0.0000000000
106634  43.947  34.495  38.813 0.0000000000
106613  46.208  34.279  39.253 0.0000000000
105058  46.247  33.194  38.880 0.0000000000
104375  45.649  32.255  37.352 0.0000000000
104377  44.173  32.130  37.745 0.0000000000
103671  42.350  31.004  38.539 0.0000000000
103656  41.606  30.162  38.958 0.0000000000
103639  43.036  31.058  41.705 0.0000000000
102965  42.335  29.400  40.438 0.0000000000
102317  42.103  28.436  39.888 0.0000000000
101655  42.308  27.517  40.139 0.0000000000
112686  43.648  43.410  26.819 0.0000000000
112672  44.794  43.707  27.707 0.0000000000
111993  46.053  42.845  27.607 0.0000000000
112569  43.819  43.308  33.706 0.0000000000
111933  43.161  42.556  30.664 0.0000000000
112633  45.157  43.218  29.865 0.0000000000
111964  45.764  42.729  29.400 0.0000000000
111372  46.300  41.566  28.552 0.0000000000
110094  47.107  39.608  27.811 0.0000000000
109399  47.010  38.138  27.437 0.0000000000
108133  46.938  36.356  27.516 0.0000000000
108124  44.799  36.750  28.927 0.0000000000
108123  45.757  36.386  28.422 0.0000000000
106767  47.907  34.537  28.288 0.0000000000
106750  48.336  34.402  29.493 0.0000000000
106739  47.311  34.312  30.789 0.0000000000
105137  45.060  32.666  33.956 0.0000000000
103723  44.570  31.021  33.423 0.0000000000
103050  44.238  29.909  32.167 0.0000000000
103047  47.490  29.495  32.040 0.0000000000
103070  45.734  29.417  31.308 0.0000000000
103088  44.076  29.197  30.712 0.0000000000
102426  43.018  28.081  29.716 0.0000000000
101765  43.188  27.021  28.577 0.0000000000
102351  46.233  28.584  34.062 0.0000000000
101715  46.710  27.284  32.229 0.0000000000
101011  46.377  26.834  31.069 0.0000000000
100317  43.594  24.964  30.214 0.0000000000
101034  45.729  26.665  29.266 0.0000000000
98864  45.591  22.830  38.074 0.0000000000
98162  46.233  22.471  36.355 0.0000000000
106703  43.812  34.194  33.087 0.0000000000
105916  43.042  33.594  33.434 0.0000000000
106702  44.752  34.095  33.165 0.0000000000
106726  45.516  34.338  31.506 0.0000000000
106727  44.520  34.486  31.448 0.0000000000
106713  43.676  34.523  32.294 0.0000000000
108718  39.738  37.543  32.983 0.0000000000
108074  39.817  36.926  33.350 0.0000000000
108707  39.371  37.462  33.804 0.0000000000
110045  39.539  39.668  33.566 0.0000000000
110044  39.862  40.053  33.112 0.0000000000
110063  39.748  38.983  32.755 0.0000000000
108722  40.194  37.741  32.192 0.0000000000
103690  47.440  31.243  36.173 0.0000000000
103699  47.911  30.444  35.749 0.0000000000
103700  46.894  30.616  35.721 0.0000000000
103742  38.727  30.507  32.729 0.0000000000
103074  41.729  29.313  31.351 0.0000000000
103090  42.366  29.138  31.063 0.0000000000
103089  43.045  29.075  30.937 0.0000000000
106796  48.024  35.230  26.705 0.0000000000
106805  48.075  34.333  25.804 0.0000000000
106016  48.192  33.478  26.237 0.0000000000
112511  40.251  43.441  38.607 0.0000000000
112498  40.623  43.156  39.297 0.0000000000
111850  39.654  42.983  38.851 0.0000000000
112538  39.857  43.621  36.975 0.0000000000
112539  39.415  44.233  36.376 0.0000000000
113126  40.817  44.015  38.181 0.0000000000
102994  41.489  29.253  37.704 0.0000000000
103002  41.421  29.284  36.862 0.0000000000
102330  41.255  28.559  37.233 0.0000000000
98176  42.037  22.827  35.131 0.0000000000
108089  47.701  36.355  31.947 0.0000000000
108088  48.066  36.119  32.283 0.0000000000
107366  44.238  35.465  36.335 0.0000000000
107365  45.091  35.589  36.292 0.0000000000
107344  44.943  35.236  36.950 0.0000000000
106650  45.664  34.669  37.213 0.0000000000
108639  40.012  37.839  40.417 0.0000000000
107991  39.422  37.309  39.495 0.0000000000
107990  39.708  37.088  40.078 0.0000000000
106551  43.836  34.109  43.195 0.0000000000
106567  44.331  34.045  42.631 0.0000000000
105815  45.038  33.721  42.161 0.0000000000
105825  45.517  33.754  41.343 0.0000000000
105023  45.239  33.298  41.773 0.0000000000
105037  44.855  32.806  41.507 0.0000000000
105024  44.707  32.932  42.409 0.0000000000
102935  40.927  29.446  42.985 0.0000000000
111968  40.373  42.423  29.458 0.0000000000
111985  40.422  42.144  28.513 0.0000000000
111966  42.401  42.483  29.062 0.0000000000
112560  40.360  44.302  34.371 0.0000000000
112572  40.531  43.538  33.861 0.0000000000
112559  41.174  44.098  34.567 0.0000000000
110728  44.157  40.799  31.110 0.0000000000
111356  44.829  40.990  30.963 0.0000000000
110745  44.422  40.615  30.343 0.0000000000
110744  45.143  40.996  30.187 0.0000000000
110755  44.667  40.345  29.391 0.0000000000
110096  44.867  39.615  28.637 0.0000000000
110089  43.995  39.685  29.201 0.0000000000
108091  45.567  36.586  31.702 0.0000000000
108101  47.281  36.245  31.247 0.0000000000
107416  47.697  36.082  31.266 0.0000000000
105123  47.957  32.213  33.720 0.0000000000
104412  48.259  31.811  33.674 0.0000000000
101750  47.699  27.792  29.892 0.0000000000
102422  47.119  28.215  29.794 0.0000000000
101751  46.641  27.478  29.571 0.0000000000
101752  45.631  27.672  29.257 0.0000000000
101761  46.188  27.176  29.077 0.0000000000
100999  42.696  25.922  32.626 0.0000000000
105141  41.590  32.828  33.316 0.0000000000
104418  42.594  32.081  33.565 0.0000000000
104423  42.774  31.480  33.369 0.0000000000
103738  42.810  30.800  32.919 0.0000000000
103725  43.118  31.304  33.343 0.0000000000
105963  47.629  33.345  28.784 0.0000000000
105985  46.522  33.269  27.829 0.0000000000
105965  45.684  33.746  28.537 0.0000000000
106743  43.368  34.689  30.430 0.0000000000
106705  41.937  34.337  32.975 0.0000000000
106716  40.873  34.315  32.078 0.0000000000
100254  41.852  25.908  38.323 0.0000000000
98850  44.332  23.578  38.460 0.0000000000
99576  43.124  23.722  37.815 0.0000000000
98866  43.837  23.289  37.600 0.0000000000
98873  43.364  23.105  36.769 0.0000000000
98153  44.660  22.739  37.124 0.0000000000
112006  44.012  43.076  26.047 0.0000000000
112020  43.408  42.514  25.136 0.0000000000
108082  43.685  36.625  32.550 0.0000000000
108062  42.459  36.095  34.269 0.0000000000
107402  42.320  35.807  34.978 0.0000000000
107403  41.703  35.605  35.203 0.0000000000
107971  40.741  36.786  42.346 0.0000000000
107957  40.653  36.547  42.934 0.0000000000
106555  40.620  34.741  43.223 0.0000000000
107271  41.089  35.320  43.549 0.0000000000
106553  42.393  34.608  43.516 0.0000000000
105805  42.121  33.659  43.422 0.0000000000
104309  41.412  31.975  42.650 0.0000000000
104310  40.783  31.633  42.455 0.0000000000
103604  40.587  30.620  43.022 0.0000000000
103614  40.100  30.783  42.732 0.0000000000
111877  43.163  43.010  35.846 0.0000000000
111876  44.172  42.952  35.321 0.0000000000
111286  43.533  42.449  35.252 0.0000000000
110732  41.198  40.248  31.969 0.0000000000
110695  42.264  40.813  32.918 0.0000000000
110711  42.337  40.579  32.142 0.0000000000
110730  42.410  40.330  31.253 0.0000000000
110083  42.196  39.840  30.609 0.0000000000
109378  42.061  38.986  30.195 0.0000000000
109379  41.352  38.698  30.638 0.0000000000
108094  42.224  37.003  31.530 0.0000000000
108106  42.259  37.403  30.876 0.0000000000
108093  43.221  36.636  31.557 0.0000000000
105118  49.253  31.707  35.638 0.0000000000
104410  49.417  31.246  34.390 0.0000000000
103711  49.541  30.417  34.601 0.0000000000
102349  48.591  28.530  33.943 0.0000000000
102347  49.900  28.688  33.756 0.0000000000
102362  49.108  28.032  33.241 0.0000000000
101713  49.082  27.620  32.447 0.0000000000
102381  48.459  27.801  32.736 0.0000000000
101000  38.428  26.813  32.403 0.0000000000
101718  39.284  27.678  32.039 0.0000000000
103740  40.722  30.843  32.580 0.0000000000
103054  40.265  30.019  32.106 0.0000000000
102397  40.067  28.742  31.593 0.0000000000
101744  40.119  27.121  30.726 0.0000000000
101028  39.616  26.306  30.308 0.0000000000
101757  41.042  27.144  29.535 0.0000000000
101036  41.385  26.687  28.874 0.0000000000
101047  40.865  26.107  28.278 0.0000000000
109397  48.278  38.806  26.961 0.0000000000
109409  48.279  38.188  26.322 0.0000000000
106819  46.842  34.047  24.927 0.0000000000
107469  47.268  34.870  25.198 0.0000000000
107482  46.791  34.678  25.116 0.0000000000
106031  45.198  33.381  24.678 0.0000000000
110652  40.368  40.815  36.936 0.0000000000
110662  39.840  40.156  36.338 0.0000000000
110634  40.114  40.500  39.173 0.0000000000
109973  40.183  39.685  40.121 0.0000000000
110607  39.151  40.344  41.557 0.0000000000
109936  39.240  38.985  42.146 0.0000000000
114395  37.711  46.209  30.931 0.0000000000
113807  37.308  45.952  31.033 0.0000000000
113775  37.474  45.677  32.641 0.0000000000
113764  37.681  45.831  33.574 0.0000000000
113763  38.490  45.646  33.907 0.0000000000
113733  39.764  45.873  36.437 0.0000000000
114341  39.709  46.303  36.130 0.0000000000
114354  40.633  46.219  35.766 0.0000000000
113731  41.313  45.923  36.580 0.0000000000
113153  42.530  44.888  36.501 0.0000000000
113730  42.077  45.432  36.999 0.0000000000
111860  41.977  43.004  37.708 0.0000000000
111278  41.010  41.542  36.457 0.0000000000
104390  43.759  31.373  36.629 0.0000000000
103702  44.530  30.461  35.549 0.0000000000
103693  43.079  30.788  35.884 0.0000000000
101677  41.800  27.846  35.491 0.0000000000
102340  42.822  28.455  35.220 0.0000000000
101676  42.464  28.018  35.075 0.0000000000
100970  42.274  26.573  34.287 0.0000000000
100257  41.158  25.880  37.467 0.0000000000
100265  40.850  25.992  36.707 0.0000000000
100264  41.085  25.349  36.648 0.0000000000
99588  41.389  24.352  35.004 0.0000000000
99590  41.432  24.259  33.960 0.0000000000
98882  41.328  23.436  33.379 0.0000000000
98891  41.281  23.442  32.469 0.0000000000
98199  41.233  22.683  32.780 0.0000000000
106710  46.546  34.292  32.576 0.0000000000
107406  48.028  35.462  33.146 0.0000000000
106708  47.985  35.014  32.808 0.0000000000
106698  48.089  34.644  33.541 0.0000000000
107398  48.133  35.238  33.825 0.0000000000
108068  46.200  36.403  33.527 0.0000000000
108059  45.494  36.340  34.293 0.0000000000
107363  46.475  35.386  35.648 0.0000000000
107384  46.649  35.604  34.919 0.0000000000
106688  47.041  35.229  35.374 0.0000000000
106687  47.697  34.650  35.197 0.0000000000
105905  47.919  33.845  35.522 0.0000000000
105904  48.424  33.198  35.402 0.0000000000
106670  47.402  34.043  35.898 0.0000000000
105883  46.743  33.589  37.476 0.0000000000
105882  47.453  33.093  37.002 0.0000000000
104374  47.575  32.047  37.067 0.0000000000
109319  38.954  38.634  36.923 0.0000000000
109333  38.791  37.697  35.787 0.0000000000
108666  38.669  37.313  36.885 0.0000000000
107348  39.599  35.444  38.013 0.0000000000
107370  40.090  35.305  36.904 0.0000000000
107369  41.081  34.660  36.849 0.0000000000
106655  41.290  34.286  37.932 0.0000000000
107305  41.338  35.539  41.619 0.0000000000
107306  40.651  36.035  41.106 0.0000000000
106599  41.467  34.974  41.066 0.0000000000
106597  43.677  34.254  40.981 0.0000000000
106617  42.740  34.044  39.988 0.0000000000
106635  42.822  34.012  38.929 0.0000000000
106633  44.908  34.650  38.708 0.0000000000
106615  44.839  34.516  39.740 0.0000000000
105047  45.561  33.219  40.165 0.0000000000
105848  45.995  33.567  39.822 0.0000000000
105059  45.943  33.063  39.303 0.0000000000
105077  46.140  32.814  38.491 0.0000000000
105078  45.428  32.636  38.656 0.0000000000
105103  44.909  32.453  38.030 0.0000000000
105079  44.339  32.442  38.636 0.0000000000
104342  43.477  31.837  40.383 0.0000000000
105062  43.490  32.189  39.222 0.0000000000
104343  43.030  31.686  39.558 0.0000000000
103655  42.221  30.543  39.841 0.0000000000
104295  43.082  32.077  42.956 0.0000000000
104307  43.204  31.907  42.750 0.0000000000
104308  42.870  31.282  42.455 0.0000000000
102950  42.490  29.308  41.515 0.0000000000
101656  41.948  27.588  39.425 0.0000000000
111998  40.418  42.212  27.629 0.0000000000
112011  38.681  42.380  26.562 0.0000000000
112010  39.722  42.257  26.600 0.0000000000
112008  41.795  42.632  26.449 0.0000000000
111981  44.280  43.286  28.118 0.0000000000
111995  43.882  43.195  27.588 0.0000000000
112671  45.750  43.350  27.391 0.0000000000
112652  45.398  43.299  28.618 0.0000000000
111886  44.866  42.825  34.517 0.0000000000
112568  44.664  43.205  34.100 0.0000000000
112604  45.078  42.860  32.152 0.0000000000
112586  43.962  42.980  32.385 0.0000000000
112605  44.675  43.018  31.764 0.0000000000
112618  44.613  43.075  30.659 0.0000000000
112619  43.902  42.922  30.241 0.0000000000
111364  46.159  41.676  29.121 0.0000000000
111979  46.135  42.109  28.573 0.0000000000
110760  46.738  40.552  28.307 0.0000000000
109388  45.494  38.447  27.908 0.0000000000
109387  46.550  38.800  27.668 0.0000000000
109400  46.266  37.993  27.551 0.0000000000
108756  46.629  37.297  27.567 0.0000000000
108134  46.251  36.661  27.788 0.0000000000
108749  43.513  38.054  29.248 0.0000000000
109390  43.812  38.299  28.912 0.0000000000
108748  43.985  37.517  29.069 0.0000000000
107432  46.514  35.796  29.381 0.0000000000
107433  45.965  36.038  29.034 0.0000000000
107437  46.179  35.912  28.769 0.0000000000
107436  46.645  35.662  28.288 0.0000000000
106751  48.230  34.590  28.998 0.0000000000
107430  48.212  34.800  29.408 0.0000000000
106700  46.360  33.918  33.315 0.0000000000
105913  45.812  33.437  33.767 0.0000000000
103722  45.609  30.827  33.594 0.0000000000
104415  45.316  31.721  33.961 0.0000000000
103736  44.891  30.344  32.857 0.0000000000
103732  49.267  29.813  32.710 0.0000000000
103733  48.221  29.951  32.748 0.0000000000
103046  48.594  29.377  31.962 0.0000000000
103086  46.208  29.056  30.593 0.0000000000
103069  46.811  29.283  31.262 0.0000000000
103087  45.154  29.095  30.664 0.0000000000
103071  44.669  29.508  31.377 0.0000000000
102410  44.604  28.621  30.157 0.0000000000
102411  43.477  28.648  30.245 0.0000000000
101764  44.212  27.156  28.554 0.0000000000
101754  43.652  27.612  29.103 0.0000000000
101045  42.593  26.570  27.934 0.0000000000
103030  44.571  29.161  34.766 0.0000000000
103029  45.666  29.210  34.621 0.0000000000
101716  45.652  27.268  32.279 0.0000000000
101730  45.754  26.959  31.539 0.0000000000
100995  46.632  27.038  31.668 0.0000000000
101012  45.429  26.587  30.982 0.0000000000
99628  42.540  24.410  30.395 0.0000000000
100318  43.134  24.864  30.744 0.0000000000
99627  43.131  24.709  30.091 0.0000000000
105917  42.142  33.642  33.358 0.0000000000
105139  43.217  32.768  33.627 0.0000000000
106752  46.093  34.178  29.911 0.0000000000
106753  45.246  34.257  29.597 0.0000000000
106742  44.364  34.467  30.511 0.0000000000
106729  42.549  34.727  31.277 0.0000000000
106714  42.711  34.582  32.200 0.0000000000
108084  41.435  36.816  32.366 0.0000000000
108073  40.606  36.538  33.254 0.0000000000
107284  39.290  36.200  42.373 0.0000000000
107948  40.324  36.140  43.153 0.0000000000
107283  39.843  35.813  42.961 0.0000000000
105807  40.739  34.156  42.695 0.0000000000
110670  41.154  41.272  34.862 0.0000000000
111298  41.925  41.497  34.533 0.0000000000
110681  41.156  41.157  33.929 0.0000000000
110713  40.837  40.329  32.428 0.0000000000
110078  40.829  39.726  31.492 0.0000000000
109380  40.969  38.715  30.862 0.0000000000
108728  40.441  38.227  31.604 0.0000000000
108721  40.916  37.312  31.966 0.0000000000
103688  48.946  30.914  36.207 0.0000000000
103697  49.275  30.655  35.527 0.0000000000
103698  48.758  30.409  35.715 0.0000000000
103011  48.495  29.725  35.259 0.0000000000
103027  48.035  29.081  34.700 0.0000000000
102396  41.131  28.670  31.139 0.0000000000
101743  40.761  27.516  30.253 0.0000000000
102413  41.148  28.157  30.529 0.0000000000
102427  42.176  27.944  29.676 0.0000000000
108769  47.941  37.528  26.666 0.0000000000
108146  48.488  36.540  25.998 0.0000000000
107454  48.252  35.523  26.099 0.0000000000
106806  47.488  34.170  25.283 0.0000000000
106029  47.065  33.313  24.920 0.0000000000
105151  37.846  32.405  32.314 0.0000000000
103743  37.553  30.387  32.942 0.0000000000
111269  41.408  42.288  38.166 0.0000000000
111264  40.741  41.569  38.635 0.0000000000
111263  41.187  42.314  39.074 0.0000000000
111836  40.670  42.614  39.585 0.0000000000
113168  38.239  44.931  35.255 0.0000000000
113749  38.488  45.738  35.605 0.0000000000
113156  39.091  44.967  35.884 0.0000000000
113155  39.855  44.857  36.631 0.0000000000
113154  40.369  45.431  36.785 0.0000000000
113139  41.616  44.717  37.670 0.0000000000
113125  41.153  44.097  38.214 0.0000000000
111849  41.591  42.981  38.624 0.0000000000
103684  42.072  30.641  37.248 0.0000000000
103694  42.303  30.422  36.234 0.0000000000
103695  41.743  29.918  36.578 0.0000000000
102333  41.549  28.597  36.372 0.0000000000
100960  41.198  27.020  36.223 0.0000000000
99584  42.013  23.759  36.615 0.0000000000
98877  42.128  23.145  35.711 0.0000000000
98187  41.715  22.815  34.494 0.0000000000
106723  47.953  35.048  31.932 0.0000000000
108078  47.920  36.255  32.845 0.0000000000
108066  47.713  36.124  33.272 0.0000000000
108046  44.212  36.272  35.033 0.0000000000
108045  44.998  36.203  35.004 0.0000000000
107386  45.380  35.829  35.600 0.0000000000
107364  45.903  35.360  36.273 0.0000000000
106672  46.159  34.764  36.664 0.0000000000
106631  46.409  34.186  38.202 0.0000000000
109308  39.178  38.380  37.945 0.0000000000
108665  38.895  37.407  37.729 0.0000000000
108653  39.177  37.550  38.756 0.0000000000
107331  39.407  35.787  39.194 0.0000000000
107330  40.128  34.997  39.004 0.0000000000
106582  42.449  34.922  42.234 0.0000000000
106581  43.538  34.358  42.014 0.0000000000
106596  44.765  34.530  40.826 0.0000000000
106595  45.586  34.207  40.465 0.0000000000
106579  45.236  34.232  41.561 0.0000000000
105048  44.913  32.791  40.538 0.0000000000
105049  44.061  32.369  40.911 0.0000000000
102920  42.179  30.229  43.031 0.0000000000
103612  42.480  30.739  42.629 0.0000000000
111986  39.525  42.300  28.483 0.0000000000
111382  39.785  41.807  28.000 0.0000000000
111997  41.631  42.696  27.429 0.0000000000
111983  42.597  42.671  28.164 0.0000000000
112654  44.080  43.098  28.849 0.0000000000
113188  38.542  44.745  33.124 0.0000000000
112589  38.855  44.167  32.519 0.0000000000
112574  39.019  44.202  33.274 0.0000000000
111903  40.335  43.150  33.271 0.0000000000
111326  44.832  41.510  33.015 0.0000000000
111898  45.194  42.456  33.360 0.0000000000
111340  45.343  41.855  32.313 0.0000000000
111932  45.369  42.507  31.678 0.0000000000
111950  45.492  42.579  30.513 0.0000000000
110754  45.510  40.791  29.392 0.0000000000
110761  45.777  40.364  28.749 0.0000000000
108104  43.841  36.725  30.705 0.0000000000
108115  44.273  36.787  29.764 0.0000000000
108113  46.296  36.128  29.922 0.0000000000
107425  46.690  36.054  30.079 0.0000000000
107423  48.228  35.169  30.055 0.0000000000
107424  47.450  35.862  30.399 0.0000000000
105135  47.191  32.945  33.944 0.0000000000
105136  46.200  32.641  34.106 0.0000000000
105125  46.919  32.304  34.140 0.0000000000
104403  47.235  31.911  34.045 0.0000000000
103721  46.713  30.727  33.513 0.0000000000
103067  48.857  28.929  31.108 0.0000000000
103068  47.880  29.308  31.130 0.0000000000
103084  48.070  29.011  30.523 0.0000000000
102408  46.662  28.638  30.088 0.0000000000
102424  45.144  28.174  29.609 0.0000000000
101681  44.144  27.837  34.129 0.0000000000
101697  44.890  27.646  33.364 0.0000000000
100979  44.110  26.825  32.900 0.0000000000
100997  44.342  26.535  32.047 0.0000000000
104426  40.200  31.725  32.900 0.0000000000
104419  41.972  32.200  33.330 0.0000000000
103739  41.713  30.829  32.642 0.0000000000
105202  48.179  33.001  27.560 0.0000000000
105203  47.749  32.704  27.054 0.0000000000
105986  45.564  33.288  27.380 0.0000000000
106768  44.763  34.137  28.923 0.0000000000
106730  41.545  34.642  31.211 0.0000000000
105935  40.184  33.876  32.033 0.0000000000
105928  39.697  33.525  32.478 0.0000000000
105149  39.683  32.739  32.812 0.0000000000
113179  37.892  44.321  34.945 0.0000000000
112561  38.332  43.744  35.199 0.0000000000
111879  39.293  43.266  36.212 0.0000000000
101661  41.556  27.622  38.573 0.0000000000
101664  41.189  27.767  37.683 0.0000000000
100954  41.360  26.819  37.962 0.0000000000
99569  41.500  25.332  38.013 0.0000000000
99578  41.431  24.856  37.465 0.0000000000
99577  42.356  24.048  37.416 0.0000000000
98874  42.587  23.316  36.439 0.0000000000
98165  43.280  22.766  36.144 0.0000000000
108080  45.976  36.623  32.689 0.0000000000
108081  44.836  36.632  32.624 0.0000000000
108070  44.154  36.561  33.513 0.0000000000
108061  43.543  36.256  34.424 0.0000000000
107388  43.408  35.830  35.442 0.0000000000
107367  43.195  35.094  36.583 0.0000000000
108626  40.576  37.861  41.930 0.0000000000
108638  40.494  37.867  41.126 0.0000000000
107295  41.500  35.782  42.401 0.0000000000
107947  40.849  35.941  43.389 0.0000000000
107282  41.571  35.809  43.186 0.0000000000
107294  42.293  35.329  42.821 0.0000000000
106569  42.728  34.871  43.115 0.0000000000
106552  43.343  34.276  43.519 0.0000000000
105803  43.915  33.549  43.332 0.0000000000
105014  44.265  32.895  43.110 0.0000000000
104296  42.613  31.655  42.883 0.0000000000
104297  41.827  31.695  42.976 0.0000000000
103602  41.934  30.846  42.965 0.0000000000
103603  41.217  30.800  43.026 0.0000000000
102922  40.710  30.175  43.195 0.0000000000
113165  42.425  44.943  35.650 0.0000000000
112557  42.999  43.818  34.874 0.0000000000
112547  44.374  43.248  35.090 0.0000000000
111875  44.733  43.041  35.047 0.0000000000
111295  44.729  42.491  34.365 0.0000000000
111297  43.099  41.617  34.541 0.0000000000
111313  43.097  41.213  33.384 0.0000000000
111312  44.140  41.431  33.812 0.0000000000
111327  43.893  40.987  32.691 0.0000000000
110729  43.361  40.577  31.186 0.0000000000
110757  43.280  40.221  30.100 0.0000000000
110090  42.943  39.679  29.807 0.0000000000
109384  42.712  38.711  29.782 0.0000000000
108739  42.991  37.772  29.829 0.0000000000
108732  41.924  38.002  30.529 0.0000000000
108731  42.496  37.528  30.459 0.0000000000
108116  43.491  37.057  30.090 0.0000000000
105132  49.284  32.033  34.343 0.0000000000
104411  49.136  31.482  33.842 0.0000000000
103731  49.854  29.639  32.739 0.0000000000
103025  49.860  29.285  33.983 0.0000000000
103034  50.073  29.209  32.917 0.0000000000
102418  50.066  27.788  30.789 0.0000000000
101739  48.537  27.535  30.522 0.0000000000
101023  47.395  27.115  30.449 0.0000000000
99605  41.622  24.246  32.087 0.0000000000
100295  42.218  25.043  32.048 0.0000000000
99604  41.951  24.518  31.646 0.0000000000
101016  38.750  26.220  31.674 0.0000000000
102383  39.336  28.298  32.144 0.0000000000
101029  38.889  25.836  30.758 0.0000000000
100327  40.063  25.732  28.493 0.0000000000
108786  48.306  37.249  25.899 0.0000000000
108787  47.892  37.177  25.612 0.0000000000
105221  46.695  32.467  25.674 0.0000000000
105222  45.694  32.346  25.324 0.0000000000
110025  39.270  39.525  34.867 0.0000000000
109348  39.002  38.500  34.297 0.0000000000
110011  39.392  39.591  35.786 0.0000000000
110000  39.367  39.400  36.595 0.0000000000
109991  39.429  39.293  37.565 0.0000000000
110644  40.349  40.717  37.972 0.0000000000
110645  39.805  39.958  38.211 0.0000000000
109982  39.441  39.283  38.482 0.0000000000
109974  39.658  39.477  39.330 0.0000000000
109293  39.844  38.704  40.025 0.0000000000
109282  40.361  38.755  41.365 0.0000000000
109935  39.859  39.011  42.230 0.0000000000
109259  39.600  38.400  42.430 0.0000000000
108613  39.243  37.642  42.504 0.0000000000
113790  38.387  45.706  31.437 0.0000000000
113187  39.128  44.871  33.784 0.0000000000
113178  39.793  44.919  34.413 0.0000000000
113177  40.749  45.065  34.961 0.0000000000
114357  38.047  46.127  35.428 0.0000000000
114365  39.262  46.315  34.929 0.0000000000
113748  40.356  46.048  35.425 0.0000000000
113166  41.480  45.404  35.422 0.0000000000
111878  42.625  42.938  36.211 0.0000000000
112523  42.334  44.183  37.386 0.0000000000
111867  42.321  42.935  36.750 0.0000000000
111288  40.979  41.329  35.606 0.0000000000
110683  39.756  40.324  34.524 0.0000000000
104396  45.371  31.604  36.263 0.0000000000
103701  45.663  30.895  35.713 0.0000000000
103031  43.923  29.179  34.964 0.0000000000
103017  42.616  29.162  35.711 0.0000000000
102339  43.287  28.725  35.109 0.0000000000
102353  43.655  28.550  34.749 0.0000000000
101699  42.924  26.801  33.890 0.0000000000
101665  40.983  27.239  37.317 0.0000000000
100967  41.415  26.629  35.505 0.0000000000
100269  41.179  25.495  35.609 0.0000000000
100971  41.594  26.132  34.747 0.0000000000
100280  41.567  24.977  33.517 0.0000000000
100296  41.699  24.819  32.738 0.0000000000
106711  45.604  34.276  32.437 0.0000000000
105926  46.899  34.047  33.049 0.0000000000
105925  47.291  34.091  33.214 0.0000000000
105911  47.683  33.755  33.573 0.0000000000
105910  48.222  33.657  34.008 0.0000000000
108067  47.149  36.053  33.587 0.0000000000
107408  47.492  35.750  33.786 0.0000000000
108044  45.719  36.066  34.924 0.0000000000
108057  46.578  35.762  34.380 0.0000000000
107399  47.773  35.522  34.066 0.0000000000
106695  48.003  35.130  34.457 0.0000000000
105908  48.436  33.409  34.572 0.0000000000
105122  48.936  32.593  34.801 0.0000000000
105119  48.908  32.322  35.670 0.0000000000
104395  48.973  31.802  36.130 0.0000000000
106648  47.094  33.818  36.645 0.0000000000
105113  48.038  32.726  36.615 0.0000000000
105099  48.314  31.930  36.747 0.0000000000
104373  48.112  31.832  36.832 0.0000000000
104387  46.967  31.892  36.931 0.0000000000
108691  39.118  37.323  35.069 0.0000000000
108048  39.867  35.965  35.651 0.0000000000
108013  38.833  36.720  37.264 0.0000000000
107390  41.127  35.371  35.689 0.0000000000
107368  42.059  34.817  36.380 0.0000000000
107346  43.662  34.769  37.260 0.0000000000
107307  40.101  36.610  40.536 0.0000000000
107318  40.142  35.444  40.032 0.0000000000
106619  40.661  34.610  40.016 0.0000000000
106618  41.670  33.967  39.949 0.0000000000
106637  40.919  34.310  38.928 0.0000000000
106654  42.124  34.235  37.949 0.0000000000
106653  43.076  34.576  37.669 0.0000000000
106652  44.141  34.646  37.850 0.0000000000
106632  45.720  34.545  38.476 0.0000000000
106594  45.943  34.202  39.817 0.0000000000
105847  46.448  33.711  39.108 0.0000000000
105076  46.402  33.220  38.479 0.0000000000
105114  46.321  32.326  37.277 0.0000000000
104388  45.870  32.121  36.879 0.0000000000
104389  44.837  31.779  36.830 0.0000000000
104378  43.005  31.475  37.528 0.0000000000
105080  43.772  32.330  39.033 0.0000000000
104357  43.377  32.125  38.535 0.0000000000
103672  41.702  30.056  38.056 0.0000000000
102982  41.602  29.295  38.571 0.0000000000
105025  43.898  32.309  42.702 0.0000000000
104330  43.345  31.554  41.229 0.0000000000
103625  42.818  30.691  42.048 0.0000000000
103640  42.777  30.507  41.051 0.0000000000
102981  41.862  29.388  39.481 0.0000000000
102318  41.732  28.463  39.027 0.0000000000
100950  42.531  26.383  39.591 0.0000000000
100238  42.835  26.093  39.779 0.0000000000
111996  42.919  43.166  27.259 0.0000000000
112674  43.644  43.404  27.228 0.0000000000
112685  44.389  43.696  26.755 0.0000000000
112684  45.191  43.735  26.683 0.0000000000
111380  46.130  42.310  27.683 0.0000000000
111954  40.297  42.527  30.535 0.0000000000
111953  41.271  42.325  30.279 0.0000000000
112558  42.123  43.937  34.664 0.0000000000
112570  42.629  43.436  33.860 0.0000000000
112585  44.801  42.979  32.938 0.0000000000
111934  42.193  42.355  31.029 0.0000000000
111952  42.295  42.359  30.005 0.0000000000
111951  43.181  42.670  29.723 0.0000000000
112634  44.436  43.212  29.668 0.0000000000
111980  45.950  42.661  28.343 0.0000000000
111373  46.060  41.950  28.129 0.0000000000
111379  46.761  41.422  27.478 0.0000000000
110767  47.176  40.663  27.734 0.0000000000
110102  47.292  38.898  27.501 0.0000000000
109398  47.764  38.377  27.171 0.0000000000
108132  47.674  36.691  26.990 0.0000000000
107445  47.693  35.740  27.110 0.0000000000
106784  47.880  34.830  27.353 0.0000000000
110097  44.066  38.962  28.853 0.0000000000
108747  44.931  37.371  28.283 0.0000000000
108122  46.314  36.162  27.924 0.0000000000
107435  47.445  35.168  27.928 0.0000000000
106783  48.187  34.125  27.670 0.0000000000
105983  48.284  33.537  28.039 0.0000000000
105962  48.266  33.562  28.895 0.0000000000
105949  47.824  33.633  29.673 0.0000000000
105948  48.236  33.991  29.916 0.0000000000
105941  47.942  34.021  30.267 0.0000000000
105942  47.349  33.889  30.198 0.0000000000
106740  46.463  34.181  30.592 0.0000000000
105914  44.874  33.446  33.612 0.0000000000
105138  44.112  32.685  33.642 0.0000000000
104416  44.318  31.849  33.644 0.0000000000
103724  43.650  31.200  33.297 0.0000000000
103737  43.867  30.483  32.861 0.0000000000
103072  43.635  29.517  31.491 0.0000000000
103720  47.803  30.783  33.296 0.0000000000
103734  47.081  29.979  32.878 0.0000000000
103048  46.366  29.638  32.085 0.0000000000
103049  45.284  29.818  32.100 0.0000000000
102425  44.088  28.229  29.556 0.0000000000
101755  42.678  27.435  29.228 0.0000000000
101766  42.233  26.856  28.714 0.0000000000
103013  46.284  29.879  35.264 0.0000000000
103028  46.860  29.237  34.610 0.0000000000
102350  47.427  28.623  33.949 0.0000000000
102365  45.696  28.062  33.608 0.0000000000
101696  46.163  27.657  32.972 0.0000000000
101695  47.202  27.798  32.713 0.0000000000
100994  47.129  26.987  31.650 0.0000000000
101010  47.236  26.909  30.918 0.0000000000
101024  46.562  26.925  30.081 0.0000000000
100294  43.042  25.644  31.755 0.0000000000
100307  43.478  25.292  31.044 0.0000000000
100306  44.231  25.627  30.705 0.0000000000
99639  43.257  24.708  29.638 0.0000000000
101026  44.903  26.168  30.342 0.0000000000
101025  45.757  26.425  30.162 0.0000000000
101042  45.740  26.941  28.811 0.0000000000
101043  44.666  26.500  28.392 0.0000000000
98849  45.114  23.389  38.765 0.0000000000
98151  46.472  22.690  37.485 0.0000000000
98152  45.484  22.633  37.237 0.0000000000
98875  41.877  23.536  36.122 0.0000000000
98910  42.053  24.011  30.187 0.0000000000
99618  41.861  24.129  31.147 0.0000000000
100258  40.843  26.261  37.054 0.0000000000
100308  42.826  24.909  31.256 0.0000000000
100939  42.334  26.945  39.674 0.0000000000
100961  40.896  26.545  36.695 0.0000000000
100968  41.015  26.248  36.146 0.0000000000
100981  42.477  26.186  33.503 0.0000000000
100996  45.104  26.781  31.762 0.0000000000
101007  50.125  27.379  30.945 0.0000000000
101008  49.983  27.365  31.118 0.0000000000
101009  47.964  27.007  30.842 0.0000000000
101014  43.860  25.980  31.500 0.0000000000
101021  50.059  27.287  30.724 0.0000000000
101022  47.923  27.132  30.420 0.0000000000
101033  46.266  26.968  29.127 0.0000000000
101041  46.113  27.024  28.869 0.0000000000
101669  40.905  27.067  36.830 0.0000000000
101680  44.646  27.953  33.870 0.0000000000
101692  49.939  28.020  32.972 0.0000000000
101693  49.662  27.887  32.966 0.0000000000
101694  47.697  27.819  32.642 0.0000000000
101698  43.688  27.222  33.683 0.0000000000
101714  47.889  27.490  32.340 0.0000000000
101725  50.106  27.605  30.981 0.0000000000
101726  49.675  27.664  31.403 0.0000000000
101727  48.512  27.376  31.521 0.0000000000
101729  46.227  27.117  31.735 0.0000000000
101738  49.669  27.679  30.896 0.0000000000
101740  47.571  27.340  30.146 0.0000000000
101749  48.136  27.953  30.071 0.0000000000
101762  45.983  27.217  28.933 0.0000000000
102341  42.121  28.766  35.827 0.0000000000
102348  49.545  28.574  33.881 0.0000000000
102354  43.102  28.234  34.847 0.0000000000
102361  49.964  28.370  33.236 0.0000000000
102364  46.776  28.209  33.333 0.0000000000
102366  45.168  28.036  33.682 0.0000000000
102380  49.884  28.396  32.235 0.0000000000
102382  48.112  27.837  32.642 0.0000000000
102392  49.988  27.764  31.191 0.0000000000
102393  49.739  28.192  31.347 0.0000000000
102394  49.420  28.440  31.016 0.0000000000
102403  50.016  27.896  30.986 0.0000000000
102404  49.750  27.967  30.842 0.0000000000
102405  48.880  28.272  30.748 0.0000000000
102406  48.182  28.573  30.344 0.0000000000
102407  47.524  28.636  30.174 0.0000000000
102419  50.037  27.599  30.608 0.0000000000
102421  47.869  28.272  29.969 0.0000000000
103006  42.147  29.662  35.950 0.0000000000
103007  41.809  29.247  36.227 0.0000000000
103010  49.374  29.849  35.084 0.0000000000
103016  43.380  29.202  35.314 0.0000000000
103066  49.458  28.657  31.347 0.0000000000
103083  48.494  28.751  30.643 0.0000000000
103613  40.758  31.042  42.835 0.0000000000
103624  42.977  31.091  41.975 0.0000000000
103692  45.867  31.576  36.207 0.0000000000
103703  43.659  30.119  35.589 0.0000000000
103704  42.841  29.891  35.717 0.0000000000
104320  43.248  31.478  42.137 0.0000000000
104321  42.937  31.171  42.195 0.0000000000
104356  43.932  32.293  38.290 0.0000000000
104372  48.310  31.721  36.644 0.0000000000
104376  45.214  32.209  37.419 0.0000000000
104384  48.938  31.172  36.302 0.0000000000
104385  48.554  31.528  36.423 0.0000000000
104386  47.860  31.583  36.662 0.0000000000
104398  43.867  30.951  35.724 0.0000000000
104400  49.419  31.211  35.220 0.0000000000
104401  48.043  32.004  33.670 0.0000000000
104402  47.758  31.970  33.771 0.0000000000
105102  45.844  32.403  37.707 0.0000000000
105104  44.458  32.385  38.127 0.0000000000
105112  48.494  32.184  36.472 0.0000000000
105115  46.035  32.303  37.315 0.0000000000
105124  47.523  32.372  33.913 0.0000000000
105174  48.197  33.351  28.527 0.0000000000
105175  48.047  33.175  28.484 0.0000000000
105187  48.173  33.183  28.264 0.0000000000
105219  48.118  32.986  26.777 0.0000000000
105220  47.678  32.701  26.071 0.0000000000
105234  46.425  32.673  24.957 0.0000000000
105834  46.099  33.996  39.888 0.0000000000
105849  42.197  33.909  39.589 0.0000000000
105850  41.946  33.875  39.392 0.0000000000
105864  42.499  33.954  39.413 0.0000000000
105897  48.353  32.744  36.093 0.0000000000
105940  48.160  34.216  30.236 0.0000000000
105951  46.159  33.856  29.272 0.0000000000
105964  46.722  33.479  28.703 0.0000000000
105984  47.244  33.145  28.130 0.0000000000
106017  47.727  33.395  25.496 0.0000000000
106566  44.925  34.156  42.123 0.0000000000
106614  45.612  34.447  39.463 0.0000000000
106636  41.817  33.951  38.856 0.0000000000
106673  42.610  34.762  36.932 0.0000000000
106675  41.637  34.435  37.444 0.0000000000
106706  41.151  34.300  32.842 0.0000000000
106766  48.378  34.112  28.580 0.0000000000
106795  48.135  34.400  26.651 0.0000000000
106820  46.054  34.104  24.917 0.0000000000
106821  45.571  33.768  24.866 0.0000000000
107270  41.773  35.242  43.499 0.0000000000
107281  42.147  35.351  43.260 0.0000000000
107296  40.991  36.495  41.889 0.0000000000
107298  38.584  35.886  41.798 0.0000000000
107400  47.154  35.631  34.209 0.0000000000
107412  48.091  35.926  32.997 0.0000000000
107446  47.142  35.649  27.663 0.0000000000
107483  46.463  34.708  25.182 0.0000000000
107946  41.302  35.703  43.412 0.0000000000
107956  41.187  36.146  43.261 0.0000000000
107984  40.269  37.086  40.837 0.0000000000
108001  39.259  36.811  39.339 0.0000000000
108002  39.251  37.358  39.207 0.0000000000
108026  39.287  35.992  37.040 0.0000000000
108027  38.990  36.614  36.422 0.0000000000
108042  46.439  35.745  34.707 0.0000000000
108043  46.227  35.853  34.786 0.0000000000
108047  40.652  35.723  35.290 0.0000000000
108077  48.127  36.132  32.560 0.0000000000
108095  41.474  37.281  31.655 0.0000000000
108147  48.179  36.427  26.464 0.0000000000
108161  48.183  36.278  25.688 0.0000000000
108162  47.435  35.919  25.314 0.0000000000
108176  47.112  35.189  25.189 0.0000000000
108646  39.380  37.523  39.344 0.0000000000
108654  39.287  37.598  39.127 0.0000000000
108677  38.778  37.262  36.140 0.0000000000
108692  38.913  37.271  35.669 0.0000000000
108717  40.132  37.097  32.818 0.0000000000
108723  39.740  37.965  32.696 0.0000000000
108726  41.784  37.503  31.171 0.0000000000
108733  41.314  38.214  30.807 0.0000000000
108755  47.370  37.408  27.242 0.0000000000
108768  48.309  37.188  26.201 0.0000000000
109258  40.032  38.484  42.433 0.0000000000
109269  40.273  38.622  42.143 0.0000000000
109283  40.286  38.457  40.711 0.0000000000
109300  39.377  38.549  39.037 0.0000000000
109320  38.696  37.936  36.447 0.0000000000
109372  39.802  38.346  32.537 0.0000000000
109374  41.035  38.402  30.921 0.0000000000
109375  40.647  38.674  31.180 0.0000000000
109937  38.842  38.840  42.027 0.0000000000
110062  40.070  39.780  32.598 0.0000000000
110076  42.110  40.047  30.984 0.0000000000
110077  41.753  39.957  31.107 0.0000000000
110085  40.950  39.097  30.860 0.0000000000
110088  44.480  39.934  29.008 0.0000000000
110100  48.307  39.347  27.008 0.0000000000
110605  40.175  40.280  41.164 0.0000000000
110661  40.338  40.845  35.988 0.0000000000
110671  40.390  40.796  35.124 0.0000000000
110680  42.175  41.127  33.769 0.0000000000
110697  40.231  40.582  33.262 0.0000000000
110698  39.772  40.521  33.862 0.0000000000
110710  43.124  40.784  31.929 0.0000000000
110712  41.611  40.489  32.380 0.0000000000
110731  41.660  40.265  31.695 0.0000000000
110746  43.654  40.458  30.499 0.0000000000
111251  40.960  42.410  39.467 0.0000000000
111296  44.304  42.340  34.708 0.0000000000
111310  45.178  42.217  33.462 0.0000000000
111325  45.299  42.072  33.176 0.0000000000
111342  43.841  40.925  31.757 0.0000000000
111374  40.182  41.961  28.331 0.0000000000
111375  39.944  41.900  28.318 0.0000000000
111381  40.131  41.855  28.113 0.0000000000
111835  41.204  42.849  39.308 0.0000000000
111859  42.366  43.659  37.221 0.0000000000
111866  42.741  43.509  36.426 0.0000000000
111887  44.639  42.821  34.977 0.0000000000
111899  45.057  42.825  33.694 0.0000000000
111914  45.101  42.742  33.193 0.0000000000
111963  46.188  42.148  29.026 0.0000000000
111994  44.286  43.512  27.679 0.0000000000
112497  41.000  43.105  39.432 0.0000000000
112499  40.192  43.237  39.084 0.0000000000
112510  40.673  43.632  38.701 0.0000000000
112525  40.600  43.814  38.208 0.0000000000
112546  44.608  43.201  35.017 0.0000000000
112549  39.434  43.592  36.448 0.0000000000
112555  44.652  43.193  34.809 0.0000000000
112584  45.046  42.852  32.594 0.0000000000
112587  39.944  43.364  33.324 0.0000000000
112635  43.822  42.952  29.476 0.0000000000
112673  44.072  43.656  27.318 0.0000000000
113138  42.238  44.734  37.323 0.0000000000
113141  40.277  44.087  37.173 0.0000000000
113167  40.977  45.565  35.307 0.0000000000
113175  42.417  44.375  35.160 0.0000000000
113180  37.390  44.871  34.642 0.0000000000
113716  41.926  45.156  37.399 0.0000000000
113717  41.470  45.339  37.278 0.0000000000
113732  40.418  46.023  36.551 0.0000000000
113745  42.102  45.533  36.339 0.0000000000
113747  41.002  45.923  35.541 0.0000000000
113750  37.776  45.842  35.317 0.0000000000
113754  40.592  45.713  35.256 0.0000000000
113756  39.059  46.075  34.576 0.0000000000
113762  39.238  45.509  34.340 0.0000000000
114339  41.070  46.204  36.040 0.0000000000
114340  40.487  46.311  36.128 0.0000000000
114353  41.099  46.100  35.825 0.0000000000
114373  37.989  46.098  34.133 0.0000000000
