#!ascii label  , from subject 3062 vox2ras=TkReg
998
53047  32.752  -21.539  49.709 0.0000000000
75530  40.685  -2.242  35.762 0.0000000000
61247  36.726  -14.414  41.469 0.0000000000
47633  12.624  -27.290  60.838 0.0000000000
55002  26.254  -19.428  53.323 0.0000000000
66997  37.431  -9.651  39.792 0.0000000000
50818  18.472  -25.020  55.254 0.0000000000
47672  16.987  -28.581  57.950 0.0000000000
50852  22.917  -24.464  53.100 0.0000000000
74486  45.265  -3.344  35.039 0.0000000000
58109  32.237  -17.245  51.070 0.0000000000
61144  33.682  -15.016  49.134 0.0000000000
57044  35.947  -18.438  51.193 0.0000000000
78639  43.209  1.129  33.447 0.0000000000
75596  45.977  -1.237  30.557 0.0000000000
74439  38.790  -2.505  39.390 0.0000000000
70116  43.695  -6.636  38.139 0.0000000000
68095  40.192  -8.303  37.679 0.0000000000
63577  42.421  -13.263  41.066 0.0000000000
51944  31.126  -24.414  53.273 0.0000000000
43329  12.474  -32.144  63.289 0.0000000000
44388  9.354  -31.003  66.232 0.0000000000
45353  6.906  -28.669  70.554 0.0000000000
54038  29.936  -20.671  50.760 0.0000000000
51927  27.491  -24.612  53.493 0.0000000000
63508  31.878  -12.613  45.104 0.0000000000
62305  37.465  -13.902  47.476 0.0000000000
79713  47.178  2.558  28.369 0.0000000000
74506  42.719  -2.958  34.580 0.0000000000
74460  43.474  -3.500  36.803 0.0000000000
57072  32.991  -19.098  49.774 0.0000000000
58147  33.215  -17.717  49.787 0.0000000000
55053  34.636  -20.426  50.012 0.0000000000
77571  41.018  0.511  36.694 0.0000000000
78611  42.731  2.245  36.435 0.0000000000
77592  42.071  0.159  34.389 0.0000000000
76582  43.179  -1.282  33.199 0.0000000000
43246  7.038  -32.470  70.927 0.0000000000
70120  39.002  -5.893  38.489 0.0000000000
69126  38.401  -7.384  40.000 0.0000000000
63598  37.182  -12.746  39.908 0.0000000000
63612  39.431  -12.892  39.150 0.0000000000
62411  39.621  -14.072  41.460 0.0000000000
62377  39.592  -14.216  43.473 0.0000000000
46578  14.492  -28.298  59.178 0.0000000000
45486  16.949  -29.916  60.624 0.0000000000
45455  14.281  -30.311  61.183 0.0000000000
43345  14.467  -32.307  62.895 0.0000000000
44433  12.806  -30.685  61.959 0.0000000000
46495  9.685  -29.143  65.580 0.0000000000
45387  8.189  -29.215  68.319 0.0000000000
55039  28.388  -19.894  51.444 0.0000000000
52995  27.526  -22.822  51.026 0.0000000000
52997  25.529  -22.087  51.687 0.0000000000
49745  22.528  -26.706  55.780 0.0000000000
50788  24.874  -26.105  55.971 0.0000000000
61132  36.086  -14.389  50.394 0.0000000000
62290  34.698  -14.366  48.253 0.0000000000
68076  38.708  -7.817  41.120 0.0000000000
65867  36.942  -9.609  41.883 0.0000000000
64735  35.237  -12.107  41.384 0.0000000000
48692  20.342  -27.166  56.528 0.0000000000
47670  19.377  -27.810  57.681 0.0000000000
48707  17.841  -27.009  56.125 0.0000000000
48683  15.228  -26.485  57.837 0.0000000000
49685  14.047  -25.326  59.815 0.0000000000
54027  23.566  -21.599  52.509 0.0000000000
52983  22.057  -21.955  52.956 0.0000000000
49773  20.575  -25.468  53.814 0.0000000000
62215  30.635  -14.011  52.661 0.0000000000
62249  29.617  -13.535  49.615 0.0000000000
60139  31.303  -15.965  49.527 0.0000000000
59120  34.857  -16.507  50.268 0.0000000000
79690  45.520  2.272  31.167 0.0000000000
77607  43.948  0.395  31.895 0.0000000000
74525  45.491  -2.929  32.513 0.0000000000
74464  39.421  -2.347  37.765 0.0000000000
73395  41.942  -3.959  37.356 0.0000000000
72264  40.731  -4.802  38.065 0.0000000000
69135  42.128  -7.478  37.558 0.0000000000
65918  43.803  -10.491  38.038 0.0000000000
67019  39.254  -9.722  38.466 0.0000000000
64762  41.712  -12.225  38.320 0.0000000000
51976  32.682  -23.675  51.620 0.0000000000
52992  34.958  -22.814  52.239 0.0000000000
77544  40.476  0.176  39.232 0.0000000000
47606  10.672  -27.117  63.114 0.0000000000
45444  10.610  -29.510  63.614 0.0000000000
43319  10.612  -31.769  64.763 0.0000000000
42183  10.016  -33.478  67.074 0.0000000000
43271  8.548  -32.533  67.954 0.0000000000
44326  6.761  -30.773  69.192 0.0000000000
45354  6.353  -29.454  70.884 0.0000000000
45342  5.874  -29.274  72.132 0.0000000000
54060  31.133  -21.570  50.459 0.0000000000
53008  30.062  -22.735  51.043 0.0000000000
51946  29.058  -24.263  52.841 0.0000000000
51950  24.837  -24.013  52.683 0.0000000000
62381  34.324  -13.752  43.041 0.0000000000
62311  31.720  -13.967  47.187 0.0000000000
61180  34.775  -14.876  46.281 0.0000000000
61208  37.192  -14.728  44.348 0.0000000000
54001  37.026  -21.640  52.716 0.0000000000
78704  48.474  1.102  26.545 0.0000000000
77628  46.703  0.697  29.168 0.0000000000
76626  49.046  -0.691  27.951 0.0000000000
74489  42.042  -3.250  34.876 0.0000000000
74472  43.181  -3.431  35.798 0.0000000000
74473  42.043  -3.454  36.113 0.0000000000
56023  32.890  -19.705  49.706 0.0000000000
56022  33.468  -19.564  49.425 0.0000000000
54071  33.924  -20.963  49.603 0.0000000000
76564  40.532  -1.330  35.802 0.0000000000
77585  41.294  0.114  35.755 0.0000000000
76563  40.986  -0.870  35.290 0.0000000000
75557  42.201  -2.237  34.421 0.0000000000
43241  6.391  -32.437  71.573 0.0000000000
70095  38.770  -6.198  40.859 0.0000000000
70094  39.544  -6.216  42.120 0.0000000000
62430  36.993  -13.520  40.474 0.0000000000
63597  38.182  -13.299  39.855 0.0000000000
62412  38.484  -14.420  41.573 0.0000000000
62395  39.574  -14.201  42.458 0.0000000000
62396  38.851  -14.396  42.796 0.0000000000
46561  13.331  -28.124  60.016 0.0000000000
45488  14.583  -29.345  60.123 0.0000000000
45470  13.806  -29.399  60.535 0.0000000000
45456  12.949  -29.760  61.137 0.0000000000
46530  12.733  -28.695  60.964 0.0000000000
55020  26.893  -19.463  52.282 0.0000000000
54042  26.773  -20.347  50.966 0.0000000000
55021  26.015  -19.669  52.323 0.0000000000
48690  22.321  -26.914  56.898 0.0000000000
64571  30.761  -10.974  50.058 0.0000000000
62245  36.700  -14.091  50.220 0.0000000000
64734  35.816  -11.145  41.120 0.0000000000
64716  35.595  -10.278  42.180 0.0000000000
48716  19.379  -26.195  55.327 0.0000000000
48706  18.808  -26.773  55.743 0.0000000000
49748  18.035  -25.886  55.535 0.0000000000
49736  16.492  -25.752  56.856 0.0000000000
49708  15.036  -25.352  58.551 0.0000000000
49709  14.483  -25.938  59.015 0.0000000000
53992  23.255  -20.798  54.410 0.0000000000
51934  19.534  -23.489  54.873 0.0000000000
51933  20.235  -23.098  54.332 0.0000000000
50816  19.561  -24.689  54.142 0.0000000000
49759  20.915  -26.449  54.571 0.0000000000
61126  30.336  -15.055  51.533 0.0000000000
59108  31.086  -16.674  50.763 0.0000000000
57058  35.022  -18.617  49.888 0.0000000000
59139  33.855  -16.870  49.541 0.0000000000
58126  35.113  -17.558  50.201 0.0000000000
59104  36.089  -16.650  51.351 0.0000000000
58105  36.204  -17.568  51.471 0.0000000000
78630  43.101  1.547  34.481 0.0000000000
78648  44.489  1.467  31.847 0.0000000000
77599  43.480  0.592  32.675 0.0000000000
74516  43.878  -2.822  33.460 0.0000000000
75575  43.822  -2.191  32.833 0.0000000000
74514  45.432  -3.246  33.377 0.0000000000
74452  39.063  -2.405  38.308 0.0000000000
73386  40.312  -4.116  37.778 0.0000000000
73387  39.336  -3.557  38.534 0.0000000000
69136  39.996  -7.415  37.495 0.0000000000
70129  40.760  -6.853  37.071 0.0000000000
68094  41.485  -8.344  37.435 0.0000000000
67015  43.285  -9.454  37.941 0.0000000000
67016  42.261  -9.411  37.591 0.0000000000
66996  38.040  -8.581  40.689 0.0000000000
68085  38.418  -8.338  39.921 0.0000000000
67008  38.187  -9.656  39.219 0.0000000000
63611  40.534  -13.101  39.093 0.0000000000
64763  40.727  -12.355  38.380 0.0000000000
63610  41.658  -13.081  39.022 0.0000000000
63608  43.183  -12.325  38.716 0.0000000000
51962  31.890  -24.262  52.256 0.0000000000
51961  33.087  -24.490  52.504 0.0000000000
75468  39.642  -1.678  40.832 0.0000000000
75503  39.523  -0.958  39.114 0.0000000000
76539  39.375  -0.997  38.201 0.0000000000
46588  18.374  -28.694  57.826 0.0000000000
46575  17.423  -29.669  59.511 0.0000000000
43346  13.104  -31.998  62.900 0.0000000000
43328  14.799  -33.045  63.577 0.0000000000
42237  13.961  -33.160  63.818 0.0000000000
42218  13.243  -33.535  64.714 0.0000000000
47593  11.045  -26.569  64.278 0.0000000000
46519  10.565  -28.452  63.283 0.0000000000
46506  10.330  -28.477  64.238 0.0000000000
44399  9.625  -30.409  65.693 0.0000000000
45424  9.887  -29.851  65.130 0.0000000000
44387  9.727  -31.312  65.704 0.0000000000
43309  10.311  -32.065  65.563 0.0000000000
43310  9.719  -31.844  66.137 0.0000000000
42184  9.297  -33.144  67.263 0.0000000000
43292  9.262  -32.159  66.949 0.0000000000
45359  7.581  -28.618  69.281 0.0000000000
44341  7.220  -30.749  68.305 0.0000000000
45360  6.748  -29.280  69.588 0.0000000000
44327  6.436  -30.634  70.019 0.0000000000
45361  6.503  -29.683  70.318 0.0000000000
54022  31.120  -20.271  52.174 0.0000000000
54021  32.060  -20.906  51.623 0.0000000000
54061  30.120  -21.388  50.328 0.0000000000
53032  30.253  -22.167  50.564 0.0000000000
53033  29.309  -22.001  50.183 0.0000000000
51966  27.710  -23.715  51.712 0.0000000000
51965  28.722  -23.771  51.791 0.0000000000
51947  28.042  -24.463  52.532 0.0000000000
52982  23.199  -22.411  52.495 0.0000000000
52981  24.220  -22.988  52.309 0.0000000000
51930  24.448  -24.776  53.315 0.0000000000
50787  25.379  -25.799  56.096 0.0000000000
72262  42.883  -4.955  37.992 0.0000000000
73383  43.551  -4.297  37.791 0.0000000000
71108  44.276  -5.743  38.224 0.0000000000
64651  33.008  -11.129  45.012 0.0000000000
63521  33.238  -12.209  43.471 0.0000000000
62360  33.383  -13.962  43.778 0.0000000000
62269  31.970  -14.705  48.539 0.0000000000
62294  30.098  -13.188  48.299 0.0000000000
62292  32.467  -14.243  48.098 0.0000000000
62306  36.573  -14.181  47.469 0.0000000000
62325  34.851  -14.364  46.830 0.0000000000
62324  36.227  -14.473  46.694 0.0000000000
61194  35.999  -14.975  45.090 0.0000000000
61177  37.425  -14.597  45.846 0.0000000000
62339  39.193  -13.965  45.396 0.0000000000
52991  35.990  -22.186  52.401 0.0000000000
78690  47.648  1.480  27.378 0.0000000000
77621  45.299  0.386  30.349 0.0000000000
78660  46.037  1.490  29.849 0.0000000000
76604  46.266  -0.459  29.855 0.0000000000
76614  48.458  -0.879  28.843 0.0000000000
76613  49.551  -1.201  28.715 0.0000000000
50789  18.461  -23.593  55.995 0.0000000000
50790  17.967  -24.767  55.673 0.0000000000
74487  44.258  -3.412  34.935 0.0000000000
74470  45.085  -2.912  35.726 0.0000000000
74471  44.130  -3.212  35.718 0.0000000000
58128  32.884  -17.578  50.400 0.0000000000
58148  32.493  -17.449  49.832 0.0000000000
57071  33.209  -18.903  49.664 0.0000000000
56020  34.725  -19.421  49.615 0.0000000000
56012  35.287  -19.414  50.393 0.0000000000
78595  42.518  2.480  37.511 0.0000000000
77570  41.598  1.036  36.246 0.0000000000
77583  42.422  1.144  34.842 0.0000000000
77591  42.665  0.616  33.926 0.0000000000
77600  42.979  -0.070  32.953 0.0000000000
76572  42.543  -0.539  33.695 0.0000000000
75556  42.688  -1.710  33.757 0.0000000000
42152  7.747  -33.086  70.160 0.0000000000
73360  38.729  -3.567  40.794 0.0000000000
72252  39.070  -4.284  39.355 0.0000000000
71089  38.701  -5.370  39.828 0.0000000000
70105  38.439  -6.345  39.448 0.0000000000
69137  39.056  -7.243  38.286 0.0000000000
65902  37.006  -10.623  39.903 0.0000000000
65913  37.862  -10.665  39.332 0.0000000000
63614  37.826  -12.683  39.549 0.0000000000
63596  39.132  -13.603  39.717 0.0000000000
62426  40.756  -13.941  40.661 0.0000000000
62393  41.262  -13.704  42.026 0.0000000000
62354  41.716  -13.496  43.535 0.0000000000
50833  31.003  -24.379  54.485 0.0000000000
46591  15.832  -28.767  58.215 0.0000000000
46576  16.148  -29.398  58.895 0.0000000000
46558  15.633  -29.367  59.380 0.0000000000
45469  15.050  -30.125  60.886 0.0000000000
44446  15.544  -30.571  61.412 0.0000000000
43364  13.540  -31.485  62.357 0.0000000000
43365  12.697  -31.312  62.467 0.0000000000
46494  10.013  -28.391  65.330 0.0000000000
46466  9.259  -28.276  67.053 0.0000000000
45413  9.153  -29.640  66.304 0.0000000000
44376  8.260  -30.274  67.356 0.0000000000
45386  8.599  -28.511  68.519 0.0000000000
46437  8.436  -28.168  69.207 0.0000000000
46417  7.858  -27.916  70.785 0.0000000000
54040  28.593  -20.558  50.908 0.0000000000
53034  28.514  -21.678  50.221 0.0000000000
54041  27.709  -20.634  50.660 0.0000000000
52996  26.572  -22.146  51.176 0.0000000000
52979  26.217  -23.039  52.028 0.0000000000
49771  22.625  -25.896  54.083 0.0000000000
50837  23.646  -25.275  53.965 0.0000000000
49744  23.521  -26.660  55.913 0.0000000000
69133  44.177  -7.565  38.167 0.0000000000
64634  31.465  -11.702  46.121 0.0000000000
62247  34.939  -14.521  49.813 0.0000000000
62267  34.276  -14.776  49.037 0.0000000000
62246  35.667  -14.014  50.059 0.0000000000
62265  36.253  -13.913  49.282 0.0000000000
79701  47.151  2.834  29.081 0.0000000000
43236  5.384  -31.696  71.616 0.0000000000
66995  39.361  -8.124  41.926 0.0000000000
65900  37.758  -8.817  41.434 0.0000000000
65885  36.825  -10.229  41.089 0.0000000000
65886  36.511  -11.027  40.486 0.0000000000
63579  35.830  -12.606  40.908 0.0000000000
62415  35.641  -13.476  41.281 0.0000000000
48691  21.301  -27.199  56.878 0.0000000000
47654  20.612  -27.993  58.727 0.0000000000
47686  19.817  -27.423  57.105 0.0000000000
47687  18.939  -27.621  56.671 0.0000000000
47689  17.103  -28.094  57.369 0.0000000000
49749  17.158  -25.910  56.211 0.0000000000
48696  16.526  -26.834  56.918 0.0000000000
47690  16.001  -27.506  57.337 0.0000000000
47657  14.534  -27.592  58.729 0.0000000000
48672  14.131  -26.583  59.133 0.0000000000
47646  13.066  -27.151  60.273 0.0000000000
55022  24.969  -20.188  52.159 0.0000000000
54986  23.853  -20.234  53.875 0.0000000000
54010  22.992  -21.238  53.010 0.0000000000
51952  22.462  -23.285  52.822 0.0000000000
52968  21.061  -22.189  54.572 0.0000000000
51953  21.395  -23.049  53.117 0.0000000000
50853  21.898  -24.135  53.143 0.0000000000
49772  21.645  -25.860  53.836 0.0000000000
48703  21.742  -26.870  56.148 0.0000000000
62229  30.719  -13.207  52.654 0.0000000000
64557  30.085  -12.150  50.700 0.0000000000
62248  29.963  -13.912  50.564 0.0000000000
61147  30.958  -15.162  49.442 0.0000000000
61146  31.672  -15.168  49.158 0.0000000000
59141  32.246  -16.794  49.596 0.0000000000
59122  33.638  -16.067  49.601 0.0000000000
61135  33.612  -15.249  49.520 0.0000000000
60123  35.373  -15.755  50.602 0.0000000000
60113  36.692  -15.927  51.442 0.0000000000
79682  45.336  2.519  31.934 0.0000000000
78655  44.854  1.171  30.920 0.0000000000
76596  44.951  -0.545  30.793 0.0000000000
77608  43.605  -0.167  32.365 0.0000000000
75586  44.595  -1.153  31.617 0.0000000000
74475  40.340  -2.635  36.544 0.0000000000
73404  41.204  -3.415  36.544 0.0000000000
73396  41.025  -3.685  37.250 0.0000000000
73385  41.397  -4.313  37.730 0.0000000000
71110  42.232  -5.701  37.900 0.0000000000
71112  39.943  -5.361  38.154 0.0000000000
70118  41.514  -6.519  37.381 0.0000000000
70117  42.674  -6.603  37.832 0.0000000000
68092  43.707  -8.503  38.108 0.0000000000
67014  44.420  -9.531  38.186 0.0000000000
68096  38.982  -8.608  38.760 0.0000000000
67018  40.091  -9.516  38.051 0.0000000000
64776  39.248  -11.541  38.348 0.0000000000
65922  39.982  -10.529  38.064 0.0000000000
65921  40.973  -10.441  37.810 0.0000000000
64772  42.749  -11.215  37.668 0.0000000000
53030  32.392  -22.192  50.076 0.0000000000
53028  33.994  -22.204  50.781 0.0000000000
53005  33.460  -22.863  51.284 0.0000000000
51941  34.674  -24.115  52.886 0.0000000000
77556  40.827  0.734  37.725 0.0000000000
76549  40.021  -0.831  36.598 0.0000000000
48646  12.606  -26.051  61.104 0.0000000000
48637  12.141  -25.744  62.017 0.0000000000
47634  12.165  -26.935  61.405 0.0000000000
46518  11.222  -28.379  62.383 0.0000000000
45443  11.178  -29.582  62.793 0.0000000000
44418  11.161  -30.689  63.354 0.0000000000
45433  10.244  -29.538  64.376 0.0000000000
44406  10.479  -30.808  64.263 0.0000000000
42239  11.638  -32.335  64.410 0.0000000000
42220  11.145  -32.448  65.059 0.0000000000
41164  11.711  -34.088  66.289 0.0000000000
42169  8.673  -33.291  68.607 0.0000000000
43294  8.063  -30.762  67.580 0.0000000000
43262  7.697  -32.289  69.006 0.0000000000
42160  8.102  -33.111  69.678 0.0000000000
43254  6.840  -32.079  70.188 0.0000000000
43255  6.458  -31.340  70.479 0.0000000000
44317  5.756  -30.583  71.163 0.0000000000
45348  6.524  -29.064  71.505 0.0000000000
45349  6.001  -29.572  71.612 0.0000000000
44312  5.469  -30.523  71.389 0.0000000000
55055  32.439  -20.413  50.133 0.0000000000
54036  32.021  -21.201  50.724 0.0000000000
54059  32.221  -21.391  50.029 0.0000000000
53031  31.383  -22.293  50.498 0.0000000000
51999  31.154  -23.014  50.728 0.0000000000
51963  30.814  -23.948  52.188 0.0000000000
51980  28.835  -23.177  51.016 0.0000000000
51964  29.775  -23.902  52.031 0.0000000000
51945  30.078  -24.099  53.082 0.0000000000
54025  24.821  -21.189  51.799 0.0000000000
52980  25.201  -23.098  52.114 0.0000000000
51949  25.892  -23.918  52.738 0.0000000000
50836  24.950  -25.318  54.097 0.0000000000
51912  25.702  -24.917  54.274 0.0000000000
51910  27.060  -24.696  54.465 0.0000000000
74450  43.149  -3.961  37.347 0.0000000000
64694  33.974  -11.612  42.778 0.0000000000
63562  34.465  -13.174  42.391 0.0000000000
62379  35.882  -14.490  42.550 0.0000000000
63460  30.003  -12.291  49.431 0.0000000000
63488  30.130  -12.266  47.467 0.0000000000
62344  31.283  -13.485  45.906 0.0000000000
62310  32.942  -14.386  47.559 0.0000000000
61182  32.792  -14.715  46.209 0.0000000000
62342  32.338  -14.317  44.976 0.0000000000
61211  34.358  -14.925  44.229 0.0000000000
61223  35.860  -14.837  43.378 0.0000000000
61233  37.612  -14.663  42.958 0.0000000000
62378  38.871  -14.388  43.703 0.0000000000
54035  34.513  -21.764  51.081 0.0000000000
55012  35.826  -20.799  51.763 0.0000000000
55011  36.190  -20.113  51.997 0.0000000000
54992  37.727  -20.570  53.247 0.0000000000
55984  37.425  -19.113  52.547 0.0000000000
78720  48.155  1.662  25.576 0.0000000000
78667  46.440  1.643  29.196 0.0000000000
78678  46.858  1.569  28.663 0.0000000000
76615  47.279  -0.356  29.156 0.0000000000
76628  47.520  0.131  28.724 0.0000000000
77662  47.544  1.016  27.820 0.0000000000
77660  48.722  -0.029  27.274 0.0000000000
76652  49.459  -0.323  26.866 0.0000000000
74490  41.509  -2.960  35.508 0.0000000000
55063  32.665  -20.590  49.674 0.0000000000
55062  33.102  -20.396  49.444 0.0000000000
54072  33.365  -21.177  49.535 0.0000000000
75545  40.621  -1.921  35.727 0.0000000000
75544  41.176  -2.159  35.250 0.0000000000
75558  41.676  -2.055  34.785 0.0000000000
43242  5.965  -31.825  71.551 0.0000000000
62413  37.280  -14.284  40.982 0.0000000000
61246  37.502  -14.621  41.912 0.0000000000
46542  13.627  -28.711  60.200 0.0000000000
46543  13.087  -28.319  60.594 0.0000000000
45471  13.090  -29.070  60.720 0.0000000000
55979  26.644  -19.427  53.077 0.0000000000
55989  26.495  -19.528  52.554 0.0000000000
48682  21.931  -27.203  57.581 0.0000000000
48681  22.650  -27.125  57.727 0.0000000000
64556  30.540  -11.465  51.128 0.0000000000
49761  18.788  -25.586  55.210 0.0000000000
48717  18.913  -26.158  55.445 0.0000000000
50817  18.901  -24.418  54.922 0.0000000000
50841  19.643  -23.985  54.315 0.0000000000
49760  19.665  -25.630  54.522 0.0000000000
59107  31.408  -16.906  51.512 0.0000000000
57057  35.503  -18.501  50.540 0.0000000000
58125  35.714  -17.874  50.857 0.0000000000
78621  43.693  2.241  35.143 0.0000000000
78629  43.743  2.000  34.104 0.0000000000
78638  43.970  1.514  32.960 0.0000000000
74504  44.451  -3.249  34.197 0.0000000000
74515  44.636  -3.108  33.495 0.0000000000
74503  45.409  -3.310  34.232 0.0000000000
42150  8.870  -33.880  69.819 0.0000000000
68106  40.729  -7.797  37.285 0.0000000000
67017  41.169  -9.421  37.622 0.0000000000
67009  37.681  -10.015  39.428 0.0000000000
63594  41.469  -13.730  40.150 0.0000000000
63593  42.680  -13.426  39.805 0.0000000000
51942  32.756  -24.744  53.246 0.0000000000
51943  32.141  -24.752  53.119 0.0000000000
75487  39.081  -1.790  40.136 0.0000000000
75486  39.886  -1.104  39.895 0.0000000000
75504  39.105  -1.449  38.959 0.0000000000
46589  17.649  -29.095  58.113 0.0000000000
42260  12.900  -32.427  63.298 0.0000000000
42259  13.408  -32.633  63.266 0.0000000000
42238  12.690  -32.659  63.938 0.0000000000
47607  10.588  -27.594  63.995 0.0000000000
44375  8.715  -30.603  66.797 0.0000000000
45352  7.446  -28.428  69.948 0.0000000000
55037  29.847  -20.086  51.435 0.0000000000
55016  30.384  -20.021  51.872 0.0000000000
55036  30.454  -20.181  51.317 0.0000000000
54037  30.994  -20.632  50.803 0.0000000000
54062  29.266  -21.247  50.324 0.0000000000
51948  26.948  -24.099  52.428 0.0000000000
51951  23.688  -23.910  52.898 0.0000000000
50851  23.532  -24.628  53.243 0.0000000000
71109  43.279  -5.744  38.047 0.0000000000
72261  43.890  -4.913  38.147 0.0000000000
64652  32.057  -11.624  45.467 0.0000000000
63507  32.372  -11.959  44.965 0.0000000000
63522  32.529  -12.559  44.328 0.0000000000
63523  32.056  -13.361  44.722 0.0000000000
62268  33.201  -14.708  48.645 0.0000000000
62323  37.074  -14.400  46.698 0.0000000000
61178  36.571  -14.652  45.908 0.0000000000
62322  37.950  -14.195  46.590 0.0000000000
80792  47.794  3.659  28.217 0.0000000000
79726  47.405  2.642  27.330 0.0000000000
76605  45.461  -0.483  30.449 0.0000000000
51899  19.145  -23.208  56.322 0.0000000000
51884  18.883  -23.302  56.645 0.0000000000
51916  19.239  -23.334  55.602 0.0000000000
74488  43.200  -3.544  34.814 0.0000000000
75529  44.098  -3.129  36.486 0.0000000000
57059  32.999  -18.633  50.056 0.0000000000
55060  34.371  -19.906  49.495 0.0000000000
56021  34.126  -19.420  49.300 0.0000000000
77555  41.421  1.258  37.284 0.0000000000
78612  41.886  1.940  36.785 0.0000000000
76562  41.549  -0.342  34.872 0.0000000000
77584  41.756  0.697  35.245 0.0000000000
76573  42.109  -0.998  34.306 0.0000000000
74505  43.294  -2.856  34.108 0.0000000000
42142  7.620  -32.972  71.026 0.0000000000
73350  39.095  -3.622  41.398 0.0000000000
72241  38.724  -4.284  40.303 0.0000000000
72231  38.781  -4.274  41.225 0.0000000000
70096  38.293  -5.670  40.054 0.0000000000
64750  36.869  -11.676  39.815 0.0000000000
64766  37.624  -11.841  39.403 0.0000000000
62428  38.840  -13.955  40.547 0.0000000000
62427  39.847  -13.920  40.576 0.0000000000
63595  40.205  -13.685  39.801 0.0000000000
62410  40.512  -13.940  41.381 0.0000000000
62409  41.121  -13.892  41.270 0.0000000000
62376  40.356  -13.974  43.209 0.0000000000
62355  41.040  -13.706  43.881 0.0000000000
74414  39.398  -3.029  41.269 0.0000000000
46577  15.180  -28.659  58.787 0.0000000000
46559  14.922  -29.029  59.538 0.0000000000
44447  15.136  -30.473  61.348 0.0000000000
44431  15.039  -30.883  61.695 0.0000000000
44432  13.943  -30.866  61.871 0.0000000000
45399  8.539  -29.182  67.462 0.0000000000
46451  9.058  -27.987  68.177 0.0000000000
46422  8.199  -28.120  69.637 0.0000000000
55019  27.961  -19.687  52.467 0.0000000000
55018  29.033  -19.976  52.554 0.0000000000
55038  29.219  -20.103  51.585 0.0000000000
54064  28.259  -20.927  50.657 0.0000000000
54024  25.984  -20.839  51.524 0.0000000000
53012  26.832  -21.128  50.796 0.0000000000
51967  27.023  -23.105  51.772 0.0000000000
49758  22.109  -26.278  54.767 0.0000000000
49757  23.229  -26.387  54.828 0.0000000000
64616  31.165  -10.990  47.270 0.0000000000
61133  35.389  -14.839  50.365 0.0000000000
62244  37.686  -13.886  50.300 0.0000000000
62264  37.287  -13.865  49.338 0.0000000000
43237  4.964  -31.452  71.620 0.0000000000
66980  38.207  -8.516  41.627 0.0000000000
63580  35.278  -12.901  41.423 0.0000000000
47685  20.583  -27.456  57.285 0.0000000000
47702  18.295  -27.562  56.214 0.0000000000
47688  18.036  -28.370  56.495 0.0000000000
48695  17.392  -27.535  56.540 0.0000000000
50766  17.146  -24.989  56.457 0.0000000000
50791  17.551  -25.384  55.945 0.0000000000
49726  15.717  -25.803  57.513 0.0000000000
48697  15.818  -26.628  57.350 0.0000000000
47691  15.526  -27.073  57.571 0.0000000000
47674  15.255  -27.704  57.945 0.0000000000
48658  13.658  -26.688  59.732 0.0000000000
48659  13.242  -25.947  60.177 0.0000000000
54985  24.555  -19.662  54.169 0.0000000000
53991  23.942  -20.083  54.499 0.0000000000
54011  22.612  -21.413  53.716 0.0000000000
50840  20.296  -24.326  53.671 0.0000000000
51954  20.774  -23.444  53.596 0.0000000000
50854  21.128  -23.963  53.374 0.0000000000
50839  21.284  -24.880  53.389 0.0000000000
48715  20.125  -26.420  55.188 0.0000000000
48704  20.853  -26.835  55.774 0.0000000000
62230  30.055  -13.692  52.056 0.0000000000
61116  30.396  -14.463  52.337 0.0000000000
60126  30.580  -16.058  50.497 0.0000000000
61136  30.421  -15.178  50.037 0.0000000000
60138  32.440  -15.931  49.208 0.0000000000
58146  34.139  -17.502  49.525 0.0000000000
58127  34.559  -17.011  49.885 0.0000000000
60137  33.310  -15.748  49.323 0.0000000000
60125  33.773  -15.555  49.882 0.0000000000
60124  34.537  -15.604  50.222 0.0000000000
59093  36.819  -16.756  51.699 0.0000000000
60114  35.995  -15.839  51.095 0.0000000000
78610  43.526  2.576  36.095 0.0000000000
80758  45.599  2.992  32.368 0.0000000000
79673  45.254  2.689  32.734 0.0000000000
77616  44.656  0.384  30.967 0.0000000000
76597  44.526  -0.524  31.364 0.0000000000
76589  43.672  -1.063  32.515 0.0000000000
75574  44.594  -1.903  32.056 0.0000000000
75585  45.284  -1.401  31.261 0.0000000000
74463  39.976  -2.398  37.273 0.0000000000
74462  40.540  -3.108  36.800 0.0000000000
72263  41.822  -4.919  38.080 0.0000000000
71113  39.210  -5.046  38.886 0.0000000000
69144  41.183  -7.369  37.163 0.0000000000
69134  43.154  -7.542  37.992 0.0000000000
65917  44.552  -10.429  38.147 0.0000000000
69116  38.951  -7.003  41.696 0.0000000000
68097  38.746  -9.339  38.880 0.0000000000
68086  38.548  -8.948  39.330 0.0000000000
64765  38.629  -11.695  38.776 0.0000000000
64775  39.885  -11.479  38.140 0.0000000000
64774  40.833  -11.420  38.007 0.0000000000
64773  41.778  -11.374  37.716 0.0000000000
64761  42.627  -11.981  38.248 0.0000000000
53006  32.499  -22.832  50.861 0.0000000000
50863  33.907  -24.524  52.894 0.0000000000
51960  34.169  -23.829  52.487 0.0000000000
78597  41.264  1.330  38.359 0.0000000000
77543  40.801  0.750  38.786 0.0000000000
75520  39.325  -1.792  37.903 0.0000000000
76538  39.805  -0.487  37.670 0.0000000000
75519  39.706  -1.382  37.277 0.0000000000
47669  20.189  -27.600  57.962 0.0000000000
47655  19.655  -27.997  58.661 0.0000000000
45498  16.640  -29.946  59.938 0.0000000000
43344  15.527  -32.139  63.274 0.0000000000
48624  11.813  -25.718  63.421 0.0000000000
47620  11.491  -26.979  62.185 0.0000000000
46531  11.918  -28.381  61.324 0.0000000000
44398  10.020  -31.074  65.135 0.0000000000
43331  11.024  -31.762  64.188 0.0000000000
42240  11.078  -32.135  64.582 0.0000000000
43291  9.926  -32.664  66.207 0.0000000000
42203  10.976  -33.305  65.891 0.0000000000
41141  10.864  -34.443  66.604 0.0000000000
43270  9.024  -32.930  67.469 0.0000000000
42168  9.324  -33.575  68.068 0.0000000000
45400  8.068  -29.747  67.769 0.0000000000
45401  7.824  -30.043  67.805 0.0000000000
44320  6.238  -30.611  70.564 0.0000000000
44321  6.040  -30.602  70.881 0.0000000000
45340  6.998  -28.444  71.736 0.0000000000
45341  6.622  -28.748  71.988 0.0000000000
45343  5.242  -29.362  72.169 0.0000000000
56014  32.848  -19.527  50.209 0.0000000000
52000  30.684  -22.698  50.808 0.0000000000
51978  30.496  -23.355  51.270 0.0000000000
53010  28.443  -22.537  50.536 0.0000000000
51924  30.341  -24.255  53.921 0.0000000000
51925  29.395  -24.270  54.034 0.0000000000
55023  24.267  -20.676  52.262 0.0000000000
54026  24.105  -21.419  52.208 0.0000000000
50814  24.620  -25.813  55.169 0.0000000000
50786  26.212  -25.424  56.073 0.0000000000
50813  25.633  -25.207  54.963 0.0000000000
50812  26.603  -24.993  55.278 0.0000000000
51911  26.148  -24.694  54.388 0.0000000000
74461  42.478  -3.817  36.946 0.0000000000
74451  42.517  -4.032  37.350 0.0000000000
64693  34.721  -10.414  42.954 0.0000000000
64671  33.965  -10.956  43.953 0.0000000000
63539  33.845  -12.846  42.877 0.0000000000
62398  35.124  -13.692  41.977 0.0000000000
62399  34.696  -13.787  42.556 0.0000000000
63444  29.735  -12.705  50.187 0.0000000000
64572  30.313  -11.818  50.139 0.0000000000
63445  29.647  -12.926  49.428 0.0000000000
62312  30.531  -13.315  47.233 0.0000000000
63498  30.525  -12.980  46.666 0.0000000000
62327  31.534  -13.902  46.259 0.0000000000
62291  33.602  -14.418  48.261 0.0000000000
62326  34.316  -14.608  46.881 0.0000000000
61181  33.664  -15.053  46.220 0.0000000000
61198  32.324  -14.480  45.601 0.0000000000
61196  33.810  -15.158  45.072 0.0000000000
62341  32.971  -14.491  44.698 0.0000000000
61193  36.881  -14.820  45.097 0.0000000000
61209  36.360  -14.942  44.216 0.0000000000
61222  36.757  -14.719  43.365 0.0000000000
61221  37.544  -14.646  43.800 0.0000000000
61220  38.177  -14.541  43.784 0.0000000000
61207  37.924  -14.556  44.524 0.0000000000
53004  34.278  -22.459  51.512 0.0000000000
54020  34.699  -22.066  51.703 0.0000000000
52990  36.510  -21.853  52.584 0.0000000000
54019  35.316  -21.518  51.672 0.0000000000
54018  36.376  -21.214  52.243 0.0000000000
54017  36.781  -20.569  52.316 0.0000000000
55010  37.146  -19.980  52.584 0.0000000000
57036  37.171  -18.391  52.307 0.0000000000
78705  47.679  1.837  26.529 0.0000000000
78721  47.545  2.028  25.955 0.0000000000
78703  49.042  0.796  26.266 0.0000000000
77643  46.821  1.139  28.827 0.0000000000
76627  48.009  -0.190  28.460 0.0000000000
77642  47.458  0.682  28.413 0.0000000000
77641  48.384  0.031  27.869 0.0000000000
77661  48.172  0.631  27.414 0.0000000000
77640  48.796  -0.322  27.577 0.0000000000
55061  33.894  -20.342  49.430 0.0000000000
55054  34.176  -20.806  49.716 0.0000000000
76548  40.678  -0.356  36.168 0.0000000000
76574  41.561  -1.428  34.740 0.0000000000
75543  41.777  -2.451  34.807 0.0000000000
42143  7.116  -32.803  71.258 0.0000000000
71075  39.071  -4.825  41.681 0.0000000000
71087  39.184  -5.505  41.815 0.0000000000
63599  36.492  -12.928  40.422 0.0000000000
62429  37.812  -13.753  40.501 0.0000000000
46560  14.020  -28.509  59.731 0.0000000000
45489  14.039  -28.974  60.176 0.0000000000
55040  27.351  -19.768  51.378 0.0000000000
55041  26.528  -19.904  51.563 0.0000000000
49734  23.072  -26.943  56.534 0.0000000000
48689  23.079  -27.033  57.219 0.0000000000
64585  30.726  -10.659  49.565 0.0000000000
61123  36.711  -14.971  50.949 0.0000000000
61122  37.536  -14.509  51.261 0.0000000000
64733  36.301  -10.064  41.695 0.0000000000
64717  34.772  -11.430  41.943 0.0000000000
48705  19.860  -26.718  55.839 0.0000000000
50742  16.633  -24.993  56.950 0.0000000000
49725  16.111  -24.824  57.666 0.0000000000
52967  22.120  -21.673  54.293 0.0000000000
49774  19.892  -25.079  53.844 0.0000000000
61125  30.844  -15.603  52.061 0.0000000000
59124  31.148  -16.592  49.994 0.0000000000
58145  34.671  -18.103  49.728 0.0000000000
59105  35.533  -16.596  50.748 0.0000000000
58106  35.715  -17.258  50.948 0.0000000000
58092  36.949  -17.583  52.015 0.0000000000
78622  43.028  1.801  35.506 0.0000000000
78620  44.375  2.632  34.854 0.0000000000
78637  44.679  2.326  32.929 0.0000000000
75565  43.343  -2.180  33.451 0.0000000000
74527  44.174  -2.813  33.074 0.0000000000
74526  44.636  -2.783  32.805 0.0000000000
74513  46.187  -3.441  33.173 0.0000000000
73398  39.443  -2.841  37.757 0.0000000000
72265  39.765  -4.545  38.316 0.0000000000
70119  40.177  -6.496  37.562 0.0000000000
69145  40.501  -7.220  37.167 0.0000000000
68093  42.676  -8.460  37.744 0.0000000000
65919  42.942  -10.328  37.576 0.0000000000
67007  38.214  -8.829  39.734 0.0000000000
67020  38.758  -9.815  38.692 0.0000000000
64764  39.695  -12.283  38.477 0.0000000000
63609  42.620  -12.698  38.898 0.0000000000
51977  31.596  -23.483  51.270 0.0000000000
75467  40.404  -1.275  41.093 0.0000000000
75485  40.721  -0.712  40.515 0.0000000000
76512  40.424  -0.330  39.763 0.0000000000
76526  39.867  -0.503  38.864 0.0000000000
76527  39.434  -0.959  38.772 0.0000000000
47656  19.015  -28.296  58.128 0.0000000000
46574  18.826  -28.668  59.053 0.0000000000
41189  12.764  -33.836  65.459 0.0000000000
45425  9.682  -29.569  65.802 0.0000000000
45377  7.424  -29.467  68.754 0.0000000000
45388  7.694  -29.881  68.118 0.0000000000
52994  28.217  -23.259  51.159 0.0000000000
51926  28.407  -24.545  53.668 0.0000000000
52999  23.938  -22.104  52.316 0.0000000000
49742  24.926  -26.165  56.510 0.0000000000
73384  42.479  -4.353  37.686 0.0000000000
64672  33.025  -11.610  44.093 0.0000000000
62270  30.321  -14.488  48.998 0.0000000000
62271  29.769  -13.347  48.975 0.0000000000
62293  31.180  -13.939  48.072 0.0000000000
62289  35.806  -14.129  48.186 0.0000000000
62308  34.989  -14.010  47.246 0.0000000000
62307  35.829  -14.331  47.299 0.0000000000
61164  35.433  -14.432  46.730 0.0000000000
61179  35.698  -14.726  45.981 0.0000000000
61195  35.026  -14.999  45.144 0.0000000000
61192  37.564  -14.637  45.078 0.0000000000
62340  38.271  -14.394  45.518 0.0000000000
52976  36.586  -22.297  52.996 0.0000000000
53983  37.252  -21.945  53.338 0.0000000000
78689  48.226  0.982  27.073 0.0000000000
78661  45.413  1.381  30.535 0.0000000000
79697  45.780  2.085  30.496 0.0000000000
77620  45.963  0.599  29.784 0.0000000000
76616  46.531  0.112  29.457 0.0000000000
76625  50.247  -0.970  28.081 0.0000000000
50765  17.620  -23.948  56.630 0.0000000000
51915  20.146  -22.841  55.557 0.0000000000
57070  33.757  -18.626  49.393 0.0000000000
57069  34.432  -18.626  49.456 0.0000000000
56011  35.726  -19.026  50.918 0.0000000000
77569  42.216  1.527  35.812 0.0000000000
42151  8.499  -33.618  70.183 0.0000000000
74426  38.888  -2.682  40.615 0.0000000000
73373  38.717  -3.468  39.833 0.0000000000
71099  38.909  -4.921  39.726 0.0000000000
71100  38.882  -5.300  39.268 0.0000000000
71088  38.830  -5.152  40.699 0.0000000000
70106  38.643  -5.685  39.321 0.0000000000
63613  38.441  -12.727  39.312 0.0000000000
62425  41.292  -13.907  40.860 0.0000000000
63560  41.747  -13.603  41.965 0.0000000000
62374  41.749  -13.534  42.699 0.0000000000
62394  40.410  -13.910  42.253 0.0000000000
62375  41.105  -13.722  42.946 0.0000000000
50850  31.703  -24.705  53.872 0.0000000000
50832  31.951  -24.662  54.648 0.0000000000
46590  16.713  -29.132  58.291 0.0000000000
45499  16.343  -29.675  59.567 0.0000000000
45487  15.798  -29.787  60.145 0.0000000000
44417  14.658  -31.445  62.276 0.0000000000
43363  14.168  -31.517  62.357 0.0000000000
43347  12.159  -31.464  62.980 0.0000000000
46481  9.700  -28.750  66.157 0.0000000000
45376  8.262  -28.501  68.935 0.0000000000
54039  29.222  -20.648  50.898 0.0000000000
54063  28.639  -21.066  50.524 0.0000000000
53035  28.111  -21.252  50.472 0.0000000000
53011  27.578  -21.780  50.477 0.0000000000
50838  22.345  -25.158  53.474 0.0000000000
50815  23.918  -26.075  54.750 0.0000000000
49756  23.965  -26.341  55.332 0.0000000000
49743  24.376  -26.401  56.124 0.0000000000
70115  44.698  -6.660  38.275 0.0000000000
62266  35.294  -14.332  49.186 0.0000000000
62288  36.879  -13.830  48.366 0.0000000000
75595  47.149  -1.474  30.130 0.0000000000
68075  39.757  -7.449  42.102 0.0000000000
65901  37.414  -9.553  40.778 0.0000000000
65903  36.687  -11.305  40.128 0.0000000000
64751  36.430  -11.916  40.346 0.0000000000
62414  36.323  -13.750  40.865 0.0000000000
47668  21.188  -27.535  57.966 0.0000000000
48693  19.569  -27.191  56.328 0.0000000000
47671  18.622  -28.217  57.342 0.0000000000
46600  18.190  -28.634  57.186 0.0000000000
46601  17.911  -28.880  57.275 0.0000000000
49762  18.323  -25.307  55.431 0.0000000000
50767  16.764  -25.286  56.693 0.0000000000
49750  16.788  -26.145  56.491 0.0000000000
48708  17.037  -26.631  56.449 0.0000000000
47673  16.268  -28.395  57.712 0.0000000000
48671  14.698  -26.588  58.492 0.0000000000
47658  13.997  -27.566  59.318 0.0000000000
47645  13.536  -27.620  59.732 0.0000000000
55003  25.219  -19.642  53.158 0.0000000000
55004  24.157  -20.070  53.000 0.0000000000
54009  23.686  -20.860  52.641 0.0000000000
55005  23.541  -20.600  53.372 0.0000000000
52984  21.462  -22.291  53.664 0.0000000000
51932  20.970  -22.804  53.811 0.0000000000
49746  21.646  -26.630  55.403 0.0000000000
63426  30.526  -12.405  52.109 0.0000000000
63427  29.958  -12.678  51.209 0.0000000000
61145  33.007  -15.175  49.065 0.0000000000
58129  31.999  -17.282  50.147 0.0000000000
59123  31.676  -16.860  49.865 0.0000000000
59142  31.578  -16.559  49.652 0.0000000000
59140  33.336  -16.642  49.525 0.0000000000
61134  34.040  -14.908  49.851 0.0000000000
61124  35.811  -15.292  50.882 0.0000000000
79681  45.781  2.962  31.671 0.0000000000
78647  44.929  2.209  32.173 0.0000000000
78654  45.098  1.838  31.445 0.0000000000
77622  44.905  0.746  30.625 0.0000000000
77615  45.005  -0.080  30.541 0.0000000000
75597  45.365  -0.947  30.712 0.0000000000
76588  44.126  -0.735  31.945 0.0000000000
75531  40.252  -1.962  36.311 0.0000000000
74474  40.847  -2.865  35.970 0.0000000000
73397  40.014  -3.351  37.449 0.0000000000
72266  39.388  -4.353  38.800 0.0000000000
71111  41.084  -5.610  37.943 0.0000000000
68091  44.654  -8.471  38.229 0.0000000000
65912  38.397  -10.653  38.936 0.0000000000
65923  38.969  -10.625  38.447 0.0000000000
65920  41.972  -10.386  37.522 0.0000000000
64771  43.358  -10.976  37.789 0.0000000000
64760  43.678  -11.670  38.405 0.0000000000
65911  44.404  -11.061  38.255 0.0000000000
53046  33.043  -21.859  49.698 0.0000000000
53029  33.302  -22.217  50.273 0.0000000000
52993  33.989  -23.011  52.016 0.0000000000
51975  33.496  -23.621  51.945 0.0000000000
51959  34.863  -23.587  52.765 0.0000000000
77557  40.342  0.152  38.228 0.0000000000
77572  40.322  0.064  37.110 0.0000000000
46573  19.712  -28.479  59.222 0.0000000000
46544  12.508  -27.931  60.994 0.0000000000
45457  11.942  -29.622  61.975 0.0000000000
44434  12.066  -30.527  62.655 0.0000000000
43330  11.679  -31.851  63.623 0.0000000000
47594  10.708  -27.407  64.905 0.0000000000
44419  10.590  -30.148  63.866 0.0000000000
44405  10.971  -31.350  63.744 0.0000000000
42219  12.057  -33.174  64.991 0.0000000000
42202  12.067  -33.727  65.795 0.0000000000
42167  9.963  -33.940  67.842 0.0000000000
42158  8.968  -33.902  69.122 0.0000000000
42159  8.452  -33.291  69.322 0.0000000000
43293  8.485  -31.305  67.399 0.0000000000
44356  7.685  -30.516  67.801 0.0000000000
43272  7.794  -31.465  67.835 0.0000000000
43261  8.407  -32.819  68.750 0.0000000000
43247  6.481  -31.897  71.044 0.0000000000
43248  5.986  -31.286  71.121 0.0000000000
46418  7.357  -28.367  71.103 0.0000000000
45347  6.947  -28.646  71.270 0.0000000000
45355  6.025  -29.747  71.201 0.0000000000
44313  5.088  -30.381  71.619 0.0000000000
62214  31.419  -13.682  53.011 0.0000000000
53007  31.764  -22.812  50.569 0.0000000000
53009  29.372  -22.636  50.746 0.0000000000
51979  29.526  -23.303  51.288 0.0000000000
52998  24.639  -22.147  52.095 0.0000000000
51928  26.516  -24.462  53.505 0.0000000000
51931  23.843  -24.677  53.317 0.0000000000
50835  25.472  -25.081  54.194 0.0000000000
51929  25.523  -24.753  53.570 0.0000000000
71107  45.232  -5.766  38.203 0.0000000000
64718  34.296  -12.310  42.303 0.0000000000
63561  34.758  -12.596  41.797 0.0000000000
62397  35.991  -14.180  41.652 0.0000000000
64586  30.451  -11.253  49.234 0.0000000000
63477  29.859  -12.794  48.617 0.0000000000
63476  29.953  -12.224  48.585 0.0000000000
64600  30.194  -11.248  48.154 0.0000000000
63497  30.676  -12.369  46.563 0.0000000000
63509  31.223  -12.789  45.750 0.0000000000
62309  34.023  -14.444  47.571 0.0000000000
61166  33.376  -14.631  46.914 0.0000000000
61167  32.451  -14.423  46.816 0.0000000000
61183  32.020  -14.392  46.136 0.0000000000
62343  31.689  -13.800  45.360 0.0000000000
62361  32.517  -13.808  44.459 0.0000000000
62359  34.433  -14.489  43.545 0.0000000000
61210  35.290  -14.969  44.042 0.0000000000
62380  34.993  -14.453  42.906 0.0000000000
61234  36.730  -14.595  42.295 0.0000000000
61232  38.352  -14.553  43.134 0.0000000000
62358  38.673  -14.346  44.571 0.0000000000
62357  39.482  -14.183  44.441 0.0000000000
62356  40.275  -13.946  44.197 0.0000000000
54058  33.472  -21.700  49.828 0.0000000000
54057  34.146  -21.404  50.074 0.0000000000
54056  34.511  -20.960  50.244 0.0000000000
54034  34.746  -21.054  50.699 0.0000000000
55033  35.393  -20.312  51.161 0.0000000000
55032  35.790  -19.770  51.478 0.0000000000
55996  36.092  -19.207  51.512 0.0000000000
54993  37.549  -21.336  53.016 0.0000000000
54000  37.272  -20.926  52.536 0.0000000000
55985  36.733  -19.193  52.157 0.0000000000
57037  36.504  -18.394  51.797 0.0000000000
80773  46.813  3.153  29.891 0.0000000000
79702  46.780  2.418  29.118 0.0000000000
79714  46.939  2.023  28.551 0.0000000000
76603  46.956  -0.885  29.606 0.0000000000
77627  47.266  0.304  28.872 0.0000000000
78677  47.196  1.532  28.169 0.0000000000
77677  48.530  0.804  26.969 0.0000000000
76641  49.172  -0.416  27.310 0.0000000000
76653  49.054  -0.172  26.995 0.0000000000
77676  49.066  0.364  26.676 0.0000000000
44377  7.981  -30.239  67.636 0.0000000000
45375  8.578  -28.292  68.855 0.0000000000
45454  14.894  -30.425  61.302 0.0000000000
47703  18.060  -27.782  56.254 0.0000000000
48647  12.272  -26.237  61.535 0.0000000000
48694  17.883  -27.764  56.304 0.0000000000
48709  16.657  -26.329  56.648 0.0000000000
49735  16.874  -25.472  56.543 0.0000000000
49737  16.128  -26.229  57.154 0.0000000000
49747  18.633  -26.106  55.468 0.0000000000
53993  22.688  -21.340  54.212 0.0000000000
54073  32.752  -21.015  49.519 0.0000000000
54978  37.646  -21.318  53.594 0.0000000000
55980  26.409  -19.512  52.813 0.0000000000
55988  26.728  -19.435  52.804 0.0000000000
55997  35.618  -19.520  51.110 0.0000000000
57060  32.860  -19.235  49.912 0.0000000000
58110  31.600  -17.085  50.761 0.0000000000
58130  31.489  -16.904  50.297 0.0000000000
59121  34.068  -16.461  49.808 0.0000000000
60117  30.905  -16.085  51.482 0.0000000000
61165  35.045  -14.289  46.788 0.0000000000
61168  31.918  -14.177  46.629 0.0000000000
61197  32.988  -14.746  45.470 0.0000000000
61245  38.174  -14.611  42.455 0.0000000000
62295  29.837  -13.039  48.705 0.0000000000
62313  30.472  -13.086  46.902 0.0000000000
62328  30.849  -13.355  46.440 0.0000000000
62329  30.613  -13.225  46.766 0.0000000000
62362  32.036  -13.912  44.761 0.0000000000
62392  41.763  -13.573  42.232 0.0000000000
63461  29.795  -12.774  48.953 0.0000000000
63489  30.373  -12.802  46.941 0.0000000000
64653  31.633  -12.168  45.575 0.0000000000
65734  30.710  -10.525  49.253 0.0000000000
66998  37.449  -10.210  39.586 0.0000000000
68107  40.350  -7.686  37.359 0.0000000000
70121  38.890  -5.476  38.947 0.0000000000
70130  40.474  -6.860  37.179 0.0000000000
71114  38.968  -5.256  38.990 0.0000000000
73403  41.730  -3.661  36.837 0.0000000000
74415  38.942  -3.191  41.078 0.0000000000
75469  39.240  -2.075  40.718 0.0000000000
77687  49.302  0.648  26.142 0.0000000000
78662  45.050  0.959  30.520 0.0000000000
80779  47.087  2.942  29.381 0.0000000000
