#!ascii label  , from subject 3062 vox2ras=TkReg
1848
10475  34.218  -65.183  0.787 0.2000000030
10476  33.601  -65.304  1.200 0.2000000030
10497  35.351  -65.479  0.359 0.2000000030
10500  33.314  -65.790  0.582 0.2000000030
10516  37.245  -66.240  -0.320 0.1000000015
11324  33.641  -64.883  1.745 0.3000000119
11344  34.743  -65.012  0.638 0.2000000030
9667  35.782  -65.861  -0.001 0.1000000015
10498  34.661  -65.591  0.378 0.2000000030
11342  36.548  -64.765  0.614 0.1000000015
10517  36.817  -65.917  -0.221 0.1000000015
10494  38.417  -65.426  0.526 0.1000000015
9664  38.912  -65.706  0.375 0.1000000015
9666  37.898  -66.326  -0.189 0.1000000015
12143  40.770  -63.746  1.007 0.1000000015
9681  39.119  -65.980  0.097 0.1000000015
10514  40.303  -65.021  -0.038 0.1000000015
13010  40.642  -63.323  0.985 0.2000000030
12162  40.610  -63.893  0.489 0.1000000015
12121  37.705  -63.662  1.542 0.1000000015
12098  38.797  -63.197  2.247 0.1000000015
12146  35.920  -64.260  0.804 0.2000000030
11339  38.980  -64.768  1.152 0.1000000015
11321  36.963  -64.284  0.878 0.1000000015
11341  37.594  -64.874  0.698 0.1000000015
10474  39.856  -64.833  1.246 0.1000000015
12997  40.604  -62.728  1.737 0.1000000015
13844  39.723  -60.974  2.622 0.2000000030
13859  40.291  -61.656  2.038 0.2000000030
14725  38.832  -60.515  2.782 0.1000000015
12998  39.669  -62.190  1.272 0.2000000030
15556  36.957  -59.298  3.357 0.2000000030
15574  36.535  -59.261  2.877 0.1000000015
16399  36.425  -58.278  2.515 0.1000000015
12119  39.579  -63.852  1.910 0.1000000015
12097  39.712  -63.187  2.392 0.1000000015
11338  40.498  -64.414  1.096 0.1000000015
15555  37.660  -59.365  3.516 0.2000000030
16398  36.977  -58.041  3.225 0.2000000030
17300  36.914  -57.447  2.696 0.2000000030
18201  37.134  -56.512  2.306 0.1000000015
18217  37.241  -56.734  1.613 0.2000000030
12096  40.253  -62.998  2.457 0.1000000015
12996  41.002  -62.193  2.539 0.1000000015
13858  41.003  -61.890  2.406 0.2000000030
15553  39.370  -59.863  3.921 0.2000000030
14707  39.167  -60.095  3.551 0.3000000119
19159  37.883  -55.402  1.617 0.2000000030
19158  38.500  -55.400  1.054 0.2000000030
18231  38.168  -56.490  0.677 0.2000000030
15554  38.697  -59.433  3.959 0.3000000119
14723  40.188  -60.653  3.234 0.2000000030
19124  37.098  -56.109  2.870 0.3000000119
20130  37.361  -54.497  2.138 0.3000000119
21176  37.585  -53.470  1.559 0.3000000119
20141  37.994  -54.300  1.538 0.3000000119
18215  38.376  -55.983  0.964 0.2000000030
19177  39.109  -55.577  0.611 0.2000000030
20131  36.581  -54.205  2.347 0.4000000060
19125  36.780  -55.830  3.063 0.3000000119
19142  36.697  -55.036  2.645 0.3000000119
16388  37.659  -58.503  3.906 0.2000000030
17288  37.091  -57.384  3.318 0.2000000030
20140  38.670  -54.649  1.042 0.2000000030
21175  38.376  -53.550  1.113 0.2000000030
20155  39.566  -54.632  0.519 0.2000000030
22260  36.607  -52.356  1.580 0.3000000119
21165  36.958  -53.735  1.918 0.3000000119
22273  38.766  -52.640  0.614 0.2000000030
22272  39.728  -52.733  0.237 0.2000000030
22288  40.395  -52.461  -0.189 0.1000000015
21189  39.175  -53.671  0.625 0.2000000030
22271  40.415  -53.138  -0.054 0.2000000030
21188  40.046  -53.785  0.311 0.2000000030
23371  37.128  -51.386  1.195 0.3000000119
23385  37.734  -51.366  0.953 0.3000000119
22259  37.322  -52.483  1.320 0.3000000119
24412  37.825  -50.548  0.836 0.2000000030
23384  38.274  -51.631  0.712 0.3000000119
24411  38.754  -50.739  0.434 0.2000000030
22258  38.024  -52.603  1.109 0.3000000119
23383  39.297  -51.589  0.323 0.1000000015
23404  40.799  -51.768  -0.427 0.1000000015
23405  40.017  -51.870  -0.113 0.1000000015
24432  40.050  -50.800  -0.255 0.1000000015
22287  41.120  -52.795  -0.467 0.1000000015
24397  36.612  -50.445  1.363 0.3000000119
24396  37.185  -50.546  1.119 0.2000000030
25421  37.797  -49.196  0.719 0.2000000030
26419  38.513  -48.487  0.275 0.2000000030
27445  39.337  -47.165  -0.035 0.1000000015
25420  38.523  -49.733  0.381 0.1000000015
26430  39.346  -48.336  -0.364 0.1000000015
26418  39.017  -49.259  -0.090 0.1000000015
24410  39.339  -50.811  0.169 0.1000000015
25433  40.645  -49.873  -0.885 0.1000000015
24450  41.480  -49.999  -1.279 0.1000000015
25405  37.126  -49.784  1.043 0.2000000030
28432  40.282  -46.431  -0.387 0.1000000015
28454  40.558  -46.941  -0.904 0.1000000015
27444  40.171  -47.561  -0.770 0.1000000015
26429  40.325  -48.759  -0.838 0.1000000015
25434  39.760  -49.528  -0.397 0.1000000015
26446  40.909  -48.130  -1.325 0.1000000015
25447  41.179  -49.138  -1.334 0.1000000015
28453  41.107  -46.555  -1.189 0.1000000015
26445  41.834  -48.522  -1.764 0.1000000015
25446  42.096  -49.474  -1.553 0.1000000015
28431  40.914  -46.198  -0.733 0.1000000015
10492  40.257  -64.993  0.553 0.1000000015
11319  38.494  -64.326  1.339 0.1000000015
14739  38.047  -60.807  2.170 0.1000000015
12789  41.006  -62.435  16.467 0.5000000000
12766  41.974  -62.397  17.670 0.5000000000
13653  41.751  -61.847  17.342 0.5000000000
13654  41.276  -61.760  16.859 0.5000000000
14538  41.093  -61.062  16.519 0.5000000000
11872  40.950  -63.372  19.394 0.2000000030
11052  41.451  -63.820  18.822 0.2000000030
11871  41.755  -63.106  19.160 0.3000000119
11884  41.878  -63.264  18.404 0.3000000119
12765  42.140  -62.123  18.191 0.5000000000
14518  42.231  -60.990  17.513 0.5000000000
14537  41.932  -60.759  16.832 0.5000000000
14554  41.532  -60.387  16.333 0.5000000000
13664  39.802  -61.848  16.158 0.5000000000
14555  40.821  -60.485  16.061 0.5000000000
12837  38.410  -63.105  13.299 0.5000000000
12726  41.184  -62.580  19.401 0.3000000119
13623  41.799  -61.560  18.728 0.3000000119
13641  42.237  -61.590  17.842 0.5000000000
15392  42.023  -60.120  16.315 0.5000000000
14556  39.716  -60.771  15.956 0.5000000000
13665  38.905  -61.720  15.788 0.5000000000
11200  39.361  -64.193  10.105 0.4000000060
12010  38.610  -63.767  10.696 0.5000000000
11997  38.844  -63.467  11.281 0.5000000000
12809  38.540  -62.448  15.179 0.5000000000
11201  38.296  -64.266  10.224 0.4000000060
12727  40.063  -62.843  19.307 0.3000000119
14499  40.736  -60.884  18.804 0.4000000060
14498  41.668  -60.923  18.534 0.4000000060
14517  42.423  -60.777  17.788 0.5000000000
15376  42.518  -59.605  17.227 0.5000000000
14536  42.526  -60.350  17.190 0.5000000000
15391  42.404  -59.603  16.413 0.5000000000
16236  42.617  -58.658  15.679 0.5000000000
15400  42.294  -59.184  15.775 0.5000000000
15401  41.672  -59.634  15.740 0.5000000000
15402  40.450  -59.886  15.483 0.5000000000
13666  37.929  -61.672  15.277 0.6000000238
12853  37.951  -63.129  12.528 0.5000000000
12826  37.848  -62.565  14.353 0.5000000000
13675  37.290  -61.832  14.664 0.5000000000
10392  38.128  -65.776  8.248 0.4000000060
10381  38.619  -65.259  8.971 0.4000000060
12011  37.552  -63.748  10.740 0.5000000000
12790  34.809  -62.167  16.824 0.1000000015
13642  36.244  -61.159  17.941 0.1000000015
14520  35.779  -60.243  17.908 0.1000000015
14519  36.239  -60.548  18.078 0.1000000015
14503  36.624  -60.284  18.398 0.1000000015
13626  37.097  -61.329  18.509 0.1000000015
14502  37.711  -60.623  18.978 0.1000000015
15363  37.270  -59.438  18.683 0.1000000015
12728  39.012  -62.393  19.025 0.2000000030
13607  38.166  -61.765  19.215 0.1000000015
13605  39.614  -61.857  19.230 0.3000000119
15358  42.243  -60.307  18.083 0.5000000000
14500  39.732  -60.524  18.902 0.4000000060
15360  40.370  -59.987  18.463 0.4000000060
15377  41.875  -59.503  17.694 0.4000000060
16217  42.527  -58.986  16.908 0.5000000000
16230  42.564  -58.542  16.406 0.5000000000
16235  42.915  -58.172  15.743 0.5000000000
16237  42.051  -58.806  15.299 0.5000000000
15403  39.330  -59.936  15.395 0.5000000000
12838  37.387  -62.697  13.208 0.5000000000
11983  38.093  -63.265  11.879 0.5000000000
11218  37.892  -64.785  9.583 0.4000000060
9579  38.244  -66.359  6.717 0.5000000000
13646  32.473  -61.713  17.233 0.1000000015
13658  33.305  -61.918  16.709 0.1000000015
13657  34.062  -61.692  16.826 0.1000000015
13656  34.594  -61.532  17.033 0.1000000015
13643  35.216  -61.209  17.300 0.1000000015
15380  35.040  -59.505  17.795 0.1000000015
13644  34.294  -61.051  17.157 0.1000000015
15365  35.745  -59.311  18.212 0.1000000015
17113  37.937  -57.183  17.747 0.2000000030
12748  37.390  -61.985  18.633 0.1000000015
14485  37.951  -61.285  19.221 0.1000000015
17097  38.257  -57.871  18.123 0.2000000030
14484  38.391  -61.159  19.250 0.2000000030
15362  38.253  -59.584  18.631 0.1000000015
15361  39.371  -59.595  18.364 0.2000000030
16221  38.975  -58.107  17.624 0.2000000030
17112  38.717  -57.333  17.541 0.2000000030
18005  38.464  -56.487  17.244 0.2000000030
14501  38.755  -60.427  18.948 0.2000000030
15378  40.808  -59.491  17.872 0.3000000119
17110  40.742  -57.907  17.111 0.3000000119
17109  41.747  -58.113  16.889 0.4000000060
16231  42.273  -58.275  16.717 0.5000000000
14558  37.691  -60.714  15.348 0.5000000000
17119  42.781  -57.678  15.936 0.4000000060
13677  35.651  -61.357  14.412 0.5000000000
14572  36.202  -60.669  14.985 0.5000000000
15405  37.318  -60.015  15.221 0.5000000000
12828  36.048  -62.044  14.081 0.5000000000
13676  36.582  -61.495  14.678 0.5000000000
13667  37.275  -61.283  15.019 0.5000000000
15416  41.047  -59.101  15.022 0.5000000000
15415  41.622  -58.925  15.191 0.5000000000
12854  37.075  -62.965  12.162 0.5000000000
12839  36.191  -62.433  13.118 0.5000000000
12827  36.881  -62.187  14.008 0.5000000000
15404  38.270  -59.905  15.357 0.5000000000
11202  37.201  -64.314  10.190 0.5000000000
11998  37.722  -63.382  11.373 0.5000000000
14557  38.602  -60.755  15.635 0.6000000238
10403  37.677  -66.198  7.466 0.4000000060
13647  31.915  -62.212  17.575 0.1000000015
14523  32.805  -60.490  17.445 0.1000000015
15366  32.177  -59.705  17.925 0.1000000015
13645  33.422  -61.192  17.070 0.1000000015
14522  33.755  -60.410  17.363 0.1000000015
16222  35.229  -58.797  18.047 0.1000000015
16208  35.853  -58.349  18.417 0.1000000015
17099  36.309  -57.430  18.593 0.1000000015
16207  36.825  -58.389  18.674 0.1000000015
17995  36.659  -56.681  18.336 0.2000000030
17994  37.072  -56.864  18.258 0.2000000030
16206  37.769  -58.567  18.549 0.1000000015
17098  37.271  -57.420  18.394 0.2000000030
17111  39.635  -57.487  17.259 0.3000000119
18019  38.876  -56.061  16.787 0.2000000030
17122  40.419  -57.139  16.703 0.3000000119
18018  39.545  -56.458  16.708 0.2000000030
17120  42.247  -57.690  16.404 0.4000000060
18017  40.822  -56.452  16.099 0.3000000119
18015  42.474  -57.285  15.946 0.4000000060
18016  41.973  -56.915  16.038 0.4000000060
16252  36.471  -58.279  14.309 0.5000000000
16251  37.521  -58.541  14.285 0.5000000000
15419  37.865  -59.239  14.874 0.5000000000
17127  43.145  -57.881  15.379 0.5000000000
17164  36.612  -57.448  13.517 0.5000000000
17163  37.795  -57.713  13.007 0.5000000000
16272  38.333  -58.061  13.337 0.5000000000
16247  41.769  -58.600  14.433 0.5000000000
16246  42.652  -58.283  14.717 0.5000000000
17183  38.843  -57.506  12.424 0.5000000000
16293  39.091  -57.961  12.971 0.5000000000
16250  38.618  -58.604  14.200 0.6000000238
15417  40.044  -59.330  14.777 0.5000000000
15418  38.963  -59.232  14.851 0.5000000000
9599  37.758  -66.448  5.478 0.4000000060
9591  37.594  -66.358  6.128 0.4000000060
10402  38.790  -66.140  7.386 0.4000000060
17089  31.596  -57.563  19.327 0.1000000015
16212  31.775  -58.529  18.712 0.1000000015
17103  32.375  -57.545  18.555 0.1000000015
15382  33.275  -59.785  17.565 0.1000000015
15383  32.728  -59.835  17.645 0.1000000015
16211  32.772  -58.510  18.084 0.1000000015
17102  33.303  -57.342  18.275 0.1000000015
16224  33.542  -59.063  17.848 0.1000000015
16210  33.869  -58.165  18.035 0.1000000015
17101  34.350  -57.277  18.359 0.1000000015
16209  34.869  -58.110  18.208 0.1000000015
17100  35.361  -57.331  18.520 0.1000000015
17996  35.799  -56.533  18.582 0.1000000015
18926  36.201  -55.886  18.244 0.2000000030
18007  36.695  -56.140  17.995 0.2000000030
18939  36.706  -55.441  17.498 0.2000000030
18938  37.700  -55.795  17.076 0.2000000030
22047  42.323  -52.384  11.769 0.2000000030
18951  38.987  -55.553  16.346 0.2000000030
22070  42.093  -52.937  11.313 0.2000000030
20998  41.337  -53.966  11.571 0.2000000030
20001  41.429  -55.106  11.659 0.2000000030
18950  39.908  -55.804  15.860 0.2000000030
22088  41.800  -53.108  10.866 0.2000000030
20029  41.467  -54.409  10.945 0.2000000030
20017  41.567  -54.711  11.221 0.2000000030
19026  41.786  -55.721  11.499 0.2000000030
19025  42.154  -56.205  11.926 0.2000000030
18074  42.088  -56.615  12.749 0.4000000060
20018  40.384  -55.027  10.861 0.2000000030
20030  40.873  -54.577  10.746 0.3000000119
18110  41.263  -55.688  10.907 0.3000000119
18092  41.656  -56.109  11.119 0.4000000060
18091  42.140  -56.466  11.679 0.3000000119
18073  42.304  -56.593  12.270 0.4000000060
18053  42.345  -56.942  13.104 0.5000000000
18040  41.871  -56.690  14.554 0.4000000060
18038  42.969  -57.402  14.737 0.5000000000
18096  38.061  -56.122  11.705 0.5000000000
18095  38.638  -56.142  11.480 0.4000000060
18094  39.548  -56.180  11.307 0.4000000060
18093  40.647  -56.131  11.135 0.4000000060
17198  41.078  -56.981  11.423 0.4000000060
17181  41.467  -57.556  11.978 0.5000000000
17180  42.162  -57.376  12.178 0.5000000000
17179  42.386  -57.249  12.691 0.5000000000
17142  42.766  -57.677  14.227 0.5000000000
17200  39.020  -56.734  11.693 0.5000000000
16292  39.834  -57.981  12.775 0.5000000000
16271  39.332  -58.233  13.471 0.5000000000
16249  39.686  -58.737  14.127 0.5000000000
16248  40.741  -58.683  14.198 0.5000000000
17983  31.594  -56.367  19.673 0.1000000015
17074  31.230  -57.543  20.311 0.1000000015
18915  31.795  -55.289  19.749 0.1000000015
17999  32.828  -56.400  18.752 0.1000000015
18914  32.553  -55.536  19.331 0.1000000015
18930  33.069  -55.705  19.025 0.1000000015
18913  33.328  -55.219  19.137 0.1000000015
17997  34.847  -56.434  18.653 0.1000000015
18928  34.319  -55.527  18.720 0.1000000015
18927  35.274  -55.571  18.423 0.2000000030
19936  35.092  -54.602  17.907 0.2000000030
18940  35.832  -55.196  17.880 0.2000000030
18953  37.319  -55.116  16.744 0.2000000030
18937  38.429  -55.830  16.785 0.2000000030
22048  41.778  -52.822  12.118 0.1000000015
23143  41.968  -51.513  13.193 0.1000000015
23167  41.579  -52.120  12.717 0.1000000015
22049  40.924  -52.664  12.650 0.1000000015
20999  40.721  -53.597  12.386 0.1000000015
19007  40.850  -55.646  12.757 0.1000000015
19006  41.667  -56.040  12.421 0.2000000030
18028  41.589  -56.537  15.394 0.3000000119
18949  40.426  -56.088  15.660 0.2000000030
19985  40.510  -55.398  12.957 0.1000000015
18054  41.758  -56.618  13.449 0.3000000119
16290  41.807  -57.819  12.697 0.5000000000
16268  42.328  -57.965  13.470 0.5000000000
17161  42.494  -57.385  13.513 0.5000000000
16291  40.920  -57.983  12.659 0.5000000000
16269  41.425  -58.353  13.388 0.5000000000
16270  40.355  -58.303  13.422 0.5000000000
17956  30.686  -55.934  21.046 0.1000000015
19899  31.294  -54.339  20.771 0.1000000015
19916  31.636  -54.626  20.032 0.1000000015
19915  32.309  -54.530  19.615 0.1000000015
20892  31.867  -53.563  19.939 0.1000000015
19928  33.591  -54.370  18.901 0.1000000015
20890  33.180  -53.986  19.093 0.1000000015
19927  34.051  -54.514  18.636 0.1000000015
19937  34.517  -54.467  18.237 0.2000000030
19935  35.909  -54.418  17.301 0.2000000030
19947  36.712  -54.455  16.752 0.2000000030
18952  38.087  -55.250  16.497 0.2000000030
23144  40.917  -51.686  13.231 0.1000000015
23168  40.934  -52.165  12.877 0.1000000015
20978  40.090  -53.036  12.965 0.1000000015
21000  40.073  -53.615  12.882 0.1000000015
20003  40.142  -54.147  12.803 0.1000000015
18963  39.930  -55.331  15.252 0.1000000015
18962  40.321  -55.803  15.424 0.2000000030
19944  39.317  -54.986  15.652 0.2000000030
20979  39.467  -53.725  13.502 0.1000000015
19986  40.099  -54.880  13.303 0.1000000015
18985  40.668  -55.996  13.608 0.1000000015
18041  41.061  -56.371  14.693 0.2000000030
18029  40.771  -56.183  15.370 0.2000000030
20861  31.143  -53.696  21.240 0.1000000015
23003  30.738  -51.909  21.285 0.1000000015
23020  31.437  -51.841  19.904 0.1000000015
21932  31.788  -52.484  19.717 0.1000000015
20909  32.846  -53.359  18.813 0.1000000015
20891  32.796  -53.761  19.252 0.1000000015
20908  33.462  -53.791  18.676 0.1000000015
20922  34.241  -53.806  18.005 0.1000000015
20921  35.279  -53.702  17.220 0.1000000015
21970  34.649  -52.798  17.145 0.1000000015
20920  35.722  -53.918  17.068 0.2000000030
19946  37.566  -54.429  16.158 0.2000000030
19961  38.098  -54.094  15.598 0.1000000015
19945  38.487  -54.762  15.924 0.2000000030
24119  41.575  -50.383  14.194 0.1000000015
24145  40.383  -51.054  13.619 0.1000000015
19960  38.762  -54.275  15.341 0.2000000030
23145  39.859  -51.609  13.462 0.1000000015
22028  39.307  -52.463  13.631 0.1000000015
19969  39.548  -54.657  14.094 0.1000000015
18971  39.936  -55.301  14.509 0.2000000030
23999  30.882  -50.722  20.734 0.1000000015
24011  31.806  -51.071  19.294 0.1000000015
23019  31.901  -51.658  19.271 0.1000000015
21972  32.905  -52.388  17.902 0.1000000015
21971  33.565  -52.824  17.755 0.1000000015
21969  35.207  -53.115  16.921 0.1000000015
20937  35.483  -53.272  16.853 0.2000000030
23085  35.973  -51.788  16.418 0.1000000015
21984  36.545  -52.631  16.186 0.1000000015
20935  36.919  -53.603  16.255 0.2000000030
22001  36.810  -52.140  15.785 0.1000000015
21983  37.070  -53.077  15.832 0.2000000030
25132  38.719  -49.957  14.584 0.1000000015
24122  38.364  -50.719  14.480 0.1000000015
23125  37.938  -51.364  14.771 0.1000000015
22016  37.796  -51.972  14.986 0.1000000015
21999  38.023  -52.761  15.048 0.1000000015
20953  37.536  -53.519  15.696 0.1000000015
24120  40.520  -50.401  14.047 0.1000000015
24121  39.379  -50.785  14.004 0.1000000015
23124  38.620  -51.482  14.239 0.1000000015
22015  38.389  -52.426  14.613 0.1000000015
20963  38.725  -53.382  14.543 0.1000000015
20952  38.252  -53.341  15.160 0.1000000015
23123  39.147  -51.647  13.820 0.1000000015
22014  38.830  -52.000  14.061 0.1000000015
22029  38.871  -53.120  14.023 0.1000000015
20980  39.006  -53.552  14.111 0.1000000015
19959  39.452  -54.539  14.951 0.1000000015
24012  31.426  -50.773  19.737 0.1000000015
24029  32.091  -50.810  18.903 0.1000000015
24056  32.695  -50.601  17.839 0.1000000015
23064  33.148  -51.761  17.625 0.1000000015
24054  34.425  -51.396  16.949 0.1000000015
23086  35.065  -51.655  16.593 0.1000000015
26115  37.479  -48.650  15.418 0.1000000015
25108  37.336  -49.571  15.304 0.1000000015
25109  36.539  -49.812  15.531 0.1000000015
24099  36.270  -50.648  15.707 0.1000000015
26114  38.331  -48.480  15.298 0.1000000015
23106  36.847  -51.541  15.614 0.1000000015
25106  39.015  -49.186  15.010 0.1000000015
25107  38.117  -49.315  15.062 0.1000000015
24098  37.290  -50.665  15.268 0.1000000015
23105  37.464  -51.603  15.215 0.1000000015
22000  37.474  -52.495  15.416 0.1000000015
24082  33.943  -50.124  16.901 0.1000000015
25083  34.252  -49.698  16.613 0.1000000015
24081  34.593  -50.614  16.657 0.1000000015
26093  34.382  -48.880  16.446 0.1000000015
25082  35.153  -49.751  16.145 0.1000000015
24080  35.551  -50.879  16.172 0.1000000015
27116  37.624  -47.728  15.437 0.1000000015
26116  36.638  -48.882  15.522 0.1000000015
26117  35.834  -49.182  15.680 0.1000000015
27115  38.513  -47.599  15.401 0.1000000015
12744  42.097  -62.045  18.484 0.4000000060
14497  42.159  -61.150  18.299 0.4000000060
15359  41.363  -60.168  18.284 0.4000000060
12769  35.789  -62.208  17.388 0.1000000015
15364  36.425  -59.241  18.505 0.1000000015
14483  39.192  -61.148  19.205 0.2000000030
16219  41.270  -58.749  17.407 0.4000000060
13627  32.140  -61.379  17.663 0.1000000015
14521  34.720  -60.328  17.479 0.1000000015
18006  37.283  -56.525  17.810 0.2000000030
16205  38.788  -58.813  18.132 0.2000000030
16204  39.294  -59.095  18.012 0.2000000030
16220  39.854  -58.783  17.686 0.3000000119
18004  39.124  -56.886  17.266 0.2000000030
17121  41.362  -57.338  16.554 0.3000000119
15420  36.573  -59.493  14.954 0.5000000000
14505  32.199  -60.900  17.783 0.1000000015
15381  34.135  -59.644  17.612 0.1000000015
16223  34.457  -58.871  17.912 0.1000000015
16274  36.771  -57.893  13.849 0.5000000000
16273  37.248  -57.975  13.722 0.5000000000
18075  38.240  -56.651  11.949 0.5000000000
17104  31.873  -57.639  18.852 0.1000000015
17088  32.006  -56.946  18.981 0.1000000015
17998  33.868  -56.453  18.668 0.1000000015
21017  41.567  -53.786  11.119 0.2000000030
20002  40.718  -54.909  12.304 0.1000000015
21031  41.328  -53.717  10.802 0.2000000030
19043  41.581  -55.200  10.939 0.2000000030
19028  40.055  -55.462  11.095 0.5000000000
19027  40.781  -55.372  10.859 0.4000000060
21032  40.571  -53.492  10.701 0.2000000030
17197  42.038  -57.013  11.496 0.5000000000
18039  42.469  -57.121  14.140 0.5000000000
18055  41.303  -56.529  14.097 0.3000000119
19030  38.110  -55.435  11.584 0.5000000000
19029  39.105  -55.430  11.205 0.5000000000
17199  39.909  -56.979  11.527 0.5000000000
17182  40.354  -57.681  11.958 0.5000000000
18898  31.178  -55.469  20.417 0.1000000015
17982  32.230  -56.305  19.171 0.1000000015
18929  33.552  -55.735  18.908 0.1000000015
19914  33.160  -54.472  19.215 0.1000000015
18912  33.809  -55.140  18.940 0.1000000015
19926  34.658  -54.935  18.393 0.2000000030
18883  30.838  -55.356  21.253 0.1000000015
20907  33.951  -54.016  18.476 0.1000000015
20936  35.993  -53.593  16.749 0.2000000030
24144  41.283  -50.976  13.644 0.1000000015
22027  40.304  -52.247  13.068 0.1000000015
18970  40.465  -55.794  14.870 0.2000000030
20874  31.389  -53.445  20.709 0.1000000015
19886  30.607  -53.659  21.980 0.1000000015
21894  31.061  -53.018  21.106 0.1000000015
24000  30.677  -51.221  21.357 0.1000000015
23002  31.013  -51.637  20.604 0.1000000015
21912  30.946  -52.355  20.991 0.1000000015
21911  31.361  -52.618  20.418 0.1000000015
21931  32.431  -52.776  19.136 0.1000000015
21954  32.882  -52.953  18.297 0.1000000015
20923  33.668  -53.421  18.160 0.1000000015
23062  34.589  -52.013  16.876 0.1000000015
20962  39.113  -53.976  14.361 0.1000000015
23040  32.267  -51.922  18.193 0.1000000015
23063  34.019  -51.936  17.253 0.1000000015
21986  34.929  -52.280  16.763 0.1000000015
21985  35.487  -52.635  16.686 0.1000000015
23084  36.481  -51.880  16.024 0.1000000015
25131  39.723  -49.824  14.524 0.1000000015
24123  37.844  -50.705  14.797 0.1000000015
25133  37.887  -50.121  14.809 0.1000000015
20951  38.877  -53.886  14.903 0.1000000015
24030  31.803  -50.013  19.150 0.1000000015
24055  33.775  -50.864  17.262 0.1000000015
27117  36.767  -47.927  15.607 0.1000000015
24100  35.686  -50.312  15.892 0.1000000015
24079  36.211  -51.353  15.977 0.1000000015
25084  33.801  -49.690  16.857 0.1000000015
26092  35.131  -48.553  16.051 0.1000000015
28128  36.894  -46.947  15.551 0.1000000015
27118  35.923  -48.196  15.762 0.1000000015
9426  39.624  -66.211  15.614 0.1000000015
9437  40.258  -65.964  15.053 0.1000000015
10264  40.827  -65.558  15.550 0.1000000015
11093  41.126  -64.975  16.718 0.1000000015
11072  41.049  -64.644  17.442 0.1000000015
10245  39.945  -65.739  16.854 0.1000000015
10208  40.155  -64.946  18.172 0.1000000015
9438  39.604  -66.418  14.672 0.2000000030
11041  40.291  -64.304  19.067 0.1000000015
9462  40.380  -66.059  13.837 0.2000000030
10287  41.055  -65.411  14.553 0.1000000015
10336  40.701  -65.491  12.880 0.2000000030
10263  41.462  -65.171  15.241 0.1000000015
11071  41.545  -63.949  17.880 0.1000000015
9486  39.977  -66.122  12.446 0.2000000030
10314  41.022  -65.292  13.574 0.2000000030
11092  41.899  -64.067  16.459 0.2000000030
10286  41.716  -64.875  14.680 0.2000000030
11114  42.301  -63.844  15.333 0.2000000030
11900  41.858  -63.222  17.423 0.3000000119
11916  42.414  -63.335  16.078 0.3000000119
12787  41.845  -62.906  16.738 0.3000000119
10313  41.587  -64.816  13.862 0.2000000030
11139  42.044  -64.193  14.441 0.2000000030
10369  41.169  -65.289  10.533 0.2000000030
11948  42.299  -63.620  15.126 0.2000000030
10354  41.387  -64.620  11.343 0.2000000030
7863  39.350  -67.787  7.246 0.1000000015
9507  40.316  -65.907  11.116 0.2000000030
10335  41.417  -64.746  12.669 0.2000000030
10355  40.807  -65.319  11.822 0.2000000030
12805  42.074  -62.915  15.978 0.3000000119
12788  41.538  -62.538  16.630 0.4000000060
8670  39.600  -67.392  8.290 0.1000000015
9529  40.665  -65.910  10.187 0.1000000015
11158  41.791  -64.263  13.299 0.2000000030
11949  42.085  -63.659  14.784 0.2000000030
8689  39.304  -67.690  7.733 0.1000000015
12806  41.367  -62.891  15.942 0.4000000060
8649  40.826  -66.485  8.987 0.2000000030
11174  41.848  -64.218  12.662 0.2000000030
7871  39.469  -67.920  6.399 0.1000000015
8703  40.210  -67.269  6.393 0.2000000030
8688  39.871  -67.357  7.280 0.1000000015
8687  40.624  -66.772  6.921 0.1000000015
11978  41.797  -63.814  12.797 0.2000000030
11964  41.689  -63.849  13.577 0.2000000030
11950  41.418  -63.577  14.416 0.4000000060
8669  40.551  -66.805  8.083 0.1000000015
11965  41.062  -63.584  13.393 0.4000000060
12807  40.374  -62.794  15.902 0.4000000060
10379  41.685  -65.194  9.857 0.3000000119
11198  41.637  -64.151  10.955 0.3000000119
9550  41.337  -65.703  9.390 0.2000000030
10378  41.723  -64.997  9.287 0.4000000060
11951  40.360  -63.537  14.349 0.4000000060
11994  41.503  -63.696  11.742 0.3000000119
12023  41.228  -63.807  9.632 0.4000000060
11214  41.683  -64.215  9.908 0.3000000119
23165  43.378  -51.468  12.924 0.1000000015
23166  42.601  -51.885  12.472 0.1000000015
11934  40.400  -63.279  15.189 0.4000000060
11980  40.920  -63.399  12.411 0.4000000060
12824  39.856  -63.226  15.152 0.5000000000
11995  40.790  -63.474  11.432 0.4000000060
12007  41.341  -63.787  10.646 0.3000000119
24167  43.781  -50.982  12.773 0.1000000015
12808  39.352  -62.632  15.542 0.4000000060
12825  39.134  -63.155  14.374 0.5000000000
11952  39.774  -63.516  13.753 0.5000000000
24197  42.749  -51.378  11.974 0.1000000015
22069  42.378  -52.358  11.418 0.1000000015
24198  42.351  -51.196  11.562 0.1000000015
23210  41.743  -52.541  10.829 0.1000000015
9427  39.078  -66.495  15.319 0.1000000015
9415  40.054  -65.830  16.395 0.1000000015
10222  40.499  -65.299  17.196 0.1000000015
9416  39.657  -65.977  16.332 0.1000000015
10223  39.716  -65.379  17.649 0.1000000015
11885  39.812  -64.135  19.124 0.1000000015
13655  40.567  -61.874  16.567 0.4000000060
23209  42.052  -52.678  10.952 0.1000000015
9463  39.402  -66.613  13.557 0.1000000015
11932  41.855  -63.225  15.283 0.3000000119
11188  41.923  -64.137  11.980 0.2000000030
11933  41.017  -63.272  15.203 0.4000000060
11979  41.504  -63.628  12.676 0.3000000119
11966  40.286  -63.474  13.187 0.4000000060
24168  43.210  -51.161  12.375 0.1000000015
23191  42.147  -52.075  11.077 0.1000000015
10224  38.627  -65.592  17.266 0.1000000015
2769  29.018  -75.620  3.142 0.1000000015
2783  28.709  -75.650  2.722 0.1000000015
3931  29.708  -74.873  1.855 0.1000000015
2770  28.362  -75.812  3.340 0.1000000015
3930  30.377  -74.769  2.570 0.1000000015
3339  27.946  -75.252  3.349 0.1000000015
2785  27.583  -75.962  2.496 0.1000000015
4953  24.259  -72.671  14.680 0.1000000015
5699  29.436  -72.370  5.852 0.1000000015
5098  28.952  -72.589  4.443 0.1000000015
3354  30.150  -75.344  3.206 0.1000000015
4521  28.384  -73.208  3.750 0.1000000015
3355  29.407  -75.411  2.623 0.1000000015
3338  28.336  -74.785  3.780 0.1000000015
3929  30.910  -74.470  2.888 0.1000000015
3921  28.012  -74.233  3.319 0.1000000015
4533  30.517  -74.165  1.901 0.1000000015
4341  24.312  -73.034  15.295 0.1000000015
4968  24.710  -72.704  14.391 0.1000000015
4967  25.498  -72.894  14.128 0.1000000015
4332  25.808  -73.797  16.373 0.1000000015
4931  24.749  -72.932  15.891 0.1000000015
4351  24.161  -72.926  14.988 0.1000000015
4952  24.779  -73.199  14.551 0.1000000015
4978  27.170  -72.237  12.971 0.1000000015
5637  28.382  -71.666  9.307 0.1000000015
5668  29.170  -71.546  7.567 0.1000000015
3337  29.724  -75.579  3.728 0.1000000015
2758  29.041  -75.972  4.170 0.1000000015
2759  28.594  -75.753  3.949 0.1000000015
3918  30.783  -74.871  3.523 0.1000000015
4532  31.003  -73.943  2.158 0.1000000015
4549  30.710  -73.827  1.185 0.1000000015
4349  25.228  -73.864  14.528 0.1000000015
4365  25.807  -73.906  14.013 0.1000000015
4333  25.086  -73.759  16.117 0.1000000015
4340  24.689  -73.591  15.672 0.1000000015
4364  26.452  -73.518  13.602 0.1000000015
4379  27.598  -73.342  12.190 0.1000000015
4989  27.741  -72.953  11.244 0.1000000015
5622  28.045  -71.887  10.402 0.1000000015
5001  27.797  -72.721  10.534 0.1000000015
5039  28.531  -72.587  8.618 0.1000000015
5038  29.141  -72.166  8.062 0.1000000015
5049  29.237  -72.478  7.339 0.1000000015
3902  28.586  -74.664  4.340 0.1000000015
3315  30.741  -75.149  4.038 0.1000000015
3317  29.669  -75.638  4.544 0.1000000015
3298  28.837  -75.523  4.723 0.1000000015
3318  28.468  -75.349  4.054 0.1000000015
4520  31.415  -74.131  3.197 0.1000000015
3184  26.630  -75.450  13.244 0.1000000015
3714  26.936  -74.442  17.036 0.1000000015
3716  25.458  -74.635  16.365 0.1000000015
3717  24.890  -74.607  16.080 0.1000000015
3740  24.720  -74.837  15.220 0.1000000015
3168  25.437  -75.193  14.456 0.1000000015
3167  25.896  -75.527  14.068 0.1000000015
3776  26.947  -74.768  13.013 0.1000000015
3789  27.346  -74.704  11.526 0.1000000015
5002  27.717  -73.435  10.245 0.1000000015
4416  27.904  -73.747  9.234 0.1000000015
3715  26.268  -74.707  16.673 0.1000000015
3119  25.829  -75.344  16.549 0.1000000015
3121  24.765  -75.363  16.005 0.1000000015
2584  24.720  -75.762  15.836 0.1000000015
2624  24.870  -75.975  14.954 0.1000000015
5017  27.902  -73.072  9.555 0.1000000015
5050  28.881  -73.092  7.888 0.1000000015
4463  29.091  -73.990  6.952 0.1000000015
5062  29.347  -72.860  6.574 0.1000000015
3864  28.895  -74.635  6.574 0.1000000015
4462  29.240  -73.819  6.478 0.1000000015
4481  29.126  -74.253  5.381 0.1000000015
4480  29.270  -74.027  5.872 0.1000000015
3276  29.512  -75.447  6.163 0.1000000015
3884  28.775  -74.855  5.200 0.1000000015
3901  30.571  -75.140  4.809 0.1000000015
2742  29.183  -75.803  4.607 0.1000000015
3297  29.233  -75.659  4.976 0.1000000015
3900  31.040  -74.710  4.391 0.1000000015
4501  31.732  -73.842  4.076 0.1000000015
4531  31.944  -73.364  2.020 0.1000000015
5112  32.924  -72.692  2.683 0.1000000015
4519  32.222  -73.195  3.207 0.1000000015
2653  26.410  -75.980  13.629 0.1000000015
3705  26.745  -75.078  17.265 0.1000000015
2575  26.468  -76.018  17.318 0.1000000015
2582  25.979  -76.081  16.528 0.1000000015
2623  25.146  -76.334  14.921 0.1000000015
3150  25.571  -76.149  14.483 0.1000000015
2639  25.991  -76.225  14.127 0.1000000015
3183  27.117  -75.240  12.377 0.1000000015
4402  27.538  -74.049  10.791 0.1000000015
3818  27.582  -75.371  9.823 0.1000000015
3112  26.359  -75.576  17.017 0.1000000015
2583  24.950  -76.008  16.099 0.1000000015
3836  27.739  -75.166  9.030 0.1000000015
4436  27.818  -74.649  8.813 0.1000000015
4435  28.257  -73.924  8.586 0.1000000015
3835  28.142  -74.978  8.318 0.1000000015
4447  28.826  -73.984  7.496 0.1000000015
3848  28.523  -74.664  7.648 0.1000000015
3277  29.061  -75.215  5.787 0.1000000015
3261  28.868  -75.260  7.324 0.1000000015
3882  30.714  -74.949  5.148 0.1000000015
3881  31.254  -74.584  5.394 0.1000000015
3296  30.175  -75.449  5.300 0.1000000015
3899  31.716  -74.104  4.846 0.1000000015
5111  33.638  -72.384  2.707 0.1000000015
3673  27.671  -75.798  19.653 0.1000000015
3688  27.549  -75.300  18.858 0.1000000015
3704  27.457  -74.773  17.704 0.1000000015
2574  26.899  -76.183  17.685 0.1000000015
2652  26.858  -76.117  12.623 0.1000000015
3111  26.941  -75.695  17.823 0.1000000015
2600  25.400  -76.396  15.599 0.1000000015
2621  26.755  -76.607  14.698 0.1000000015
2638  26.522  -76.328  13.912 0.1000000015
2666  27.574  -76.056  11.401 0.1000000015
3213  27.506  -75.748  10.575 0.1000000015
2651  27.517  -76.286  12.314 0.1000000015
2681  27.768  -76.058  10.491 0.1000000015
3247  27.868  -75.649  9.413 0.1000000015
3246  28.403  -75.484  8.751 0.1000000015
3245  29.251  -75.530  8.155 0.1000000015
3260  29.652  -75.417  7.161 0.1000000015
3295  30.797  -75.047  5.839 0.1000000015
3275  30.348  -75.288  6.475 0.1000000015
3880  32.071  -74.070  5.714 0.1000000015
3861  31.272  -74.595  6.433 0.1000000015
4500  32.564  -73.250  4.591 0.1000000015
5096  32.908  -72.707  3.459 0.1000000015
2597  27.787  -76.456  15.582 0.1000000015
3149  28.524  -76.061  14.420 0.1000000015
3098  27.264  -76.044  18.780 0.1000000015
2563  27.534  -76.256  18.655 0.1000000015
2581  26.859  -76.565  16.658 0.1000000015
3166  28.108  -76.226  13.744 0.1000000015
2598  27.148  -76.647  15.640 0.1000000015
3182  28.210  -76.188  12.638 0.1000000015
3197  28.637  -75.771  11.463 0.1000000015
3212  28.463  -75.707  10.379 0.1000000015
2665  27.946  -76.279  11.687 0.1000000015
2680  28.018  -76.155  10.883 0.1000000015
3230  29.180  -75.363  9.463 0.1000000015
3847  30.673  -74.849  7.259 0.1000000015
3845  31.653  -74.236  6.924 0.1000000015
3274  30.809  -74.991  6.327 0.1000000015
3860  31.955  -74.153  6.587 0.1000000015
4461  32.498  -73.648  6.486 0.1000000015
4479  32.690  -73.380  5.698 0.1000000015
3109  29.141  -75.775  17.729 0.1000000015
3086  28.085  -76.302  19.599 0.1000000015
2561  28.540  -76.236  18.799 0.1000000015
3118  28.373  -75.956  16.903 0.1000000015
3654  28.124  -75.547  20.585 0.1000000015
3655  27.905  -76.041  19.998 0.1000000015
2550  27.863  -76.393  19.175 0.1000000015
2562  28.000  -76.365  18.661 0.1000000015
2580  27.714  -76.446  16.357 0.1000000015
3165  28.866  -75.795  13.544 0.1000000015
3181  29.248  -75.595  12.495 0.1000000015
3211  29.262  -75.340  10.641 0.1000000015
3800  29.765  -75.001  10.079 0.1000000015
3229  29.764  -75.197  8.613 0.1000000015
3244  29.984  -75.275  7.774 0.1000000015
3833  31.133  -74.385  8.044 0.1000000015
4445  32.011  -73.818  7.373 0.1000000015
3862  30.777  -74.938  6.610 0.1000000015
4460  33.200  -73.157  6.233 0.1000000015
3085  28.752  -75.962  19.556 0.1000000015
3131  29.586  -75.401  15.499 0.1000000015
2549  28.140  -76.391  19.167 0.1000000015
3117  29.055  -75.612  16.415 0.1000000015
3164  29.958  -75.254  13.467 0.1000000015
3180  30.090  -75.158  12.304 0.1000000015
3788  29.934  -74.987  10.889 0.1000000015
3816  30.098  -74.797  9.408 0.1000000015
3817  29.692  -75.082  9.642 0.1000000015
3815  30.944  -74.357  8.983 0.1000000015
5037  32.008  -72.929  8.597 0.1000000015
4446  31.572  -74.092  7.821 0.1000000015
4433  32.414  -73.191  8.086 0.1000000015
3846  31.371  -74.318  7.303 0.1000000015
4444  33.047  -73.260  7.246 0.1000000015
5047  34.382  -72.334  6.985 0.1000000015
5680  34.702  -71.670  6.463 0.1000000015
3097  29.032  -75.969  18.741 0.1000000015
3725  29.944  -74.980  15.633 0.1000000015
3147  30.215  -75.088  14.684 0.1000000015
3084  29.723  -75.376  19.967 0.1000000015
3787  30.355  -74.706  11.673 0.1000000015
3799  30.447  -74.468  10.475 0.1000000015
4401  30.806  -74.035  10.128 0.1000000015
4434  31.669  -73.677  8.518 0.1000000015
4432  33.100  -72.819  8.004 0.1000000015
5048  33.687  -72.584  7.491 0.1000000015
5034  34.242  -72.040  7.762 0.1000000015
5651  35.433  -70.829  7.839 0.1000000015
7121  36.268  -69.593  7.269 0.1000000015
3686  30.327  -74.897  19.237 0.1000000015
3096  29.671  -75.529  18.776 0.1000000015
3702  29.994  -74.992  17.382 0.1000000015
3738  30.818  -74.585  14.647 0.1000000015
3755  30.994  -74.764  13.934 0.1000000015
3713  29.777  -75.014  16.384 0.1000000015
3130  30.072  -75.039  15.300 0.1000000015
3774  30.804  -74.588  12.797 0.1000000015
3786  30.980  -74.015  12.123 0.1000000015
4400  31.005  -73.813  10.631 0.1000000015
4414  31.187  -73.683  9.713 0.1000000015
8631  35.762  -67.772  10.733 0.1000000015
7830  34.763  -68.841  9.609 0.1000000015
7087  34.168  -69.584  9.167 0.1000000015
6334  33.629  -70.292  8.953 0.1000000015
6335  32.769  -70.798  9.169 0.1000000015
5016  31.755  -72.567  9.356 0.1000000015
7811  35.368  -68.267  10.132 0.1000000015
5015  32.131  -72.255  9.025 0.1000000015
7810  36.523  -68.494  10.459 0.1000000015
7829  35.702  -68.983  9.816 0.1000000015
7107  34.789  -70.153  8.897 0.1000000015
5653  33.923  -71.519  8.354 0.1000000015
7792  37.012  -67.909  10.998 0.1000000015
7791  37.343  -68.188  10.727 0.1000000015
7085  36.024  -69.507  9.358 0.1000000015
5652  34.823  -71.351  7.976 0.1000000015
7808  38.149  -68.218  9.876 0.1000000015
7105  36.433  -69.637  8.433 0.1000000015
7849  37.959  -68.532  8.194 0.1000000015
4317  31.293  -74.003  18.371 0.1000000015
3701  30.549  -74.622  18.132 0.1000000015
4318  31.293  -73.843  17.448 0.1000000015
3712  30.683  -74.186  16.633 0.1000000015
3723  31.188  -73.900  15.658 0.1000000015
3737  31.613  -73.991  14.644 0.1000000015
3754  31.690  -74.053  13.378 0.1000000015
3773  31.359  -74.068  12.697 0.1000000015
3798  30.830  -74.120  11.284 0.1000000015
4390  31.208  -73.527  11.523 0.1000000015
5000  31.417  -72.972  10.697 0.1000000015
5636  31.780  -71.646  9.744 0.1000000015
7831  33.736  -68.746  9.594 0.1000000015
7088  32.950  -69.550  9.542 0.1000000015
7812  34.365  -68.077  9.970 0.1000000015
8577  38.193  -67.243  12.774 0.1000000015
8609  37.631  -67.794  11.441 0.1000000015
4303  31.943  -73.285  18.651 0.1000000015
123712  31.852  -73.209  17.145 0.1000000015
4339  32.022  -73.287  15.617 0.1000000015
4348  32.129  -73.541  14.919 0.1000000015
4328  31.505  -73.532  16.568 0.1000000015
3736  32.165  -73.679  13.868 0.1000000015
3753  32.039  -73.596  13.481 0.1000000015
4362  31.922  -73.532  13.234 0.1000000015
5608  31.598  -72.256  11.495 0.1000000015
4987  31.527  -72.964  11.740 0.1000000015
6317  31.636  -70.958  10.288 0.1000000015
6299  31.540  -71.099  11.397 0.1000000015
5621  31.604  -71.918  10.484 0.1000000015
7813  33.384  -68.110  10.162 0.1000000015
7066  31.896  -70.282  10.475 0.1000000015
9510  35.674  -66.697  11.707 0.1000000015
8633  34.002  -67.335  10.494 0.1000000015
6336  32.021  -71.083  9.571 0.1000000015
9509  36.183  -66.756  11.842 0.1000000015
8611  35.371  -67.147  11.072 0.1000000015
5539  31.970  -72.669  16.901 0.1000000015
123711  31.929  -73.048  16.511 0.1000000015
4327  32.860  -72.698  15.822 0.1000000015
4347  32.584  -73.195  14.554 0.1000000015
4361  32.307  -73.117  13.436 0.1000000015
4377  31.961  -72.889  12.851 0.1000000015
4976  31.785  -72.633  12.334 0.1000000015
7045  31.663  -70.536  10.829 0.1000000015
7065  32.258  -69.728  10.274 0.1000000015
8596  36.951  -66.810  12.188 0.1000000015
9464  38.510  -67.016  13.376 0.1000000015
4925  32.308  -72.528  16.394 0.1000000015
4937  33.669  -72.294  15.392 0.1000000015
4338  32.824  -72.912  15.291 0.1000000015
4949  34.009  -71.818  15.141 0.1000000015
4346  33.217  -72.697  15.026 0.1000000015
4951  32.814  -72.717  13.995 0.1000000015
4964  32.739  -72.193  13.626 0.1000000015
4975  32.118  -72.382  12.967 0.1000000015
5597  31.891  -71.868  12.264 0.1000000015
7044  31.935  -69.853  11.167 0.1000000015
7814  32.538  -68.711  10.513 0.1000000015
9511  34.531  -66.660  11.403 0.1000000015
8634  33.036  -67.528  11.046 0.1000000015
9440  38.249  -66.519  14.307 0.1000000015
9439  38.909  -66.764  14.441 0.1000000015
5570  33.981  -71.358  14.685 0.1000000015
4950  33.397  -72.227  14.451 0.1000000015
4963  33.172  -71.819  13.926 0.1000000015
5583  32.927  -71.375  13.556 0.1000000015
5596  32.332  -71.600  12.988 0.1000000015
6284  32.058  -71.145  12.327 0.1000000015
6298  31.991  -70.458  12.053 0.1000000015
10315  37.272  -66.036  13.705 0.1000000015
9490  36.297  -66.275  12.381 0.1000000015
8635  32.519  -68.156  11.196 0.1000000015
10288  37.695  -66.140  14.218 0.1000000015
5582  33.446  -71.370  14.115 0.1000000015
6268  33.254  -70.565  13.726 0.1000000015
7778  32.433  -68.497  12.548 0.1000000015
7017  32.818  -69.423  13.354 0.1000000015
7031  32.244  -69.584  12.291 0.1000000015
10316  36.545  -65.715  13.493 0.1000000015
10338  35.365  -65.712  12.887 0.1000000015
9491  35.046  -66.201  12.224 0.1000000015
9532  33.795  -66.926  11.034 0.1000000015
10266  37.891  -65.912  15.271 0.1000000015
8598  32.715  -67.400  12.696 0.1000000015
6283  32.506  -70.602  12.914 0.1000000015
8614  32.526  -67.846  11.818 0.1000000015
9492  34.016  -66.177  12.175 0.1000000015
8613  32.982  -67.203  12.055 0.1000000015
7793  32.285  -68.739  11.566 0.1000000015
9512  33.553  -66.805  11.702 0.1000000015
6375  29.216  -71.068  7.117 0.1000000015
5681  29.337  -71.805  6.683 0.1000000015
5079  29.417  -73.313  5.887 0.1000000015
5714  29.313  -72.055  5.081 0.1000000015
5097  29.419  -72.989  5.146 0.1000000015
4503  29.058  -73.866  4.608 0.1000000015
2760  28.332  -75.628  3.693 0.1000000015
2771  28.048  -75.774  3.407 0.1000000015
3357  27.585  -75.657  2.885 0.1000000015
4954  23.981  -72.545  14.896 0.1000000015
5715  28.526  -71.403  4.689 0.1000000015
5682  29.200  -71.118  6.529 0.1000000015
3920  28.564  -74.187  3.902 0.1000000015
4350  24.562  -73.749  15.068 0.1000000015
4363  27.303  -73.224  13.029 0.1000000015
5656  28.763  -71.594  8.356 0.1000000015
3316  30.372  -75.373  4.385 0.1000000015
2743  28.964  -75.845  4.500 0.1000000015
3739  25.029  -74.806  14.755 0.1000000015
3757  26.310  -74.580  13.608 0.1000000015
4391  27.562  -73.879  11.638 0.1000000015
3775  27.402  -74.229  12.466 0.1000000015
3198  27.307  -75.550  11.480 0.1000000015
3801  27.363  -74.984  10.589 0.1000000015
4417  27.731  -74.231  9.628 0.1000000015
2599  26.250  -76.624  15.678 0.1000000015
2622  25.854  -76.597  14.745 0.1000000015
3232  27.743  -75.993  9.978 0.1000000015
2637  27.324  -76.423  13.483 0.1000000015
2696  27.969  -76.123  10.214 0.1000000015
3231  28.217  -75.749  9.693 0.1000000015
3259  30.166  -75.271  7.162 0.1000000015
4478  33.228  -72.880  5.373 0.1000000015
3132  28.551  -76.093  15.561 0.1000000015
2620  27.735  -76.412  14.728 0.1000000015
3087  27.725  -76.219  19.440 0.1000000015
2573  27.712  -76.264  17.636 0.1000000015
3196  29.702  -75.292  11.606 0.1000000015
4459  33.709  -72.673  5.866 0.1000000015
3110  28.403  -76.087  17.624 0.1000000015
3148  29.317  -75.660  14.531 0.1000000015
3834  30.421  -74.797  8.340 0.1000000015
4415  30.681  -74.258  9.733 0.1000000015
5036  32.523  -72.435  8.640 0.1000000015
5667  34.769  -71.790  7.271 0.1000000015
5666  35.307  -71.165  7.044 0.1000000015
6366  35.783  -70.298  7.380 0.1000000015
3108  29.865  -75.294  18.008 0.1000000015
5035  33.469  -72.217  8.206 0.1000000015
6351  36.169  -70.084  7.789 0.1000000015
6352  35.893  -70.410  8.182 0.1000000015
7104  37.292  -68.987  8.752 0.1000000015
3724  30.489  -74.551  15.425 0.1000000015
7108  34.225  -70.193  8.875 0.1000000015
6355  33.528  -70.993  8.725 0.1000000015
5654  33.079  -71.632  8.706 0.1000000015
5635  32.271  -71.782  9.179 0.1000000015
7086  35.182  -69.549  9.315 0.1000000015
8610  36.505  -67.334  11.545 0.1000000015
7064  36.662  -69.027  9.998 0.1000000015
6354  34.310  -70.758  8.618 0.1000000015
6353  35.178  -70.651  8.442 0.1000000015
7106  35.609  -70.045  8.838 0.1000000015
8595  37.590  -67.183  12.415 0.1000000015
7084  36.752  -69.223  9.448 0.1000000015
7826  38.422  -67.986  9.342 0.1000000015
7832  33.083  -68.727  9.877 0.1000000015
6316  32.199  -70.376  9.844 0.1000000015
8578  37.997  -67.122  13.031 0.1000000015
4378  31.638  -73.414  12.603 0.1000000015
9466  37.042  -66.222  13.097 0.1000000015
9465  37.736  -66.629  13.358 0.1000000015
11981  40.072  -63.366  12.248 0.4000000060
12039  40.997  -63.893  9.149 0.3000000119
12008  40.652  -63.647  10.460 0.3000000119
11996  39.881  -63.450  11.298 0.3000000119
11967  39.428  -63.379  13.150 0.4000000060
12009  39.789  -63.796  10.392 0.3000000119
11982  38.944  -63.382  12.214 0.4000000060
9609  33.528  -66.558  4.519 0.1000000015
9608  34.467  -66.756  4.480 0.1000000015
9624  35.642  -66.359  3.901 0.2000000030
10428  37.068  -66.065  5.138 0.3000000119
12855  35.956  -62.635  12.129 0.4000000060
11231  41.298  -64.400  8.956 0.3000000119
9580  37.426  -66.338  6.775 0.4000000060
10382  37.502  -65.347  8.950 0.4000000060
9623  36.583  -66.602  4.221 0.2000000030
10393  36.861  -65.732  8.295 0.4000000060
11219  36.694  -64.857  9.327 0.4000000060
12868  36.365  -63.071  11.637 0.4000000060
8733  31.993  -67.592  4.592 0.1000000015
10441  36.435  -65.554  4.022 0.3000000119
11234  36.584  -65.264  8.789 0.4000000060
12012  36.566  -63.754  10.682 0.4000000060
12000  36.090  -63.340  11.137 0.4000000060
9610  32.352  -66.497  4.295 0.1000000015
12840  35.333  -61.890  13.624 0.5000000000
10442  35.884  -65.590  3.748 0.2000000030
10429  36.674  -65.563  4.584 0.3000000119
10412  37.006  -66.203  6.041 0.3000000119
11203  36.241  -64.230  10.073 0.4000000060
13690  34.967  -61.177  13.920 0.4000000060
10404  36.642  -66.174  7.118 0.4000000060
11235  35.966  -65.201  8.608 0.4000000060
12013  35.408  -63.664  10.522 0.4000000060
12869  35.209  -62.815  11.397 0.4000000060
10431  33.165  -66.008  4.068 0.2000000030
9626  34.031  -66.195  4.142 0.2000000030
9625  34.721  -66.187  3.945 0.2000000030
10422  36.515  -65.298  5.275 0.3000000119
10405  35.686  -65.777  6.801 0.3000000119
9627  32.023  -66.119  3.653 0.1000000015
11220  35.366  -64.518  9.403 0.4000000060
10394  35.804  -65.635  7.716 0.4000000060
12856  34.873  -62.129  12.563 0.5000000000
13703  34.674  -61.534  13.303 0.5000000000
14573  35.203  -60.389  14.585 0.4000000060
12877  34.779  -63.222  10.861 0.4000000060
14583  34.657  -60.744  13.961 0.4000000060
10444  33.821  -65.556  3.521 0.2000000030
10443  34.975  -65.445  3.611 0.2000000030
11298  36.046  -65.106  3.775 0.2000000030
11282  36.182  -64.834  4.024 0.2000000030
11266  36.132  -64.637  4.603 0.4000000060
10414  35.507  -65.114  5.827 0.3000000119
12870  33.820  -62.230  11.694 0.5000000000
13691  34.447  -61.018  13.540 0.5000000000
14574  34.666  -59.717  14.604 0.4000000060
15421  35.490  -59.172  14.857 0.4000000060
10423  35.911  -64.563  5.153 0.4000000060
11236  34.639  -65.084  7.970 0.4000000060
12857  34.035  -61.909  12.355 0.5000000000
11299  35.451  -64.665  3.633 0.2000000030
16253  35.455  -58.314  14.544 0.4000000060
10406  34.924  -65.313  6.782 0.3000000119
11221  34.169  -64.271  9.072 0.4000000060
12014  34.376  -63.430  10.400 0.4000000060
10445  32.633  -65.813  3.385 0.2000000030
11300  34.508  -64.542  3.115 0.2000000030
11267  35.493  -63.919  4.725 0.3000000119
11255  35.406  -64.295  5.320 0.4000000060
17143  35.996  -57.889  14.143 0.4000000060
10415  34.875  -64.844  6.221 0.3000000119
12878  34.097  -62.890  10.910 0.5000000000
13704  33.794  -61.325  12.883 0.5000000000
17184  37.610  -57.054  12.587 0.4000000060
11301  33.851  -64.839  2.708 0.2000000030
11237  33.562  -64.191  8.202 0.4000000060
12027  33.794  -63.624  9.721 0.4000000060
14585  33.356  -59.978  13.573 0.5000000000
16254  34.579  -58.227  14.553 0.4000000060
20019  39.788  -54.666  10.952 0.4000000060
10458  33.202  -65.293  2.295 0.2000000030
11283  35.583  -64.076  4.037 0.2000000030
11247  34.425  -64.472  6.673 0.4000000060
13718  32.808  -61.810  11.100 0.5000000000
13705  33.058  -61.094  12.538 0.5000000000
10459  32.249  -65.791  2.289 0.2000000030
11256  34.859  -64.228  5.743 0.4000000060
12015  33.546  -63.133  10.283 0.5000000000
15430  34.132  -59.502  14.436 0.5000000000
20021  37.677  -54.408  11.730 0.4000000060
20020  38.694  -54.529  11.346 0.2000000030
17185  36.870  -56.647  12.774 0.4000000060
17144  35.441  -57.524  14.219 0.4000000060
16255  33.487  -58.279  14.380 0.4000000060
18042  34.977  -56.720  14.111 0.4000000060
11311  33.751  -64.677  2.120 0.2000000030
12080  35.182  -63.580  3.114 0.2000000030
12071  35.532  -63.124  4.041 0.2000000030
11310  34.224  -64.298  2.376 0.2000000030
18077  36.557  -55.980  12.667 0.4000000060
18057  35.486  -55.952  13.439 0.4000000060
18058  34.467  -55.977  14.014 0.4000000060
11222  33.356  -63.775  9.013 0.3000000119
13710  32.967  -61.380  11.788 0.5000000000
14589  32.944  -60.448  13.010 0.5000000000
17145  34.368  -57.458  14.431 0.4000000060
11268  35.213  -63.744  5.253 0.4000000060
11248  33.891  -64.269  7.359 0.4000000060
12040  32.899  -63.271  8.310 0.3000000119
12028  32.777  -63.058  9.534 0.4000000060
12052  34.620  -63.438  6.144 0.4000000060
13711  32.362  -60.816  11.222 0.5000000000
12081  34.628  -63.986  2.672 0.2000000030
19010  36.020  -55.319  12.784 0.4000000060
15432  32.816  -59.128  13.678 0.5000000000
15447  32.414  -59.309  12.970 0.5000000000
12041  32.563  -62.733  8.704 0.4000000060
12879  32.872  -62.415  10.585 0.5000000000
14590  32.417  -59.903  12.525 0.5000000000
13719  32.301  -61.319  10.601 0.5000000000
12890  32.364  -62.195  9.492 0.5000000000
18076  37.435  -56.068  12.154 0.4000000060
18056  36.222  -56.492  13.151 0.4000000060
14601  32.110  -60.264  11.882 0.5000000000
10410  40.608  -65.865  6.409 0.3000000119
10390  40.260  -65.144  8.053 0.3000000119
11233  40.374  -64.578  8.640 0.2000000030
11199  39.914  -64.043  9.914 0.2000000030
9602  40.259  -66.911  4.962 0.2000000030
10411  40.066  -65.960  5.992 0.3000000119
9577  39.582  -65.940  6.489 0.3000000119
10391  39.288  -65.581  8.113 0.3000000119
9604  39.002  -66.669  4.683 0.2000000030
9598  38.586  -66.486  5.188 0.2000000030
9590  38.675  -66.324  5.927 0.2000000030
9652  32.216  -65.938  0.797 0.1000000015
9671  32.831  -66.182  0.200 0.1000000015
13811  38.397  -61.407  4.692 0.1000000015
9576  41.227  -66.276  7.448 0.1000000015
11245  41.338  -64.842  8.057 0.2000000030
11232  40.788  -64.244  8.776 0.2000000030
10400  40.905  -65.134  7.458 0.2000000030
7882  39.573  -68.089  5.140 0.1000000015
8726  39.901  -67.439  4.731 0.1000000015
8725  40.381  -67.034  5.176 0.2000000030
7150  39.169  -68.802  3.633 0.1000000015
10477  32.727  -65.716  1.230 0.1000000015
12101  35.820  -63.227  2.191 0.1000000015
12963  36.016  -62.410  3.160 0.1000000015
13792  36.409  -61.444  5.131 0.1000000015
13832  36.621  -61.918  3.409 0.1000000015
13813  36.448  -61.741  3.988 0.1000000015
13831  37.247  -61.715  3.612 0.1000000015
13767  37.169  -60.858  6.057 0.1000000015
14664  36.041  -60.783  6.819 0.1000000015
14663  36.869  -60.580  6.688 0.1000000015
14643  36.663  -60.257  7.127 0.1000000015
9588  40.934  -66.215  6.595 0.2000000030
8714  40.183  -67.368  5.558 0.1000000015
12060  35.320  -63.079  4.902 0.1000000015
12047  33.507  -63.413  7.422 0.3000000119
12102  34.777  -63.718  2.054 0.1000000015
12927  34.999  -62.793  5.940 0.2000000030
12908  34.123  -62.490  6.884 0.3000000119
13750  32.616  -61.228  7.756 0.3000000119
14632  31.920  -60.411  8.693 0.3000000119
11323  34.323  -64.488  1.387 0.1000000015
12942  35.721  -62.239  4.415 0.1000000015
12926  35.451  -62.370  5.487 0.1000000015
12915  34.798  -62.542  6.394 0.2000000030
13749  33.426  -61.270  7.330 0.3000000119
12123  35.524  -63.827  1.248 0.1000000015
13768  35.784  -61.540  6.283 0.1000000015
14645  34.309  -60.408  7.175 0.2000000030
15500  33.093  -59.572  7.699 0.3000000119
14644  35.500  -60.452  7.067 0.1000000015
15499  34.038  -59.541  7.428 0.2000000030
15486  32.984  -59.033  8.237 0.4000000060
15496  37.291  -59.827  7.209 0.1000000015
15498  35.162  -59.587  7.309 0.1000000015
16340  34.647  -58.669  7.452 0.3000000119
9487  39.058  -67.050  12.413 0.1000000015
9508  39.564  -66.620  11.421 0.1000000015
15448  31.865  -59.032  12.432 0.4000000060
14613  31.744  -60.445  10.811 0.4000000060
12901  32.334  -62.105  8.431 0.3000000119
13730  31.871  -61.338  9.514 0.4000000060
14626  31.411  -59.796  10.300 0.4000000060
15487  32.100  -59.354  8.788 0.4000000060
16324  31.595  -58.373  9.694 0.4000000060
16333  32.720  -58.441  8.498 0.5000000000
16341  33.713  -58.858  7.768 0.3000000119
17235  33.105  -57.651  8.108 0.5000000000
16338  36.354  -59.238  7.046 0.2000000030
16339  35.850  -58.948  7.119 0.1000000015
17234  33.729  -57.878  7.890 0.4000000060
15512  38.555  -59.874  6.583 0.1000000015
16348  37.310  -59.321  6.620 0.1000000015
17241  35.212  -58.121  6.920 0.2000000030
14677  40.077  -60.609  5.269 0.1000000015
15511  39.362  -60.207  5.934 0.1000000015
16350  35.993  -58.548  6.388 0.2000000030
14690  40.483  -60.775  4.485 0.1000000015
15527  39.584  -59.930  5.201 0.1000000015
16276  32.499  -58.272  13.726 0.4000000060
16256  32.971  -57.673  14.242 0.3000000119
17186  31.917  -57.286  13.191 0.4000000060
15470  31.501  -59.006  11.151 0.4000000060
15460  31.587  -59.236  11.933 0.4000000060
15477  31.476  -59.063  10.371 0.4000000060
17202  31.479  -57.342  11.636 0.4000000060
16323  32.041  -58.458  9.016 0.4000000060
18121  32.004  -57.090  9.011 0.4000000060
17227  31.940  -57.586  9.136 0.4000000060
18131  32.422  -56.913  8.461 0.5000000000
18130  32.939  -57.216  7.991 0.4000000060
17242  34.183  -57.656  7.399 0.4000000060
18138  33.393  -56.943  7.551 0.4000000060
16378  36.973  -58.215  4.808 0.2000000030
16363  36.760  -58.642  5.680 0.2000000030
17248  34.703  -57.417  6.476 0.2000000030
16377  37.782  -58.957  4.959 0.1000000015
15542  38.431  -59.397  5.415 0.2000000030
13027  39.890  -63.380  0.266 0.1000000015
18060  32.272  -56.274  13.561 0.4000000060
18059  33.325  -56.252  14.161 0.4000000060
18097  31.431  -56.861  11.962 0.4000000060
18111  31.416  -56.551  10.441 0.4000000060
18098  31.328  -56.397  11.352 0.4000000060
18122  31.648  -56.768  9.506 0.4000000060
18132  31.768  -56.175  8.766 0.4000000060
19055  31.518  -55.697  9.223 0.4000000060
18139  32.744  -56.088  7.788 0.3000000119
19073  33.114  -55.770  7.086 0.4000000060
18156  34.170  -56.669  5.775 0.3000000119
18145  34.001  -57.040  6.870 0.4000000060
17273  37.227  -57.618  4.071 0.2000000030
17274  36.676  -57.668  4.495 0.2000000030
17259  35.613  -57.809  5.197 0.2000000030
17247  35.390  -57.944  6.035 0.2000000030
16387  38.275  -59.107  4.408 0.2000000030
13029  38.154  -62.984  -0.013 0.1000000015
13028  39.377  -63.269  0.133 0.1000000015
13012  38.941  -62.545  0.538 0.1000000015
18987  35.408  -55.078  13.183 0.3000000119
18990  32.749  -55.284  13.901 0.4000000060
18989  33.878  -55.236  13.874 0.3000000119
19012  31.470  -55.257  12.385 0.4000000060
21007  31.265  -53.467  11.703 0.4000000060
18080  31.365  -55.807  11.922 0.4000000060
19045  31.439  -55.722  10.297 0.4000000060
19031  31.278  -55.218  11.423 0.4000000060
20053  31.583  -54.903  8.631 0.4000000060
20040  31.379  -54.831  9.623 0.4000000060
19074  32.381  -55.281  7.438 0.4000000060
20052  31.849  -55.158  8.257 0.3000000119
19111  33.697  -55.063  4.517 0.3000000119
19094  33.270  -55.179  5.243 0.3000000119
20083  32.798  -54.505  5.255 0.3000000119
19095  32.729  -54.957  5.766 0.3000000119
19083  32.493  -55.067  6.522 0.3000000119
18184  36.287  -56.310  3.595 0.2000000030
18186  34.788  -55.907  3.815 0.3000000119
19110  34.317  -55.396  4.021 0.2000000030
18157  33.606  -55.923  5.734 0.3000000119
19082  33.160  -55.525  6.169 0.3000000119
18167  36.947  -57.108  3.751 0.2000000030
17276  35.289  -57.348  4.650 0.2000000030
20006  35.618  -54.346  12.864 0.3000000119
22053  35.515  -53.048  12.854 0.3000000119
19987  35.075  -54.529  13.322 0.3000000119
19988  34.379  -54.401  13.572 0.4000000060
18988  34.807  -55.201  13.569 0.3000000119
21005  32.478  -52.915  12.732 0.3000000119
20983  32.812  -53.378  13.232 0.4000000060
22075  31.188  -52.630  11.108 0.4000000060
22056  31.696  -52.579  11.922 0.4000000060
21006  31.921  -53.414  12.570 0.4000000060
21022  30.995  -53.631  10.796 0.4000000060
22133  30.914  -53.262  8.958 0.3000000119
21047  31.274  -54.230  9.223 0.4000000060
21034  31.183  -53.850  9.868 0.4000000060
22200  32.783  -52.128  4.491 0.3000000119
22201  32.443  -52.322  5.054 0.2000000030
22179  31.968  -52.355  5.690 0.2000000030
21094  31.465  -53.226  7.075 0.2000000030
20063  31.512  -54.172  7.909 0.3000000119
21067  31.168  -53.789  8.672 0.3000000119
20120  33.810  -53.866  3.818 0.3000000119
20105  32.645  -53.837  5.079 0.3000000119
20084  32.392  -54.138  5.914 0.2000000030
20071  31.913  -54.148  7.036 0.2000000030
19143  36.097  -54.690  2.643 0.2000000030
20118  35.418  -54.630  2.872 0.3000000119
20119  34.529  -54.246  3.316 0.3000000119
21002  36.901  -53.691  11.991 0.3000000119
20004  36.988  -54.623  11.998 0.3000000119
20005  36.385  -54.493  12.396 0.3000000119
23211  31.208  -51.771  10.397 0.3000000119
24315  31.707  -50.744  6.424 0.2000000030
24296  31.515  -50.632  7.243 0.2000000030
23252  31.081  -51.921  8.583 0.2000000030
23228  31.024  -52.038  9.531 0.2000000030
25351  32.749  -50.114  4.897 0.2000000030
23306  31.815  -51.429  5.946 0.2000000030
23292  31.439  -51.454  6.715 0.2000000030
23276  31.266  -51.587  7.567 0.2000000030
21020  38.184  -53.587  11.599 0.2000000030
14705  40.506  -60.667  3.746 0.1000000015
15540  39.468  -59.831  4.365 0.1000000015
20132  35.858  -53.991  2.466 0.3000000119
18183  36.969  -56.697  3.397 0.2000000030
11217  39.047  -64.670  9.601 0.3000000119
10380  39.679  -64.919  8.833 0.3000000119
10388  41.541  -65.083  8.372 0.2000000030
11215  40.640  -63.957  9.180 0.2000000030
12046  34.168  -63.453  6.783 0.3000000119
21021  37.564  -53.749  11.779 0.3000000119
18043  34.054  -56.716  14.377 0.3000000119
12061  35.002  -63.269  5.550 0.3000000119
12900  32.636  -62.526  8.055 0.2000000030
10419  40.301  -66.192  5.940 0.2000000030
10401  39.836  -65.661  6.875 0.3000000119
9603  39.849  -66.773  4.831 0.1000000015
9597  39.593  -66.348  5.444 0.2000000030
13812  37.371  -61.433  4.440 0.1000000015
10409  41.190  -65.647  6.962 0.2000000030
12124  34.845  -63.979  1.452 0.1000000015
12984  36.331  -62.819  2.485 0.1000000015
13747  35.353  -61.229  6.846 0.1000000015
12909  33.282  -62.354  7.404 0.3000000119
13769  34.907  -61.853  6.719 0.2000000030
14647  32.463  -60.403  7.924 0.4000000060
15476  31.600  -59.227  9.593 0.4000000060
13748  34.403  -61.406  6.972 0.3000000119
17201  31.651  -57.327  12.301 0.4000000060
17228  31.537  -57.668  9.871 0.4000000060
16362  37.427  -59.204  6.167 0.2000000030
16364  35.986  -58.261  5.654 0.2000000030
18079  31.561  -56.329  12.531 0.4000000060
17214  31.391  -57.327  10.680 0.4000000060
17275  36.018  -57.512  4.545 0.2000000030
19011  31.876  -55.340  13.253 0.4000000060
19093  33.871  -55.866  4.907 0.3000000119
17260  34.863  -57.420  5.377 0.2000000030
18169  35.680  -56.876  4.094 0.2000000030
19990  32.417  -54.436  13.441 0.4000000060
19989  33.364  -54.345  13.716 0.4000000060
20984  32.186  -53.899  13.109 0.4000000060
20104  33.294  -54.179  4.549 0.3000000119
19126  35.979  -55.422  3.137 0.2000000030
19127  35.024  -55.330  3.396 0.2000000030
22031  34.519  -52.682  13.398 0.4000000060
22090  30.803  -52.912  10.047 0.4000000060
22151  31.199  -52.553  7.748 0.2000000030
23318  32.956  -51.413  4.263 0.2000000030
23319  32.498  -51.542  4.818 0.2000000030
23305  32.198  -51.698  5.367 0.2000000030
22180  31.594  -52.245  6.351 0.2000000030
22032  33.603  -52.340  13.343 0.3000000119
22030  35.097  -52.696  13.262 0.2000000030
23147  34.486  -51.730  13.364 0.3000000119
21003  36.006  -53.668  12.513 0.2000000030
23171  36.545  -51.658  12.521 0.2000000030
8728  38.603  -67.300  4.370 0.1000000015
8748  38.006  -67.715  3.914 0.1000000015
9622  37.299  -67.286  4.353 0.1000000015
9566  41.269  -66.119  8.401 0.1000000015
9605  37.599  -66.751  4.782 0.1000000015
8750  36.246  -67.499  4.132 0.1000000015
21019  39.363  -53.586  11.126 0.1000000015
22073  38.586  -52.632  11.516 0.1000000015
24201  39.330  -50.627  11.438 0.1000000015
23194  39.024  -51.728  11.474 0.1000000015
22074  37.896  -52.269  11.841 0.1000000015
23169  38.403  -51.010  11.786 0.1000000015
22051  37.163  -52.556  11.942 0.1000000015
23170  37.556  -51.463  12.059 0.1000000015
24170  37.759  -50.379  12.129 0.1000000015
23172  35.432  -51.898  13.159 0.1000000015
24171  36.873  -50.568  12.410 0.1000000015
26165  36.838  -48.771  12.193 0.2000000030
23174  33.130  -51.535  12.938 0.2000000030
25175  36.277  -49.614  12.443 0.2000000030
24173  34.677  -50.869  12.951 0.2000000030
23148  33.745  -51.394  13.233 0.2000000030
26197  36.574  -47.915  11.848 0.2000000030
25176  35.141  -49.560  12.522 0.2000000030
25177  34.107  -49.953  12.403 0.2000000030
23175  32.486  -51.552  12.262 0.2000000030
23197  31.802  -51.604  11.462 0.2000000030
24245  31.489  -51.055  9.401 0.1000000015
24202  33.511  -50.186  12.188 0.2000000030
24203  32.907  -50.510  11.843 0.2000000030
24204  32.330  -50.809  11.260 0.1000000015
24224  32.836  -50.132  10.690 0.1000000015
24225  31.860  -50.814  10.534 0.1000000015
22072  39.577  -52.579  11.213 0.1000000015
23193  40.030  -51.722  11.243 0.1000000015
24169  38.465  -50.053  11.801 0.1000000015
24172  35.814  -50.691  12.660 0.2000000030
26167  35.107  -48.683  11.926 0.2000000030
21167  35.570  -53.155  2.400 0.2000000030
21148  34.048  -52.964  3.386 0.2000000030
21168  34.804  -53.130  2.741 0.2000000030
21166  36.350  -53.284  2.051 0.2000000030
23355  35.589  -51.663  2.058 0.2000000030
22223  33.889  -51.800  3.212 0.2000000030
22244  35.248  -52.268  2.391 0.2000000030
22245  34.502  -52.123  2.714 0.2000000030
23372  36.124  -51.378  1.622 0.2000000030
22224  33.342  -52.267  3.934 0.2000000030
23356  35.040  -51.152  2.306 0.1000000015
23373  35.555  -51.119  1.854 0.2000000030
23357  34.388  -51.281  2.830 0.2000000030
23338  33.474  -51.204  3.701 0.2000000030
24398  35.657  -50.209  1.760 0.1000000015
25382  35.272  -49.279  2.188 0.1000000015
25383  34.771  -49.228  2.854 0.1000000015
26404  37.061  -48.586  1.104 0.1000000015
26420  37.777  -48.011  0.764 0.1000000015
26196  37.496  -48.085  11.909 0.1000000015
25369  33.661  -49.561  3.895 0.1000000015
26380  35.491  -48.103  2.557 0.1000000015
24362  34.119  -49.931  3.273 0.1000000015
26405  36.263  -48.032  1.797 0.1000000015
26406  35.795  -48.315  2.026 0.1000000015
27432  37.841  -47.472  0.924 0.1000000015
27414  37.387  -47.258  1.503 0.1000000015
28418  39.466  -46.498  0.266 0.1000000015
27203  37.326  -47.205  11.519 0.1000000015
28191  38.992  -46.622  11.572 0.1000000015
27202  38.229  -47.370  11.642 0.1000000015
25333  32.548  -49.829  5.677 0.1000000015
25350  33.213  -49.620  4.539 0.1000000015
26381  35.026  -48.568  3.002 0.1000000015
26360  34.051  -48.798  3.947 0.1000000015
27415  36.676  -47.446  1.897 0.1000000015
28419  38.839  -46.286  0.837 0.1000000015
28403  38.139  -46.430  1.459 0.1000000015
29248  39.155  -45.595  11.215 0.1000000015
26198  35.638  -48.025  11.428 0.1000000015
26317  34.001  -47.996  5.163 0.1000000015
26319  32.963  -49.081  6.100 0.1000000015
28345  35.972  -46.625  4.665 0.1000000015
27349  34.696  -47.567  4.632 0.1000000015
26338  33.574  -48.797  4.618 0.1000000015
25332  32.996  -49.261  5.199 0.1000000015
28370  36.295  -46.668  3.900 0.1000000015
27373  35.127  -47.562  3.862 0.1000000015
28368  37.517  -45.897  3.388 0.1000000015
28369  36.779  -46.425  3.540 0.1000000015
27396  36.450  -47.111  2.478 0.1000000015
27372  35.744  -47.194  3.460 0.1000000015
29412  39.819  -45.634  3.340 0.1000000015
29414  37.928  -45.633  2.964 0.1000000015
28391  37.007  -46.389  2.896 0.1000000015
29437  38.945  -45.713  2.181 0.1000000015
29249  38.325  -45.772  10.803 0.1000000015
28193  37.257  -46.574  11.000 0.1000000015
25317  32.419  -49.593  6.488 0.1000000015
28320  38.899  -46.325  4.740 0.1000000015
28343  37.526  -46.166  4.380 0.1000000015
29388  39.330  -45.666  3.807 0.1000000015
25295  32.347  -49.547  7.349 0.1000000015
25406  36.404  -49.324  1.464 0.1000000015
28390  37.522  -46.366  2.293 0.1000000015
29454  39.672  -45.553  1.319 0.1000000015
27329  33.926  -47.910  6.071 0.1000000015
16464  36.839  -58.789  -0.505 0.1000000015
17354  38.110  -58.006  -0.541 0.1000000015
15628  36.987  -59.102  -0.934 0.1000000015
14770  36.128  -60.174  -0.923 0.1000000015
14798  36.100  -60.591  -1.847 0.1000000015
13927  34.954  -61.815  -2.267 0.1000000015
13068  34.424  -62.144  -2.722 0.1000000015
15613  36.155  -59.306  0.199 0.1000000015
16436  37.294  -58.183  -0.180 0.1000000015
15641  36.518  -59.836  -1.167 0.1000000015
14784  35.812  -60.769  -1.181 0.1000000015
17328  39.280  -56.998  -0.109 0.1000000015
17329  37.899  -57.105  0.200 0.1000000015
16413  36.438  -58.111  1.354 0.1000000015
16438  35.988  -59.063  0.671 0.1000000015
14771  35.746  -60.519  -0.206 0.1000000015
16462  38.647  -58.389  -1.007 0.1000000015
18216  37.673  -56.517  1.172 0.1000000015
17327  39.768  -56.889  -0.252 0.1000000015
19176  39.977  -55.430  0.166 0.1000000015
20154  40.324  -54.646  0.134 0.1000000015
18246  40.370  -56.481  -0.352 0.1000000015
18229  39.769  -56.401  -0.029 0.1000000015
20153  40.820  -54.770  -0.242 0.1000000015
17330  37.006  -57.858  0.566 0.1000000015
13941  34.674  -61.589  -3.378 0.1000000015
2548  28.329  -76.281  19.314 0.1000000015
2572  28.360  -76.200  18.127 0.1000000015
2601  24.789  -76.034  15.436 0.1000000015
2697  27.714  -76.074  10.208 0.1000000015
3074  27.965  -76.207  19.860 0.1000000015
3120  25.215  -75.426  16.292 0.1000000015
3133  24.696  -75.386  15.548 0.1000000015
3151  25.213  -75.683  14.671 0.1000000015
3152  24.768  -75.501  15.042 0.1000000015
3195  30.101  -75.106  11.853 0.1000000015
3319  28.222  -75.546  3.559 0.1000000015
3335  30.729  -75.161  3.789 0.1000000015
3336  30.472  -75.313  3.741 0.1000000015
3700  30.912  -74.332  18.453 0.1000000015
3711  31.307  -73.678  16.100 0.1000000015
3726  24.740  -74.619  15.642 0.1000000015
3756  26.950  -74.088  13.190 0.1000000015
3758  25.626  -74.657  14.263 0.1000000015
3863  29.154  -74.314  6.218 0.1000000015
3883  29.097  -74.522  5.862 0.1000000015
3919  30.492  -75.111  3.290 0.1000000015
3943  30.168  -74.348  1.502 0.1000000015
4502  29.303  -73.719  5.370 0.1000000015
4916  32.503  -72.584  17.606 0.1000000015
4965  27.239  -72.546  13.011 0.1000000015
4988  27.806  -72.681  10.896 0.1000000015
5018  27.770  -73.586  9.798 0.1000000015
5061  33.751  -72.744  6.666 0.1000000015
5063  29.134  -73.373  7.136 0.1000000015
5127  32.609  -72.880  2.175 0.1000000015
5609  27.901  -72.385  10.927 0.1000000015
6365  36.071  -70.010  7.523 0.1000000015
7063  37.010  -69.005  10.011 0.1000000015
7827  37.859  -68.445  9.204 0.1000000015
7828  36.335  -69.086  9.852 0.1000000015
7893  39.405  -68.227  4.261 0.1000000015
7894  39.094  -68.719  4.505 0.1000000015
8612  34.630  -67.066  10.812 0.1000000015
8632  34.940  -67.577  10.485 0.1000000015
8702  40.462  -66.817  6.035 0.2000000030
8713  40.426  -66.943  5.508 0.2000000030
9425  40.159  -65.922  15.924 0.1000000015
9489  37.182  -66.587  12.646 0.1000000015
9531  34.229  -66.924  10.885 0.1000000015
9549  41.622  -65.378  9.100 0.2000000030
9551  40.561  -66.332  9.656 0.1000000015
9565  41.545  -65.471  8.718 0.4000000060
9575  41.396  -65.667  7.917 0.2000000030
9578  39.179  -66.180  6.579 0.3000000119
9587  41.395  -65.819  7.207 0.2000000030
9589  39.547  -66.061  6.169 0.3000000119
9592  37.005  -66.257  6.419 0.3000000119
9596  40.314  -66.567  5.635 0.2000000030
9606  36.811  -66.068  4.403 0.2000000030
9665  38.445  -66.040  0.152 0.1000000015
9668  35.283  -66.033  0.002 0.1000000015
9669  34.484  -66.134  0.018 0.2000000030
9684  36.289  -66.405  -0.437 0.1000000015
10207  40.447  -65.028  17.842 0.1000000015
10243  41.437  -65.119  15.995 0.1000000015
10244  40.574  -65.537  16.398 0.1000000015
10368  41.764  -64.717  10.287 0.3000000119
10383  36.893  -65.302  8.863 0.4000000060
10389  40.763  -64.675  8.199 0.2000000030
10395  35.227  -65.517  7.344 0.4000000060
10399  41.293  -65.380  7.633 0.2000000030
10413  36.488  -65.857  6.120 0.3000000119
10420  40.131  -66.236  5.709 0.2000000030
10421  37.020  -66.129  5.640 0.3000000119
10430  33.619  -66.076  4.076 0.2000000030
10473  40.146  -64.873  1.111 0.1000000015
10493  39.414  -65.212  0.771 0.1000000015
10495  37.428  -65.669  0.176 0.1000000015
10496  36.232  -65.561  0.203 0.1000000015
10499  33.955  -65.665  0.452 0.2000000030
10515  39.775  -65.541  -0.102 0.1000000015
11039  41.312  -63.629  19.217 0.2000000030
11040  40.913  -64.038  19.240 0.2000000030
11053  40.741  -64.501  18.449 0.1000000015
11091  42.321  -63.568  15.823 0.3000000119
11115  41.896  -64.571  15.352 0.2000000030
11138  42.273  -63.795  14.925 0.2000000030
11157  41.892  -64.118  12.935 0.2000000030
11173  41.999  -63.990  12.751 0.2000000030
11187  42.005  -63.947  12.472 0.2000000030
11216  40.084  -64.174  9.344 0.2000000030
11246  41.098  -64.579  8.226 0.2000000030
11317  40.088  -64.423  1.460 0.1000000015
11318  39.367  -64.521  1.426 0.1000000015
11320  37.659  -64.252  1.096 0.1000000015
11322  34.968  -64.152  1.149 0.1000000015
11340  38.465  -64.817  0.918 0.1000000015
11343  35.409  -64.629  0.712 0.2000000030
11358  40.449  -64.406  0.360 0.1000000015
11870  42.008  -62.590  19.008 0.3000000119
11873  40.282  -63.790  19.353 0.2000000030
11883  42.046  -62.579  18.640 0.3000000119
11899  42.027  -62.711  18.116 0.3000000119
11917  42.081  -63.300  16.543 0.3000000119
11931  42.306  -63.361  15.556 0.2000000030
11963  41.860  -63.930  13.089 0.2000000030
11993  41.804  -63.793  12.308 0.2000000030
11999  36.886  -63.383  11.214 0.4000000060
12024  40.540  -63.833  9.639 0.2000000030
12025  40.147  -63.954  9.795 0.2000000030
12026  34.615  -63.926  9.858 0.4000000060
12029  32.462  -62.541  9.072 0.4000000060
12038  41.217  -63.983  9.220 0.3000000119
12118  40.360  -63.525  1.812 0.1000000015
12120  38.647  -63.812  1.787 0.1000000015
12144  40.530  -63.592  0.627 0.2000000030
12163  40.082  -63.760  0.068 0.1000000015
12724  42.021  -62.227  18.820 0.4000000060
12725  41.804  -62.403  19.141 0.3000000119
12729  38.455  -62.135  19.113 0.1000000015
12745  39.701  -63.641  19.171 0.1000000015
12786  42.326  -63.098  16.279 0.3000000119
12804  42.257  -63.191  16.080 0.3000000119
12867  37.004  -63.216  11.619 0.5000000000
12871  33.105  -61.994  11.322 0.5000000000
12880  32.286  -61.879  10.084 0.5000000000
12889  32.648  -62.591  9.913 0.4000000060
12910  32.766  -61.905  7.702 0.3000000119
12914  35.270  -62.345  6.074 0.2000000030
12979  40.592  -62.532  2.732 0.1000000015
12980  39.798  -62.627  2.907 0.1000000015
13011  40.100  -63.059  0.614 0.1000000015
13602  41.920  -61.972  18.947 0.3000000119
13603  41.524  -61.931  19.200 0.3000000119
13604  40.663  -61.786  19.340 0.3000000119
13606  38.783  -61.742  19.193 0.1000000015
13622  42.039  -61.771  18.552 0.4000000060
13624  41.315  -61.426  18.958 0.4000000060
13625  37.685  -61.605  18.976 0.1000000015
13640  42.247  -61.563  18.201 0.5000000000
13709  33.662  -61.741  12.184 0.5000000000
13740  32.049  -61.333  8.540 0.3000000119
13787  40.254  -60.918  5.137 0.1000000015
13788  40.129  -60.996  5.449 0.1000000015
13830  38.177  -61.694  3.927 0.1000000015
13842  40.980  -61.743  2.897 0.2000000030
13843  40.593  -61.258  2.912 0.2000000030
13845  39.113  -60.915  2.367 0.2000000030
13857  41.118  -61.965  2.712 0.2000000030
14482  39.986  -61.235  19.160 0.4000000060
14504  36.147  -59.763  18.309 0.1000000015
14539  40.370  -61.173  16.335 0.5000000000
14559  36.954  -60.731  15.079 0.5000000000
14584  34.031  -60.339  13.782 0.5000000000
14588  33.558  -60.775  13.274 0.5000000000
14600  32.745  -60.843  12.307 0.5000000000
14602  31.556  -59.594  11.529 0.4000000060
14614  31.453  -59.743  11.038 0.4000000060
14625  31.527  -60.347  9.701 0.4000000060
14646  33.278  -60.370  7.411 0.3000000119
14676  40.306  -60.859  4.931 0.1000000015
14691  40.131  -60.283  4.512 0.1000000015
14706  39.896  -60.185  3.776 0.2000000030
14708  38.404  -59.939  3.375 0.3000000119
14724  39.618  -60.466  3.191 0.2000000030
14726  37.582  -60.172  2.852 0.1000000015
14727  36.722  -59.921  2.667 0.1000000015
15379  40.092  -59.472  18.098 0.3000000119
15406  36.743  -60.226  15.080 0.5000000000
15422  34.692  -58.976  14.751 0.4000000060
15423  34.015  -58.895  14.566 0.4000000060
15431  33.426  -59.376  14.062 0.5000000000
15446  32.980  -59.678  13.464 0.5000000000
15459  32.078  -59.575  12.351 0.4000000060
15497  36.375  -59.627  7.167 0.1000000015
15501  32.454  -59.703  8.208 0.4000000060
15513  37.653  -59.492  6.808 0.1000000015
15514  37.074  -59.526  7.043 0.2000000030
15528  38.892  -59.690  5.751 0.1000000015
15529  38.182  -59.438  6.025 0.2000000030
15541  38.740  -59.409  4.838 0.1000000015
15573  37.026  -59.665  3.157 0.2000000030
15614  35.793  -59.510  0.621 0.1000000015
15629  36.296  -59.553  -0.414 0.1000000015
16218  42.278  -58.781  17.109 0.5000000000
16225  32.846  -59.366  17.762 0.1000000015
16229  42.936  -58.032  16.018 0.4000000060
16245  43.026  -58.209  15.259 0.5000000000
16275  32.985  -58.807  14.042 0.5000000000
16289  42.168  -57.545  12.748 0.5000000000
16294  31.888  -58.245  12.545 0.4000000060
16295  31.684  -58.683  12.134 0.4000000060
16306  31.730  -57.793  11.982 0.4000000060
16307  31.650  -58.228  11.549 0.4000000060
16314  31.517  -58.275  10.534 0.4000000060
16331  33.991  -58.253  7.779 0.4000000060
16332  33.413  -58.345  8.062 0.5000000000
16349  36.777  -59.175  6.714 0.1000000015
16376  38.295  -59.170  4.715 0.1000000015
16389  36.901  -58.781  3.413 0.2000000030
16437  36.376  -58.795  0.365 0.1000000015
16463  37.639  -58.670  -0.941 0.1000000015
17118  43.026  -57.859  15.736 0.4000000060
17128  42.984  -57.572  15.512 0.5000000000
17141  43.179  -57.874  14.864 0.5000000000
17146  33.512  -57.308  14.395 0.3000000119
17147  33.056  -57.268  14.261 0.3000000119
17162  38.312  -57.783  12.894 0.5000000000
17165  35.749  -56.849  13.657 0.4000000060
17166  33.186  -56.938  14.290 0.3000000119
17167  32.678  -57.133  13.965 0.4000000060
17196  42.491  -56.981  11.914 0.5000000000
17236  32.472  -57.809  8.650 0.5000000000
17243  33.615  -57.562  7.733 0.4000000060
17258  36.340  -58.031  5.055 0.2000000030
17301  36.668  -57.285  1.971 0.1000000015
17313  37.535  -56.891  0.813 0.2000000030
17314  37.164  -57.162  1.183 0.1000000015
17353  38.983  -57.657  -0.549 0.1000000015
17967  30.909  -56.417  20.692 0.1000000015
17968  30.821  -55.828  20.746 0.1000000015
18026  43.100  -57.514  15.163 0.5000000000
18027  42.636  -57.032  15.312 0.4000000060
18044  33.526  -56.792  14.344 0.3000000119
18078  36.067  -55.953  12.988 0.4000000060
18109  41.536  -55.565  10.905 0.3000000119
18137  33.859  -57.240  7.292 0.4000000060
18146  33.618  -56.293  6.562 0.3000000119
18168  36.584  -57.093  3.988 0.2000000030
18170  34.679  -56.563  4.444 0.2000000030
18185  35.387  -56.106  3.701 0.2000000030
18202  37.041  -56.896  1.787 0.2000000030
18228  40.470  -55.930  -0.193 0.1000000015
18230  38.798  -56.462  0.433 0.1000000015
18245  40.934  -56.307  -0.470 0.1000000015
18884  30.750  -55.682  20.947 0.1000000015
18899  30.874  -55.550  20.779 0.1000000015
18984  41.392  -56.277  13.125 0.3000000119
18986  39.942  -55.276  13.887 0.1000000015
19005  42.157  -56.298  12.144 0.2000000030
19008  37.365  -55.183  11.889 0.4000000060
19009  36.777  -55.291  12.285 0.4000000060
19044  41.287  -55.287  10.812 0.3000000119
19063  32.096  -55.624  8.265 0.3000000119
19064  31.697  -55.624  8.695 0.4000000060
19141  37.239  -55.542  2.499 0.3000000119
19175  40.524  -55.268  -0.119 0.1000000015
19195  41.011  -55.414  -0.351 0.1000000015
19913  33.612  -54.738  19.000 0.1000000015
20007  31.779  -54.443  12.887 0.4000000060
20008  31.332  -54.349  12.120 0.4000000060
20022  31.071  -54.275  11.354 0.4000000060
20032  31.201  -54.601  10.550 0.4000000060
20062  31.908  -54.884  7.924 0.3000000119
20072  31.539  -53.741  7.465 0.3000000119
20103  33.897  -54.572  4.007 0.3000000119
20133  35.183  -53.869  2.663 0.3000000119
20842  30.486  -53.161  22.134 0.1000000015
20862  30.743  -53.407  21.625 0.1000000015
20981  35.006  -53.606  13.273 0.2000000030
20982  33.956  -53.455  13.505 0.4000000060
21001  37.528  -53.293  11.818 0.3000000119
21004  35.531  -53.672  12.853 0.3000000119
21035  31.024  -53.602  9.597 0.4000000060
21048  31.085  -53.737  9.320 0.4000000060
21068  30.983  -53.540  9.093 0.4000000060
21084  31.294  -53.408  7.877 0.2000000030
21093  31.713  -53.538  6.794 0.2000000030
21109  31.798  -53.218  6.322 0.2000000030
21110  31.513  -52.749  6.659 0.2000000030
21129  32.953  -53.016  4.680 0.3000000119
21130  32.398  -53.143  5.465 0.2000000030
21149  33.476  -53.267  4.053 0.3000000119
21177  36.938  -53.100  1.617 0.3000000119
21953  33.378  -53.260  18.201 0.1000000015
22050  37.897  -52.879  11.845 0.1000000015
22052  36.218  -52.746  12.419 0.2000000030
22054  32.771  -52.353  12.860 0.4000000060
22055  32.230  -52.466  12.409 0.3000000119
22091  30.940  -53.427  9.755 0.4000000060
22107  30.879  -52.715  9.173 0.3000000119
22108  30.890  -53.316  9.428 0.4000000060
22132  31.027  -52.937  8.484 0.3000000119
22162  31.328  -52.293  6.988 0.2000000030
22243  35.930  -52.353  2.041 0.2000000030
23146  34.909  -52.249  13.367 0.2000000030
23173  34.878  -51.486  13.215 0.3000000119
23176  32.041  -52.035  12.029 0.4000000060
23190  42.485  -51.908  11.677 0.1000000015
23195  38.284  -51.817  11.730 0.1000000015
23196  32.382  -51.114  11.705 0.2000000030
23337  34.028  -50.851  3.242 0.2000000030
23370  37.675  -51.905  1.003 0.3000000119
24146  34.038  -51.112  13.216 0.2000000030
24147  33.779  -51.067  13.135 0.2000000030
24174  33.596  -50.786  12.794 0.2000000030
24175  32.948  -51.027  12.539 0.2000000030
24314  32.126  -50.296  6.119 0.1000000015
24331  32.293  -50.812  5.404 0.2000000030
24332  31.971  -50.814  5.965 0.2000000030
24346  33.199  -50.453  4.216 0.1000000015
24347  32.670  -50.854  4.662 0.2000000030
24363  33.663  -50.391  3.627 0.1000000015
24378  34.990  -50.058  2.288 0.1000000015
24379  34.514  -50.418  2.749 0.1000000015
24431  41.405  -50.849  -0.741 0.1000000015
25110  35.865  -49.944  15.717 0.1000000015
25296  31.870  -50.062  7.297 0.2000000030
25318  31.917  -50.085  6.797 0.2000000030
25368  34.275  -49.172  3.503 0.1000000015
25407  35.762  -48.864  1.887 0.1000000015
25419  39.214  -50.154  0.010 0.1000000015
26166  35.884  -48.649  12.246 0.2000000030
26278  32.818  -49.075  7.393 0.1000000015
26301  32.796  -48.955  6.915 0.1000000015
26318  33.459  -48.525  5.625 0.1000000015
26337  34.215  -48.289  4.378 0.1000000015
26358  35.261  -47.786  3.344 0.1000000015
26359  34.719  -48.306  3.529 0.1000000015
26379  36.018  -47.710  2.222 0.1000000015
26431  38.839  -47.672  0.058 0.1000000015
26444  42.524  -49.020  -1.898 0.1000000015
26462  42.419  -48.550  -2.121 0.1000000015
27204  36.473  -47.201  11.155 0.1000000015
27348  35.367  -47.124  4.421 0.1000000015
27371  36.252  -46.761  3.309 0.1000000015
27395  37.094  -46.888  2.064 0.1000000015
27397  35.836  -47.421  2.788 0.1000000015
27413  37.958  -46.940  1.153 0.1000000015
27430  39.095  -46.950  0.293 0.1000000015
27446  38.884  -47.337  0.223 0.1000000015
27465  41.441  -47.485  -1.689 0.1000000015
28192  38.129  -46.419  11.217 0.1000000015
28220  37.782  -46.108  10.738 0.1000000015
28342  38.455  -45.807  4.193 0.1000000015
28367  38.125  -45.646  3.474 0.1000000015
28389  38.167  -46.008  2.083 0.1000000015
28404  37.647  -46.671  1.735 0.1000000015
29276  38.764  -45.401  10.464 0.1000000015
29389  39.046  -45.652  4.008 0.1000000015
29413  38.716  -45.599  3.313 0.1000000015
29438  38.209  -45.738  2.529 0.1000000015
29455  38.932  -45.929  1.214 0.1000000015
29473  39.330  -45.971  0.796 0.1000000015
29474  38.999  -46.020  0.927 0.1000000015
29488  40.621  -45.932  -0.251 0.1000000015
