#!ascii label  , from subject 3868 vox2ras=TkReg
1152
56182  14.769  -39.301  82.548 0.0000000000
53035  9.010  -41.851  64.435 0.0000000000
51580  8.497  -43.064  82.758 0.0000000000
56239  8.574  -37.101  79.693 0.0000000000
61865  6.368  -33.614  73.689 0.0000000000
51556  12.015  -42.188  87.227 0.0000000000
57383  10.882  -37.426  85.205 0.0000000000
51584  19.196  -41.505  82.078 0.0000000000
49218  14.561  -43.171  82.392 0.0000000000
46679  10.366  -44.673  82.781 0.0000000000
62905  6.416  -32.663  82.149 0.0000000000
57488  6.261  -36.164  75.502 0.0000000000
68407  7.239  -29.305  79.565 0.0000000000
52802  6.213  -42.771  78.814 0.0000000000
54063  9.205  -41.301  76.079 0.0000000000
53996  11.479  -40.349  81.705 0.0000000000
58506  7.872  -36.131  83.993 0.0000000000
55244  11.796  -39.065  71.634 0.0000000000
56417  7.891  -37.475  68.382 0.0000000000
61963  8.168  -34.618  67.199 0.0000000000
62986  11.098  -33.226  73.427 0.0000000000
53966  14.218  -40.404  85.637 0.0000000000
57380  13.891  -38.702  85.029 0.0000000000
53982  17.314  -40.885  82.408 0.0000000000
50441  16.699  -42.623  81.508 0.0000000000
51572  14.839  -41.711  83.353 0.0000000000
50423  13.481  -42.188  84.671 0.0000000000
65174  7.010  -31.435  80.264 0.0000000000
52764  7.211  -42.477  81.014 0.0000000000
52762  9.061  -42.099  80.199 0.0000000000
53985  10.679  -42.017  82.418 0.0000000000
60686  11.215  -35.481  85.866 0.0000000000
57385  9.540  -36.701  84.557 0.0000000000
47993  8.596  -44.542  83.825 0.0000000000
46693  8.231  -44.225  81.662 0.0000000000
49219  6.489  -44.113  82.177 0.0000000000
50455  4.903  -43.277  79.598 0.0000000000
55166  10.703  -39.343  78.172 0.0000000000
54113  10.904  -40.752  73.948 0.0000000000
56276  9.992  -37.926  76.123 0.0000000000
59724  5.328  -35.017  74.069 0.0000000000
56325  7.179  -37.106  72.277 0.0000000000
58650  7.298  -36.288  70.979 0.0000000000
59784  7.214  -35.965  67.747 0.0000000000
61913  8.081  -35.136  70.495 0.0000000000
51565  9.856  -42.647  85.341 0.0000000000
53972  11.706  -40.986  84.697 0.0000000000
55093  12.105  -40.116  85.828 0.0000000000
59596  12.072  -37.359  84.853 0.0000000000
51597  19.913  -41.537  80.156 0.0000000000
51623  17.395  -41.351  78.310 0.0000000000
49228  17.549  -42.492  80.397 0.0000000000
49231  15.375  -43.362  80.388 0.0000000000
47997  11.930  -44.419  82.758 0.0000000000
47984  10.960  -43.566  84.318 0.0000000000
58529  7.281  -35.640  80.878 0.0000000000
56261  7.735  -36.389  77.221 0.0000000000
60736  6.147  -34.775  79.398 0.0000000000
61801  6.049  -33.376  77.678 0.0000000000
64043  6.194  -31.530  76.785 0.0000000000
57406  17.099  -39.175  80.649 0.0000000000
54039  22.977  -40.008  77.673 0.0000000000
52757  24.447  -39.747  79.273 0.0000000000
53988  20.844  -40.006  80.842 0.0000000000
55123  19.165  -40.095  81.415 0.0000000000
51656  4.643  -42.612  74.572 0.0000000000
52884  6.355  -42.080  74.126 0.0000000000
51627  7.746  -42.256  77.390 0.0000000000
54018  10.619  -41.383  78.931 0.0000000000
56229  10.102  -37.980  80.818 0.0000000000
55106  11.220  -39.012  84.116 0.0000000000
56189  9.550  -37.231  83.172 0.0000000000
57410  8.048  -36.579  82.429 0.0000000000
60710  6.464  -34.738  83.388 0.0000000000
52910  9.003  -42.020  72.592 0.0000000000
52939  10.648  -41.759  70.699 0.0000000000
55280  11.508  -40.107  67.835 0.0000000000
56301  8.804  -37.489  73.634 0.0000000000
56382  10.160  -38.262  69.634 0.0000000000
56430  10.633  -38.443  66.174 0.0000000000
58714  9.135  -36.607  63.692 0.0000000000
60937  7.469  -35.606  64.183 0.0000000000
67397  8.854  -28.533  78.647 0.0000000000
65264  7.942  -31.144  76.442 0.0000000000
66392  10.487  -29.353  76.028 0.0000000000
62988  8.760  -33.142  74.045 0.0000000000
61910  9.815  -34.688  70.752 0.0000000000
55100  14.188  -39.709  83.875 0.0000000000
56179  14.286  -39.094  83.774 0.0000000000
57391  14.243  -38.822  82.783 0.0000000000
55104  16.168  -40.645  82.215 0.0000000000
52730  15.576  -41.231  82.209 0.0000000000
53969  14.596  -40.664  83.155 0.0000000000
52721  14.162  -40.772  84.623 0.0000000000
53055  8.108  -41.888  63.684 0.0000000000
54236  9.074  -41.149  63.290 0.0000000000
52748  8.058  -42.762  82.319 0.0000000000
52755  8.129  -41.855  81.548 0.0000000000
52739  9.742  -42.474  82.710 0.0000000000
52820  19.387  -40.620  77.493 0.0000000000
50430  8.446  -43.416  84.015 0.0000000000
49214  7.289  -44.047  83.026 0.0000000000
50432  7.536  -43.342  83.143 0.0000000000
51587  6.137  -42.973  81.828 0.0000000000
56258  9.668  -38.179  78.252 0.0000000000
56275  10.517  -38.606  76.613 0.0000000000
56259  9.122  -37.516  77.925 0.0000000000
61866  5.946  -34.093  73.786 0.0000000000
59728  6.236  -35.497  73.142 0.0000000000
61895  6.442  -34.876  72.840 0.0000000000
60873  7.537  -35.732  70.437 0.0000000000
60841  7.091  -34.706  72.320 0.0000000000
51563  10.891  -42.205  86.456 0.0000000000
52724  10.918  -41.413  85.957 0.0000000000
53963  12.249  -40.512  86.958 0.0000000000
58495  12.635  -37.944  84.894 0.0000000000
59610  11.810  -36.665  84.027 0.0000000000
50445  19.109  -41.570  81.186 0.0000000000
50457  18.701  -41.891  80.168 0.0000000000
50446  18.520  -42.005  81.184 0.0000000000
49209  15.429  -42.846  82.025 0.0000000000
49223  16.091  -43.224  80.956 0.0000000000
49224  15.287  -43.312  81.255 0.0000000000
47995  13.690  -43.299  82.811 0.0000000000
51560  12.810  -41.698  86.061 0.0000000000
49197  12.154  -43.182  84.327 0.0000000000
50417  12.270  -43.003  86.171 0.0000000000
49194  10.181  -43.448  85.609 0.0000000000
59624  6.453  -34.758  81.330 0.0000000000
58531  6.590  -35.450  79.922 0.0000000000
60728  5.855  -34.034  80.548 0.0000000000
66314  7.123  -30.045  79.846 0.0000000000
64006  6.327  -31.604  78.853 0.0000000000
65208  6.006  -30.700  78.561 0.0000000000
62934  5.617  -32.657  76.977 0.0000000000
66364  6.298  -30.061  78.095 0.0000000000
51588  21.520  -40.358  80.267 0.0000000000
52852  5.710  -43.182  76.098 0.0000000000
52851  6.632  -42.907  76.034 0.0000000000
52801  7.334  -42.635  78.263 0.0000000000
52753  9.733  -41.990  80.763 0.0000000000
52776  9.526  -42.176  79.033 0.0000000000
54007  10.585  -41.130  80.021 0.0000000000
54017  10.864  -40.228  79.633 0.0000000000
55144  11.172  -39.145  80.946 0.0000000000
55101  11.226  -39.947  85.112 0.0000000000
53976  11.452  -40.518  84.012 0.0000000000
55102  11.048  -39.235  84.698 0.0000000000
58500  8.743  -36.167  84.586 0.0000000000
57389  9.249  -36.738  84.036 0.0000000000
56185  9.007  -36.628  83.295 0.0000000000
56204  8.886  -36.690  82.711 0.0000000000
57395  7.580  -36.466  83.274 0.0000000000
58516  7.001  -36.239  82.809 0.0000000000
59611  6.814  -35.484  84.156 0.0000000000
51615  17.084  -42.143  78.506 0.0000000000
52847  16.525  -41.330  76.901 0.0000000000
46684  11.273  -44.499  81.443 0.0000000000
46695  10.856  -44.940  79.716 0.0000000000
46690  10.423  -44.561  80.900 0.0000000000
48024  7.640  -44.332  80.271 0.0000000000
48023  8.103  -44.659  80.063 0.0000000000
51608  5.492  -43.038  79.475 0.0000000000
51629  5.698  -43.407  77.698 0.0000000000
52867  7.749  -41.889  75.270 0.0000000000
52896  8.311  -42.534  73.596 0.0000000000
52881  9.256  -41.582  74.660 0.0000000000
55232  11.578  -39.207  72.869 0.0000000000
52908  11.270  -41.162  72.194 0.0000000000
54136  11.628  -40.140  71.307 0.0000000000
54166  11.134  -41.379  69.439 0.0000000000
55259  11.456  -39.601  69.554 0.0000000000
57482  6.394  -35.885  76.563 0.0000000000
56278  8.373  -37.166  75.429 0.0000000000
56289  7.205  -37.355  74.151 0.0000000000
56385  7.785  -37.432  69.854 0.0000000000
56365  8.648  -37.594  70.566 0.0000000000
56399  8.449  -37.791  68.920 0.0000000000
56415  9.637  -38.011  67.504 0.0000000000
57559  9.302  -37.522  66.980 0.0000000000
57594  9.363  -37.537  65.059 0.0000000000
58679  8.718  -36.759  66.431 0.0000000000
61964  7.572  -34.854  67.060 0.0000000000
59800  7.120  -35.479  65.262 0.0000000000
62001  6.915  -34.125  64.970 0.0000000000
69474  9.755  -28.436  77.349 0.0000000000
66361  8.337  -29.545  77.362 0.0000000000
67411  9.223  -29.127  77.210 0.0000000000
64069  12.094  -31.357  74.818 0.0000000000
62950  11.101  -31.939  75.238 0.0000000000
62951  10.036  -32.273  75.552 0.0000000000
62987  9.823  -33.103  73.785 0.0000000000
61879  9.604  -33.770  72.272 0.0000000000
61878  10.454  -33.780  72.225 0.0000000000
52717  14.189  -41.274  86.834 0.0000000000
55091  13.372  -40.309  86.165 0.0000000000
55096  14.261  -39.718  85.427 0.0000000000
52738  17.852  -41.192  82.836 0.0000000000
50440  18.021  -42.193  81.807 0.0000000000
51578  16.977  -41.589  82.199 0.0000000000
50435  15.541  -42.426  82.296 0.0000000000
50436  14.845  -42.580  82.885 0.0000000000
49203  13.975  -42.870  83.522 0.0000000000
50422  14.107  -41.927  84.521 0.0000000000
51559  13.434  -41.224  85.439 0.0000000000
65146  7.298  -31.483  81.985 0.0000000000
63978  6.570  -31.991  81.548 0.0000000000
65157  7.825  -30.557  81.404 0.0000000000
66306  8.291  -29.743  81.100 0.0000000000
67389  7.682  -28.968  80.514 0.0000000000
52779  6.012  -42.985  79.456 0.0000000000
52778  6.891  -42.690  79.779 0.0000000000
52763  8.042  -42.150  80.530 0.0000000000
52754  9.119  -41.942  81.131 0.0000000000
53990  11.202  -41.238  82.059 0.0000000000
58493  10.972  -36.578  86.014 0.0000000000
57384  10.085  -37.240  84.896 0.0000000000
59599  9.814  -35.649  85.964 0.0000000000
59600  9.244  -35.651  85.101 0.0000000000
60695  8.395  -35.372  83.953 0.0000000000
61762  8.178  -34.878  83.543 0.0000000000
46680  9.573  -44.895  83.055 0.0000000000
46686  9.716  -44.385  82.176 0.0000000000
46688  8.286  -44.476  82.462 0.0000000000
48009  7.073  -44.605  81.802 0.0000000000
49226  6.330  -43.422  81.093 0.0000000000
49235  5.921  -43.310  80.058 0.0000000000
50449  5.368  -43.293  81.043 0.0000000000
51599  5.241  -42.884  80.394 0.0000000000
54061  10.564  -40.225  76.758 0.0000000000
54099  9.869  -41.265  74.931 0.0000000000
55182  10.701  -39.449  76.114 0.0000000000
56284  11.346  -38.960  74.928 0.0000000000
56299  10.917  -37.828  74.316 0.0000000000
58598  5.315  -35.580  75.009 0.0000000000
56290  6.526  -36.993  73.901 0.0000000000
57506  6.320  -36.679  72.866 0.0000000000
56369  7.258  -36.958  71.146 0.0000000000
57550  7.390  -36.753  68.960 0.0000000000
58670  7.457  -36.779  67.591 0.0000000000
58661  7.149  -36.433  68.571 0.0000000000
60872  7.558  -35.727  69.278 0.0000000000
61932  8.126  -35.441  69.332 0.0000000000
61861  12.473  -32.840  73.174 0.0000000000
61889  12.021  -34.056  71.709 0.0000000000
61888  12.878  -33.569  71.834 0.0000000000
51573  8.849  -42.703  84.152 0.0000000000
52732  9.739  -42.374  83.863 0.0000000000
52727  10.876  -41.739  85.309 0.0000000000
53971  11.575  -40.520  85.286 0.0000000000
56172  11.443  -39.332  85.544 0.0000000000
56169  13.051  -39.439  85.831 0.0000000000
57376  11.970  -38.272  85.588 0.0000000000
57377  11.392  -37.741  85.332 0.0000000000
59605  11.352  -36.083  85.439 0.0000000000
51612  19.661  -40.897  79.100 0.0000000000
52797  19.051  -40.925  78.375 0.0000000000
51605  18.811  -41.585  79.659 0.0000000000
50448  17.013  -42.843  81.132 0.0000000000
49230  16.126  -42.948  80.235 0.0000000000
49242  15.883  -42.974  78.708 0.0000000000
48007  11.784  -44.445  81.296 0.0000000000
46678  11.112  -44.570  82.494 0.0000000000
47988  12.666  -43.457  83.513 0.0000000000
47989  11.905  -43.609  83.600 0.0000000000
46675  10.339  -44.952  83.442 0.0000000000
47986  9.696  -44.647  84.727 0.0000000000
49201  9.190  -44.141  85.009 0.0000000000
57447  7.741  -36.179  80.344 0.0000000000
56251  8.497  -36.975  78.712 0.0000000000
57458  6.718  -36.137  79.241 0.0000000000
57473  5.636  -36.317  78.259 0.0000000000
58584  5.281  -35.777  77.940 0.0000000000
62916  5.918  -33.362  79.696 0.0000000000
60734  6.232  -34.202  78.478 0.0000000000
59694  5.623  -34.818  76.149 0.0000000000
61820  5.378  -34.069  75.526 0.0000000000
62955  5.615  -33.460  75.311 0.0000000000
64073  6.250  -32.702  75.038 0.0000000000
55113  15.921  -39.753  82.199 0.0000000000
54027  21.862  -40.201  78.151 0.0000000000
52770  26.163  -39.457  78.400 0.0000000000
54003  26.578  -39.295  79.039 0.0000000000
52771  25.066  -39.749  78.758 0.0000000000
52772  23.918  -39.966  79.018 0.0000000000
52794  22.049  -40.478  78.866 0.0000000000
51610  21.315  -40.569  79.451 0.0000000000
51589  20.622  -40.559  80.389 0.0000000000
52735  19.924  -40.723  81.771 0.0000000000
55109  19.967  -40.325  81.770 0.0000000000
53980  19.394  -40.767  82.302 0.0000000000
55111  18.357  -40.667  82.011 0.0000000000
55112  16.912  -40.477  81.797 0.0000000000
52868  6.760  -42.068  75.199 0.0000000000
54045  8.649  -41.499  76.535 0.0000000000
52800  8.364  -42.242  78.231 0.0000000000
52799  9.043  -41.761  77.938 0.0000000000
54031  9.412  -41.111  77.690 0.0000000000
54029  10.749  -40.234  78.610 0.0000000000
55160  10.740  -39.170  79.239 0.0000000000
56237  9.719  -38.149  80.029 0.0000000000
53977  10.834  -41.766  83.395 0.0000000000
53984  11.421  -40.424  83.141 0.0000000000
55114  11.494  -39.729  83.004 0.0000000000
56180  10.016  -38.210  84.676 0.0000000000
55107  10.056  -38.277  84.011 0.0000000000
55127  10.814  -38.368  82.711 0.0000000000
57408  10.204  -37.850  82.098 0.0000000000
56220  8.945  -36.735  81.754 0.0000000000
56221  8.429  -36.463  81.278 0.0000000000
57412  7.291  -36.051  81.869 0.0000000000
59616  6.333  -35.289  82.857 0.0000000000
61778  6.696  -33.478  82.662 0.0000000000
61767  7.322  -34.281  83.583 0.0000000000
61773  7.214  -33.573  83.287 0.0000000000
63955  7.769  -31.721  82.941 0.0000000000
46709  10.044  -44.651  78.355 0.0000000000
46698  9.039  -44.649  80.586 0.0000000000
52894  9.824  -41.429  73.895 0.0000000000
52924  9.901  -42.014  71.652 0.0000000000
54200  10.921  -40.871  65.854 0.0000000000
56268  8.612  -36.682  76.458 0.0000000000
56287  9.018  -37.850  74.739 0.0000000000
56321  10.636  -37.732  73.100 0.0000000000
56324  7.704  -37.345  72.370 0.0000000000
56345  9.144  -37.369  71.578 0.0000000000
56363  11.019  -38.256  70.804 0.0000000000
56397  10.690  -38.556  68.461 0.0000000000
55292  10.938  -39.707  66.511 0.0000000000
55305  10.767  -39.613  65.467 0.0000000000
55346  10.652  -38.893  63.696 0.0000000000
58681  7.851  -36.182  66.041 0.0000000000
58702  8.108  -36.060  64.150 0.0000000000
68404  9.144  -28.313  80.374 0.0000000000
68411  10.035  -28.263  79.591 0.0000000000
68420  7.429  -29.190  78.938 0.0000000000
66343  7.414  -29.491  78.061 0.0000000000
65265  7.308  -31.160  76.537 0.0000000000
64071  7.473  -32.088  75.409 0.0000000000
65245  9.611  -30.555  76.624 0.0000000000
62953  8.392  -31.955  75.452 0.0000000000
63009  7.606  -33.427  73.591 0.0000000000
61893  8.417  -34.212  71.556 0.0000000000
61912  8.528  -34.760  70.560 0.0000000000
61947  9.060  -34.743  68.397 0.0000000000
61946  9.740  -34.964  68.492 0.0000000000
56178  14.095  -39.557  82.981 0.0000000000
55105  15.344  -40.083  82.512 0.0000000000
53975  15.131  -40.701  82.340 0.0000000000
55099  14.339  -40.195  83.026 0.0000000000
53054  8.826  -41.553  63.842 0.0000000000
54221  9.169  -41.331  63.933 0.0000000000
52741  8.403  -42.952  82.542 0.0000000000
52747  8.577  -42.367  82.135 0.0000000000
52740  9.027  -42.914  82.790 0.0000000000
52819  20.547  -40.445  77.212 0.0000000000
52844  19.851  -40.339  76.699 0.0000000000
51574  8.614  -43.051  83.346 0.0000000000
50431  8.041  -43.456  83.417 0.0000000000
51575  8.184  -43.200  82.969 0.0000000000
51581  7.835  -43.036  82.649 0.0000000000
56250  8.950  -37.762  78.921 0.0000000000
61883  6.196  -34.766  73.304 0.0000000000
61882  6.580  -34.510  73.133 0.0000000000
60842  6.684  -34.828  72.637 0.0000000000
51557  11.345  -41.891  87.041 0.0000000000
52719  12.593  -41.402  87.397 0.0000000000
50438  19.188  -41.560  81.637 0.0000000000
50439  18.813  -41.824  81.727 0.0000000000
49217  15.042  -43.109  81.964 0.0000000000
48010  14.527  -43.393  81.680 0.0000000000
48003  14.552  -43.298  82.137 0.0000000000
48004  13.921  -43.454  82.318 0.0000000000
51555  12.984  -42.374  87.033 0.0000000000
50413  12.290  -42.671  86.893 0.0000000000
50418  11.255  -43.022  86.227 0.0000000000
61779  6.265  -33.464  81.927 0.0000000000
60721  6.221  -34.442  80.863 0.0000000000
61782  5.853  -33.419  81.162 0.0000000000
67399  6.815  -29.769  79.521 0.0000000000
66325  6.410  -30.099  79.488 0.0000000000
66326  5.690  -30.050  79.072 0.0000000000
66345  5.971  -30.056  78.402 0.0000000000
68422  6.265  -29.618  78.948 0.0000000000
52826  6.309  -43.113  77.476 0.0000000000
53997  10.664  -41.458  80.992 0.0000000000
54006  11.179  -40.168  80.706 0.0000000000
55136  11.332  -39.319  81.550 0.0000000000
55098  11.042  -39.208  85.086 0.0000000000
56177  10.557  -38.406  85.059 0.0000000000
58501  8.139  -35.986  84.465 0.0000000000
58505  8.521  -36.345  84.127 0.0000000000
57394  8.251  -36.489  83.455 0.0000000000
58510  7.606  -36.325  83.567 0.0000000000
58507  7.074  -35.992  83.904 0.0000000000
59607  7.454  -35.584  84.010 0.0000000000
46685  10.465  -44.439  81.881 0.0000000000
48025  7.026  -43.566  80.009 0.0000000000
51618  5.827  -43.022  78.339 0.0000000000
51628  5.963  -43.215  77.910 0.0000000000
52827  5.795  -43.547  76.855 0.0000000000
52848  8.747  -41.549  75.818 0.0000000000
52882  8.391  -42.001  74.494 0.0000000000
52865  9.089  -41.437  75.400 0.0000000000
54124  11.598  -40.230  72.339 0.0000000000
54145  11.472  -40.592  70.389 0.0000000000
55251  11.721  -39.239  70.468 0.0000000000
56270  6.909  -36.350  75.791 0.0000000000
56280  6.679  -36.785  74.841 0.0000000000
56400  7.930  -37.442  69.084 0.0000000000
56384  8.222  -37.739  69.775 0.0000000000
56416  8.612  -37.698  68.055 0.0000000000
57560  8.772  -37.422  67.321 0.0000000000
57573  9.004  -37.024  66.634 0.0000000000
57561  7.896  -37.311  67.493 0.0000000000
61983  7.280  -34.420  66.009 0.0000000000
61982  7.783  -34.034  66.256 0.0000000000
69473  10.441  -28.262  77.719 0.0000000000
68426  9.373  -28.621  77.075 0.0000000000
68427  8.790  -27.863  76.544 0.0000000000
62963  11.610  -32.407  74.365 0.0000000000
64054  11.481  -31.054  75.483 0.0000000000
62964  10.511  -32.684  74.562 0.0000000000
63006  10.122  -33.349  72.872 0.0000000000
63005  10.713  -33.557  72.758 0.0000000000
55090  14.034  -40.162  86.163 0.0000000000
57392  14.238  -38.464  83.323 0.0000000000
52729  16.769  -41.119  82.315 0.0000000000
52731  14.979  -41.412  82.795 0.0000000000
51571  15.607  -41.747  82.401 0.0000000000
50427  15.042  -42.088  82.880 0.0000000000
50428  14.619  -42.373  83.726 0.0000000000
53965  14.142  -40.447  84.908 0.0000000000
51558  13.710  -40.933  84.883 0.0000000000
52722  13.805  -40.714  85.218 0.0000000000
51553  14.022  -41.421  86.335 0.0000000000
65145  7.701  -31.027  82.216 0.0000000000
66294  8.589  -29.527  81.988 0.0000000000
66305  8.616  -29.345  81.242 0.0000000000
67382  8.273  -28.830  80.903 0.0000000000
51598  6.203  -42.977  80.666 0.0000000000
52746  9.310  -42.236  81.879 0.0000000000
53991  10.225  -42.105  81.553 0.0000000000
59598  10.850  -35.867  86.461 0.0000000000
60687  10.226  -35.300  85.743 0.0000000000
60688  9.399  -35.220  85.314 0.0000000000
60689  8.907  -35.408  84.742 0.0000000000
60694  9.123  -35.190  84.289 0.0000000000
61761  8.561  -34.737  83.629 0.0000000000
47999  8.958  -44.826  83.382 0.0000000000
46681  8.764  -44.729  82.855 0.0000000000
48000  8.391  -44.704  83.212 0.0000000000
48002  7.167  -44.468  82.444 0.0000000000
49225  6.887  -44.013  81.524 0.0000000000
49220  6.040  -43.670  81.822 0.0000000000
51591  6.546  -42.781  81.517 0.0000000000
51592  5.598  -42.982  81.162 0.0000000000
51607  6.063  -42.991  80.141 0.0000000000
54042  10.680  -40.207  77.658 0.0000000000
55173  10.850  -39.380  77.167 0.0000000000
56285  10.869  -38.550  75.362 0.0000000000
56298  11.476  -38.606  74.521 0.0000000000
58604  5.380  -35.433  74.836 0.0000000000
57493  5.585  -36.066  74.440 0.0000000000
58608  5.534  -35.681  74.202 0.0000000000
58634  7.181  -36.068  72.083 0.0000000000
57520  6.995  -36.325  72.209 0.0000000000
57531  7.273  -36.671  71.284 0.0000000000
56386  7.530  -37.098  69.931 0.0000000000
57541  7.400  -36.713  70.310 0.0000000000
58649  7.385  -36.411  70.137 0.0000000000
60857  7.748  -35.479  70.415 0.0000000000
64068  12.817  -31.139  74.246 0.0000000000
63004  13.214  -32.521  72.866 0.0000000000
61875  12.861  -32.951  72.610 0.0000000000
61874  13.276  -32.857  72.358 0.0000000000
51569  9.564  -42.549  84.810 0.0000000000
51568  10.109  -42.157  85.265 0.0000000000
53964  11.818  -40.671  86.382 0.0000000000
53967  11.753  -40.763  85.776 0.0000000000
55097  11.351  -39.769  85.443 0.0000000000
55094  11.707  -39.942  85.690 0.0000000000
56168  13.770  -39.468  85.667 0.0000000000
55092  12.729  -40.373  85.929 0.0000000000
57374  13.425  -38.854  85.589 0.0000000000
57375  12.719  -38.539  85.572 0.0000000000
58490  12.145  -37.898  85.338 0.0000000000
58491  11.542  -37.473  85.195 0.0000000000
58496  11.807  -37.316  85.057 0.0000000000
59593  11.476  -36.391  86.121 0.0000000000
59597  11.534  -36.372  85.762 0.0000000000
51604  19.719  -41.493  79.810 0.0000000000
50453  17.948  -42.347  80.428 0.0000000000
50458  17.973  -42.046  79.851 0.0000000000
50459  17.351  -42.414  79.479 0.0000000000
50433  17.634  -41.967  82.170 0.0000000000
49222  16.902  -42.873  80.819 0.0000000000
49237  16.151  -42.808  79.328 0.0000000000
49238  15.530  -43.407  79.588 0.0000000000
48027  14.509  -43.670  79.558 0.0000000000
48005  12.885  -43.868  82.062 0.0000000000
48006  12.106  -44.296  81.696 0.0000000000
46677  11.637  -44.432  82.003 0.0000000000
49195  13.563  -42.855  84.119 0.0000000000
49204  13.221  -43.245  83.672 0.0000000000
49196  12.931  -42.934  84.374 0.0000000000
49198  11.625  -43.323  84.609 0.0000000000
47983  11.603  -43.376  84.152 0.0000000000
47990  10.869  -44.418  83.577 0.0000000000
47991  10.200  -45.009  84.146 0.0000000000
47985  10.321  -44.278  84.593 0.0000000000
50420  9.911  -43.173  85.586 0.0000000000
49200  9.901  -43.880  85.181 0.0000000000
50425  9.512  -43.562  85.161 0.0000000000
50426  9.035  -43.350  84.752 0.0000000000
57431  7.616  -35.713  80.993 0.0000000000
57457  7.327  -36.265  79.423 0.0000000000
57448  7.222  -35.984  80.031 0.0000000000
59634  6.251  -35.383  79.588 0.0000000000
58547  6.172  -35.836  79.474 0.0000000000
58567  5.467  -36.039  78.892 0.0000000000
59653  5.803  -35.310  78.680 0.0000000000
65159  6.714  -31.678  80.996 0.0000000000
63988  6.408  -32.055  80.739 0.0000000000
63996  6.625  -31.931  79.797 0.0000000000
62924  6.301  -32.522  78.221 0.0000000000
61791  6.422  -33.586  78.746 0.0000000000
60755  5.910  -34.394  77.476 0.0000000000
60776  5.654  -34.285  76.775 0.0000000000
60777  5.471  -34.385  76.108 0.0000000000
61810  5.627  -33.599  76.885 0.0000000000
62942  6.000  -32.856  76.018 0.0000000000
62954  5.993  -32.961  75.216 0.0000000000
64060  6.367  -32.449  75.806 0.0000000000
56200  16.519  -39.313  81.344 0.0000000000
54038  23.861  -39.934  77.526 0.0000000000
54056  22.814  -39.715  76.659 0.0000000000
54026  22.495  -40.279  78.268 0.0000000000
55143  25.503  -39.240  79.408 0.0000000000
55142  26.266  -38.967  79.278 0.0000000000
55152  25.781  -39.504  79.127 0.0000000000
54015  26.025  -39.525  78.917 0.0000000000
52792  24.385  -39.981  78.383 0.0000000000
52773  22.767  -40.430  79.388 0.0000000000
52774  21.929  -40.555  79.365 0.0000000000
52743  20.818  -40.198  80.586 0.0000000000
51582  20.169  -40.665  80.853 0.0000000000
52744  20.022  -40.854  81.151 0.0000000000
52734  20.341  -40.391  81.052 0.0000000000
56195  20.833  -39.421  80.543 0.0000000000
55122  19.985  -39.997  81.095 0.0000000000
55110  19.231  -40.521  82.000 0.0000000000
57405  18.184  -39.686  80.453 0.0000000000
55135  18.172  -40.212  81.335 0.0000000000
56199  17.463  -39.803  81.103 0.0000000000
56186  16.673  -39.822  81.632 0.0000000000
52869  5.571  -42.234  75.130 0.0000000000
52825  7.260  -42.429  77.175 0.0000000000
52850  7.461  -42.214  76.161 0.0000000000
52824  8.215  -41.899  77.185 0.0000000000
52777  8.186  -42.343  79.358 0.0000000000
52775  10.253  -41.739  79.540 0.0000000000
54019  9.788  -41.513  78.276 0.0000000000
54030  10.237  -40.903  78.051 0.0000000000
55153  11.082  -39.218  80.211 0.0000000000
56236  10.515  -38.483  80.066 0.0000000000
56248  10.228  -38.435  79.421 0.0000000000
52728  10.515  -42.023  84.732 0.0000000000
53973  11.089  -41.753  84.128 0.0000000000
57388  9.626  -37.460  84.478 0.0000000000
56184  9.490  -37.243  83.634 0.0000000000
55116  9.992  -37.880  83.590 0.0000000000
55115  11.093  -38.595  83.402 0.0000000000
56188  10.286  -37.788  83.083 0.0000000000
56202  10.339  -37.910  82.371 0.0000000000
57429  8.074  -36.485  81.862 0.0000000000
57430  7.921  -36.133  81.397 0.0000000000
57411  7.520  -36.401  82.167 0.0000000000
59612  6.270  -35.444  83.659 0.0000000000
58517  6.767  -35.928  82.494 0.0000000000
60715  6.633  -34.410  82.491 0.0000000000
60714  6.925  -34.209  83.077 0.0000000000
61766  7.865  -33.984  83.610 0.0000000000
52798  18.334  -41.177  78.577 0.0000000000
52821  18.051  -40.829  78.020 0.0000000000
46696  10.314  -44.725  80.021 0.0000000000
46703  10.219  -44.731  79.215 0.0000000000
46692  9.001  -44.476  81.447 0.0000000000
46699  8.355  -44.490  80.722 0.0000000000
51646  4.668  -42.709  75.590 0.0000000000
51657  3.830  -43.011  74.954 0.0000000000
52911  8.040  -42.496  72.507 0.0000000000
52925  8.945  -42.420  71.576 0.0000000000
54098  10.707  -40.716  74.894 0.0000000000
52880  9.798  -41.368  74.440 0.0000000000
54126  10.420  -41.128  73.587 0.0000000000
52923  10.832  -41.595  71.585 0.0000000000
52940  9.788  -42.184  70.653 0.0000000000
52952  10.574  -41.879  69.895 0.0000000000
54165  11.394  -40.963  68.802 0.0000000000
52977  11.374  -41.611  67.986 0.0000000000
54183  11.517  -41.210  67.536 0.0000000000
52994  10.994  -42.164  66.506 0.0000000000
54184  11.600  -40.803  66.933 0.0000000000
56252  7.518  -36.492  78.471 0.0000000000
56260  8.562  -36.740  77.635 0.0000000000
56288  8.059  -37.598  74.428 0.0000000000
56300  9.865  -37.519  73.954 0.0000000000
56322  9.570  -37.347  72.766 0.0000000000
56304  6.575  -36.928  73.041 0.0000000000
56303  7.199  -36.922  73.162 0.0000000000
56364  9.756  -37.788  70.623 0.0000000000
56344  10.312  -37.679  71.824 0.0000000000
56381  11.168  -38.674  69.621 0.0000000000
56431  10.047  -38.326  66.811 0.0000000000
56414  10.506  -38.907  67.234 0.0000000000
55324  10.740  -39.563  64.220 0.0000000000
56443  10.638  -38.530  65.078 0.0000000000
58699  9.395  -37.233  64.541 0.0000000000
58671  7.018  -36.523  68.030 0.0000000000
59782  7.673  -36.572  67.103 0.0000000000
59783  7.453  -36.138  67.258 0.0000000000
58691  7.756  -35.989  65.172 0.0000000000
59820  7.834  -35.924  64.015 0.0000000000
59821  7.901  -35.937  63.215 0.0000000000
69468  10.309  -28.297  78.760 0.0000000000
68412  8.912  -28.396  79.288 0.0000000000
67398  8.417  -28.647  78.827 0.0000000000
67406  7.221  -29.446  78.493 0.0000000000
67405  7.880  -29.079  78.560 0.0000000000
66378  8.510  -30.070  77.037 0.0000000000
66379  7.646  -30.023  77.037 0.0000000000
65247  7.781  -30.604  76.753 0.0000000000
64058  7.680  -31.629  76.061 0.0000000000
67427  10.790  -28.785  75.511 0.0000000000
67428  9.926  -28.700  76.062 0.0000000000
66377  9.566  -29.785  76.866 0.0000000000
66376  10.153  -29.957  76.508 0.0000000000
62965  9.368  -32.715  74.768 0.0000000000
62952  8.977  -32.086  75.453 0.0000000000
62966  8.240  -32.300  74.815 0.0000000000
63008  8.256  -33.560  73.426 0.0000000000
61892  9.237  -34.099  71.478 0.0000000000
61911  9.058  -34.502  70.574 0.0000000000
61931  8.727  -35.257  69.470 0.0000000000
61930  9.094  -35.079  69.571 0.0000000000
61890  11.061  -34.110  71.553 0.0000000000
55095  14.338  -39.988  84.802 0.0000000000
53974  16.189  -40.939  82.209 0.0000000000
52725  14.793  -41.076  82.694 0.0000000000
52726  14.730  -40.998  83.700 0.0000000000
53970  14.315  -40.339  84.049 0.0000000000
54237  7.937  -41.133  62.970 0.0000000000
54255  8.760  -40.521  62.527 0.0000000000
52756  7.489  -42.383  81.867 0.0000000000
49206  8.594  -44.056  84.413 0.0000000000
47994  8.015  -44.475  83.421 0.0000000000
49207  7.927  -44.036  83.689 0.0000000000
49208  7.676  -43.704  83.329 0.0000000000
50437  6.891  -43.432  82.749 0.0000000000
50443  6.300  -43.382  82.145 0.0000000000
51586  6.850  -42.711  82.441 0.0000000000
56257  10.290  -38.591  78.659 0.0000000000
56265  10.466  -38.589  77.701 0.0000000000
56266  9.881  -37.991  77.239 0.0000000000
60837  5.629  -34.666  74.043 0.0000000000
59723  5.635  -35.247  73.899 0.0000000000
60843  6.002  -35.070  73.297 0.0000000000
60849  6.582  -35.280  72.695 0.0000000000
59739  7.141  -35.670  72.220 0.0000000000
59756  7.328  -35.829  71.132 0.0000000000
60848  6.882  -35.006  72.305 0.0000000000
60847  7.518  -34.979  71.394 0.0000000000
51564  10.362  -42.314  85.768 0.0000000000
52723  11.322  -41.311  86.534 0.0000000000
57381  13.248  -38.462  85.171 0.0000000000
59603  12.755  -37.528  84.313 0.0000000000
59595  12.500  -37.639  84.695 0.0000000000
59604  11.634  -36.898  84.637 0.0000000000
59609  12.618  -36.742  83.718 0.0000000000
50456  19.166  -41.765  80.231 0.0000000000
50451  19.082  -41.676  80.611 0.0000000000
50452  18.461  -42.025  80.597 0.0000000000
50442  15.845  -42.732  81.787 0.0000000000
49216  15.881  -43.019  81.551 0.0000000000
50416  12.696  -42.352  85.397 0.0000000000
49190  12.537  -42.788  84.799 0.0000000000
49191  12.140  -43.059  85.106 0.0000000000
49192  11.377  -43.366  85.276 0.0000000000
49199  10.183  -43.841  84.952 0.0000000000
49193  10.538  -43.490  85.384 0.0000000000
50419  10.463  -43.019  86.003 0.0000000000
59621  6.840  -35.446  81.414 0.0000000000
58530  6.853  -35.526  80.381 0.0000000000
59625  6.629  -35.117  80.969 0.0000000000
60722  6.347  -34.734  80.372 0.0000000000
61788  6.077  -34.427  79.893 0.0000000000
65190  6.922  -30.636  79.741 0.0000000000
65191  6.317  -30.837  79.398 0.0000000000
64023  6.265  -31.555  77.859 0.0000000000
65229  6.437  -30.651  77.771 0.0000000000
52816  23.841  -40.126  77.972 0.0000000000
54004  24.489  -39.512  79.821 0.0000000000
51595  21.782  -40.515  80.064 0.0000000000
53987  22.042  -39.557  80.620 0.0000000000
55120  21.918  -39.331  80.661 0.0000000000
56197  19.205  -39.812  80.818 0.0000000000
52761  10.028  -41.913  80.135 0.0000000000
56228  10.738  -38.538  80.854 0.0000000000
55103  10.267  -38.469  84.432 0.0000000000
57393  8.944  -36.587  83.552 0.0000000000
56190  8.923  -36.638  83.168 0.0000000000
57398  8.120  -36.604  83.019 0.0000000000
57399  7.389  -36.460  82.809 0.0000000000
58511  6.896  -36.147  83.317 0.0000000000
60704  6.496  -34.838  84.093 0.0000000000
51624  16.697  -41.712  78.014 0.0000000000
52822  17.166  -41.018  78.044 0.0000000000
46689  11.009  -44.715  80.471 0.0000000000
46697  9.679  -44.624  80.331 0.0000000000
51609  5.395  -43.176  79.489 0.0000000000
50461  5.698  -43.179  78.921 0.0000000000
51619  5.707  -43.150  78.774 0.0000000000
51637  5.064  -43.394  76.465 0.0000000000
52883  7.439  -42.330  74.434 0.0000000000
52897  7.378  -43.060  73.651 0.0000000000
52895  9.159  -41.896  73.671 0.0000000000
54112  11.453  -40.150  73.454 0.0000000000
54125  11.176  -41.053  73.124 0.0000000000
52922  11.610  -41.106  71.337 0.0000000000
54146  11.210  -41.386  70.392 0.0000000000
54156  11.083  -41.304  70.014 0.0000000000
54155  11.372  -40.588  69.448 0.0000000000
55268  11.461  -39.758  68.467 0.0000000000
56262  6.974  -36.153  76.846 0.0000000000
56269  7.701  -36.548  76.117 0.0000000000
56279  7.475  -36.989  75.115 0.0000000000
56367  7.690  -37.256  70.720 0.0000000000
56347  7.675  -37.448  71.551 0.0000000000
56366  7.995  -37.582  70.608 0.0000000000
56383  9.042  -37.997  69.687 0.0000000000
56398  9.362  -38.162  68.694 0.0000000000
57572  9.898  -37.600  66.437 0.0000000000
56444  10.291  -38.052  65.172 0.0000000000
57585  9.410  -37.177  65.668 0.0000000000
58689  8.896  -36.690  65.969 0.0000000000
60907  7.308  -35.772  67.711 0.0000000000
60906  7.411  -35.404  66.955 0.0000000000
60919  7.014  -34.974  65.692 0.0000000000
60927  6.991  -34.916  64.770 0.0000000000
68419  9.418  -28.477  78.168 0.0000000000
66342  8.172  -29.274  77.890 0.0000000000
67404  8.723  -28.742  78.106 0.0000000000
67412  9.085  -28.938  77.397 0.0000000000
65262  11.273  -30.383  75.748 0.0000000000
64055  10.585  -31.227  75.990 0.0000000000
64039  10.339  -30.763  76.319 0.0000000000
63007  9.202  -33.417  73.112 0.0000000000
61891  10.120  -34.151  71.498 0.0000000000
52718  13.518  -41.411  87.272 0.0000000000
53962  13.091  -40.603  87.159 0.0000000000
53961  13.987  -40.573  87.079 0.0000000000
56173  14.428  -39.308  84.636 0.0000000000
51576  19.103  -41.355  82.522 0.0000000000
51585  18.705  -41.891  82.070 0.0000000000
51577  18.390  -41.615  82.359 0.0000000000
50434  16.882  -42.139  81.917 0.0000000000
51570  16.223  -41.370  82.173 0.0000000000
51579  16.206  -41.969  82.002 0.0000000000
49210  14.908  -42.882  82.541 0.0000000000
49211  14.180  -43.044  82.823 0.0000000000
49202  14.514  -42.745  83.106 0.0000000000
50429  13.994  -42.666  84.098 0.0000000000
51566  14.232  -41.434  84.478 0.0000000000
51567  13.740  -41.619  84.727 0.0000000000
50415  13.041  -41.757  85.385 0.0000000000
51554  13.716  -41.824  86.632 0.0000000000
63967  6.828  -32.151  82.169 0.0000000000
63977  7.028  -31.761  81.898 0.0000000000
65158  7.228  -31.370  81.338 0.0000000000
66295  7.915  -29.955  82.402 0.0000000000
65173  7.464  -30.632  80.486 0.0000000000
66313  7.636  -29.808  80.413 0.0000000000
67390  7.280  -29.414  79.891 0.0000000000
53998  9.917  -41.985  81.104 0.0000000000
58498  10.385  -36.427  85.763 0.0000000000
58499  9.680  -36.180  85.141 0.0000000000
59601  8.503  -35.722  84.598 0.0000000000
59606  7.982  -35.724  84.177 0.0000000000
60696  7.935  -35.333  83.839 0.0000000000
46687  8.958  -44.400  82.313 0.0000000000
48001  7.783  -44.555  82.889 0.0000000000
48008  7.639  -44.433  82.173 0.0000000000
48015  7.649  -44.283  81.690 0.0000000000
48016  7.523  -44.044  81.293 0.0000000000
48017  7.260  -43.570  80.938 0.0000000000
49234  6.628  -43.214  80.326 0.0000000000
49227  5.590  -43.248  80.722 0.0000000000
50450  5.098  -43.301  80.429 0.0000000000
50444  5.984  -43.264  81.499 0.0000000000
51593  4.860  -43.058  80.740 0.0000000000
51600  4.818  -43.077  80.040 0.0000000000
54062  9.937  -40.823  76.459 0.0000000000
54081  9.513  -41.298  75.438 0.0000000000
54080  10.016  -41.035  75.637 0.0000000000
54079  10.631  -40.382  75.859 0.0000000000
55199  11.238  -39.609  75.080 0.0000000000
55216  11.258  -40.136  74.309 0.0000000000
55215  11.757  -39.329  74.094 0.0000000000
56320  11.448  -38.373  73.520 0.0000000000
57489  5.739  -36.000  75.244 0.0000000000
57492  5.989  -36.585  74.632 0.0000000000
57497  6.083  -36.603  73.696 0.0000000000
56326  6.955  -36.917  72.257 0.0000000000
57507  6.413  -36.319  72.875 0.0000000000
57519  6.926  -36.676  72.262 0.0000000000
56348  7.332  -37.122  71.542 0.0000000000
56418  7.649  -37.268  68.639 0.0000000000
57562  7.335  -37.077  68.279 0.0000000000
57563  7.172  -36.791  68.283 0.0000000000
57551  7.153  -36.615  68.377 0.0000000000
59772  7.018  -36.087  68.165 0.0000000000
59755  7.394  -36.065  69.974 0.0000000000
59771  7.143  -35.978  68.922 0.0000000000
60890  7.282  -35.638  67.989 0.0000000000
61949  7.900  -35.325  68.108 0.0000000000
61948  8.548  -35.047  68.243 0.0000000000
62962  12.519  -31.966  74.073 0.0000000000
62985  12.125  -32.739  73.629 0.0000000000
61863  11.639  -33.440  72.852 0.0000000000
61876  12.137  -33.565  72.449 0.0000000000
61906  13.768  -33.271  71.080 0.0000000000
53016  9.599  -42.227  65.295 0.0000000000
52733  8.990  -42.656  83.597 0.0000000000
53968  11.665  -41.242  85.378 0.0000000000
56176  11.186  -38.696  85.291 0.0000000000
56170  12.359  -39.236  85.864 0.0000000000
56171  11.663  -38.935  85.689 0.0000000000
56175  11.374  -38.351  85.394 0.0000000000
57382  11.216  -38.046  85.288 0.0000000000
58492  11.239  -36.602  85.671 0.0000000000
59594  11.310  -36.327  86.304 0.0000000000
60690  11.460  -36.550  84.258 0.0000000000
52796  20.174  -40.448  78.081 0.0000000000
51613  18.580  -41.309  79.006 0.0000000000
51606  18.077  -41.766  79.365 0.0000000000
51614  17.655  -41.698  78.709 0.0000000000
50464  16.441  -42.692  78.673 0.0000000000
50447  17.711  -42.600  81.023 0.0000000000
49221  17.471  -42.620  80.608 0.0000000000
49229  16.990  -42.512  80.114 0.0000000000
49236  16.849  -42.546  79.478 0.0000000000
50465  15.911  -43.003  78.364 0.0000000000
48013  12.037  -44.203  80.935 0.0000000000
46683  11.739  -44.423  81.620 0.0000000000
47996  12.995  -43.604  82.983 0.0000000000
49205  12.561  -43.288  83.874 0.0000000000
47998  11.192  -44.647  83.037 0.0000000000
47992  9.433  -44.869  83.934 0.0000000000
47987  9.085  -44.505  84.452 0.0000000000
56240  7.956  -36.617  79.540 0.0000000000
57471  6.940  -36.231  78.883 0.0000000000
57449  6.714  -35.833  79.694 0.0000000000
57472  6.443  -36.362  78.500 0.0000000000
56253  6.925  -36.262  77.760 0.0000000000
57478  6.235  -36.167  77.591 0.0000000000
57479  5.899  -35.808  77.362 0.0000000000
57483  6.092  -35.585  76.172 0.0000000000
62908  6.067  -32.662  81.358 0.0000000000
62912  5.535  -33.362  80.148 0.0000000000
61792  6.101  -34.042  79.451 0.0000000000
62915  6.409  -32.634  79.316 0.0000000000
60735  6.179  -34.456  78.859 0.0000000000
59652  6.012  -34.635  78.240 0.0000000000
58593  5.931  -35.383  76.849 0.0000000000
58595  5.692  -35.346  75.707 0.0000000000
59704  5.407  -35.165  75.294 0.0000000000
59705  5.434  -34.814  75.423 0.0000000000
60814  5.418  -34.438  75.237 0.0000000000
62935  5.575  -33.463  76.455 0.0000000000
62943  5.539  -33.539  75.951 0.0000000000
60831  5.407  -34.508  74.918 0.0000000000
61848  5.616  -34.001  74.672 0.0000000000
62970  5.713  -33.390  74.788 0.0000000000
62969  5.939  -32.984  74.393 0.0000000000
56187  15.708  -39.206  81.957 0.0000000000
57407  15.550  -38.662  81.092 0.0000000000
54028  21.049  -40.123  77.993 0.0000000000
54014  26.981  -39.275  78.741 0.0000000000
52817  22.975  -40.310  78.303 0.0000000000
52795  20.910  -40.438  78.636 0.0000000000
51611  20.643  -40.681  79.358 0.0000000000
51596  20.586  -40.785  79.939 0.0000000000
51590  19.821  -41.293  80.572 0.0000000000
51583  19.676  -41.139  81.249 0.0000000000
52745  19.606  -41.010  81.812 0.0000000000
55121  20.645  -39.840  80.733 0.0000000000
55108  20.220  -39.938  81.621 0.0000000000
53979  19.896  -40.470  82.131 0.0000000000
52736  19.502  -41.009  82.341 0.0000000000
52737  18.925  -41.126  82.773 0.0000000000
53981  18.585  -40.796  82.607 0.0000000000
55124  18.347  -40.301  81.465 0.0000000000
52849  8.289  -41.799  76.086 0.0000000000
51616  7.872  -42.302  77.671 0.0000000000
52823  8.892  -41.404  77.436 0.0000000000
54044  8.968  -40.912  76.961 0.0000000000
54043  9.961  -40.690  77.278 0.0000000000
56249  9.634  -38.163  79.184 0.0000000000
56238  9.120  -37.655  79.865 0.0000000000
53989  11.498  -40.225  82.594 0.0000000000
56181  9.603  -37.883  84.280 0.0000000000
55126  11.459  -39.225  82.458 0.0000000000
56201  10.864  -38.568  82.067 0.0000000000
56217  10.898  -38.698  81.437 0.0000000000
56218  10.369  -38.070  81.666 0.0000000000
56203  9.708  -37.326  82.441 0.0000000000
56219  9.792  -37.478  81.645 0.0000000000
56230  9.407  -37.462  80.767 0.0000000000
56231  8.823  -36.933  80.628 0.0000000000
56232  8.270  -36.517  80.496 0.0000000000
57400  7.140  -36.253  82.458 0.0000000000
58520  7.108  -35.643  81.461 0.0000000000
59620  6.563  -35.197  81.876 0.0000000000
60703  7.288  -34.807  84.052 0.0000000000
61772  7.615  -33.109  83.478 0.0000000000
62904  6.898  -32.616  82.766 0.0000000000
63966  7.379  -31.819  82.476 0.0000000000
57396  14.636  -38.626  82.362 0.0000000000
52845  18.583  -40.457  76.607 0.0000000000
52846  17.023  -40.760  77.204 0.0000000000
46691  9.716  -44.499  81.228 0.0000000000
46705  9.035  -44.615  79.770 0.0000000000
54100  9.409  -41.371  75.104 0.0000000000
52909  10.186  -41.560  72.788 0.0000000000
52941  9.041  -42.818  70.567 0.0000000000
52965  10.912  -41.943  68.864 0.0000000000
53034  10.191  -41.634  64.749 0.0000000000
56267  9.360  -37.230  76.856 0.0000000000
56277  9.354  -37.237  75.711 0.0000000000
56286  10.014  -37.845  75.029 0.0000000000
56343  11.308  -38.227  72.255 0.0000000000
56302  7.904  -37.202  73.388 0.0000000000
56346  8.174  -37.582  71.517 0.0000000000
56323  8.500  -37.274  72.519 0.0000000000
56396  11.311  -39.020  68.988 0.0000000000
55269  11.098  -39.113  67.855 0.0000000000
55281  11.330  -39.737  67.418 0.0000000000
54219  10.621  -40.658  64.901 0.0000000000
54220  9.867  -40.830  64.075 0.0000000000
55325  10.245  -40.099  63.684 0.0000000000
55347  10.143  -39.476  63.268 0.0000000000
55361  9.369  -39.537  62.569 0.0000000000
58669  7.776  -36.864  67.244 0.0000000000
58680  8.205  -36.714  66.637 0.0000000000
58690  8.361  -36.465  65.526 0.0000000000
59793  7.384  -35.759  66.145 0.0000000000
58701  8.524  -36.371  64.464 0.0000000000
58715  8.307  -36.600  63.388 0.0000000000
68398  8.647  -28.529  80.790 0.0000000000
68405  8.007  -28.162  80.278 0.0000000000
68406  7.440  -28.825  79.862 0.0000000000
68413  7.841  -28.672  79.314 0.0000000000
68414  7.325  -29.187  79.328 0.0000000000
67413  6.718  -29.646  78.379 0.0000000000
66363  6.772  -29.948  77.793 0.0000000000
65228  6.641  -30.407  77.550 0.0000000000
66362  7.520  -29.651  77.538 0.0000000000
66380  7.115  -30.003  77.296 0.0000000000
64042  6.668  -31.281  76.688 0.0000000000
64059  6.952  -31.807  76.260 0.0000000000
64072  6.759  -32.395  75.259 0.0000000000
62968  6.550  -32.698  74.440 0.0000000000
67419  9.395  -29.026  76.939 0.0000000000
65246  8.695  -30.736  76.661 0.0000000000
64056  9.527  -31.648  76.084 0.0000000000
64041  9.222  -31.145  76.427 0.0000000000
64057  8.508  -31.590  76.061 0.0000000000
64070  8.047  -31.845  75.499 0.0000000000
62967  7.277  -32.497  74.556 0.0000000000
61864  6.788  -33.395  73.585 0.0000000000
61881  7.486  -34.029  73.016 0.0000000000
61894  7.809  -34.633  71.546 0.0000000000
61880  8.711  -33.930  72.503 0.0000000000
61877  11.288  -33.703  72.427 0.0000000000
61929  9.581  -35.186  69.744 0.0000000000
61962  8.836  -34.313  67.390 0.0000000000
46674  10.801  -44.748  83.127 0.0000000000
46676  9.914  -45.072  83.677 0.0000000000
46682  8.305  -44.686  82.837 0.0000000000
46694  7.857  -44.163  81.420 0.0000000000
47981  10.799  -43.564  84.926 0.0000000000
47982  10.487  -43.743  84.806 0.0000000000
49212  13.628  -43.199  83.154 0.0000000000
49213  7.722  -44.296  83.267 0.0000000000
49215  16.557  -42.959  81.186 0.0000000000
50414  11.842  -42.780  86.757 0.0000000000
50421  9.557  -43.073  85.164 0.0000000000
50424  12.874  -42.524  84.806 0.0000000000
50454  17.579  -42.328  80.089 0.0000000000
51561  12.695  -42.358  86.194 0.0000000000
51562  11.438  -42.463  86.801 0.0000000000
51617  7.561  -42.463  77.613 0.0000000000
51626  7.967  -42.141  77.398 0.0000000000
51634  16.514  -41.421  77.284 0.0000000000
52716  14.369  -41.106  85.984 0.0000000000
52720  11.753  -41.248  87.214 0.0000000000
52742  21.749  -40.057  80.515 0.0000000000
52752  21.381  -40.241  80.401 0.0000000000
52866  8.530  -41.610  75.281 0.0000000000
52907  11.528  -40.664  71.791 0.0000000000
52938  11.309  -41.469  70.842 0.0000000000
52964  11.382  -41.335  68.428 0.0000000000
52993  11.332  -41.674  67.302 0.0000000000
53033  10.598  -41.293  65.261 0.0000000000
53960  14.336  -40.699  86.479 0.0000000000
53978  20.206  -40.249  81.850 0.0000000000
53983  11.438  -40.141  82.955 0.0000000000
53992  24.453  -39.338  80.250 0.0000000000
53995  22.252  -39.778  80.546 0.0000000000
54016  25.206  -39.582  79.206 0.0000000000
54041  20.829  -40.264  77.633 0.0000000000
54064  8.707  -41.553  76.151 0.0000000000
54114  10.252  -41.118  74.277 0.0000000000
54174  11.578  -40.754  67.951 0.0000000000
54175  11.554  -40.324  67.519 0.0000000000
54235  9.814  -40.393  63.406 0.0000000000
54254  9.483  -40.253  62.940 0.0000000000
55125  17.599  -40.156  81.395 0.0000000000
55151  26.269  -39.344  79.064 0.0000000000
55198  11.512  -39.119  74.664 0.0000000000
56183  13.933  -38.994  83.027 0.0000000000
56198  18.282  -40.026  80.986 0.0000000000
56215  18.065  -40.106  81.123 0.0000000000
56216  17.814  -40.054  81.155 0.0000000000
56225  26.080  -39.212  79.159 0.0000000000
56226  25.933  -39.318  79.162 0.0000000000
56227  17.947  -40.186  81.321 0.0000000000
56234  26.088  -39.411  79.090 0.0000000000
56235  25.981  -39.583  79.087 0.0000000000
56349  7.173  -36.915  71.533 0.0000000000
56368  7.466  -37.012  70.942 0.0000000000
56401  7.616  -37.156  69.080 0.0000000000
56476  10.375  -38.430  63.377 0.0000000000
57378  11.052  -36.995  85.241 0.0000000000
57390  8.502  -36.441  83.843 0.0000000000
57409  10.056  -37.663  82.248 0.0000000000
57427  10.064  -37.691  81.966 0.0000000000
57428  9.908  -37.503  82.106 0.0000000000
57432  7.201  -35.730  80.419 0.0000000000
57459  5.999  -36.339  79.117 0.0000000000
57498  5.865  -36.229  73.524 0.0000000000
57530  7.387  -36.797  70.792 0.0000000000
57532  7.176  -36.325  71.807 0.0000000000
57542  7.373  -36.586  70.830 0.0000000000
57571  10.422  -37.675  65.900 0.0000000000
57574  8.411  -37.145  67.043 0.0000000000
57583  10.461  -38.008  65.514 0.0000000000
57584  9.961  -37.636  65.349 0.0000000000
57613  7.876  -37.115  62.960 0.0000000000
58497  11.289  -36.775  85.217 0.0000000000
58512  6.405  -35.836  83.127 0.0000000000
58521  6.942  -35.464  81.114 0.0000000000
58548  6.513  -35.623  79.758 0.0000000000
58599  5.186  -35.509  75.025 0.0000000000
58603  5.364  -35.745  74.852 0.0000000000
58609  5.489  -35.200  74.370 0.0000000000
58612  5.912  -35.816  73.332 0.0000000000
58620  6.542  -35.970  72.828 0.0000000000
58633  7.223  -36.294  71.520 0.0000000000
58651  7.058  -36.005  71.632 0.0000000000
58660  7.329  -36.428  69.413 0.0000000000
58700  8.942  -37.164  64.810 0.0000000000
58717  7.581  -36.380  62.749 0.0000000000
59626  6.536  -35.178  80.166 0.0000000000
59633  5.780  -35.668  79.226 0.0000000000
59654  5.922  -35.343  79.232 0.0000000000
59678  5.975  -34.557  77.811 0.0000000000
59679  5.830  -34.962  77.491 0.0000000000
59695  5.542  -34.729  75.932 0.0000000000
59712  5.275  -35.367  75.029 0.0000000000
59713  5.321  -35.121  75.085 0.0000000000
59719  5.474  -35.141  74.726 0.0000000000
59732  6.731  -35.692  72.670 0.0000000000
59738  7.292  -35.570  71.747 0.0000000000
59757  7.233  -35.912  71.759 0.0000000000
59792  7.660  -36.259  66.644 0.0000000000
59807  7.381  -35.727  64.407 0.0000000000
59808  7.447  -35.600  64.579 0.0000000000
59819  7.572  -35.861  64.282 0.0000000000
60685  11.500  -35.916  85.631 0.0000000000
60702  7.961  -34.779  83.528 0.0000000000
60709  6.939  -34.449  83.627 0.0000000000
60720  6.268  -34.236  81.530 0.0000000000
60727  5.903  -33.938  80.955 0.0000000000
60729  6.298  -34.832  79.888 0.0000000000
60754  6.193  -34.119  77.954 0.0000000000
60775  5.869  -33.939  77.357 0.0000000000
60796  5.433  -34.392  75.645 0.0000000000
60813  5.069  -34.300  74.911 0.0000000000
60832  5.364  -34.912  74.944 0.0000000000
60838  5.459  -34.947  74.480 0.0000000000
60858  7.380  -35.377  71.370 0.0000000000
60859  7.100  -35.319  72.127 0.0000000000
60871  9.716  -35.264  69.058 0.0000000000
60889  9.936  -35.209  68.829 0.0000000000
60891  7.105  -35.867  67.941 0.0000000000
60938  7.450  -35.085  64.178 0.0000000000
60951  7.621  -35.761  64.049 0.0000000000
60952  7.689  -35.475  63.706 0.0000000000
61783  6.051  -34.342  80.297 0.0000000000
61784  6.195  -34.570  80.099 0.0000000000
61786  5.662  -33.562  80.562 0.0000000000
61787  5.693  -33.956  80.013 0.0000000000
61793  6.034  -34.261  79.708 0.0000000000
61811  5.366  -33.926  76.148 0.0000000000
61812  5.262  -34.112  76.138 0.0000000000
61819  5.393  -33.971  75.621 0.0000000000
61829  5.412  -34.073  75.217 0.0000000000
61830  5.246  -33.998  75.293 0.0000000000
61847  5.782  -33.575  74.238 0.0000000000
61862  12.074  -33.207  73.079 0.0000000000
61887  13.424  -33.044  72.031 0.0000000000
61896  6.337  -35.005  72.954 0.0000000000
62911  5.815  -32.767  80.348 0.0000000000
62984  12.889  -32.416  73.335 0.0000000000
62989  7.825  -32.988  74.028 0.0000000000
62990  7.069  -33.026  73.765 0.0000000000
62991  6.425  -32.993  73.841 0.0000000000
63003  13.583  -32.560  72.437 0.0000000000
64040  9.906  -31.034  76.425 0.0000000000
65172  7.900  -30.234  80.804 0.0000000000
65244  10.138  -30.505  76.468 0.0000000000
65248  6.893  -30.709  77.116 0.0000000000
65249  6.515  -30.980  77.259 0.0000000000
65263  10.675  -30.194  76.187 0.0000000000
65266  6.897  -31.201  76.629 0.0000000000
66344  7.097  -29.623  78.119 0.0000000000
66360  9.107  -29.454  77.263 0.0000000000
66393  10.058  -29.405  76.378 0.0000000000
67381  8.973  -29.192  81.308 0.0000000000
67391  6.950  -29.579  79.438 0.0000000000
67400  6.369  -29.674  79.181 0.0000000000
67407  6.029  -29.713  78.787 0.0000000000
67414  6.258  -29.758  78.383 0.0000000000
68397  9.452  -28.768  81.037 0.0000000000
68415  6.830  -29.522  79.207 0.0000000000
68421  6.842  -29.465  78.865 0.0000000000
68428  6.374  -29.653  78.659 0.0000000000
68429  6.164  -29.681  78.698 0.0000000000
68433  8.859  -28.068  76.726 0.0000000000
134338  17.612  -39.978  81.246 0.0000000000
