#!ascii label  , from subject 3281 vox2ras=TkReg
480
21889  49.105  -71.225  10.504 0.0000000000
17566  37.238  -76.296  -2.034 0.0000000000
20747  43.694  -73.835  5.814 0.0000000000
24423  40.926  -71.069  2.891 0.0000000000
15582  43.106  -78.987  -0.318 0.0000000000
18559  46.135  -75.359  2.011 0.0000000000
13601  45.096  -80.056  0.308 0.0000000000
20803  38.756  -75.353  3.179 0.0000000000
25688  37.865  -69.821  5.113 0.0000000000
21923  43.202  -72.226  8.451 0.0000000000
23160  43.199  -71.366  4.485 0.0000000000
17507  42.605  -76.200  2.361 0.0000000000
16553  40.414  -78.227  -2.204 0.0000000000
12554  40.074  -81.791  -2.670 0.0000000000
26833  52.878  -68.246  12.983 0.0000000000
21818  46.077  -71.121  12.339 0.0000000000
20695  40.667  -72.864  8.543 0.0000000000
28268  42.429  -67.436  8.298 0.0000000000
15563  46.705  -77.778  1.587 0.0000000000
17550  38.501  -76.083  -0.018 0.0000000000
19623  37.362  -75.244  2.718 0.0000000000
20734  41.246  -72.450  7.427 0.0000000000
21963  43.972  -72.216  5.200 0.0000000000
16502  44.712  -77.805  0.919 0.0000000000
17506  44.210  -75.857  1.763 0.0000000000
16503  43.524  -77.910  0.533 0.0000000000
16505  41.277  -77.320  0.547 0.0000000000
15589  41.741  -79.013  -0.897 0.0000000000
13630  38.774  -80.881  -3.544 0.0000000000
21799  44.291  -70.537  12.879 0.0000000000
21852  43.793  -71.278  10.412 0.0000000000
23056  41.645  -70.471  10.665 0.0000000000
25685  40.717  -69.874  5.168 0.0000000000
27018  40.282  -69.058  5.591 0.0000000000
26994  36.713  -68.861  6.267 0.0000000000
29544  39.063  -66.409  8.626 0.0000000000
20764  46.758  -74.290  5.366 0.0000000000
20799  46.069  -73.907  3.746 0.0000000000
18557  47.198  -75.886  2.371 0.0000000000
15565  45.945  -78.230  0.959 0.0000000000
13603  44.174  -80.050  -0.319 0.0000000000
21990  39.491  -73.632  2.959 0.0000000000
24403  39.032  -70.885  3.964 0.0000000000
21981  37.641  -72.925  3.957 0.0000000000
23164  36.029  -71.819  5.244 0.0000000000
18612  38.616  -75.674  -3.730 0.0000000000
20714  46.691  -71.345  9.844 0.0000000000
24362  40.695  -70.721  6.024 0.0000000000
23189  42.520  -71.369  3.089 0.0000000000
20800  45.271  -73.213  3.102 0.0000000000
162246  43.037  -73.119  2.370 0.0000000000
162242  41.595  -74.264  2.533 0.0000000000
162245  40.468  -76.129  2.783 0.0000000000
17530  39.939  -76.696  0.182 0.0000000000
16555  38.616  -77.208  -2.300 0.0000000000
13616  41.769  -80.814  -1.644 0.0000000000
14627  40.427  -79.783  -2.522 0.0000000000
15607  39.057  -78.336  -3.142 0.0000000000
16581  37.936  -77.244  -4.034 0.0000000000
25528  53.255  -68.534  11.700 0.0000000000
23018  51.805  -69.972  11.971 0.0000000000
22981  50.146  -70.387  13.082 0.0000000000
20632  48.574  -71.527  11.896 0.0000000000
21872  45.249  -71.519  10.224 0.0000000000
21892  42.491  -72.975  9.308 0.0000000000
20735  40.614  -73.266  6.850 0.0000000000
19582  39.919  -75.355  6.794 0.0000000000
19596  43.217  -74.876  5.862 0.0000000000
28318  40.345  -67.218  6.575 0.0000000000
21888  50.066  -71.086  10.641 0.0000000000
23108  50.298  -70.317  10.129 0.0000000000
21917  49.624  -70.752  10.321 0.0000000000
16532  37.348  -76.335  -1.793 0.0000000000
162261  37.383  -75.590  0.040 0.0000000000
20748  41.842  -73.394  6.170 0.0000000000
20768  43.156  -72.791  5.916 0.0000000000
20767  44.427  -73.104  5.718 0.0000000000
15581  43.968  -78.755  -0.149 0.0000000000
16511  43.380  -78.407  -0.077 0.0000000000
16512  42.751  -78.217  -0.075 0.0000000000
15588  42.543  -79.263  -0.779 0.0000000000
12606  39.551  -81.252  -4.743 0.0000000000
23025  43.205  -70.051  11.696 0.0000000000
24400  41.332  -70.627  3.898 0.0000000000
25686  40.521  -69.599  5.005 0.0000000000
25709  40.166  -70.200  4.237 0.0000000000
29565  37.360  -66.503  7.684 0.0000000000
19621  47.233  -74.955  4.081 0.0000000000
18552  47.475  -76.013  3.492 0.0000000000
14587  45.766  -78.875  1.058 0.0000000000
16499  46.799  -77.630  1.394 0.0000000000
14588  45.626  -78.898  0.534 0.0000000000
14603  45.260  -79.360  -0.072 0.0000000000
13602  44.648  -79.981  -0.102 0.0000000000
19641  39.453  -75.283  3.201 0.0000000000
20788  38.643  -73.999  3.352 0.0000000000
21982  36.502  -73.442  3.989 0.0000000000
21974  35.018  -72.596  4.581 0.0000000000
23148  35.342  -71.373  5.609 0.0000000000
20716  45.163  -71.778  9.168 0.0000000000
21933  45.087  -71.622  8.175 0.0000000000
21934  44.075  -71.693  8.185 0.0000000000
24380  41.839  -71.085  4.670 0.0000000000
23176  43.127  -71.440  3.816 0.0000000000
19655  46.398  -75.233  2.488 0.0000000000
19639  45.538  -74.205  2.834 0.0000000000
162238  42.986  -74.491  2.178 0.0000000000
162239  41.871  -74.301  2.409 0.0000000000
162244  41.286  -75.117  2.662 0.0000000000
162241  41.725  -76.126  2.710 0.0000000000
16529  40.740  -77.873  -1.396 0.0000000000
16506  40.718  -76.972  0.622 0.0000000000
16514  40.591  -76.949  -0.198 0.0000000000
16530  39.514  -76.778  -1.101 0.0000000000
16554  39.763  -77.789  -2.206 0.0000000000
9342  39.741  -84.072  -3.606 0.0000000000
11438  39.601  -82.620  -3.306 0.0000000000
11437  40.525  -82.637  -2.422 0.0000000000
12553  40.757  -81.878  -2.287 0.0000000000
13627  40.866  -80.933  -2.364 0.0000000000
14616  41.404  -79.681  -1.857 0.0000000000
13628  39.805  -80.769  -2.822 0.0000000000
14658  39.205  -80.006  -4.315 0.0000000000
14629  39.087  -79.581  -3.612 0.0000000000
14645  38.919  -79.562  -4.019 0.0000000000
15624  38.325  -77.901  -3.527 0.0000000000
16580  38.435  -77.782  -4.182 0.0000000000
26850  53.671  -67.215  12.685 0.0000000000
26852  52.894  -68.525  12.473 0.0000000000
25529  52.856  -68.842  12.020 0.0000000000
25516  52.479  -68.847  12.510 0.0000000000
21777  47.061  -71.036  13.295 0.0000000000
22982  49.431  -70.402  13.273 0.0000000000
21775  48.984  -70.965  13.199 0.0000000000
21793  49.397  -71.158  12.829 0.0000000000
21816  48.022  -71.460  12.225 0.0000000000
20659  47.128  -71.303  11.122 0.0000000000
23051  45.851  -71.049  11.304 0.0000000000
21893  41.566  -72.764  9.384 0.0000000000
21874  42.929  -72.200  9.779 0.0000000000
20720  40.976  -72.796  8.002 0.0000000000
20721  39.970  -73.219  7.645 0.0000000000
18508  41.087  -76.466  7.670 0.0000000000
18530  41.307  -76.229  6.891 0.0000000000
19598  41.210  -75.476  6.342 0.0000000000
24381  38.198  -70.823  4.582 0.0000000000
27020  39.368  -69.356  5.158 0.0000000000
27021  38.490  -69.107  5.363 0.0000000000
29543  40.128  -66.628  8.533 0.0000000000
162257  38.240  -75.546  2.248 0.0000000000
21924  42.126  -72.250  8.112 0.0000000000
21936  41.544  -72.281  7.618 0.0000000000
21948  41.157  -72.640  6.502 0.0000000000
23159  44.106  -71.785  4.300 0.0000000000
17513  45.108  -76.842  1.340 0.0000000000
17505  45.605  -75.936  1.674 0.0000000000
17514  43.837  -77.097  1.582 0.0000000000
17515  42.526  -77.399  1.682 0.0000000000
17516  41.595  -77.355  1.376 0.0000000000
16504  42.237  -77.706  0.605 0.0000000000
16513  41.632  -77.999  -0.366 0.0000000000
16528  41.280  -78.434  -0.958 0.0000000000
12555  39.120  -81.648  -3.255 0.0000000000
12576  38.747  -81.295  -3.862 0.0000000000
13667  39.401  -80.542  -4.608 0.0000000000
21797  45.667  -71.270  13.059 0.0000000000
23022  45.556  -70.837  12.036 0.0000000000
23024  44.146  -70.380  11.896 0.0000000000
21853  42.714  -71.222  10.431 0.0000000000
21875  41.378  -71.593  9.989 0.0000000000
28316  41.439  -68.015  6.674 0.0000000000
28292  41.636  -67.611  6.896 0.0000000000
25663  37.137  -69.630  5.675 0.0000000000
28320  38.315  -68.391  6.155 0.0000000000
28295  38.229  -67.305  7.022 0.0000000000
29524  38.741  -65.882  9.159 0.0000000000
20746  44.948  -74.017  5.750 0.0000000000
21968  45.802  -72.893  5.094 0.0000000000
20778  46.472  -73.424  5.014 0.0000000000
19638  46.539  -74.981  3.259 0.0000000000
18558  46.847  -75.514  2.247 0.0000000000
16488  47.017  -76.703  1.596 0.0000000000
17512  46.202  -76.701  1.224 0.0000000000
16501  45.744  -77.586  0.955 0.0000000000
15580  44.799  -78.838  -0.182 0.0000000000
21989  39.968  -72.660  2.740 0.0000000000
24402  40.012  -70.789  3.310 0.0000000000
21979  39.368  -72.371  2.932 0.0000000000
23179  38.353  -71.796  3.987 0.0000000000
23162  37.705  -71.440  4.595 0.0000000000
20789  37.479  -74.389  3.596 0.0000000000
21972  36.653  -72.512  4.525 0.0000000000
24383  36.572  -71.100  5.342 0.0000000000
24364  35.859  -70.736  5.836 0.0000000000
25665  35.238  -69.710  6.356 0.0000000000
162270  37.492  -75.365  -2.373 0.0000000000
21890  47.936  -71.305  10.277 0.0000000000
23111  46.922  -70.856  9.220 0.0000000000
21931  46.451  -71.122  8.973 0.0000000000
24421  41.935  -71.025  3.616 0.0000000000
24422  41.605  -70.926  3.222 0.0000000000
23187  44.355  -72.424  3.331 0.0000000000
18560  45.033  -74.733  1.902 0.0000000000
19640  44.336  -73.453  2.470 0.0000000000
23188  43.645  -72.285  2.982 0.0000000000
162243  42.529  -72.320  2.619 0.0000000000
23190  41.691  -71.772  2.733 0.0000000000
23191  40.791  -71.939  2.699 0.0000000000
20801  40.417  -73.925  2.836 0.0000000000
162248  39.889  -75.654  3.066 0.0000000000
17517  40.788  -77.006  1.339 0.0000000000
162247  40.209  -76.736  1.515 0.0000000000
162240  39.783  -76.409  1.128 0.0000000000
17549  39.473  -76.579  -0.113 0.0000000000
16531  37.975  -76.506  -1.464 0.0000000000
16556  37.395  -76.824  -2.536 0.0000000000
13614  43.662  -80.532  -0.741 0.0000000000
10372  39.793  -83.342  -3.210 0.0000000000
14615  42.302  -79.873  -1.300 0.0000000000
15590  41.168  -78.781  -1.391 0.0000000000
15605  40.787  -78.808  -2.082 0.0000000000
13629  38.996  -80.625  -3.283 0.0000000000
14628  39.561  -79.678  -3.048 0.0000000000
15606  40.025  -78.766  -2.618 0.0000000000
15608  38.151  -77.502  -3.016 0.0000000000
16572  36.859  -76.929  -3.117 0.0000000000
18631  38.393  -76.585  -4.262 0.0000000000
28177  54.393  -66.791  11.277 0.0000000000
26869  53.862  -67.357  11.767 0.0000000000
26870  53.605  -68.066  11.432 0.0000000000
24262  52.708  -69.423  11.495 0.0000000000
23050  51.712  -70.331  11.603 0.0000000000
21845  50.650  -71.076  11.627 0.0000000000
25490  50.462  -68.896  13.383 0.0000000000
24201  51.779  -69.046  12.848 0.0000000000
22979  50.993  -69.977  12.751 0.0000000000
21846  50.056  -71.252  11.866 0.0000000000
20657  48.881  -71.549  11.447 0.0000000000
20673  47.495  -71.393  10.821 0.0000000000
20689  46.251  -71.468  9.934 0.0000000000
20691  44.604  -72.228  9.221 0.0000000000
21851  44.818  -71.205  10.578 0.0000000000
20677  43.972  -72.354  9.421 0.0000000000
20692  43.858  -72.830  9.105 0.0000000000
20749  40.870  -74.356  6.194 0.0000000000
19597  42.044  -75.060  6.012 0.0000000000
27046  39.791  -69.904  4.716 0.0000000000
28342  39.975  -68.219  5.917 0.0000000000
29541  41.844  -67.156  8.006 0.0000000000
28294  39.291  -66.942  7.091 0.0000000000
29542  41.183  -66.937  8.358 0.0000000000
11476  39.069  -81.593  -4.418 0.0000000000
12556  38.809  -81.138  -3.433 0.0000000000
12577  38.699  -81.135  -3.634 0.0000000000
12607  38.983  -80.974  -4.399 0.0000000000
13600  45.447  -79.745  0.885 0.0000000000
13649  38.834  -80.510  -3.910 0.0000000000
13650  38.691  -80.938  -3.762 0.0000000000
13668  39.059  -80.527  -4.331 0.0000000000
14602  45.513  -79.423  0.531 0.0000000000
14604  44.471  -79.463  -0.284 0.0000000000
15552  46.500  -78.209  1.653 0.0000000000
15564  46.439  -78.091  1.325 0.0000000000
15566  45.288  -78.439  0.408 0.0000000000
15567  44.516  -78.286  0.182 0.0000000000
15583  42.366  -78.670  -0.485 0.0000000000
15623  38.602  -78.634  -3.824 0.0000000000
16500  46.700  -77.361  1.149 0.0000000000
16515  39.890  -76.749  -0.315 0.0000000000
16557  36.795  -76.622  -3.097 0.0000000000
16558  36.631  -76.651  -3.007 0.0000000000
16570  38.228  -77.910  -3.745 0.0000000000
16571  37.671  -77.337  -3.512 0.0000000000
16573  36.700  -76.816  -3.116 0.0000000000
17503  47.095  -76.141  1.779 0.0000000000
17504  46.551  -76.033  1.648 0.0000000000
17511  46.841  -76.578  1.373 0.0000000000
17529  40.175  -76.634  0.879 0.0000000000
17531  39.577  -76.429  0.654 0.0000000000
17567  37.054  -76.229  -2.750 0.0000000000
17568  36.695  -76.400  -3.022 0.0000000000
17577  37.721  -76.735  -3.938 0.0000000000
17578  37.116  -76.691  -3.372 0.0000000000
17579  36.784  -76.615  -3.109 0.0000000000
17585  38.214  -77.067  -4.274 0.0000000000
18531  40.752  -76.244  7.120 0.0000000000
18553  47.245  -75.963  3.010 0.0000000000
18554  47.023  -75.605  2.875 0.0000000000
18621  38.032  -76.037  -3.979 0.0000000000
18622  37.430  -76.207  -3.527 0.0000000000
19599  40.580  -75.817  6.724 0.0000000000
19620  47.569  -75.632  3.906 0.0000000000
19622  46.891  -74.663  3.902 0.0000000000
19636  47.436  -75.779  3.532 0.0000000000
19637  47.257  -75.492  3.464 0.0000000000
19656  45.929  -74.937  2.504 0.0000000000
20631  49.347  -71.466  11.926 0.0000000000
20633  48.148  -71.506  11.863 0.0000000000
20655  50.219  -71.309  11.383 0.0000000000
20656  49.652  -71.440  11.456 0.0000000000
20658  47.990  -71.530  11.460 0.0000000000
20660  46.688  -71.252  10.931 0.0000000000
20669  50.291  -71.332  11.148 0.0000000000
20670  50.015  -71.363  11.105 0.0000000000
20671  49.276  -71.472  10.958 0.0000000000
20672  48.325  -71.545  10.941 0.0000000000
20674  46.615  -71.323  10.534 0.0000000000
20675  45.741  -71.550  10.033 0.0000000000
20676  44.872  -71.850  9.628 0.0000000000
20678  43.235  -72.800  9.318 0.0000000000
20685  49.840  -71.331  10.871 0.0000000000
20686  49.593  -71.286  10.759 0.0000000000
20687  47.804  -71.416  10.598 0.0000000000
20688  47.111  -71.315  10.284 0.0000000000
20690  45.392  -71.669  9.531 0.0000000000
20693  42.880  -72.955  8.954 0.0000000000
20694  41.804  -73.119  8.769 0.0000000000
20715  46.055  -71.471  9.503 0.0000000000
20717  44.455  -72.368  8.925 0.0000000000
20718  43.524  -72.628  8.756 0.0000000000
20719  42.251  -72.724  8.346 0.0000000000
20744  46.379  -74.245  5.599 0.0000000000
20745  45.854  -74.103  5.715 0.0000000000
20750  40.409  -75.050  6.466 0.0000000000
20763  47.153  -74.257  5.099 0.0000000000
20765  46.125  -73.580  5.435 0.0000000000
20766  45.402  -73.393  5.606 0.0000000000
20769  42.051  -72.541  6.092 0.0000000000
20776  47.224  -74.379  4.819 0.0000000000
20777  46.980  -73.944  4.883 0.0000000000
20785  47.202  -74.596  4.524 0.0000000000
20786  46.868  -74.320  4.336 0.0000000000
20787  46.377  -73.633  4.478 0.0000000000
20798  46.642  -74.466  3.842 0.0000000000
20802  39.707  -74.754  3.110 0.0000000000
21773  50.004  -70.737  13.026 0.0000000000
21774  49.723  -70.812  13.088 0.0000000000
21776  48.048  -70.982  13.174 0.0000000000
21779  45.232  -70.908  13.430 0.0000000000
21780  44.564  -70.611  13.226 0.0000000000
21791  50.429  -70.651  12.592 0.0000000000
21792  50.145  -70.779  12.795 0.0000000000
21794  48.517  -71.289  12.816 0.0000000000
21795  47.545  -71.341  12.852 0.0000000000
21796  46.569  -71.378  12.975 0.0000000000
21798  44.891  -71.018  13.023 0.0000000000
21812  51.085  -70.699  11.806 0.0000000000
21813  50.547  -70.769  12.281 0.0000000000
21814  49.783  -71.203  12.386 0.0000000000
21815  48.970  -71.438  12.384 0.0000000000
21817  47.024  -71.290  12.274 0.0000000000
21819  45.299  -70.983  12.555 0.0000000000
21820  44.647  -70.691  12.522 0.0000000000
21821  44.223  -70.450  12.491 0.0000000000
21844  51.287  -70.870  11.316 0.0000000000
21847  47.905  -71.480  11.825 0.0000000000
21848  47.431  -71.368  11.715 0.0000000000
21849  46.449  -71.165  11.353 0.0000000000
21850  45.648  -71.177  10.851 0.0000000000
21854  42.096  -70.949  10.463 0.0000000000
21866  50.616  -71.285  10.990 0.0000000000
21867  50.149  -71.296  10.897 0.0000000000
21868  48.577  -71.412  10.675 0.0000000000
21869  48.170  -71.444  10.631 0.0000000000
21870  46.464  -71.272  10.823 0.0000000000
21871  46.041  -71.340  10.593 0.0000000000
21873  44.277  -71.770  9.947 0.0000000000
21887  50.962  -70.872  10.329 0.0000000000
21891  47.164  -71.265  9.989 0.0000000000
21915  50.863  -70.675  10.179 0.0000000000
21916  50.511  -70.682  10.286 0.0000000000
21918  48.480  -70.940  10.016 0.0000000000
21919  47.025  -71.113  9.599 0.0000000000
21920  45.933  -71.422  9.044 0.0000000000
21921  45.110  -71.774  8.696 0.0000000000
21922  44.284  -72.111  8.542 0.0000000000
21932  45.863  -71.355  8.528 0.0000000000
21935  42.856  -71.816  8.237 0.0000000000
21961  45.676  -73.067  5.409 0.0000000000
21962  45.074  -72.815  5.249 0.0000000000
21969  44.972  -72.302  4.658 0.0000000000
21970  44.261  -71.922  4.710 0.0000000000
21971  37.187  -72.298  4.401 0.0000000000
21973  35.758  -72.695  4.625 0.0000000000
21980  38.922  -72.728  3.225 0.0000000000
21983  35.539  -73.241  3.763 0.0000000000
21988  41.615  -73.373  2.517 0.0000000000
22980  50.685  -70.086  12.899 0.0000000000
22983  48.552  -70.445  13.347 0.0000000000
23005  51.589  -69.839  12.341 0.0000000000
23006  51.092  -70.131  12.517 0.0000000000
23007  50.636  -70.418  12.658 0.0000000000
23008  50.416  -70.454  12.871 0.0000000000
23009  43.734  -70.210  12.466 0.0000000000
23019  51.247  -70.330  12.158 0.0000000000
23020  50.863  -70.412  12.423 0.0000000000
23021  45.887  -70.969  11.696 0.0000000000
23023  44.958  -70.642  11.944 0.0000000000
23049  52.174  -69.854  11.678 0.0000000000
23052  45.348  -70.876  11.340 0.0000000000
23053  44.484  -70.654  11.087 0.0000000000
23054  43.527  -70.521  10.949 0.0000000000
23055  42.581  -70.396  10.886 0.0000000000
23071  52.344  -69.974  11.204 0.0000000000
23088  51.457  -70.509  10.123 0.0000000000
23109  49.197  -70.374  10.057 0.0000000000
23116  47.047  -70.605  9.207 0.0000000000
23144  43.790  -71.682  4.730 0.0000000000
23149  34.830  -71.342  5.501 0.0000000000
23163  36.988  -71.722  4.797 0.0000000000
23165  35.169  -72.066  5.219 0.0000000000
23175  44.301  -72.066  3.682 0.0000000000
23177  42.375  -71.183  3.666 0.0000000000
23178  39.345  -71.787  3.183 0.0000000000
23180  37.563  -72.036  4.350 0.0000000000
23192  40.071  -71.631  2.787 0.0000000000
24202  51.281  -69.447  12.896 0.0000000000
24204  49.919  -69.695  13.320 0.0000000000
24229  51.842  -69.315  12.603 0.0000000000
24230  51.340  -69.753  12.627 0.0000000000
24238  52.242  -69.481  12.118 0.0000000000
24348  40.553  -70.530  6.653 0.0000000000
24361  40.913  -70.543  5.459 0.0000000000
24363  36.717  -70.351  5.573 0.0000000000
24365  35.002  -70.737  5.980 0.0000000000
24382  37.307  -70.749  5.020 0.0000000000
24399  41.838  -70.942  4.166 0.0000000000
24401  40.810  -70.544  3.631 0.0000000000
24424  40.447  -71.292  2.825 0.0000000000
25487  52.204  -68.677  12.894 0.0000000000
25488  51.793  -68.668  13.097 0.0000000000
25552  53.396  -68.656  11.220 0.0000000000
25553  53.107  -68.950  11.525 0.0000000000
25569  53.181  -69.140  11.133 0.0000000000
25662  37.538  -69.484  5.489 0.0000000000
25664  36.204  -69.709  6.015 0.0000000000
25687  38.831  -69.728  4.962 0.0000000000
25689  37.240  -70.119  5.326 0.0000000000
25707  41.113  -70.388  4.398 0.0000000000
25708  40.630  -70.068  4.518 0.0000000000
25710  39.465  -70.151  4.407 0.0000000000
25711  38.736  -70.274  4.633 0.0000000000
26832  53.367  -67.500  13.215 0.0000000000
26851  53.305  -68.062  12.298 0.0000000000
26992  40.787  -68.703  6.316 0.0000000000
26993  37.634  -69.088  5.749 0.0000000000
26995  35.797  -69.052  6.455 0.0000000000
26996  35.331  -69.093  6.553 0.0000000000
27017  40.509  -68.763  5.960 0.0000000000
27019  39.897  -69.058  5.424 0.0000000000
27044  40.335  -69.523  5.103 0.0000000000
27045  40.071  -69.726  4.913 0.0000000000
28164  54.407  -66.029  12.057 0.0000000000
28165  54.146  -66.515  12.226 0.0000000000
28239  42.941  -67.926  9.251 0.0000000000
28291  42.277  -67.851  7.394 0.0000000000
28293  39.932  -66.771  7.195 0.0000000000
28296  36.920  -67.787  6.832 0.0000000000
28317  41.134  -67.557  6.542 0.0000000000
28319  39.286  -67.739  6.379 0.0000000000
28321  37.399  -68.536  6.321 0.0000000000
28340  40.889  -68.163  6.312 0.0000000000
28341  40.532  -68.127  6.156 0.0000000000
28343  39.319  -68.519  5.678 0.0000000000
28344  38.894  -68.771  5.515 0.0000000000
29437  54.296  -65.975  12.886 0.0000000000
29522  40.965  -66.384  9.225 0.0000000000
29560  42.076  -67.326  7.668 0.0000000000
29561  41.453  -67.211  7.264 0.0000000000
29562  40.523  -66.816  7.501 0.0000000000
29563  39.541  -66.763  7.875 0.0000000000
29564  38.510  -66.779  7.942 0.0000000000
29584  41.020  -67.157  6.731 0.0000000000
29585  40.891  -67.003  6.926 0.0000000000
162236  41.200  -76.727  2.359 0.0000000000
162237  40.397  -76.828  1.868 0.0000000000
162255  44.499  -72.803  3.111 0.0000000000
162256  39.520  -76.260  1.824 0.0000000000
162263  36.865  -75.246  0.073 0.0000000000
162271  37.847  -75.541  -3.282 0.0000000000
