#!ascii label  , from subject 3281 vox2ras=TkReg
541
80174  24.403  -25.333  -4.243 0.1428571492
78873  23.834  -26.078  -4.002 0.1428571492
81464  24.161  -24.125  -5.306 0.1428571492
80156  25.673  -25.771  -3.833 0.1428571492
81449  24.870  -24.305  -4.739 0.2857142985
81450  23.882  -24.731  -4.781 0.1428571492
81448  25.928  -24.423  -4.208 0.1428571492
82643  25.747  -23.104  -5.093 0.5714285970
82625  26.102  -23.232  -4.423 0.1428571492
83825  27.395  -22.284  -4.185 0.2857142985
84984  28.739  -20.807  -4.131 0.1428571492
84985  28.181  -21.420  -4.525 0.2857142985
88703  28.653  -18.378  -5.453 0.2857142985
87525  29.083  -18.988  -4.988 0.1428571492
87526  28.338  -19.582  -5.633 0.2857142985
92212  29.035  -15.386  -5.481 0.2857142985
89951  29.039  -17.400  -5.276 0.2857142985
93449  29.013  -14.284  -5.917 0.2857142985
92235  28.465  -14.944  -6.374 0.2857142985
94748  29.571  -12.903  -6.484 0.2857142985
97442  29.965  -11.226  -7.838 0.8571428657
96079  29.679  -12.169  -7.523 0.4285714328
94749  29.278  -13.541  -6.297 0.2857142985
99970  29.666  -9.636  -8.485 0.7142857313
99958  30.159  -9.554  -7.812 0.7142857313
98722  29.954  -10.443  -8.216 0.7142857313
96089  29.653  -11.770  -8.125 0.7142857313
102411  29.373  -7.906  -8.108 0.8571428657
101215  29.788  -8.774  -8.001 0.5714285970
101216  29.296  -8.819  -8.704 0.8571428657
103574  28.777  -6.359  -8.006 0.4285714328
102412  28.717  -7.296  -8.408 0.7142857313
102426  28.884  -8.105  -8.815 0.8571428657
106040  28.298  -3.724  -7.844 0.2857142985
106054  28.198  -4.179  -8.364 0.5714285970
103592  28.407  -6.446  -8.813 0.8571428657
104793  28.614  -5.630  -8.408 0.7142857313
108647  27.669  -2.561  -8.322 0.1428571492
107317  28.400  -3.224  -7.411 0.1428571492
107329  28.013  -3.283  -8.007 0.4285714328
104811  28.066  -5.287  -9.178 0.5714285970
103603  27.927  -6.478  -9.511 0.8571428657
111284  27.478  -0.627  -8.170 0.1428571492
109969  27.898  -1.630  -8.018 0.1428571492
107330  27.616  -3.495  -8.632 0.4285714328
104828  27.633  -5.885  -9.713 0.8571428657
112671  26.988  -0.041  -9.000 0.1428571492
112652  27.282  0.552  -8.251 0.1428571492
109970  27.338  -1.737  -8.679 0.1428571492
109989  26.816  -1.831  -9.396 0.4285714328
107349  27.223  -3.725  -9.138 0.5714285970
106079  27.018  -4.395  -9.436 0.7142857313
103604  27.513  -6.409  -10.144 0.8571428657
114000  26.961  1.137  -9.236 0.1428571492
112672  26.968  -0.517  -9.637 0.1428571492
106080  26.461  -4.369  -9.885 0.8571428657
104829  26.863  -5.422  -9.907 0.8571428657
104830  26.259  -4.851  -10.174 0.8571428657
115315  26.934  2.248  -9.556 0.1428571492
114001  26.755  1.666  -10.415 0.2857142985
114016  26.974  0.121  -9.760 0.1428571492
111324  26.794  -0.552  -10.495 0.8571428657
108666  26.536  -2.675  -9.799 0.8571428657
107350  26.772  -3.585  -9.582 0.7142857313
107392  26.443  -3.528  -11.092 0.8571428657
162860  27.023  2.494  -11.292 0.1428571492
116629  27.325  3.399  -11.492 0.1428571492
111338  26.633  -0.777  -11.326 0.8571428657
108701  26.557  -2.595  -11.511 0.8571428657
107406  26.782  -3.625  -12.023 0.8571428657
110021  26.656  -1.605  -11.925 0.8571428657
110004  26.376  -1.614  -11.035 0.8571428657
108713  26.917  -2.572  -12.220 0.8571428657
162858  27.263  2.777  -12.017 0.1428571492
117897  27.208  3.867  -12.679 0.2857142985
162857  26.979  1.980  -11.752 0.5714285970
162852  27.025  0.627  -11.790 0.8571428657
162851  27.200  -2.210  -12.739 0.8571428657
108746  26.995  -1.415  -13.111 0.8571428657
162865  26.455  3.160  -12.762 0.2857142985
108753  25.979  1.417  -12.637 0.8571428657
108763  26.670  -1.200  -13.256 0.7142857313
162870  25.932  3.132  -13.277 0.8571428657
108754  26.145  -0.459  -12.946 0.7142857313
116691  25.196  3.935  -14.945 0.7142857313
116692  25.308  3.811  -14.775 0.8571428657
116674  25.891  3.827  -13.965 0.8571428657
117924  25.258  4.418  -14.270 0.7142857313
162864  25.766  0.775  -12.476 0.8571428657
120528  23.393  5.229  -17.146 0.1428571492
120527  23.054  5.649  -16.272 0.1428571492
117925  24.692  4.454  -14.776 0.5714285970
119220  23.955  5.088  -15.010 0.5714285970
119199  24.256  5.822  -13.898 0.5714285970
119221  23.375  5.548  -15.353 0.1428571492
121824  22.471  7.991  -16.928 0.1428571492
120484  24.115  6.362  -13.500 0.5714285970
121787  22.010  8.044  -15.613 0.1428571492
123167  20.848  9.000  -16.089 0.1428571492
120503  22.972  6.676  -14.709 0.1428571492
124429  21.036  9.592  -15.734 0.1428571492
119200  23.664  6.160  -14.147 0.5714285970
121768  21.746  8.395  -15.217 0.1428571492
123154  22.261  8.738  -14.360 0.1428571492
124428  21.614  9.665  -15.278 0.1428571492
78858  23.485  -26.717  -3.717 0.1428571492
82626  25.516  -23.642  -4.710 0.2857142985
82623  27.501  -23.053  -3.444 0.2857142985
82624  26.856  -23.009  -4.002 0.2857142985
87505  28.987  -19.797  -4.849 0.2857142985
87506  28.681  -20.156  -5.171 0.1428571492
93467  28.730  -14.077  -6.822 0.2857142985
97430  30.207  -11.219  -7.022 0.4285714328
102398  29.094  -7.069  -7.768 0.2857142985
97443  29.637  -11.307  -8.520 0.7142857313
104792  28.929  -5.305  -7.580 0.1428571492
102427  28.200  -7.645  -9.312 0.8571428657
104812  27.348  -4.889  -9.314 0.7142857313
111306  26.828  -1.116  -9.767 0.8571428657
109990  26.486  -1.711  -10.166 0.8571428657
106124  26.541  -4.486  -11.479 0.8571428657
116733  25.993  3.579  -14.374 0.8571428657
162873  24.428  4.260  -15.328 0.7142857313
119235  23.873  4.792  -15.519 0.2857142985
119208  23.167  6.039  -15.041 0.1428571492
121807  22.222  7.974  -16.370 0.1428571492
125623  22.987  10.152  -16.469 0.1428571492
84986  27.378  -21.927  -4.878 0.2857142985
83826  26.680  -22.414  -4.974 0.4285714328
83846  26.041  -22.651  -5.892 0.2857142985
86279  28.339  -20.560  -5.262 0.1428571492
89931  29.701  -17.404  -4.884 0.2857142985
91079  29.594  -16.489  -5.010 0.2857142985
89952  28.413  -17.500  -5.955 0.2857142985
91080  28.719  -16.505  -5.645 0.2857142985
111267  27.482  0.201  -7.730 0.1428571492
115314  27.598  2.350  -8.757 0.1428571492
115338  27.029  2.774  -10.218 0.1428571492
116618  27.200  3.642  -10.636 0.1428571492
106102  26.292  -4.308  -10.592 0.8571428657
104847  26.660  -5.633  -11.080 1.0000000000
117883  27.460  4.125  -12.033 0.1428571492
162867  26.418  4.445  -13.709 0.2857142985
107475  26.943  -1.868  -14.077 0.8571428657
162866  26.167  3.821  -13.770 0.5714285970
116734  25.064  4.173  -15.278 0.5714285970
115450  24.603  3.777  -15.995 0.2857142985
162874  24.062  4.241  -15.936 0.2857142985
120514  22.865  6.300  -15.467 0.1428571492
120486  22.867  7.324  -14.361 0.2857142985
121806  22.577  7.029  -15.970 0.1428571492
121767  22.257  7.857  -14.799 0.1428571492
121753  22.818  7.916  -14.047 0.1428571492
123205  21.598  8.463  -17.014 0.1428571492
124415  21.982  9.296  -14.886 0.1428571492
124401  22.342  9.707  -13.916 0.1428571492
125590  22.294  9.925  -14.835 0.1428571492
162868  26.196  4.676  -14.665 0.4285714328
80173  25.335  -25.175  -4.249 0.1428571492
78872  24.515  -26.026  -3.812 0.1428571492
78874  22.964  -26.359  -4.269 0.1428571492
81463  24.662  -23.806  -5.275 0.4285714328
81447  26.664  -23.857  -3.771 0.1428571492
98723  29.471  -10.518  -8.924 0.7142857313
104810  28.562  -4.808  -8.258 0.5714285970
106055  27.611  -4.324  -9.023 0.5714285970
111305  27.047  -0.978  -9.103 0.2857142985
108665  27.076  -2.807  -9.034 0.1428571492
162856  26.855  0.596  -10.351 0.5714285970
107370  26.376  -3.517  -10.239 0.8571428657
119207  23.653  5.762  -14.592 0.5714285970
119206  24.216  5.454  -14.333 0.5714285970
123223  21.930  8.563  -17.515 0.1428571492
120485  23.512  6.839  -13.846 0.4285714328
121786  22.519  7.184  -15.321 0.1428571492
125605  21.233  10.031  -16.474 0.1428571492
123206  21.095  8.986  -17.167 0.1428571492
123155  21.703  8.723  -14.987 0.1428571492
88701  29.780  -18.488  -4.601 0.1428571492
83845  26.667  -22.241  -5.715 0.4285714328
91102  28.280  -16.604  -6.452 0.5714285970
121752  23.405  7.923  -13.418 0.1428571492
89969  28.126  -17.546  -6.880 0.5714285970
88731  27.861  -18.361  -7.381 0.5714285970
87557  27.288  -19.686  -8.368 0.2857142985
91114  28.237  -16.660  -7.383 0.5714285970
89993  28.130  -17.654  -8.744 0.5714285970
86307  26.889  -20.151  -7.876 0.4285714328
89981  28.074  -17.547  -7.845 0.5714285970
87575  27.363  -19.553  -9.063 0.2857142985
88757  27.792  -18.360  -8.990 0.4285714328
93480  28.810  -14.145  -7.809 0.4285714328
92265  28.955  -15.100  -8.245 0.5714285970
91139  28.417  -16.879  -9.348 0.5714285970
93493  28.974  -14.369  -8.693 0.5714285970
92266  28.913  -15.984  -8.738 0.4285714328
93510  28.853  -14.664  -9.466 0.4285714328
94771  28.891  -13.368  -8.269 0.4285714328
88758  27.443  -18.819  -9.503 0.2857142985
87576  26.830  -19.677  -9.407 0.2857142985
92281  28.718  -15.718  -9.682 0.4285714328
96105  28.843  -12.452  -9.842 0.7142857313
96122  29.024  -12.447  -10.967 0.4285714328
97478  29.004  -11.488  -10.388 0.7142857313
97494  28.963  -11.497  -11.457 0.5714285970
96090  29.243  -12.351  -8.604 0.5714285970
97460  29.272  -11.456  -9.359 0.5714285970
99985  28.935  -9.693  -10.101 0.7142857313
100016  28.627  -9.776  -11.607 0.7142857313
98770  28.791  -10.579  -12.011 0.4285714328
100028  28.687  -9.515  -12.535 0.4285714328
99971  29.221  -9.677  -9.259 0.5714285970
98740  29.242  -10.544  -9.852 0.5714285970
100001  28.594  -9.471  -10.784 0.5714285970
100002  28.377  -9.047  -10.918 0.7142857313
101274  28.352  -8.674  -12.169 0.7142857313
102468  27.853  -7.602  -12.389 0.7142857313
101273  28.603  -8.956  -12.644 0.7142857313
101284  28.323  -8.114  -12.807 0.5714285970
102479  28.311  -7.447  -13.413 0.5714285970
102446  27.929  -8.024  -10.340 0.5714285970
101250  28.425  -8.794  -10.397 0.5714285970
102447  27.466  -7.223  -10.663 0.7142857313
101264  28.180  -8.642  -11.101 0.7142857313
102459  27.266  -7.127  -11.566 0.8571428657
101283  28.630  -8.632  -13.162 0.4285714328
102469  27.366  -6.806  -12.290 0.7142857313
103660  27.724  -6.824  -12.904 0.7142857313
103661  27.401  -5.992  -12.611 0.7142857313
102494  28.404  -6.557  -14.030 0.5714285970
103672  27.924  -6.069  -13.504 0.7142857313
102428  27.700  -7.193  -9.924 0.5714285970
102458  27.806  -7.920  -11.373 0.7142857313
103643  27.006  -6.242  -11.743 0.8571428657
104865  26.850  -5.239  -11.951 0.8571428657
104905  27.435  -5.132  -13.122 0.7142857313
104928  27.847  -5.251  -13.956 0.5714285970
104951  28.301  -4.617  -14.787 0.2857142985
103625  26.977  -6.422  -10.806 0.7142857313
104887  27.268  -5.183  -12.729 0.7142857313
106197  28.105  -3.499  -14.653 0.7142857313
106153  27.377  -4.704  -13.049 0.8571428657
106152  27.571  -4.386  -13.397 0.8571428657
108733  27.594  -2.657  -13.587 0.8571428657
107418  27.662  -3.893  -13.399 0.8571428657
106180  28.205  -3.829  -14.461 0.5714285970
107432  27.922  -3.387  -13.974 0.8571428657
107450  27.726  -2.841  -14.061 0.8571428657
106208  27.782  -3.217  -15.010 0.7142857313
107405  27.099  -3.822  -12.539 0.8571428657
107433  27.746  -3.409  -13.605 0.8571428657
107465  27.157  -2.037  -13.949 0.8571428657
162862  25.350  -0.668  -12.993 0.7142857313
116652  25.716  3.399  -12.711 0.8571428657
162863  24.593  0.325  -12.247 0.7142857313
117865  25.197  3.019  -11.314 0.7142857313
116619  24.116  2.183  -10.738 0.5714285970
117864  25.224  4.173  -12.036 0.7142857313
116607  23.959  2.737  -10.003 0.5714285970
119149  25.139  4.966  -12.152 0.4285714328
119150  25.014  5.116  -11.347 0.5714285970
117852  24.235  3.521  -9.893 0.5714285970
117884  25.454  4.652  -13.022 0.5714285970
119134  24.598  4.852  -10.270 0.5714285970
116608  23.347  2.939  -9.716 0.5714285970
119135  23.669  5.074  -9.427 0.5714285970
116609  22.614  3.658  -9.147 0.4285714328
115328  22.479  2.476  -9.522 0.4285714328
117853  23.238  4.133  -9.366 0.5714285970
119123  22.522  5.383  -8.378 0.4285714328
98709  30.331  -10.375  -7.494 0.2857142985
101231  28.335  -8.329  -9.895 0.5714285970
119122  23.134  5.554  -8.798 0.2857142985
117854  22.682  4.521  -8.864 0.4285714328
117844  22.099  4.390  -8.415 0.2857142985
88718  27.705  -19.077  -7.066 0.5714285970
87548  27.382  -19.706  -7.404 0.5714285970
92236  28.164  -15.735  -6.928 0.2857142985
88732  27.643  -19.056  -7.893 0.5714285970
92252  28.540  -14.934  -7.366 0.2857142985
86318  26.931  -20.065  -8.469 0.2857142985
90008  27.783  -17.804  -9.515 0.4285714328
90009  27.419  -18.143  -9.807 0.2857142985
90029  28.012  -17.241  -9.897 0.2857142985
94808  28.881  -13.476  -10.505 0.5714285970
99940  30.450  -9.461  -7.066 0.2857142985
96138  29.260  -12.327  -11.914 0.2857142985
106140  26.754  -4.299  -12.001 0.8571428657
106168  27.805  -4.367  -13.859 0.7142857313
108764  26.335  -1.126  -13.404 0.7142857313
108765  26.118  -1.250  -13.752 0.7142857313
162869  25.332  4.636  -13.748 0.5714285970
117874  25.344  4.475  -12.535 0.5714285970
119198  24.802  5.219  -13.812 0.5714285970
119165  25.102  5.234  -12.730 0.5714285970
93511  28.643  -14.878  -10.210 0.4285714328
92213  28.402  -15.791  -6.100 0.2857142985
101230  28.768  -8.788  -9.582 0.7142857313
108712  27.185  -3.259  -12.626 0.7142857313
96080  29.172  -12.736  -7.908 0.5714285970
107476  26.851  -2.091  -14.314 0.7142857313
88745  27.628  -19.024  -8.729 0.5714285970
88744  27.819  -18.333  -8.285 0.4285714328
92253  28.600  -15.866  -7.831 0.5714285970
91123  28.435  -16.775  -8.324 0.5714285970
86297  27.134  -20.618  -6.822 0.5714285970
92280  29.206  -15.210  -8.998 0.5714285970
91162  28.211  -16.625  -10.296 0.4285714328
94790  28.850  -13.558  -9.325 0.5714285970
94791  28.624  -14.158  -10.003 0.4285714328
94826  29.156  -13.297  -11.523 0.4285714328
98754  28.784  -10.472  -10.870 0.7142857313
100029  28.512  -9.312  -11.951 0.7142857313
102493  28.643  -7.470  -14.351 0.2857142985
104927  27.995  -4.836  -14.492 0.5714285970
92300  28.458  -15.642  -10.614 0.4285714328
93428  30.414  -14.719  -4.597 0.1428571492
93448  29.729  -14.382  -5.243 0.1428571492
94759  29.632  -12.600  -6.920 0.1428571492
94735  29.483  -13.834  -5.760 0.1428571492
97413  30.416  -11.043  -6.055 0.1428571492
94734  29.906  -13.212  -5.642 0.1428571492
101204  30.157  -8.676  -7.290 0.2857142985
102397  29.646  -7.243  -7.373 0.1428571492
125572  21.998  10.847  -13.397 0.1428571492
106210  26.924  -2.751  -14.806 0.4285714328
125553  21.689  10.852  -12.879 0.1428571492
123145  22.728  8.748  -13.468 0.1428571492
108755  25.853  -1.250  -13.651 0.4285714328
162855  25.419  -1.162  -13.472 0.5714285970
162859  24.995  -0.653  -12.937 0.4285714328
123105  23.719  8.525  -10.980 0.2857142985
121701  24.582  7.433  -10.556 0.2857142985
120424  24.446  6.600  -11.410 0.2857142985
121725  24.117  7.188  -11.737 0.2857142985
112728  22.873  -0.693  -13.017 0.1428571492
121702  24.509  7.057  -9.891 0.2857142985
119166  24.799  5.830  -12.169 0.4285714328
114056  22.858  0.565  -12.246 0.4285714328
115366  23.377  1.287  -11.638 0.5714285970
114040  22.653  1.053  -11.666 0.4285714328
115352  22.483  1.283  -11.205 0.2857142985
120392  23.449  6.306  -8.893 0.1428571492
120410  24.059  6.132  -9.736 0.1428571492
114028  22.156  1.130  -10.950 0.1428571492
115327  23.029  2.492  -9.844 0.4285714328
120393  23.009  6.044  -8.355 0.1428571492
121681  23.914  7.232  -9.252 0.1428571492
115340  22.616  1.631  -10.551 0.2857142985
119113  22.025  5.782  -7.752 0.2857142985
119114  21.436  5.527  -7.329 0.1428571492
120383  23.241  6.608  -8.119 0.1428571492
120384  22.547  6.482  -7.762 0.1428571492
120376  22.010  6.962  -7.152 0.1428571492
121663  22.208  7.183  -6.473 0.1428571492
82663  24.898  -23.012  -5.955 0.4285714328
83863  25.179  -22.414  -6.602 0.2857142985
92211  29.953  -15.584  -4.753 0.1428571492
96049  30.473  -12.312  -5.473 0.1428571492
98691  30.548  -10.272  -6.695 0.1428571492
107451  25.612  -2.062  -14.241 0.2857142985
162871  24.847  4.728  -14.336 0.4285714328
120440  24.114  6.820  -12.368 0.2857142985
121713  24.252  7.706  -11.274 0.2857142985
121670  23.486  7.408  -8.287 0.2857142985
83864  24.115  -22.397  -6.531 0.2857142985
86257  29.142  -20.164  -3.969 0.1428571492
91055  30.033  -16.965  -4.848 0.1428571492
91078  29.988  -16.199  -4.769 0.1428571492
102410  29.826  -8.060  -7.496 0.1428571492
114042  21.936  0.534  -11.382 0.1428571492
107477  26.525  -2.083  -14.310 0.4285714328
112715  22.378  0.077  -12.582 0.2857142985
119183  24.622  6.089  -13.080 0.4285714328
123090  24.333  8.249  -9.937 0.2857142985
123104  24.510  8.102  -10.657 0.2857142985
120441  23.871  7.444  -12.529 0.2857142985
121726  23.789  7.713  -11.997 0.2857142985
123106  23.160  8.990  -11.588 0.1428571492
124363  22.854  9.715  -11.090 0.1428571492
124385  22.516  9.616  -13.015 0.1428571492
123066  23.551  8.319  -8.906 0.2857142985
123130  22.931  8.920  -12.660 0.1428571492
123144  23.270  8.420  -12.946 0.1428571492
120461  24.071  6.702  -13.175 0.4285714328
124362  23.534  9.162  -10.303 0.2857142985
121738  23.679  7.913  -12.733 0.2857142985
123129  23.383  8.374  -12.348 0.1428571492
83847  25.325  -22.847  -5.967 0.4285714328
82644  25.185  -23.354  -5.420 0.4285714328
119182  24.940  5.275  -13.395 0.4285714328
120462  23.861  7.316  -13.042 0.2857142985
119136  23.053  4.937  -8.948 0.4285714328
119124  21.914  5.167  -7.913 0.2857142985
115351  22.793  1.622  -11.182 0.5714285970
120409  24.412  6.199  -10.547 0.2857142985
96067  30.046  -12.152  -6.369 0.1428571492
93447  30.398  -13.789  -4.754 0.1428571492
111365  24.943  -1.499  -13.579 0.2857142985
123089  24.679  7.997  -10.355 0.2857142985
112714  23.105  -0.207  -12.874 0.2857142985
114055  23.544  0.351  -12.321 0.4285714328
114057  22.310  0.529  -12.020 0.2857142985
82664  24.336  -23.040  -6.155 0.2857142985
98690  30.880  -10.143  -5.992 0.1428571492
107466  26.192  -2.588  -14.588 0.2857142985
121714  23.850  8.112  -11.496 0.2857142985
123119  23.114  8.834  -12.077 0.2857142985
124376  22.662  9.492  -12.118 0.1428571492
102478  28.673  -8.061  -13.805 0.4285714328
103687  28.263  -6.066  -14.591 0.2857142985
124320  23.287  9.516  -8.517 0.1428571492
121655  22.955  7.515  -5.920 0.1428571492
124346  23.456  9.203  -9.476 0.1428571492
121661  23.485  7.857  -7.288 0.1428571492
121654  23.598  8.035  -6.316 0.1428571492
123055  23.598  8.568  -7.850 0.1428571492
123042  23.760  8.861  -6.694 0.1428571492
125483  22.750  10.536  -8.767 0.1428571492
123041  24.181  9.339  -6.049 0.1428571492
124311  23.517  9.646  -7.417 0.1428571492
103688  28.150  -5.800  -14.165 0.2857142985
125505  22.415  10.747  -9.676 0.1428571492
94760  29.196  -13.176  -7.258 0.2857142985
124321  23.007  10.016  -9.273 0.1428571492
124347  23.101  10.008  -10.052 0.1428571492
123030  24.261  8.728  -5.788 0.1428571492
86280  27.742  -20.397  -5.839 0.2857142985
87527  27.892  -19.851  -5.909 0.1428571492
88717  28.078  -18.663  -6.331 0.2857142985
85003  27.216  -21.602  -5.794 0.2857142985
115339  23.201  2.108  -10.382 0.4285714328
87538  28.002  -19.280  -6.064 0.1428571492
85002  27.903  -21.020  -5.376 0.1428571492
87539  27.695  -19.620  -6.340 0.2857142985
112713  23.840  -0.214  -12.598 0.2857142985
85021  26.379  -21.877  -6.674 0.2857142985
83862  25.893  -22.343  -6.586 0.2857142985
85020  26.890  -21.372  -6.618 0.2857142985
85036  26.270  -21.290  -7.317 0.2857142985
86298  26.654  -21.206  -7.019 0.2857142985
94809  28.802  -14.287  -10.576 0.2857142985
93528  28.953  -14.045  -11.173 0.2857142985
97513  29.068  -11.411  -12.389 0.1428571492
98786  29.040  -10.450  -12.927 0.1428571492
101295  28.887  -8.551  -14.098 0.1428571492
103704  28.113  -5.855  -14.829 0.1428571492
104973  28.299  -4.454  -15.059 0.1428571492
104990  28.026  -4.346  -15.223 0.1428571492
106209  27.338  -3.413  -15.128 0.1428571492
106198  27.067  -3.954  -15.720 0.1428571492
110047  23.928  -2.007  -13.168 0.1428571492
111351  24.255  -0.714  -12.800 0.1428571492
111367  23.356  -1.090  -13.001 0.1428571492
111366  24.056  -1.244  -13.011 0.1428571492
115329  21.931  1.644  -9.302 0.1428571492
116596  22.169  3.271  -8.669 0.1428571492
82645  24.505  -23.527  -5.683 0.2857142985
85004  26.613  -22.140  -6.054 0.1428571492
106200  26.470  -3.280  -14.914 0.1428571492
111352  23.704  -0.708  -12.862 0.1428571492
82646  23.787  -23.736  -5.843 0.2857142985
93529  28.651  -14.793  -10.958 0.2857142985
98797  28.834  -10.245  -13.574 0.1428571492
102519  28.064  -6.830  -15.958 0.1428571492
103717  27.972  -5.645  -14.895 0.1428571492
103732  28.218  -5.009  -14.939 0.1428571492
104974  27.282  -4.521  -15.366 0.1428571492
115316  22.121  2.747  -8.846 0.1428571492
100039  28.832  -9.495  -13.527 0.1428571492
114017  22.281  1.331  -10.095 0.1428571492
106199  26.779  -3.301  -15.094 0.1428571492
85022  25.801  -22.116  -6.868 0.2857142985
93544  28.950  -13.828  -11.609 0.1428571492
103718  27.511  -5.670  -15.225 0.1428571492
82666  22.536  -23.006  -6.230 0.1428571492
82665  23.479  -23.033  -6.218 0.1428571492
85047  26.123  -20.945  -7.811 0.1428571492
103573  29.371  -6.299  -7.398 0.1428571492
103572  30.048  -6.404  -6.844 0.1428571492
81465  23.291  -24.612  -5.401 0.1428571492
83879  24.488  -21.911  -6.977 0.1428571492
85037  25.623  -21.520  -7.359 0.1428571492
86308  26.547  -20.748  -7.572 0.1428571492
83878  25.020  -21.839  -7.146 0.1428571492
86337  26.378  -19.986  -9.163 0.1428571492
116690  25.668  4.754  -15.733 0.1428571492
119197  26.811  4.614  -13.221 0.1428571492
86319  26.443  -20.306  -8.565 0.1428571492
82647  22.902  -23.861  -5.990 0.1428571492
85048  25.817  -20.800  -8.133 0.1428571492
81446  27.136  -23.542  -3.567 0.1428571492
83827  26.108  -22.812  -5.082 0.4285714328
83880  23.920  -21.943  -6.790 0.1428571492
86258  28.741  -20.519  -4.702 0.1428571492
87524  29.463  -18.718  -4.696 0.2857142985
87558  27.060  -19.994  -8.862 0.2857142985
88780  27.189  -18.406  -9.955 0.2857142985
91054  30.431  -16.510  -4.628 0.1428571492
100017  28.428  -9.175  -11.427 0.7142857313
101249  28.692  -9.198  -10.210 0.5714285970
103673  27.531  -5.511  -13.119 0.7142857313
103733  27.853  -5.221  -14.843 0.1428571492
104848  26.287  -5.057  -10.751 0.8571428657
104866  26.507  -5.132  -11.336 1.0000000000
104904  27.573  -5.079  -13.518 0.7142857313
104991  27.771  -4.670  -14.995 0.1428571492
106053  28.450  -4.400  -8.091 0.2857142985
106123  26.767  -4.628  -11.986 0.8571428657
106139  27.022  -4.443  -12.433 0.8571428657
106167  28.043  -3.925  -14.164 0.5714285970
107419  27.374  -3.974  -12.968 0.8571428657
107467  26.200  -3.178  -14.782 0.1428571492
108683  26.368  -2.607  -10.645 0.8571428657
108721  27.512  -3.358  -13.084 0.7142857313
112729  22.510  -0.478  -12.876 0.1428571492
114041  22.252  0.852  -11.528 0.4285714328
116620  23.709  2.462  -10.137 0.4285714328
117898  24.639  5.152  -14.147 0.5714285970
117910  24.316  5.082  -14.566 0.5714285970
120502  23.406  6.330  -14.309 0.5714285970
121841  22.303  8.258  -17.307 0.1428571492
123118  23.489  8.413  -11.730 0.2857142985
123166  21.243  8.752  -15.520 0.1428571492
123185  21.356  8.496  -16.216 0.1428571492
123186  20.932  8.906  -16.711 0.1428571492
123222  22.514  8.294  -17.678 0.1428571492
124416  21.355  9.231  -15.218 0.1428571492
124430  20.828  9.503  -16.480 0.1428571492
124444  21.237  9.454  -17.255 0.1428571492
124445  21.001  9.411  -17.090 0.1428571492
124464  21.445  9.122  -17.442 0.1428571492
124465  21.169  9.215  -17.223 0.1428571492
124483  22.063  8.758  -17.813 0.1428571492
125606  20.977  9.781  -16.836 0.1428571492
125625  21.370  9.738  -17.179 0.1428571492
125626  21.048  9.697  -17.082 0.1428571492
125653  21.725  9.455  -17.517 0.1428571492
162850  26.946  -2.138  -12.330 0.8571428657
162854  25.385  -2.137  -14.242 0.1428571492
162861  27.297  2.877  -11.629 0.1428571492
