#!ascii label  , from subject 3752 vox2ras=TkReg
433
11848  -38.577  -66.586  -8.891 0.0000000000
15427  -43.834  -62.521  -11.597 0.0000000000
18713  -38.758  -59.698  -6.697 0.0000000000
14243  -39.526  -63.722  -11.432 0.0000000000
22114  -42.455  -57.164  -9.496 0.0000000000
12951  -43.275  -65.013  -6.339 0.0000000000
19740  -43.044  -58.218  -3.680 0.0000000000
22014  -47.979  -56.610  -2.177 0.0000000000
23220  -39.290  -55.743  -6.207 0.0000000000
19811  -40.077  -58.578  -8.756 0.0000000000
23236  -41.580  -55.597  -7.614 0.0000000000
16483  -43.233  -61.142  -4.867 0.0000000000
18687  -45.229  -60.001  -4.749 0.0000000000
24334  -47.411  -54.763  -0.243 0.0000000000
24349  -44.551  -54.476  -1.786 0.0000000000
9871  -36.767  -68.051  -11.366 0.0000000000
14246  -42.733  -63.760  -11.204 0.0000000000
11917  -40.086  -65.547  -13.714 0.0000000000
14271  -42.004  -63.895  -13.852 0.0000000000
14156  -38.898  -63.104  -7.078 0.0000000000
14213  -37.784  -64.319  -9.699 0.0000000000
16522  -41.824  -61.272  -9.585 0.0000000000
18772  -44.069  -59.853  -10.321 0.0000000000
15338  -40.183  -62.636  -5.651 0.0000000000
19775  -40.373  -58.889  -5.116 0.0000000000
22029  -39.732  -55.961  -3.891 0.0000000000
18671  -48.055  -59.395  -3.991 0.0000000000
20844  -45.300  -57.205  -2.679 0.0000000000
23172  -42.278  -55.421  -2.302 0.0000000000
26788  -40.608  -52.655  -3.416 0.0000000000
11914  -37.088  -65.441  -13.340 0.0000000000
21043  -45.022  -57.047  -14.073 0.0000000000
17690  -43.338  -60.094  -12.065 0.0000000000
17710  -39.296  -60.702  -12.571 0.0000000000
24380  -40.136  -54.551  -5.452 0.0000000000
23221  -40.017  -55.369  -6.607 0.0000000000
10833  -37.660  -67.065  -10.060 0.0000000000
14247  -43.615  -63.297  -11.313 0.0000000000
13056  -42.486  -64.335  -12.382 0.0000000000
14262  -43.008  -63.677  -12.489 0.0000000000
15469  -41.606  -63.000  -14.101 0.0000000000
15445  -42.704  -62.840  -12.675 0.0000000000
16495  -39.163  -61.466  -6.646 0.0000000000
16499  -39.175  -61.359  -7.702 0.0000000000
20933  -40.778  -57.656  -8.988 0.0000000000
18748  -40.994  -59.617  -9.306 0.0000000000
18749  -41.879  -59.635  -9.421 0.0000000000
17654  -43.235  -60.441  -9.928 0.0000000000
19827  -43.211  -58.940  -9.868 0.0000000000
12948  -40.513  -64.552  -6.372 0.0000000000
14131  -41.883  -63.546  -5.336 0.0000000000
18685  -43.026  -59.380  -4.684 0.0000000000
18704  -41.702  -59.619  -4.938 0.0000000000
19760  -41.276  -58.536  -4.428 0.0000000000
20878  -39.717  -57.319  -4.538 0.0000000000
20861  -41.220  -57.414  -3.513 0.0000000000
19724  -48.136  -58.173  -2.953 0.0000000000
20866  -47.028  -58.138  -3.142 0.0000000000
20845  -46.421  -57.282  -2.656 0.0000000000
25551  -43.925  -53.383  -1.278 0.0000000000
24358  -43.825  -54.849  -2.148 0.0000000000
25549  -41.926  -53.408  -1.586 0.0000000000
24355  -40.900  -54.208  -2.608 0.0000000000
14225  -38.821  -63.447  -10.496 0.0000000000
13035  -37.033  -64.734  -11.621 0.0000000000
14260  -38.409  -63.942  -11.981 0.0000000000
10900  -38.664  -66.258  -15.146 0.0000000000
23403  -44.384  -55.624  -14.593 0.0000000000
18838  -44.159  -59.000  -13.266 0.0000000000
18796  -40.857  -59.370  -11.840 0.0000000000
19786  -38.786  -58.753  -6.339 0.0000000000
18726  -39.008  -59.553  -7.609 0.0000000000
22075  -39.520  -56.575  -7.612 0.0000000000
23254  -40.521  -56.127  -8.134 0.0000000000
23256  -42.048  -56.009  -8.465 0.0000000000
14132  -43.023  -63.388  -5.420 0.0000000000
18686  -43.975  -59.921  -4.744 0.0000000000
19762  -43.574  -58.908  -4.347 0.0000000000
23152  -47.764  -55.549  -1.578 0.0000000000
21986  -46.301  -55.849  -1.928 0.0000000000
24351  -46.773  -54.573  -1.000 0.0000000000
25535  -44.556  -53.068  -0.705 0.0000000000
28003  -43.319  -51.688  -0.041 0.0000000000
14245  -41.768  -63.885  -11.176 0.0000000000
13037  -40.189  -64.210  -11.803 0.0000000000
13055  -41.505  -64.712  -12.468 0.0000000000
13069  -41.572  -64.782  -13.440 0.0000000000
13074  -40.779  -64.773  -14.960 0.0000000000
14301  -41.165  -63.603  -16.048 0.0000000000
15489  -41.022  -62.842  -15.043 0.0000000000
15487  -39.778  -62.056  -14.858 0.0000000000
12969  -38.846  -64.661  -7.806 0.0000000000
12985  -37.938  -65.362  -8.941 0.0000000000
15395  -38.700  -62.709  -8.988 0.0000000000
15396  -39.931  -62.134  -9.401 0.0000000000
17642  -40.017  -60.284  -8.585 0.0000000000
16521  -40.647  -61.206  -9.203 0.0000000000
15408  -40.824  -62.600  -10.151 0.0000000000
15398  -42.277  -62.059  -9.904 0.0000000000
15411  -43.553  -62.368  -10.506 0.0000000000
16539  -44.801  -61.406  -10.912 0.0000000000
12947  -39.806  -64.304  -6.635 0.0000000000
14129  -39.863  -63.146  -6.108 0.0000000000
17600  -39.650  -60.960  -5.820 0.0000000000
16465  -41.834  -61.223  -4.786 0.0000000000
17601  -40.485  -60.671  -5.294 0.0000000000
18702  -39.601  -59.631  -5.671 0.0000000000
20885  -39.316  -57.250  -5.221 0.0000000000
22041  -39.415  -56.378  -4.709 0.0000000000
24368  -39.739  -54.544  -4.594 0.0000000000
19765  -46.410  -59.573  -4.347 0.0000000000
19742  -45.316  -58.603  -3.832 0.0000000000
20863  -43.647  -57.671  -3.133 0.0000000000
23175  -45.048  -55.966  -2.071 0.0000000000
22010  -43.770  -56.364  -2.404 0.0000000000
22032  -42.159  -56.476  -2.907 0.0000000000
23171  -41.154  -55.355  -2.568 0.0000000000
24362  -40.313  -54.243  -3.189 0.0000000000
11873  -37.300  -65.987  -10.299 0.0000000000
11890  -36.418  -65.761  -11.960 0.0000000000
13066  -38.718  -64.929  -13.143 0.0000000000
10882  -37.483  -66.214  -14.242 0.0000000000
20975  -44.215  -58.654  -10.546 0.0000000000
18800  -45.074  -59.675  -10.777 0.0000000000
17692  -44.911  -60.810  -11.574 0.0000000000
18819  -44.862  -59.617  -12.463 0.0000000000
17714  -43.753  -60.669  -12.079 0.0000000000
16578  -42.219  -61.729  -12.458 0.0000000000
16606  -40.322  -62.034  -13.706 0.0000000000
25585  -40.803  -54.193  -5.345 0.0000000000
24397  -40.665  -54.698  -6.062 0.0000000000
10813  -38.363  -67.384  -9.664 0.0000000000
11847  -38.028  -66.271  -9.294 0.0000000000
15428  -44.199  -62.532  -11.183 0.0000000000
14263  -43.444  -63.338  -11.878 0.0000000000
15446  -43.397  -62.916  -12.173 0.0000000000
16579  -43.355  -61.836  -11.961 0.0000000000
16498  -38.866  -61.949  -7.206 0.0000000000
17629  -38.876  -60.350  -7.170 0.0000000000
20949  -41.722  -57.841  -9.390 0.0000000000
19825  -41.352  -58.777  -9.338 0.0000000000
19826  -42.311  -58.815  -9.501 0.0000000000
20950  -42.809  -58.039  -9.610 0.0000000000
12950  -42.294  -65.068  -6.275 0.0000000000
12922  -41.651  -64.384  -5.836 0.0000000000
12923  -42.654  -64.314  -5.822 0.0000000000
19761  -42.514  -58.742  -4.264 0.0000000000
18684  -42.235  -59.204  -4.686 0.0000000000
19739  -41.968  -58.062  -3.768 0.0000000000
19738  -41.376  -57.994  -3.896 0.0000000000
21988  -48.556  -56.320  -1.820 0.0000000000
22016  -49.430  -57.078  -1.921 0.0000000000
22015  -48.878  -56.985  -2.153 0.0000000000
20847  -48.560  -57.553  -2.705 0.0000000000
20846  -47.558  -57.517  -2.625 0.0000000000
22013  -46.947  -56.317  -2.328 0.0000000000
26782  -43.151  -52.765  -1.059 0.0000000000
25550  -42.862  -53.356  -1.472 0.0000000000
26780  -41.530  -52.170  -1.558 0.0000000000
14242  -38.494  -63.748  -11.292 0.0000000000
14261  -38.949  -63.881  -11.751 0.0000000000
19901  -43.051  -58.145  -13.402 0.0000000000
18797  -41.513  -58.941  -11.986 0.0000000000
19883  -41.774  -58.493  -12.412 0.0000000000
20900  -38.910  -57.480  -6.050 0.0000000000
20917  -38.733  -57.694  -7.234 0.0000000000
22065  -39.009  -56.603  -6.612 0.0000000000
23235  -40.398  -55.764  -7.535 0.0000000000
23255  -41.067  -55.981  -8.267 0.0000000000
19763  -44.668  -59.170  -4.344 0.0000000000
23127  -48.609  -55.432  -0.903 0.0000000000
24352  -47.396  -55.129  -0.861 0.0000000000
26757  -43.857  -52.411  -0.642 0.0000000000
9870  -36.175  -67.548  -12.025 0.0000000000
13038  -41.190  -64.304  -11.824 0.0000000000
13039  -42.178  -64.307  -11.759 0.0000000000
13070  -42.440  -64.152  -13.075 0.0000000000
13075  -41.285  -64.531  -14.486 0.0000000000
13083  -40.995  -64.211  -15.217 0.0000000000
15468  -40.756  -62.525  -14.302 0.0000000000
15488  -40.337  -62.416  -14.986 0.0000000000
14178  -39.046  -64.046  -7.283 0.0000000000
12986  -38.215  -64.602  -8.644 0.0000000000
14215  -39.129  -63.020  -9.746 0.0000000000
19810  -39.164  -58.600  -7.971 0.0000000000
18735  -39.599  -59.491  -8.343 0.0000000000
17651  -40.615  -60.314  -9.010 0.0000000000
15397  -41.205  -61.972  -9.782 0.0000000000
15409  -41.773  -62.686  -10.223 0.0000000000
16524  -43.565  -60.915  -10.164 0.0000000000
16538  -43.973  -61.431  -10.438 0.0000000000
15412  -44.243  -62.204  -10.796 0.0000000000
17670  -44.777  -60.732  -10.577 0.0000000000
14130  -40.734  -63.686  -5.739 0.0000000000
14158  -40.034  -63.843  -6.309 0.0000000000
16479  -39.696  -61.988  -5.946 0.0000000000
16480  -40.371  -61.719  -5.429 0.0000000000
15340  -42.214  -62.478  -4.971 0.0000000000
16482  -42.373  -61.423  -4.834 0.0000000000
19776  -41.053  -59.166  -5.019 0.0000000000
17602  -41.461  -60.536  -4.928 0.0000000000
18703  -40.787  -59.729  -5.232 0.0000000000
19774  -39.492  -58.239  -5.446 0.0000000000
22042  -39.886  -56.793  -4.038 0.0000000000
23193  -39.582  -55.405  -4.575 0.0000000000
23186  -39.743  -55.129  -3.979 0.0000000000
18670  -47.530  -59.366  -4.114 0.0000000000
20865  -45.909  -58.031  -3.203 0.0000000000
20864  -44.763  -57.821  -3.238 0.0000000000
20843  -44.235  -57.141  -2.647 0.0000000000
23150  -45.381  -55.378  -1.903 0.0000000000
23149  -44.690  -55.051  -2.090 0.0000000000
24357  -42.839  -54.735  -1.984 0.0000000000
23173  -43.305  -55.550  -2.273 0.0000000000
22009  -42.733  -56.381  -2.594 0.0000000000
22008  -41.972  -55.986  -2.760 0.0000000000
25557  -40.544  -53.285  -2.936 0.0000000000
25561  -40.176  -53.513  -3.780 0.0000000000
13008  -37.815  -64.559  -9.244 0.0000000000
13007  -37.452  -65.027  -9.723 0.0000000000
13050  -36.781  -65.070  -12.161 0.0000000000
13034  -36.749  -65.250  -11.443 0.0000000000
11905  -36.551  -65.591  -12.842 0.0000000000
10865  -35.840  -66.983  -13.183 0.0000000000
10881  -36.627  -66.481  -13.823 0.0000000000
13067  -39.815  -65.022  -13.127 0.0000000000
11916  -39.148  -65.490  -13.850 0.0000000000
11926  -38.473  -65.969  -14.488 0.0000000000
20951  -43.711  -58.131  -10.239 0.0000000000
22135  -44.516  -57.188  -10.364 0.0000000000
19872  -45.278  -58.991  -11.669 0.0000000000
18801  -45.421  -59.904  -11.125 0.0000000000
18820  -45.315  -59.749  -11.838 0.0000000000
19885  -43.411  -59.037  -12.714 0.0000000000
18839  -44.458  -59.100  -12.996 0.0000000000
18818  -43.978  -59.588  -12.528 0.0000000000
17715  -44.535  -60.583  -11.952 0.0000000000
17691  -43.426  -60.398  -12.073 0.0000000000
17713  -42.851  -60.578  -12.103 0.0000000000
17711  -40.511  -60.743  -12.412 0.0000000000
17712  -41.625  -60.744  -12.334 0.0000000000
16576  -39.901  -61.382  -13.123 0.0000000000
23205  -39.747  -55.122  -5.995 0.0000000000
24396  -40.302  -54.901  -6.182 0.0000000000
23222  -41.113  -55.144  -6.556 0.0000000000
23207  -41.982  -55.153  -6.262 0.0000000000
24333  -46.717  -54.249  -0.134 0.0000000000
25538  -46.418  -53.709  0.092 0.0000000000
10832  -36.909  -66.901  -10.753 0.0000000000
13040  -42.919  -64.009  -11.716 0.0000000000
13057  -43.217  -63.877  -11.943 0.0000000000
14272  -42.502  -63.621  -13.059 0.0000000000
15470  -42.185  -63.238  -13.355 0.0000000000
15444  -41.769  -62.576  -13.106 0.0000000000
16494  -38.995  -62.274  -6.865 0.0000000000
19812  -40.803  -58.427  -9.099 0.0000000000
17653  -42.363  -60.475  -9.612 0.0000000000
18750  -42.789  -59.682  -9.664 0.0000000000
18751  -43.573  -59.770  -10.046 0.0000000000
12921  -41.038  -64.438  -5.993 0.0000000000
15339  -41.093  -62.607  -5.230 0.0000000000
17604  -43.235  -60.325  -4.957 0.0000000000
17603  -42.381  -60.513  -4.867 0.0000000000
18705  -42.638  -59.790  -4.912 0.0000000000
19759  -40.105  -58.069  -4.701 0.0000000000
20880  -41.069  -57.903  -3.912 0.0000000000
20879  -40.519  -57.511  -3.983 0.0000000000
22030  -40.467  -56.630  -3.412 0.0000000000
19725  -48.720  -58.557  -3.159 0.0000000000
19744  -47.839  -58.696  -3.586 0.0000000000
24348  -43.409  -54.136  -1.725 0.0000000000
24347  -42.453  -54.005  -1.689 0.0000000000
24346  -42.023  -53.932  -1.714 0.0000000000
24356  -41.782  -54.325  -1.989 0.0000000000
25558  -41.173  -53.243  -2.179 0.0000000000
26789  -41.053  -52.135  -2.618 0.0000000000
14224  -37.802  -64.074  -10.413 0.0000000000
14241  -37.631  -64.177  -11.506 0.0000000000
14259  -37.871  -64.139  -12.139 0.0000000000
13052  -38.259  -64.447  -12.494 0.0000000000
11927  -39.639  -65.889  -14.481 0.0000000000
22221  -43.953  -56.598  -14.625 0.0000000000
21042  -44.468  -57.603  -14.275 0.0000000000
21027  -44.639  -57.986  -13.868 0.0000000000
19919  -43.704  -57.949  -13.971 0.0000000000
19902  -43.672  -58.534  -13.418 0.0000000000
18817  -43.134  -59.562  -12.241 0.0000000000
18815  -41.129  -60.119  -12.147 0.0000000000
17689  -40.630  -60.075  -12.112 0.0000000000
19785  -38.730  -59.302  -6.515 0.0000000000
18725  -38.638  -59.626  -7.071 0.0000000000
19801  -38.567  -58.910  -7.199 0.0000000000
20932  -39.644  -57.434  -8.348 0.0000000000
23234  -39.554  -55.942  -6.951 0.0000000000
22092  -40.522  -56.641  -8.582 0.0000000000
22112  -41.080  -56.924  -9.174 0.0000000000
22094  -42.294  -56.456  -9.173 0.0000000000
16466  -43.927  -61.541  -4.850 0.0000000000
17582  -43.974  -60.873  -4.900 0.0000000000
18706  -43.218  -59.832  -4.904 0.0000000000
23177  -47.479  -55.980  -2.128 0.0000000000
23176  -47.135  -55.692  -2.084 0.0000000000
23151  -46.581  -55.266  -1.778 0.0000000000
24350  -45.724  -54.491  -1.462 0.0000000000
25553  -45.843  -53.918  -0.752 0.0000000000
25552  -44.952  -53.823  -0.990 0.0000000000
26756  -42.805  -52.125  -0.615 0.0000000000
14244  -40.681  -63.739  -11.242 0.0000000000
13036  -39.703  -64.105  -11.805 0.0000000000
13054  -40.528  -64.756  -12.399 0.0000000000
13068  -40.753  -65.181  -13.162 0.0000000000
11918  -40.638  -65.503  -13.966 0.0000000000
11928  -40.426  -65.531  -14.964 0.0000000000
14283  -41.233  -63.565  -14.919 0.0000000000
15505  -41.406  -62.871  -15.915 0.0000000000
15524  -41.175  -62.302  -16.714 0.0000000000
15504  -40.703  -62.292  -15.886 0.0000000000
16629  -40.032  -61.595  -16.246 0.0000000000
11820  -38.775  -65.878  -8.435 0.0000000000
11819  -38.214  -65.832  -8.878 0.0000000000
14194  -38.432  -63.603  -8.386 0.0000000000
14214  -38.219  -63.704  -9.447 0.0000000000
14226  -40.009  -63.081  -10.474 0.0000000000
17641  -39.396  -60.378  -8.017 0.0000000000
18736  -40.334  -59.543  -8.847 0.0000000000
16509  -40.280  -60.761  -8.844 0.0000000000
14227  -41.249  -63.265  -10.633 0.0000000000
15410  -42.711  -62.659  -10.357 0.0000000000
16523  -42.955  -61.320  -10.022 0.0000000000
15399  -42.993  -62.075  -10.189 0.0000000000
14229  -43.244  -63.181  -10.716 0.0000000000
14230  -43.974  -62.835  -10.834 0.0000000000
15413  -44.452  -62.236  -11.024 0.0000000000
16554  -44.581  -61.547  -11.359 0.0000000000
11801  -39.074  -65.411  -7.911 0.0000000000
12970  -39.402  -64.547  -7.111 0.0000000000
14157  -39.319  -63.535  -6.785 0.0000000000
15361  -39.407  -62.535  -6.467 0.0000000000
17618  -39.145  -60.219  -6.466 0.0000000000
17581  -41.951  -60.919  -4.767 0.0000000000
16481  -41.425  -61.442  -4.950 0.0000000000
18714  -38.947  -59.517  -6.314 0.0000000000
22050  -39.024  -56.449  -5.650 0.0000000000
19758  -39.616  -57.719  -4.961 0.0000000000
23204  -39.442  -55.477  -5.359 0.0000000000
24369  -39.974  -54.145  -4.923 0.0000000000
19743  -46.629  -58.941  -3.918 0.0000000000
19764  -45.743  -59.393  -4.309 0.0000000000
19741  -44.163  -58.415  -3.752 0.0000000000
22012  -45.739  -56.360  -2.236 0.0000000000
22011  -44.748  -56.424  -2.394 0.0000000000
23174  -44.395  -55.552  -2.204 0.0000000000
20842  -43.270  -56.961  -2.736 0.0000000000
20862  -42.474  -57.176  -3.122 0.0000000000
22031  -41.454  -56.433  -3.028 0.0000000000
23188  -40.740  -55.973  -2.953 0.0000000000
23170  -40.541  -54.790  -2.793 0.0000000000
23187  -40.133  -55.331  -3.171 0.0000000000
24361  -39.804  -54.411  -3.780 0.0000000000
25560  -39.799  -53.923  -4.333 0.0000000000
13025  -37.011  -64.958  -10.830 0.0000000000
11872  -36.654  -65.811  -11.081 0.0000000000
10852  -36.273  -66.771  -11.685 0.0000000000
10851  -35.875  -67.069  -12.426 0.0000000000
13053  -39.367  -64.307  -12.240 0.0000000000
13065  -37.743  -65.022  -12.968 0.0000000000
11915  -37.881  -65.652  -13.837 0.0000000000
24382  -42.282  -54.636  -5.859 0.0000000000
23237  -42.687  -55.743  -7.757 0.0000000000
22095  -42.983  -56.683  -9.383 0.0000000000
22115  -43.284  -57.339  -9.629 0.0000000000
19850  -43.985  -59.216  -10.371 0.0000000000
20976  -44.550  -58.118  -10.829 0.0000000000
19851  -44.598  -59.135  -10.689 0.0000000000
18773  -44.612  -59.918  -10.495 0.0000000000
17671  -45.239  -60.715  -10.916 0.0000000000
16555  -45.045  -61.152  -11.081 0.0000000000
19903  -44.445  -58.428  -13.598 0.0000000000
19886  -44.784  -58.858  -12.984 0.0000000000
19887  -45.221  -58.669  -12.592 0.0000000000
17716  -45.073  -60.345  -11.850 0.0000000000
16580  -44.107  -61.334  -11.795 0.0000000000
16577  -41.060  -61.665  -12.979 0.0000000000
9886  -36.325  -68.063  -12.111 0.0000000000
10866  -36.094  -66.376  -12.662 0.0000000000
11782  -42.835  -65.797  -6.582 0.0000000000
11925  -37.852  -66.100  -14.392 0.0000000000
13024  -36.772  -65.312  -11.102 0.0000000000
13051  -37.427  -64.583  -12.268 0.0000000000
13064  -37.027  -65.004  -12.790 0.0000000000
13082  -40.670  -64.638  -15.761 0.0000000000
14228  -42.294  -63.349  -10.642 0.0000000000
14231  -44.266  -62.557  -10.937 0.0000000000
14248  -44.201  -62.784  -11.018 0.0000000000
15337  -39.761  -62.578  -6.017 0.0000000000
15360  -39.026  -62.809  -6.867 0.0000000000
15467  -40.083  -62.151  -14.385 0.0000000000
15503  -40.036  -62.022  -15.459 0.0000000000
16464  -41.599  -61.266  -4.814 0.0000000000
16537  -43.380  -61.816  -10.305 0.0000000000
16540  -45.223  -61.011  -11.005 0.0000000000
16553  -44.016  -61.845  -11.634 0.0000000000
16630  -40.720  -61.806  -16.631 0.0000000000
17580  -41.642  -61.030  -4.779 0.0000000000
17617  -38.822  -60.050  -6.816 0.0000000000
17628  -38.697  -59.917  -6.962 0.0000000000
17669  -44.014  -60.447  -10.284 0.0000000000
17688  -40.006  -60.063  -12.030 0.0000000000
17693  -45.203  -60.695  -11.296 0.0000000000
18774  -45.159  -60.221  -10.722 0.0000000000
18798  -43.548  -59.843  -12.231 0.0000000000
18799  -43.674  -60.127  -12.149 0.0000000000
19800  -38.616  -59.260  -6.756 0.0000000000
19824  -40.661  -58.983  -9.183 0.0000000000
19904  -44.889  -58.469  -13.219 0.0000000000
19920  -43.970  -58.169  -14.186 0.0000000000
20841  -42.826  -56.839  -2.831 0.0000000000
20860  -40.703  -57.217  -3.591 0.0000000000
20867  -47.679  -58.181  -3.034 0.0000000000
20934  -41.169  -58.168  -9.187 0.0000000000
20948  -41.297  -57.312  -9.279 0.0000000000
20952  -44.164  -57.658  -10.363 0.0000000000
21987  -46.774  -55.734  -2.071 0.0000000000
22076  -40.143  -56.319  -8.042 0.0000000000
22091  -39.900  -56.701  -8.200 0.0000000000
22093  -41.443  -56.438  -8.875 0.0000000000
22113  -41.677  -56.944  -9.373 0.0000000000
24312  -46.721  -53.909  0.229 0.0000000000
24359  -44.376  -54.945  -2.147 0.0000000000
24379  -39.596  -54.942  -5.003 0.0000000000
24381  -41.162  -54.537  -5.847 0.0000000000
25554  -46.318  -53.989  -0.403 0.0000000000
25571  -39.898  -54.015  -4.688 0.0000000000
