#!ascii label  , from subject 4123 vox2ras=TkReg
493
79422  -24.156  -3.121  -12.055 0.0000000000
76106  -22.775  -6.080  -7.308 0.0000000000
74131  -27.491  -8.329  -10.044 0.0000000000
71791  -24.159  -10.685  -5.478 0.0000000000
95352  -24.837  12.526  -14.104 0.0000000000
91023  -26.325  7.820  -12.843 0.0000000000
84896  -21.926  2.265  -10.878 0.0000000000
67441  -22.151  -14.929  -4.144 0.0000000000
74084  -23.901  -8.057  -6.109 0.0000000000
71788  -21.016  -10.498  -5.407 0.0000000000
93687  -25.727  10.691  -13.073 0.0000000000
91031  -23.230  7.523  -13.328 0.0000000000
79392  -21.625  -2.991  -11.390 0.0000000000
82705  -19.072  -0.195  -11.410 0.0000000000
82740  -21.435  -0.050  -11.745 0.0000000000
84920  -23.514  1.578  -13.117 0.0000000000
82745  -25.703  -0.414  -13.284 0.0000000000
79443  -27.534  -2.336  -12.262 0.0000000000
78189  -21.439  -4.247  -7.221 0.0000000000
78223  -23.904  -4.114  -9.511 0.0000000000
77146  -25.640  -5.214  -11.276 0.0000000000
75203  -24.973  -6.547  -8.836 0.0000000000
72944  -26.349  -8.729  -7.459 0.0000000000
70769  -26.663  -11.201  -5.775 0.0000000000
87893  -21.021  4.991  -10.934 0.0000000000
87930  -23.359  4.588  -13.466 0.0000000000
88984  -27.323  5.779  -12.455 0.0000000000
69665  -20.870  -12.743  -3.901 0.0000000000
69682  -23.062  -12.804  -4.587 0.0000000000
74063  -20.679  -8.825  -5.502 0.0000000000
71786  -20.223  -9.872  -4.378 0.0000000000
91952  -22.465  8.581  -13.031 0.0000000000
91021  -21.684  7.441  -11.973 0.0000000000
79420  -21.870  -3.229  -12.237 0.0000000000
79437  -20.343  -2.463  -12.540 0.0000000000
80507  -22.962  -1.610  -12.103 0.0000000000
82730  -23.905  0.275  -11.490 0.0000000000
81634  -24.674  -1.212  -11.714 0.0000000000
81650  -26.508  -1.185  -12.834 0.0000000000
79424  -26.006  -3.106  -12.277 0.0000000000
77076  -21.985  -4.979  -7.085 0.0000000000
78206  -23.095  -4.083  -8.706 0.0000000000
77078  -23.293  -5.384  -8.184 0.0000000000
77109  -24.782  -5.280  -9.195 0.0000000000
76108  -24.118  -6.447  -7.970 0.0000000000
72910  -23.613  -9.759  -5.552 0.0000000000
74085  -25.019  -8.164  -6.584 0.0000000000
72928  -24.567  -9.335  -6.077 0.0000000000
71806  -26.745  -10.266  -6.649 0.0000000000
71792  -25.243  -10.810  -5.334 0.0000000000
94524  -23.751  11.953  -13.644 0.0000000000
95343  -23.778  12.909  -12.576 0.0000000000
96148  -24.656  13.527  -13.587 0.0000000000
97686  -25.466  15.462  -13.825 0.0000000000
96150  -26.765  13.518  -13.578 0.0000000000
92846  -26.236  9.657  -12.935 0.0000000000
84894  -19.230  1.174  -11.646 0.0000000000
85878  -19.775  2.996  -10.232 0.0000000000
86892  -21.022  4.029  -10.616 0.0000000000
87928  -22.271  4.651  -12.492 0.0000000000
85925  -21.623  2.934  -12.689 0.0000000000
85918  -25.325  2.493  -13.105 0.0000000000
86916  -25.256  3.669  -12.778 0.0000000000
87914  -27.019  4.624  -12.430 0.0000000000
76136  -27.059  -6.626  -10.411 0.0000000000
77148  -27.639  -5.370  -11.376 0.0000000000
67439  -20.671  -14.574  -3.604 0.0000000000
69666  -21.553  -13.431  -4.045 0.0000000000
69681  -21.990  -12.726  -4.323 0.0000000000
68563  -22.101  -13.805  -4.285 0.0000000000
75173  -21.155  -7.339  -6.083 0.0000000000
75175  -23.118  -7.281  -6.491 0.0000000000
74082  -21.844  -8.213  -5.895 0.0000000000
72909  -22.329  -9.311  -5.534 0.0000000000
71790  -22.953  -10.489  -5.248 0.0000000000
93693  -24.096  11.532  -13.485 0.0000000000
94525  -25.329  11.678  -13.402 0.0000000000
92844  -24.328  9.937  -13.498 0.0000000000
91954  -24.080  8.788  -13.487 0.0000000000
91033  -24.765  7.790  -13.422 0.0000000000
81597  -21.481  -1.821  -9.418 0.0000000000
79389  -20.088  -1.826  -11.639 0.0000000000
82738  -19.159  -0.297  -12.885 0.0000000000
83843  -21.897  0.866  -10.993 0.0000000000
84918  -22.138  2.112  -12.764 0.0000000000
83845  -23.767  1.461  -12.336 0.0000000000
83859  -24.607  0.964  -12.824 0.0000000000
84914  -26.905  1.372  -12.971 0.0000000000
82747  -27.375  0.134  -12.734 0.0000000000
65042  -22.770  -16.063  -3.211 0.0000000000
66200  -23.347  -15.263  -4.267 0.0000000000
80479  -22.254  -2.488  -9.162 0.0000000000
79394  -23.273  -3.235  -10.806 0.0000000000
79406  -23.808  -3.470  -11.270 0.0000000000
78271  -24.993  -3.671  -11.769 0.0000000000
77125  -24.911  -5.022  -10.800 0.0000000000
76134  -25.795  -6.140  -9.607 0.0000000000
75213  -25.945  -7.290  -9.986 0.0000000000
75187  -24.542  -7.052  -7.612 0.0000000000
74109  -25.837  -7.997  -8.238 0.0000000000
74118  -26.388  -8.656  -9.396 0.0000000000
71823  -27.647  -10.135  -8.639 0.0000000000
70777  -27.870  -11.031  -7.268 0.0000000000
96141  -26.923  12.641  -13.167 0.0000000000
88980  -22.401  5.664  -12.006 0.0000000000
90066  -23.147  6.521  -13.139 0.0000000000
88996  -24.432  5.759  -13.569 0.0000000000
86922  -23.100  3.193  -13.573 0.0000000000
87932  -25.172  4.579  -13.188 0.0000000000
90058  -26.649  6.750  -12.654 0.0000000000
78273  -26.540  -4.091  -12.101 0.0000000000
78275  -28.148  -4.076  -12.261 0.0000000000
71767  -20.281  -10.840  -3.542 0.0000000000
71779  -20.658  -10.989  -4.934 0.0000000000
70754  -22.303  -11.227  -5.254 0.0000000000
70755  -23.517  -11.705  -5.135 0.0000000000
67461  -23.583  -14.510  -4.611 0.0000000000
68581  -24.365  -13.152  -4.873 0.0000000000
70756  -24.789  -11.622  -5.177 0.0000000000
91931  -20.884  8.347  -11.384 0.0000000000
79421  -22.886  -2.992  -12.269 0.0000000000
79440  -22.521  -2.505  -12.395 0.0000000000
80508  -23.334  -2.054  -12.268 0.0000000000
81633  -23.841  -1.457  -11.637 0.0000000000
80509  -24.395  -2.169  -12.147 0.0000000000
80510  -25.328  -2.139  -12.259 0.0000000000
79423  -25.101  -3.018  -12.054 0.0000000000
76092  -21.476  -6.418  -6.362 0.0000000000
77062  -21.719  -5.627  -6.731 0.0000000000
77063  -22.304  -5.689  -7.095 0.0000000000
77077  -22.694  -5.304  -7.604 0.0000000000
76118  -23.784  -5.878  -8.198 0.0000000000
76107  -23.384  -6.102  -7.725 0.0000000000
72911  -24.284  -10.004  -5.693 0.0000000000
71804  -24.805  -10.199  -5.658 0.0000000000
71805  -25.726  -10.263  -5.959 0.0000000000
95356  -24.115  12.253  -13.987 0.0000000000
95351  -23.932  12.773  -13.544 0.0000000000
96903  -25.213  14.333  -13.534 0.0000000000
96904  -26.113  14.504  -13.630 0.0000000000
96149  -25.583  13.473  -13.668 0.0000000000
91956  -25.916  8.769  -13.176 0.0000000000
92832  -26.986  9.527  -12.438 0.0000000000
91945  -27.444  8.573  -12.380 0.0000000000
84895  -20.471  1.546  -10.767 0.0000000000
84878  -19.345  2.026  -10.829 0.0000000000
84879  -20.685  2.381  -10.285 0.0000000000
85879  -20.883  3.243  -10.194 0.0000000000
84880  -21.423  2.763  -10.416 0.0000000000
85916  -22.697  3.157  -11.715 0.0000000000
84910  -22.199  2.565  -12.075 0.0000000000
85899  -26.440  2.321  -11.947 0.0000000000
86902  -25.839  3.064  -12.415 0.0000000000
75214  -26.875  -7.348  -9.978 0.0000000000
75228  -27.934  -6.752  -11.078 0.0000000000
75215  -27.862  -7.195  -10.415 0.0000000000
66179  -22.121  -15.439  -3.540 0.0000000000
66178  -21.166  -15.335  -3.621 0.0000000000
67440  -21.509  -14.680  -3.955 0.0000000000
68546  -21.091  -13.851  -3.798 0.0000000000
68547  -21.645  -14.021  -4.098 0.0000000000
67459  -21.995  -14.403  -4.228 0.0000000000
74081  -20.840  -8.160  -5.846 0.0000000000
72907  -20.601  -9.498  -5.202 0.0000000000
72908  -21.263  -9.558  -5.498 0.0000000000
71789  -21.884  -10.363  -5.457 0.0000000000
93685  -23.633  11.108  -13.283 0.0000000000
93686  -24.664  11.041  -13.311 0.0000000000
92843  -23.330  9.868  -13.437 0.0000000000
91953  -23.225  8.694  -13.312 0.0000000000
91955  -25.028  8.826  -13.458 0.0000000000
91032  -23.932  7.555  -13.553 0.0000000000
81610  -21.500  -1.961  -10.294 0.0000000000
79391  -21.057  -2.487  -11.468 0.0000000000
81645  -20.968  -1.019  -12.404 0.0000000000
81644  -19.923  -1.129  -13.149 0.0000000000
82739  -20.305  -0.191  -12.444 0.0000000000
83842  -20.755  0.525  -11.579 0.0000000000
82741  -22.541  0.290  -11.062 0.0000000000
82744  -24.492  -0.400  -12.993 0.0000000000
82743  -24.388  0.752  -12.204 0.0000000000
83847  -25.046  0.338  -13.270 0.0000000000
84912  -25.621  1.407  -13.417 0.0000000000
83848  -25.929  0.640  -13.461 0.0000000000
83850  -27.513  0.991  -12.956 0.0000000000
82746  -26.727  -0.256  -13.265 0.0000000000
80527  -27.059  -1.812  -12.202 0.0000000000
81651  -27.415  -0.968  -12.291 0.0000000000
80512  -28.719  -2.327  -12.118 0.0000000000
65028  -22.977  -16.791  -3.051 0.0000000000
79358  -21.656  -3.516  -7.859 0.0000000000
80467  -21.883  -2.783  -8.634 0.0000000000
79374  -23.209  -3.858  -8.956 0.0000000000
79382  -23.400  -3.442  -9.603 0.0000000000
79383  -23.999  -3.932  -9.744 0.0000000000
79395  -24.071  -3.712  -10.255 0.0000000000
78239  -24.688  -4.459  -10.657 0.0000000000
78224  -24.582  -4.490  -9.657 0.0000000000
76126  -24.723  -5.848  -8.934 0.0000000000
77110  -25.291  -5.259  -9.574 0.0000000000
76127  -25.195  -6.028  -9.238 0.0000000000
75204  -25.535  -7.078  -9.304 0.0000000000
74083  -22.805  -8.042  -6.049 0.0000000000
75176  -24.110  -7.373  -6.954 0.0000000000
74102  -25.789  -8.139  -7.384 0.0000000000
74103  -26.356  -8.486  -7.887 0.0000000000
74110  -26.447  -8.606  -8.581 0.0000000000
72951  -27.107  -9.433  -8.880 0.0000000000
72952  -27.405  -9.549  -8.429 0.0000000000
71807  -27.429  -10.461  -7.039 0.0000000000
70770  -27.471  -11.109  -6.450 0.0000000000
95353  -26.028  12.490  -13.365 0.0000000000
94526  -26.220  11.455  -12.956 0.0000000000
81608  -19.995  -0.786  -11.213 0.0000000000
88944  -19.130  5.967  -10.984 0.0000000000
88965  -20.953  6.001  -11.074 0.0000000000
90047  -21.052  6.823  -11.216 0.0000000000
88966  -21.752  5.949  -11.467 0.0000000000
87944  -22.417  4.606  -13.261 0.0000000000
88993  -22.548  4.967  -12.601 0.0000000000
88994  -23.017  5.189  -12.882 0.0000000000
89014  -23.939  6.366  -13.771 0.0000000000
83867  -22.751  1.011  -13.394 0.0000000000
84928  -21.882  1.818  -13.521 0.0000000000
85928  -23.261  2.319  -13.354 0.0000000000
87913  -25.828  4.326  -12.643 0.0000000000
88983  -26.247  5.539  -12.729 0.0000000000
88997  -25.331  5.862  -13.143 0.0000000000
90059  -27.593  6.799  -12.390 0.0000000000
77167  -25.285  -4.434  -11.593 0.0000000000
78272  -25.650  -3.877  -12.042 0.0000000000
77169  -26.614  -4.622  -11.608 0.0000000000
78255  -27.969  -4.683  -11.926 0.0000000000
70734  -20.351  -11.670  -3.686 0.0000000000
71778  -20.318  -10.752  -4.274 0.0000000000
70742  -20.645  -11.738  -4.522 0.0000000000
70743  -21.428  -11.644  -5.070 0.0000000000
70744  -22.576  -12.059  -4.860 0.0000000000
70745  -23.229  -12.291  -4.827 0.0000000000
69693  -24.488  -12.490  -5.042 0.0000000000
74062  -20.222  -8.746  -5.148 0.0000000000
71787  -20.511  -10.132  -4.812 0.0000000000
92842  -22.462  9.681  -13.160 0.0000000000
91943  -21.904  8.379  -12.586 0.0000000000
91022  -22.109  7.466  -12.441 0.0000000000
79404  -21.621  -3.625  -11.818 0.0000000000
79403  -20.988  -2.976  -11.820 0.0000000000
79438  -21.190  -2.527  -12.317 0.0000000000
80522  -21.549  -1.799  -12.347 0.0000000000
81646  -22.208  -0.906  -11.780 0.0000000000
82728  -22.657  -0.551  -11.181 0.0000000000
81622  -23.129  -1.108  -11.275 0.0000000000
82719  -24.199  -0.597  -11.537 0.0000000000
81648  -25.156  -0.698  -12.033 0.0000000000
81649  -25.635  -1.138  -12.579 0.0000000000
81635  -25.427  -1.371  -12.042 0.0000000000
80526  -26.367  -1.919  -12.417 0.0000000000
79441  -26.485  -2.649  -12.385 0.0000000000
77075  -21.357  -4.883  -6.792 0.0000000000
78190  -22.200  -4.377  -7.617 0.0000000000
79359  -22.354  -3.934  -8.054 0.0000000000
78191  -22.886  -4.519  -8.305 0.0000000000
78207  -23.686  -4.516  -8.987 0.0000000000
78208  -24.368  -4.877  -9.141 0.0000000000
77091  -23.823  -5.336  -8.512 0.0000000000
76119  -24.367  -6.027  -8.501 0.0000000000
75193  -24.755  -6.831  -8.255 0.0000000000
72927  -23.323  -8.805  -5.712 0.0000000000
72929  -26.049  -9.184  -6.829 0.0000000000
72930  -26.765  -9.644  -7.130 0.0000000000
70768  -26.043  -10.778  -5.264 0.0000000000
94513  -23.402  12.136  -13.099 0.0000000000
96905  -27.120  14.663  -13.615 0.0000000000
93673  -26.582  10.499  -12.646 0.0000000000
85877  -18.937  2.884  -10.410 0.0000000000
86890  -19.112  3.638  -10.554 0.0000000000
86891  -19.996  3.817  -10.487 0.0000000000
87910  -22.020  4.619  -11.561 0.0000000000
86911  -22.452  4.022  -11.865 0.0000000000
87942  -21.529  4.273  -12.746 0.0000000000
86921  -22.161  3.542  -13.580 0.0000000000
85931  -25.259  2.339  -13.870 0.0000000000
86924  -24.350  2.689  -13.374 0.0000000000
76151  -26.630  -6.187  -10.858 0.0000000000
77147  -26.638  -5.376  -11.310 0.0000000000
76152  -27.360  -6.329  -11.115 0.0000000000
76153  -28.193  -6.074  -11.189 0.0000000000
68545  -20.347  -13.671  -3.266 0.0000000000
69680  -21.183  -12.249  -4.516 0.0000000000
68564  -22.857  -13.673  -4.529 0.0000000000
76093  -22.387  -6.439  -6.762 0.0000000000
76094  -23.251  -6.714  -7.166 0.0000000000
75174  -22.117  -7.270  -6.233 0.0000000000
74064  -21.346  -8.806  -5.648 0.0000000000
72926  -22.568  -8.560  -5.717 0.0000000000
93672  -23.206  11.414  -12.779 0.0000000000
95357  -24.414  12.075  -14.047 0.0000000000
94536  -24.624  11.796  -13.737 0.0000000000
92845  -25.351  9.828  -13.343 0.0000000000
91034  -25.572  7.882  -13.148 0.0000000000
81607  -19.396  -1.068  -11.610 0.0000000000
79436  -19.602  -2.504  -12.596 0.0000000000
80506  -18.874  -1.930  -12.143 0.0000000000
82716  -18.514  -0.598  -11.977 0.0000000000
83840  -18.758  0.333  -12.381 0.0000000000
83827  -20.221  1.002  -11.413 0.0000000000
83828  -21.274  1.307  -11.008 0.0000000000
84897  -22.392  2.007  -11.120 0.0000000000
83829  -22.235  1.662  -11.023 0.0000000000
83844  -23.100  1.714  -11.501 0.0000000000
83858  -23.640  0.864  -13.095 0.0000000000
82742  -23.562  0.842  -11.453 0.0000000000
83846  -24.119  1.070  -12.945 0.0000000000
84921  -24.314  1.639  -13.204 0.0000000000
84923  -25.585  1.935  -13.726 0.0000000000
84913  -26.173  1.609  -13.250 0.0000000000
84899  -27.133  1.475  -12.192 0.0000000000
84900  -28.002  1.519  -11.828 0.0000000000
72976  -28.144  -9.214  -10.001 0.0000000000
66199  -22.664  -15.200  -4.032 0.0000000000
80478  -21.650  -2.262  -8.768 0.0000000000
81599  -22.710  -2.156  -10.318 0.0000000000
79373  -22.568  -3.435  -8.640 0.0000000000
80480  -22.914  -2.452  -9.722 0.0000000000
80490  -22.912  -2.719  -10.541 0.0000000000
79405  -22.632  -3.647  -11.689 0.0000000000
78253  -24.660  -4.005  -11.408 0.0000000000
77145  -24.910  -4.973  -11.197 0.0000000000
78225  -25.252  -4.797  -9.880 0.0000000000
77126  -25.446  -5.234  -10.406 0.0000000000
77127  -26.089  -5.728  -10.849 0.0000000000
76135  -26.380  -6.278  -10.138 0.0000000000
74130  -26.467  -8.471  -10.069 0.0000000000
75177  -25.028  -7.529  -7.195 0.0000000000
75188  -25.244  -7.461  -7.876 0.0000000000
75194  -25.350  -7.333  -8.606 0.0000000000
74117  -25.757  -8.031  -9.023 0.0000000000
74129  -25.574  -8.126  -9.785 0.0000000000
72975  -27.356  -9.274  -9.984 0.0000000000
71848  -27.650  -10.019  -9.623 0.0000000000
72946  -27.573  -9.683  -8.158 0.0000000000
71817  -27.679  -10.133  -7.716 0.0000000000
95344  -26.739  11.993  -13.009 0.0000000000
91012  -21.197  7.540  -11.492 0.0000000000
90048  -21.774  6.697  -11.694 0.0000000000
90057  -22.696  6.537  -12.654 0.0000000000
88981  -22.647  5.792  -12.460 0.0000000000
90078  -23.823  6.790  -13.785 0.0000000000
90068  -24.590  6.745  -13.513 0.0000000000
90069  -25.302  6.986  -13.031 0.0000000000
84917  -21.551  2.475  -12.717 0.0000000000
86930  -21.680  2.748  -13.787 0.0000000000
86913  -22.930  3.900  -13.542 0.0000000000
86915  -24.580  3.284  -13.284 0.0000000000
86914  -23.682  3.758  -13.568 0.0000000000
87931  -24.159  4.611  -13.576 0.0000000000
88998  -25.875  6.458  -12.784 0.0000000000
91024  -27.124  7.702  -12.587 0.0000000000
79425  -26.936  -3.318  -12.403 0.0000000000
78254  -27.149  -4.628  -11.660 0.0000000000
78274  -27.473  -4.055  -12.230 0.0000000000
79426  -28.118  -3.156  -12.180 0.0000000000
70753  -21.618  -10.969  -5.396 0.0000000000
67460  -22.657  -14.557  -4.359 0.0000000000
68565  -23.831  -13.576  -4.751 0.0000000000
69683  -23.760  -12.658  -4.824 0.0000000000
71816  -27.155  -9.924  -7.251 0.0000000000
71822  -27.432  -9.867  -8.937 0.0000000000
71835  -27.555  -10.081  -9.194 0.0000000000
71836  -27.780  -10.535  -9.021 0.0000000000
72945  -27.079  -9.190  -7.777 0.0000000000
72961  -27.005  -9.369  -9.593 0.0000000000
76095  -23.890  -6.735  -7.480 0.0000000000
77092  -24.321  -5.297  -8.838 0.0000000000
77168  -26.047  -4.601  -11.612 0.0000000000
78192  -23.401  -4.963  -8.520 0.0000000000
78240  -25.103  -4.642  -10.136 0.0000000000
79372  -21.792  -3.106  -8.364 0.0000000000
79381  -22.818  -2.928  -9.256 0.0000000000
79390  -20.505  -2.064  -11.537 0.0000000000
79393  -22.347  -3.250  -11.211 0.0000000000
79400  -19.667  -1.897  -11.781 0.0000000000
79401  -19.954  -2.203  -11.809 0.0000000000
79402  -20.407  -2.527  -11.822 0.0000000000
79407  -28.720  -3.595  -12.031 0.0000000000
79416  -19.371  -2.178  -11.943 0.0000000000
79417  -19.747  -2.485  -12.100 0.0000000000
79418  -20.324  -2.696  -12.187 0.0000000000
79419  -21.041  -2.981  -12.164 0.0000000000
79435  -19.200  -2.351  -12.324 0.0000000000
79439  -22.047  -2.514  -12.323 0.0000000000
79442  -27.106  -2.526  -12.476 0.0000000000
80485  -19.802  -1.438  -11.617 0.0000000000
80486  -20.437  -1.457  -11.285 0.0000000000
80488  -21.617  -2.390  -10.961 0.0000000000
80489  -22.186  -2.743  -10.876 0.0000000000
80498  -19.293  -1.667  -11.819 0.0000000000
80511  -25.983  -2.341  -12.358 0.0000000000
80519  -18.926  -2.075  -12.816 0.0000000000
80520  -19.650  -2.046  -13.133 0.0000000000
80521  -20.558  -1.875  -12.721 0.0000000000
80523  -22.546  -1.886  -12.260 0.0000000000
80524  -22.756  -2.420  -12.376 0.0000000000
80525  -25.778  -1.777  -12.314 0.0000000000
81598  -22.285  -1.932  -9.874 0.0000000000
81611  -22.141  -2.306  -10.463 0.0000000000
81612  -22.500  -2.479  -10.571 0.0000000000
81621  -18.883  -1.201  -11.841 0.0000000000
81623  -23.471  -1.190  -11.361 0.0000000000
81624  -24.054  -1.056  -11.391 0.0000000000
81630  -18.747  -1.335  -12.428 0.0000000000
81631  -22.584  -0.890  -11.369 0.0000000000
81632  -22.968  -1.185  -11.313 0.0000000000
81643  -18.989  -1.303  -13.109 0.0000000000
81647  -22.666  -1.367  -11.895 0.0000000000
82704  -18.618  0.160  -11.579 0.0000000000
82717  -23.423  -0.690  -11.229 0.0000000000
82718  -23.800  -0.633  -11.372 0.0000000000
82726  -18.149  -0.090  -12.123 0.0000000000
82727  -18.738  -0.633  -12.471 0.0000000000
82729  -23.314  -0.092  -11.089 0.0000000000
82731  -24.400  -0.187  -11.757 0.0000000000
82737  -18.586  -0.068  -12.408 0.0000000000
82756  -23.874  0.520  -13.063 0.0000000000
82757  -24.472  0.304  -13.149 0.0000000000
83816  -23.691  -0.247  -11.318 0.0000000000
83817  -24.137  -0.086  -11.683 0.0000000000
83818  -24.202  -0.316  -11.651 0.0000000000
83830  -22.642  1.895  -11.215 0.0000000000
83831  -23.700  0.226  -11.334 0.0000000000
83832  -24.033  0.129  -11.596 0.0000000000
83833  -24.113  -0.128  -11.596 0.0000000000
83841  -19.565  0.529  -12.202 0.0000000000
83849  -26.880  0.769  -13.346 0.0000000000
83856  -22.815  1.750  -12.694 0.0000000000
83857  -22.808  0.987  -12.775 0.0000000000
83860  -25.299  1.022  -13.232 0.0000000000
83868  -23.143  0.959  -13.361 0.0000000000
84898  -26.442  1.663  -12.516 0.0000000000
84908  -18.470  0.667  -12.230 0.0000000000
84909  -18.761  0.793  -12.234 0.0000000000
84911  -22.756  2.429  -11.438 0.0000000000
84919  -22.380  1.451  -12.863 0.0000000000
84922  -25.082  1.619  -13.721 0.0000000000
84929  -22.384  1.564  -13.310 0.0000000000
84930  -22.958  1.511  -13.417 0.0000000000
84931  -25.185  1.862  -14.023 0.0000000000
84932  -25.411  1.987  -14.045 0.0000000000
85865  -18.548  2.895  -10.001 0.0000000000
85897  -21.802  3.253  -10.720 0.0000000000
85898  -25.882  2.109  -12.502 0.0000000000
85917  -24.982  2.610  -13.568 0.0000000000
85926  -20.939  2.501  -13.127 0.0000000000
85927  -22.676  2.683  -13.595 0.0000000000
85929  -24.040  2.261  -13.312 0.0000000000
85930  -24.726  2.300  -13.747 0.0000000000
85936  -21.427  2.190  -13.728 0.0000000000
85937  -22.152  2.322  -13.807 0.0000000000
85938  -22.665  2.080  -13.378 0.0000000000
85939  -24.954  1.927  -14.050 0.0000000000
85940  -25.131  2.097  -14.038 0.0000000000
86901  -21.981  4.041  -11.160 0.0000000000
86903  -26.725  3.451  -12.159 0.0000000000
86912  -22.584  3.937  -13.563 0.0000000000
86919  -21.832  3.726  -12.535 0.0000000000
86920  -21.154  3.585  -13.185 0.0000000000
86923  -23.866  2.912  -13.528 0.0000000000
86929  -21.169  2.954  -13.838 0.0000000000
87874  -19.826  5.279  -10.869 0.0000000000
87894  -21.645  5.339  -11.383 0.0000000000
87911  -22.226  5.077  -11.807 0.0000000000
87912  -25.529  4.639  -12.931 0.0000000000
87927  -22.285  4.304  -12.234 0.0000000000
87929  -22.720  4.321  -13.434 0.0000000000
87933  -25.380  4.206  -12.836 0.0000000000
87943  -21.803  4.546  -13.143 0.0000000000
88945  -20.148  5.884  -10.600 0.0000000000
88982  -25.649  4.981  -12.990 0.0000000000
88995  -23.610  5.673  -13.564 0.0000000000
89012  -22.439  4.815  -13.015 0.0000000000
89013  -22.682  4.849  -13.034 0.0000000000
89015  -24.233  6.435  -13.687 0.0000000000
90056  -22.272  6.617  -12.200 0.0000000000
90067  -23.565  6.664  -13.605 0.0000000000
90070  -25.918  7.196  -12.749 0.0000000000
90079  -24.073  6.828  -13.774 0.0000000000
91030  -22.612  7.525  -12.865 0.0000000000
91040  -23.690  7.097  -13.654 0.0000000000
91041  -23.882  7.052  -13.763 0.0000000000
91932  -21.293  8.034  -11.735 0.0000000000
91944  -26.683  8.665  -12.733 0.0000000000
93694  -24.382  11.592  -13.523 0.0000000000
94535  -24.197  11.851  -13.781 0.0000000000
