#!ascii label  , from subject 4123 vox2ras=TkReg
802
104833  36.442  29.669  31.417 0.0000000000
108215  38.982  34.734  32.623 0.0000000000
103372  40.158  26.964  37.891 0.0000000000
104117  31.481  28.594  30.682 0.0000000000
102810  32.879  26.638  30.527 0.0000000000
108840  39.230  35.384  29.327 0.0000000000
108805  34.429  35.380  33.953 0.0000000000
111580  35.368  40.514  33.537 0.0000000000
102079  38.684  25.647  44.090 0.0000000000
100127  36.423  22.917  40.446 0.0000000000
106265  41.606  31.676  30.272 0.0000000000
103412  39.257  27.719  31.329 0.0000000000
105548  41.050  30.072  33.797 0.0000000000
104764  39.889  29.861  39.981 0.0000000000
112284  35.332  41.635  28.583 0.0000000000
110498  40.514  38.519  30.298 0.0000000000
102162  34.837  24.974  35.787 0.0000000000
104866  33.627  28.836  30.861 0.0000000000
103463  32.454  26.937  28.711 0.0000000000
104148  35.046  27.912  29.300 0.0000000000
106913  38.505  32.628  31.622 0.0000000000
106237  34.669  31.185  32.538 0.0000000000
109375  32.527  37.039  32.787 0.0000000000
101482  39.656  25.071  45.452 0.0000000000
100859  39.475  23.442  43.512 0.0000000000
99258  41.387  21.561  44.043 0.0000000000
112309  36.593  42.783  25.992 0.0000000000
108212  41.619  33.000  31.476 0.0000000000
105581  42.744  30.740  31.588 0.0000000000
106883  41.785  33.112  33.888 0.0000000000
106200  37.168  31.934  37.364 0.0000000000
106171  39.035  31.253  38.420 0.0000000000
104767  37.213  29.723  39.680 0.0000000000
104022  37.473  28.498  42.240 0.0000000000
109914  37.897  37.747  32.643 0.0000000000
111014  38.047  39.243  32.297 0.0000000000
109388  40.027  36.589  31.309 0.0000000000
109396  42.521  35.150  29.820 0.0000000000
102756  39.788  26.658  35.079 0.0000000000
102770  37.091  26.713  33.663 0.0000000000
102752  37.781  25.906  36.943 0.0000000000
102215  30.784  25.446  30.455 0.0000000000
101594  31.120  24.969  32.996 0.0000000000
110512  39.728  38.315  27.710 0.0000000000
109400  37.510  36.391  29.009 0.0000000000
108802  37.508  35.170  33.411 0.0000000000
108183  39.501  34.322  34.681 0.0000000000
111628  31.476  40.341  31.455 0.0000000000
111648  32.990  40.555  30.873 0.0000000000
109917  35.043  37.749  33.010 0.0000000000
103334  39.684  27.322  40.883 0.0000000000
102138  37.251  25.624  39.136 0.0000000000
101507  37.703  24.545  41.969 0.0000000000
99318  39.450  22.037  40.602 0.0000000000
105557  39.268  30.479  31.583 0.0000000000
104145  37.715  28.428  28.647 0.0000000000
104130  41.180  28.866  29.143 0.0000000000
103410  41.399  27.898  31.960 0.0000000000
103381  41.809  27.615  35.127 0.0000000000
106214  40.314  32.112  35.473 0.0000000000
104076  40.334  29.249  37.089 0.0000000000
104054  41.457  28.149  39.354 0.0000000000
104011  39.745  28.328  42.654 0.0000000000
102665  38.444  27.221  44.529 0.0000000000
111735  34.176  41.710  25.948 0.0000000000
112282  37.258  42.457  27.869 0.0000000000
111643  37.536  41.532  30.254 0.0000000000
111049  39.158  40.617  29.369 0.0000000000
110507  41.448  37.615  28.618 0.0000000000
106938  40.707  33.991  29.787 0.0000000000
103447  35.750  27.473  30.433 0.0000000000
102773  34.213  25.921  33.639 0.0000000000
101568  32.611  24.389  34.773 0.0000000000
100911  35.386  23.478  38.330 0.0000000000
104865  34.524  28.924  31.094 0.0000000000
104114  34.121  28.634  30.385 0.0000000000
104887  35.842  29.187  29.997 0.0000000000
106234  37.880  31.055  32.339 0.0000000000
106889  36.458  32.006  32.306 0.0000000000
105560  36.054  30.395  32.276 0.0000000000
105562  33.912  30.078  32.147 0.0000000000
100844  39.021  23.699  45.301 0.0000000000
100071  40.382  22.652  44.318 0.0000000000
99259  40.525  21.409  44.445 0.0000000000
100941  29.965  22.912  33.195 0.0000000000
108214  40.430  33.737  32.454 0.0000000000
107545  41.736  32.915  32.210 0.0000000000
107537  40.638  33.580  33.553 0.0000000000
105515  36.209  30.663  37.452 0.0000000000
105502  37.085  30.661  38.516 0.0000000000
108821  38.620  35.716  32.371 0.0000000000
109913  38.528  37.718  32.209 0.0000000000
108826  39.205  35.796  31.664 0.0000000000
123641  40.703  35.010  30.889 0.0000000000
102737  40.461  26.735  36.769 0.0000000000
102757  38.646  26.448  35.391 0.0000000000
102739  38.488  26.475  37.480 0.0000000000
104138  29.851  28.359  30.135 0.0000000000
104153  30.251  27.834  29.339 0.0000000000
102821  32.571  26.441  29.421 0.0000000000
102822  31.759  25.552  29.050 0.0000000000
102811  31.706  25.977  30.296 0.0000000000
102206  30.734  25.408  31.724 0.0000000000
102801  32.412  26.358  31.506 0.0000000000
109940  39.646  36.959  28.432 0.0000000000
109947  38.726  37.211  27.999 0.0000000000
108841  37.999  35.748  29.423 0.0000000000
104869  31.187  29.128  31.525 0.0000000000
104118  30.517  28.546  30.911 0.0000000000
108804  35.709  35.063  34.076 0.0000000000
108202  36.786  34.835  34.386 0.0000000000
108187  35.788  35.121  35.045 0.0000000000
109352  33.955  36.166  33.346 0.0000000000
109918  34.103  37.856  32.814 0.0000000000
109351  35.031  35.990  33.357 0.0000000000
109350  36.099  36.016  33.325 0.0000000000
102676  38.481  26.666  42.538 0.0000000000
102689  38.111  26.349  41.262 0.0000000000
102091  38.323  25.682  43.092 0.0000000000
100097  40.805  22.421  42.782 0.0000000000
100110  39.944  22.429  42.206 0.0000000000
99300  40.599  22.224  41.605 0.0000000000
106257  40.794  31.251  30.683 0.0000000000
104859  41.025  29.538  30.170 0.0000000000
104858  41.758  30.060  29.768 0.0000000000
104831  42.284  29.823  32.328 0.0000000000
104096  42.431  29.088  31.674 0.0000000000
103391  41.925  28.437  33.389 0.0000000000
123496  42.437  27.410  33.937 0.0000000000
123508  41.136  28.336  34.755 0.0000000000
107512  39.682  34.062  36.472 0.0000000000
107511  40.210  33.553  35.772 0.0000000000
106856  40.053  32.997  36.201 0.0000000000
105499  39.332  30.775  38.794 0.0000000000
104794  39.753  30.404  38.071 0.0000000000
104779  40.518  29.518  39.045 0.0000000000
104064  40.725  28.917  38.025 0.0000000000
104763  40.502  29.088  39.961 0.0000000000
104029  40.770  28.292  40.930 0.0000000000
104748  40.005  29.070  41.694 0.0000000000
103325  36.625  28.147  42.474 0.0000000000
104013  38.192  28.159  43.073 0.0000000000
112311  34.792  41.579  26.859 0.0000000000
112296  35.580  41.659  27.499 0.0000000000
112283  36.401  42.009  28.200 0.0000000000
111602  33.808  40.279  32.794 0.0000000000
111647  33.881  40.924  30.970 0.0000000000
112222  35.498  41.233  32.993 0.0000000000
110493  39.310  38.696  31.521 0.0000000000
111621  37.612  40.611  31.272 0.0000000000
111642  38.395  40.629  30.295 0.0000000000
111659  38.556  41.657  29.477 0.0000000000
111038  40.167  39.056  29.816 0.0000000000
111047  40.629  38.796  28.519 0.0000000000
110503  41.205  38.501  29.153 0.0000000000
123632  42.052  33.575  30.064 0.0000000000
123633  42.124  34.050  29.181 0.0000000000
106937  41.369  32.921  30.845 0.0000000000
106258  40.029  31.480  31.464 0.0000000000
103444  38.705  27.797  29.667 0.0000000000
103459  37.059  27.575  29.179 0.0000000000
103432  37.628  27.758  30.942 0.0000000000
102765  36.246  25.972  34.787 0.0000000000
102772  35.387  26.497  33.525 0.0000000000
102767  34.466  25.666  34.320 0.0000000000
102169  33.196  24.933  34.477 0.0000000000
101564  33.724  24.258  35.622 0.0000000000
101516  36.279  24.116  40.026 0.0000000000
101547  36.358  24.745  38.834 0.0000000000
100896  35.804  23.601  39.326 0.0000000000
104116  32.339  28.719  30.457 0.0000000000
104136  31.777  28.489  29.698 0.0000000000
104135  32.645  28.438  29.697 0.0000000000
104150  32.965  27.744  29.427 0.0000000000
102820  33.560  26.876  29.969 0.0000000000
107574  38.415  34.101  30.508 0.0000000000
104836  32.867  29.478  31.885 0.0000000000
102067  39.250  25.973  44.731 0.0000000000
101499  38.646  24.797  43.653 0.0000000000
100853  39.597  23.709  44.125 0.0000000000
100083  40.421  22.921  43.697 0.0000000000
106936  41.913  32.671  30.781 0.0000000000
106264  42.363  31.617  30.463 0.0000000000
106909  42.428  31.922  31.638 0.0000000000
106231  42.095  31.613  32.792 0.0000000000
106226  41.453  31.323  33.591 0.0000000000
106842  37.877  32.657  37.402 0.0000000000
106841  39.064  33.055  37.321 0.0000000000
106173  37.906  31.519  38.345 0.0000000000
105500  38.604  30.929  38.896 0.0000000000
104765  38.901  29.962  40.048 0.0000000000
104750  38.657  29.207  41.410 0.0000000000
104758  37.441  29.469  40.314 0.0000000000
104023  36.616  28.404  41.758 0.0000000000
103326  35.962  27.632  41.875 0.0000000000
111699  33.586  40.993  28.443 0.0000000000
111016  36.684  39.348  33.215 0.0000000000
110999  36.891  40.023  33.558 0.0000000000
110478  37.304  38.655  32.809 0.0000000000
110477  38.316  38.627  32.265 0.0000000000
110492  40.296  38.249  31.396 0.0000000000
110491  41.058  37.647  30.891 0.0000000000
109393  40.898  35.910  31.028 0.0000000000
123637  41.299  33.914  31.038 0.0000000000
103387  40.474  27.418  33.245 0.0000000000
103393  38.784  27.493  32.741 0.0000000000
102763  38.836  26.865  34.538 0.0000000000
102758  37.459  25.741  35.736 0.0000000000
102160  36.465  25.332  36.205 0.0000000000
99335  37.223  21.654  39.938 0.0000000000
99345  36.487  21.652  39.121 0.0000000000
102217  28.962  24.982  30.045 0.0000000000
103478  31.443  26.825  28.349 0.0000000000
102224  30.809  25.440  29.443 0.0000000000
102216  30.128  24.828  29.885 0.0000000000
101602  30.195  24.723  31.283 0.0000000000
101595  30.418  24.482  32.762 0.0000000000
101584  30.863  24.007  34.050 0.0000000000
110514  38.236  38.752  27.492 0.0000000000
109948  37.701  37.170  27.755 0.0000000000
108216  38.363  34.936  33.344 0.0000000000
108199  39.667  33.922  33.605 0.0000000000
108184  38.548  34.554  34.920 0.0000000000
108169  38.334  34.823  35.970 0.0000000000
108157  38.135  34.827  36.715 0.0000000000
108141  37.205  34.667  37.096 0.0000000000
107514  37.075  33.246  36.947 0.0000000000
111627  32.429  40.250  31.543 0.0000000000
111603  32.801  39.974  32.280 0.0000000000
111002  34.216  39.840  33.571 0.0000000000
110467  35.225  39.254  33.417 0.0000000000
109916  35.973  37.735  32.908 0.0000000000
109370  37.442  36.803  32.775 0.0000000000
103346  39.408  27.080  39.875 0.0000000000
102726  38.422  26.436  38.441 0.0000000000
102700  38.206  26.434  40.161 0.0000000000
102103  37.023  25.010  40.805 0.0000000000
100869  36.922  23.781  41.062 0.0000000000
100860  38.773  23.767  43.286 0.0000000000
99283  38.249  22.619  41.898 0.0000000000
99319  38.198  21.910  40.688 0.0000000000
105586  37.855  29.684  31.349 0.0000000000
104886  36.837  29.121  29.861 0.0000000000
104884  38.903  29.470  29.468 0.0000000000
104893  39.679  28.789  28.633 0.0000000000
103443  39.774  27.992  29.342 0.0000000000
104128  42.479  29.383  29.769 0.0000000000
103428  41.841  28.290  30.288 0.0000000000
103411  40.167  27.719  31.612 0.0000000000
123504  41.404  27.296  33.566 0.0000000000
102748  41.773  26.797  35.043 0.0000000000
103371  41.018  27.128  37.556 0.0000000000
107528  40.289  33.770  34.440 0.0000000000
106866  40.690  32.583  35.123 0.0000000000
105543  40.179  30.662  34.802 0.0000000000
105526  39.467  31.215  37.012 0.0000000000
104819  39.597  30.704  36.591 0.0000000000
104821  40.546  29.289  34.932 0.0000000000
104075  41.164  28.382  36.549 0.0000000000
103370  41.441  27.639  37.024 0.0000000000
103361  40.715  27.254  38.791 0.0000000000
103345  40.282  27.335  39.915 0.0000000000
103323  39.849  27.576  41.949 0.0000000000
103313  38.836  27.865  42.903 0.0000000000
104021  38.610  28.711  42.201 0.0000000000
104003  38.937  28.298  43.845 0.0000000000
102664  38.557  26.870  43.990 0.0000000000
102632  39.495  26.472  45.838 0.0000000000
112324  35.326  42.411  25.562 0.0000000000
112295  36.475  42.162  27.143 0.0000000000
112281  38.082  42.426  27.882 0.0000000000
112231  36.261  41.422  32.301 0.0000000000
112266  36.052  42.089  29.232 0.0000000000
112246  37.636  42.350  29.503 0.0000000000
112816  38.863  43.166  28.656 0.0000000000
111679  38.728  41.731  28.172 0.0000000000
111061  39.965  39.055  28.130 0.0000000000
110509  40.326  38.326  27.865 0.0000000000
109413  40.671  36.446  28.313 0.0000000000
109939  42.131  36.652  29.204 0.0000000000
123642  41.847  35.300  28.569 0.0000000000
108244  40.152  34.831  29.350 0.0000000000
107550  39.224  33.634  30.874 0.0000000000
106233  38.946  31.139  31.860 0.0000000000
104147  35.949  28.096  28.798 0.0000000000
103461  34.568  27.366  29.821 0.0000000000
102808  34.275  27.032  30.773 0.0000000000
103415  36.643  27.312  32.380 0.0000000000
103435  34.942  27.197  31.938 0.0000000000
102800  33.476  26.688  31.553 0.0000000000
102196  32.497  25.532  33.121 0.0000000000
101582  32.250  24.865  34.000 0.0000000000
102740  37.715  26.149  37.889 0.0000000000
102154  36.532  25.228  37.149 0.0000000000
101558  35.232  24.568  36.830 0.0000000000
100151  35.313  22.687  38.622 0.0000000000
100919  34.288  23.689  36.658 0.0000000000
98387  41.622  20.275  44.875 0.0000000000
98395  42.615  20.732  43.792 0.0000000000
104864  35.607  29.278  31.215 0.0000000000
104113  35.007  28.705  30.346 0.0000000000
105559  37.049  30.190  31.936 0.0000000000
104834  36.128  29.854  31.818 0.0000000000
105588  35.532  29.851  31.958 0.0000000000
100072  39.621  22.634  44.597 0.0000000000
108218  39.953  34.658  31.448 0.0000000000
102738  39.428  26.708  37.121 0.0000000000
104137  30.815  28.465  29.890 0.0000000000
109398  39.750  36.441  28.632 0.0000000000
109399  38.618  36.447  28.883 0.0000000000
108791  35.488  35.089  34.669 0.0000000000
99281  40.950  22.198  42.262 0.0000000000
105583  41.486  30.618  30.217 0.0000000000
105601  41.751  31.025  29.975 0.0000000000
104825  41.874  29.659  33.020 0.0000000000
104824  42.048  29.246  32.840 0.0000000000
123505  41.197  29.060  33.790 0.0000000000
123501  40.990  28.724  34.165 0.0000000000
107494  38.746  34.296  37.078 0.0000000000
105490  39.405  30.369  39.497 0.0000000000
104780  40.013  30.289  38.953 0.0000000000
104755  39.958  29.149  40.850 0.0000000000
103316  36.363  27.639  42.868 0.0000000000
112297  34.535  41.421  27.947 0.0000000000
111717  33.729  41.286  27.326 0.0000000000
111581  34.513  40.297  33.399 0.0000000000
111601  34.948  40.934  32.903 0.0000000000
110499  39.879  38.694  30.972 0.0000000000
111620  38.287  40.006  31.171 0.0000000000
111039  39.306  39.378  30.442 0.0000000000
110504  40.611  38.950  29.588 0.0000000000
106911  40.836  32.045  30.916 0.0000000000
103431  38.560  27.823  30.664 0.0000000000
103445  37.753  27.723  29.883 0.0000000000
103413  38.545  27.654  31.666 0.0000000000
102166  35.377  25.523  35.262 0.0000000000
102766  35.037  25.828  34.402 0.0000000000
102167  34.522  25.404  34.931 0.0000000000
102163  34.223  24.889  35.418 0.0000000000
100877  36.478  23.688  40.506 0.0000000000
100878  36.046  23.622  40.018 0.0000000000
100128  35.865  23.232  39.896 0.0000000000
104867  32.916  28.951  31.104 0.0000000000
104889  33.065  28.777  30.331 0.0000000000
104133  34.501  28.359  29.768 0.0000000000
104134  33.523  28.452  29.899 0.0000000000
104149  33.967  27.819  29.541 0.0000000000
103462  33.269  27.211  29.522 0.0000000000
107551  37.902  33.439  31.209 0.0000000000
106914  37.205  32.721  31.837 0.0000000000
106236  35.740  31.200  32.542 0.0000000000
106915  36.104  32.767  31.923 0.0000000000
105590  34.048  29.316  31.528 0.0000000000
104835  33.467  29.297  31.551 0.0000000000
101483  39.650  25.326  44.987 0.0000000000
101492  39.610  24.578  44.818 0.0000000000
100070  40.942  22.343  43.947 0.0000000000
100082  41.231  22.135  43.493 0.0000000000
99266  42.054  21.530  43.296 0.0000000000
112323  36.312  43.188  24.916 0.0000000000
112333  35.677  42.603  24.432 0.0000000000
106935  42.413  32.082  31.041 0.0000000000
106910  42.087  32.497  31.567 0.0000000000
107535  41.898  33.027  33.070 0.0000000000
106886  42.128  32.315  32.437 0.0000000000
106882  41.813  32.310  33.518 0.0000000000
106843  37.465  32.228  37.440 0.0000000000
106186  38.357  32.058  37.889 0.0000000000
106187  37.460  31.790  37.844 0.0000000000
104781  37.623  30.235  39.314 0.0000000000
105501  37.780  30.840  38.786 0.0000000000
105492  38.163  30.486  39.242 0.0000000000
104766  38.040  29.943  39.796 0.0000000000
104757  38.176  29.475  40.740 0.0000000000
104041  36.689  29.199  40.227 0.0000000000
104033  36.093  28.496  40.896 0.0000000000
103336  35.267  27.991  41.091 0.0000000000
109389  39.208  36.735  31.616 0.0000000000
109933  39.347  37.634  31.702 0.0000000000
109932  40.571  37.376  31.453 0.0000000000
109387  40.985  36.697  31.275 0.0000000000
102762  39.809  26.912  34.222 0.0000000000
103388  38.964  27.275  33.766 0.0000000000
102751  38.548  26.372  36.447 0.0000000000
102759  36.566  25.603  35.560 0.0000000000
102159  37.131  25.434  36.684 0.0000000000
102226  29.206  25.851  29.269 0.0000000000
104151  32.155  27.853  29.054 0.0000000000
104152  31.228  27.918  29.044 0.0000000000
103464  31.684  27.257  28.475 0.0000000000
102223  31.239  25.639  29.790 0.0000000000
102823  30.915  25.939  28.700 0.0000000000
101610  30.217  24.713  30.500 0.0000000000
102205  31.242  25.586  32.209 0.0000000000
111072  39.080  39.326  27.736 0.0000000000
110513  39.041  38.475  27.639 0.0000000000
109415  38.033  36.653  28.271 0.0000000000
109416  37.005  36.825  28.449 0.0000000000
108201  37.764  34.802  33.884 0.0000000000
108185  37.559  34.708  35.151 0.0000000000
108763  36.992  34.782  37.062 0.0000000000
107496  36.804  34.021  37.204 0.0000000000
111650  31.099  40.397  30.560 0.0000000000
111019  33.149  39.528  32.796 0.0000000000
110481  34.656  38.616  33.178 0.0000000000
110480  35.533  38.539  33.107 0.0000000000
108823  36.941  36.073  33.023 0.0000000000
108822  37.874  35.568  32.984 0.0000000000
103347  38.759  26.715  39.805 0.0000000000
103335  38.849  26.873  40.625 0.0000000000
102102  37.520  25.402  41.459 0.0000000000
102690  37.465  25.955  40.985 0.0000000000
101508  37.155  24.494  41.274 0.0000000000
100868  37.423  23.827  41.684 0.0000000000
99301  39.170  22.181  41.467 0.0000000000
99282  38.847  22.470  42.139 0.0000000000
99302  38.010  22.407  41.387 0.0000000000
105585  39.011  29.758  31.334 0.0000000000
104861  38.446  29.388  30.504 0.0000000000
104883  40.204  29.189  29.231 0.0000000000
104131  40.291  28.616  28.970 0.0000000000
103442  40.897  28.555  29.660 0.0000000000
105599  42.764  30.750  30.569 0.0000000000
104880  42.494  29.906  30.148 0.0000000000
103409  42.371  28.388  31.348 0.0000000000
103427  42.380  28.542  30.493 0.0000000000
103429  40.661  28.001  30.516 0.0000000000
123507  41.577  27.623  33.435 0.0000000000
103384  42.619  26.986  34.538 0.0000000000
103382  41.374  26.989  36.230 0.0000000000
106867  40.413  32.734  35.622 0.0000000000
106213  40.582  32.190  35.016 0.0000000000
106221  40.752  31.711  34.460 0.0000000000
105544  40.194  31.534  35.073 0.0000000000
106185  39.147  31.784  37.758 0.0000000000
104808  39.921  29.958  37.368 0.0000000000
104809  39.631  30.542  37.218 0.0000000000
104818  39.971  29.995  36.313 0.0000000000
105540  40.031  30.254  35.448 0.0000000000
104082  40.606  29.060  36.110 0.0000000000
123502  40.927  28.460  35.666 0.0000000000
104063  41.315  28.240  38.113 0.0000000000
103360  41.353  27.602  38.475 0.0000000000
103344  41.106  27.638  39.818 0.0000000000
104019  40.305  28.609  41.956 0.0000000000
104018  40.519  28.165  41.796 0.0000000000
103312  40.050  27.940  42.585 0.0000000000
104031  38.008  28.978  41.555 0.0000000000
103306  38.124  27.722  43.861 0.0000000000
103305  38.887  27.823  44.045 0.0000000000
102651  39.373  26.844  45.236 0.0000000000
111736  32.807  41.125  25.671 0.0000000000
112325  35.032  41.835  26.140 0.0000000000
110998  37.229  40.109  33.284 0.0000000000
111599  36.469  41.113  32.826 0.0000000000
111598  37.216  40.542  32.327 0.0000000000
111622  36.764  41.150  31.668 0.0000000000
111644  36.382  41.439  30.762 0.0000000000
112247  36.753  42.128  29.877 0.0000000000
112263  38.892  42.774  29.067 0.0000000000
111678  39.072  41.756  28.774 0.0000000000
112280  38.858  42.647  28.404 0.0000000000
111062  39.184  40.468  28.356 0.0000000000
110508  40.926  38.125  28.163 0.0000000000
109945  41.172  37.096  28.142 0.0000000000
109937  41.596  36.494  30.344 0.0000000000
109936  41.990  36.537  29.640 0.0000000000
109397  42.302  36.051  29.486 0.0000000000
123634  41.678  34.548  28.762 0.0000000000
108855  40.721  35.290  28.687 0.0000000000
106912  40.077  32.782  31.237 0.0000000000
106232  39.593  30.781  31.536 0.0000000000
106259  39.196  31.990  31.713 0.0000000000
105558  38.319  30.374  31.805 0.0000000000
104896  37.293  28.664  29.214 0.0000000000
104897  36.344  28.633  29.271 0.0000000000
104146  36.862  28.281  28.674 0.0000000000
103446  36.792  27.605  30.098 0.0000000000
103460  36.028  27.633  29.230 0.0000000000
103448  34.815  27.215  30.859 0.0000000000
103394  37.681  27.102  33.313 0.0000000000
103414  37.645  27.462  32.058 0.0000000000
103395  36.592  26.955  33.230 0.0000000000
102788  35.087  26.901  32.858 0.0000000000
102789  34.424  26.717  32.528 0.0000000000
102790  33.198  26.118  32.716 0.0000000000
102774  33.519  25.741  33.423 0.0000000000
102181  32.759  25.125  33.899 0.0000000000
101569  31.652  23.986  34.575 0.0000000000
100927  32.126  23.768  35.070 0.0000000000
102727  37.749  26.079  38.774 0.0000000000
101548  35.936  24.333  38.654 0.0000000000
102150  36.609  25.301  37.988 0.0000000000
102151  36.023  24.892  37.770 0.0000000000
102155  35.770  24.908  36.835 0.0000000000
101554  35.360  24.271  37.490 0.0000000000
98468  36.191  21.213  38.409 0.0000000000
99337  35.706  22.386  39.047 0.0000000000
99346  35.427  21.910  38.488 0.0000000000
104115  33.625  28.657  30.361 0.0000000000
104132  35.426  28.469  29.529 0.0000000000
106888  37.533  31.920  32.201 0.0000000000
106235  36.797  31.115  32.529 0.0000000000
105561  35.103  30.369  32.293 0.0000000000
105589  34.777  29.597  31.770 0.0000000000
100833  39.350  24.612  45.651 0.0000000000
100843  39.562  23.812  44.815 0.0000000000
108213  41.262  33.330  31.965 0.0000000000
107546  41.318  33.358  32.716 0.0000000000
107536  41.346  33.404  33.448 0.0000000000
105527  36.492  31.147  37.375 0.0000000000
105513  37.388  31.166  38.330 0.0000000000
105514  36.764  30.886  37.919 0.0000000000
104782  36.951  30.165  39.054 0.0000000000
109369  38.509  36.739  32.239 0.0000000000
108825  40.080  35.588  31.115 0.0000000000
102749  40.732  26.607  35.633 0.0000000000
102750  39.641  26.487  36.082 0.0000000000
103476  32.174  26.383  28.271 0.0000000000
102828  32.330  26.111  28.545 0.0000000000
102214  31.223  25.704  30.117 0.0000000000
102803  31.023  25.661  31.126 0.0000000000
102812  31.215  25.781  30.830 0.0000000000
102802  31.454  25.897  31.542 0.0000000000
102792  31.601  25.720  32.254 0.0000000000
109946  39.957  37.368  28.088 0.0000000000
109958  39.178  37.830  27.770 0.0000000000
109941  39.204  36.956  28.479 0.0000000000
109414  38.623  36.819  28.393 0.0000000000
104870  30.170  29.162  31.669 0.0000000000
104119  29.520  28.587  31.053 0.0000000000
104139  28.890  28.235  30.321 0.0000000000
108803  36.930  35.296  33.514 0.0000000000
108203  36.229  34.972  34.671 0.0000000000
109374  33.526  36.978  32.852 0.0000000000
109373  34.531  36.892  32.974 0.0000000000
109372  35.520  36.859  33.049 0.0000000000
103324  38.961  27.167  41.722 0.0000000000
102101  38.201  25.825  42.084 0.0000000000
102092  38.051  25.194  42.241 0.0000000000
100098  39.585  23.013  42.928 0.0000000000
100109  40.597  22.318  42.219 0.0000000000
99317  40.785  22.077  40.432 0.0000000000
105584  40.220  30.283  31.246 0.0000000000
104860  39.681  29.415  30.392 0.0000000000
104882  41.474  29.433  29.299 0.0000000000
105554  42.472  30.617  32.213 0.0000000000
104857  42.707  29.873  31.080 0.0000000000
123499  42.091  27.543  33.714 0.0000000000
123498  42.311  27.804  34.287 0.0000000000
108168  39.284  34.618  35.729 0.0000000000
107524  40.072  34.071  35.409 0.0000000000
105512  39.368  31.002  37.902 0.0000000000
104793  40.186  29.709  38.107 0.0000000000
104055  40.960  28.722  39.111 0.0000000000
104040  40.968  28.501  40.061 0.0000000000
104039  41.230  28.101  40.264 0.0000000000
104754  40.524  28.745  40.626 0.0000000000
104030  40.323  28.767  41.241 0.0000000000
104020  39.553  28.798  42.325 0.0000000000
103315  37.158  27.961  43.311 0.0000000000
111718  32.855  40.888  26.785 0.0000000000
111626  33.386  40.393  31.732 0.0000000000
111625  34.330  40.780  31.940 0.0000000000
111030  38.385  39.400  31.819 0.0000000000
111031  37.791  40.049  31.911 0.0000000000
111048  40.317  39.606  29.154 0.0000000000
123636  42.407  34.293  29.735 0.0000000000
123638  42.556  34.423  29.369 0.0000000000
123635  42.329  34.067  29.524 0.0000000000
103473  37.997  27.829  28.526 0.0000000000
103474  37.270  27.703  28.631 0.0000000000
103458  37.910  27.582  29.032 0.0000000000
103433  36.676  27.506  31.231 0.0000000000
102771  36.494  26.542  33.812 0.0000000000
102180  33.523  25.408  33.994 0.0000000000
102179  34.087  25.520  34.349 0.0000000000
102168  33.764  25.072  34.848 0.0000000000
101565  33.086  23.912  35.464 0.0000000000
102121  36.862  25.254  39.485 0.0000000000
102139  36.720  25.162  38.800 0.0000000000
101527  36.452  24.657  39.485 0.0000000000
101528  36.075  24.076  39.504 0.0000000000
108225  38.809  34.714  29.847 0.0000000000
108829  38.787  35.069  29.611 0.0000000000
107575  37.317  33.998  30.790 0.0000000000
104868  32.136  28.970  31.375 0.0000000000
109353  32.944  36.358  33.341 0.0000000000
108806  33.343  35.692  33.918 0.0000000000
101493  39.191  24.887  44.430 0.0000000000
100854  39.070  24.284  43.898 0.0000000000
100842  39.952  23.321  44.406 0.0000000000
100852  40.189  23.197  44.199 0.0000000000
100096  41.506  22.007  43.014 0.0000000000
106263  42.774  31.493  31.099 0.0000000000
106885  42.392  31.704  32.161 0.0000000000
106230  42.500  31.156  32.219 0.0000000000
105547  41.717  30.391  33.177 0.0000000000
107495  37.861  33.774  37.209 0.0000000000
106172  38.492  31.423  38.393 0.0000000000
105491  38.743  30.478  39.427 0.0000000000
104756  39.156  29.474  40.777 0.0000000000
104032  37.157  29.031  41.155 0.0000000000
112285  34.319  41.353  29.014 0.0000000000
111000  35.911  39.852  33.553 0.0000000000
111579  36.286  40.625  33.550 0.0000000000
111015  37.533  39.678  32.753 0.0000000000
123640  41.549  35.140  30.526 0.0000000000
123639  42.110  34.394  30.235 0.0000000000
103392  39.453  27.658  32.150 0.0000000000
103389  38.249  26.969  34.042 0.0000000000
102764  37.601  26.480  34.392 0.0000000000
102165  36.055  25.551  35.576 0.0000000000
102161  35.618  25.191  36.012 0.0000000000
100145  36.189  22.545  39.961 0.0000000000
99344  37.337  21.364  39.133 0.0000000000
103465  30.775  26.987  28.622 0.0000000000
102824  29.882  26.307  28.834 0.0000000000
102829  31.760  26.078  28.364 0.0000000000
102225  29.976  25.425  29.197 0.0000000000
101611  29.613  24.156  30.631 0.0000000000
101596  29.864  23.891  32.538 0.0000000000
100949  29.940  23.770  32.909 0.0000000000
109959  38.409  37.836  27.545 0.0000000000
109960  37.444  37.916  27.343 0.0000000000
108830  38.337  35.138  29.740 0.0000000000
108200  38.810  34.553  33.852 0.0000000000
108156  38.860  34.706  36.587 0.0000000000
107513  37.628  32.994  37.063 0.0000000000
106858  37.268  32.507  37.107 0.0000000000
111001  34.922  39.881  33.644 0.0000000000
109919  33.110  37.903  32.658 0.0000000000
110469  33.996  39.485  33.401 0.0000000000
110468  34.425  39.354  33.436 0.0000000000
111017  35.943  39.175  33.208 0.0000000000
110479  36.394  38.574  32.976 0.0000000000
109915  36.922  37.751  32.823 0.0000000000
109371  36.477  36.869  32.943 0.0000000000
103362  39.807  27.160  38.941 0.0000000000
102725  39.239  26.751  38.157 0.0000000000
103363  39.016  26.743  39.087 0.0000000000
102711  38.331  26.377  39.308 0.0000000000
102712  37.706  26.054  39.604 0.0000000000
102701  37.601  26.052  40.415 0.0000000000
102120  37.207  25.634  39.891 0.0000000000
101515  36.687  24.417  40.481 0.0000000000
100113  36.797  23.336  40.831 0.0000000000
101500  38.219  24.622  42.778 0.0000000000
100861  37.978  23.831  42.352 0.0000000000
100099  38.258  23.028  42.285 0.0000000000
100100  37.739  23.396  41.929 0.0000000000
100112  37.381  23.038  41.334 0.0000000000
99303  37.389  22.575  41.025 0.0000000000
99320  37.081  22.256  40.570 0.0000000000
99334  38.375  21.574  39.874 0.0000000000
105587  37.023  29.674  31.224 0.0000000000
104863  36.504  29.371  30.721 0.0000000000
104862  37.389  29.389  30.580 0.0000000000
104885  37.817  29.206  29.737 0.0000000000
104895  38.124  29.019  29.113 0.0000000000
104894  39.111  29.191  28.677 0.0000000000
104144  38.493  28.642  28.526 0.0000000000
103456  39.196  27.991  28.620 0.0000000000
103430  39.538  27.854  30.507 0.0000000000
105600  42.086  30.702  29.901 0.0000000000
104881  42.157  29.757  29.516 0.0000000000
104129  42.200  28.865  29.414 0.0000000000
104111  42.659  29.020  30.426 0.0000000000
104112  42.371  28.607  30.116 0.0000000000
103441  41.586  28.597  29.537 0.0000000000
102755  40.831  26.776  34.513 0.0000000000
123500  41.830  27.038  33.928 0.0000000000
107527  41.098  33.408  34.196 0.0000000000
107523  40.671  33.358  35.043 0.0000000000
106875  41.299  32.663  34.432 0.0000000000
106220  41.259  31.692  34.084 0.0000000000
106227  41.067  31.064  33.922 0.0000000000
106199  39.708  32.073  36.679 0.0000000000
105541  39.647  31.095  35.835 0.0000000000
123509  40.834  29.230  34.077 0.0000000000
123506  40.828  28.701  34.589 0.0000000000
123497  41.280  28.114  35.632 0.0000000000
103333  40.555  27.715  41.045 0.0000000000
104749  39.347  29.173  41.609 0.0000000000
104012  38.880  28.109  42.955 0.0000000000
103314  39.115  28.085  43.573 0.0000000000
103304  38.721  27.628  43.742 0.0000000000
102066  39.651  25.936  45.402 0.0000000000
102054  39.612  25.870  46.038 0.0000000000
101473  39.164  25.168  46.152 0.0000000000
112310  35.628  42.110  26.516 0.0000000000
112294  37.204  42.102  26.988 0.0000000000
112267  35.065  41.595  29.595 0.0000000000
111600  35.736  41.122  33.299 0.0000000000
112220  36.132  41.465  32.677 0.0000000000
112248  35.734  41.778  30.221 0.0000000000
112265  37.277  42.663  28.863 0.0000000000
111660  38.184  42.306  29.461 0.0000000000
112264  38.176  43.024  29.247 0.0000000000
112802  38.087  43.326  28.706 0.0000000000
112817  38.492  43.174  28.362 0.0000000000
111063  38.597  41.015  27.977 0.0000000000
111071  39.512  38.826  27.714 0.0000000000
110497  41.424  37.646  29.952 0.0000000000
110502  41.775  37.422  29.158 0.0000000000
109944  41.806  36.817  28.664 0.0000000000
123643  42.533  34.890  28.878 0.0000000000
109411  42.255  35.902  28.818 0.0000000000
109412  41.503  36.111  28.407 0.0000000000
108245  39.714  34.669  29.717 0.0000000000
107573  39.409  34.243  30.157 0.0000000000
106887  38.400  31.772  31.997 0.0000000000
104161  36.678  27.864  28.595 0.0000000000
102819  34.215  27.024  30.370 0.0000000000
102809  33.792  26.869  30.710 0.0000000000
103434  35.727  27.332  31.574 0.0000000000
103396  36.022  26.829  33.357 0.0000000000
103416  35.648  27.120  32.719 0.0000000000
102799  34.266  27.014  31.372 0.0000000000
102791  32.119  25.877  32.347 0.0000000000
102197  31.648  25.354  32.849 0.0000000000
102195  33.109  25.570  33.413 0.0000000000
102182  32.125  25.151  33.542 0.0000000000
101583  31.536  24.719  33.748 0.0000000000
102149  37.181  25.674  38.334 0.0000000000
102153  37.173  25.581  37.484 0.0000000000
102156  35.222  24.773  36.399 0.0000000000
100146  35.727  22.834  39.485 0.0000000000
100912  35.090  23.032  38.087 0.0000000000
100914  35.105  23.737  37.593 0.0000000000
101555  34.904  23.924  37.281 0.0000000000
101559  34.631  24.262  36.583 0.0000000000
101563  34.361  24.586  35.833 0.0000000000
100923  33.345  23.664  35.754 0.0000000000
99280  41.676  21.799  42.435 0.0000000000
99321  36.461  22.429  40.179 0.0000000000
99336  36.281  22.183  39.615 0.0000000000
100084  39.829  23.310  43.582 0.0000000000
100111  37.949  22.732  41.745 0.0000000000
100126  37.071  22.678  40.834 0.0000000000
100152  34.969  22.593  37.981 0.0000000000
100180  29.899  22.682  33.041 0.0000000000
100928  31.683  23.252  35.077 0.0000000000
101472  39.632  25.170  45.968 0.0000000000
101560  34.100  23.869  36.314 0.0000000000
101567  33.321  24.668  34.923 0.0000000000
102111  37.212  25.561  40.621 0.0000000000
102112  36.808  25.129  40.141 0.0000000000
102140  36.305  24.911  38.414 0.0000000000
102198  30.986  25.208  32.538 0.0000000000
102633  39.072  26.545  46.022 0.0000000000
102650  39.619  26.309  45.678 0.0000000000
102830  31.373  26.466  28.375 0.0000000000
103311  40.334  28.107  42.316 0.0000000000
103322  40.394  27.905  42.030 0.0000000000
103332  41.057  27.955  40.572 0.0000000000
103417  34.995  27.059  32.518 0.0000000000
103457  38.716  27.739  28.868 0.0000000000
103471  38.986  28.027  28.475 0.0000000000
103472  38.629  27.969  28.490 0.0000000000
103475  36.753  27.659  28.799 0.0000000000
103477  31.860  26.646  28.204 0.0000000000
104004  38.659  28.117  43.688 0.0000000000
104009  40.400  28.189  42.148 0.0000000000
104010  40.247  28.332  42.331 0.0000000000
104028  41.022  28.191  40.557 0.0000000000
104143  39.635  28.358  28.671 0.0000000000
104157  39.192  28.315  28.500 0.0000000000
104158  38.758  28.290  28.456 0.0000000000
104159  38.150  28.181  28.414 0.0000000000
104160  37.401  28.022  28.294 0.0000000000
104832  42.028  30.147  32.804 0.0000000000
104888  33.388  28.694  30.346 0.0000000000
104901  39.422  28.547  28.532 0.0000000000
104902  39.128  28.645  28.468 0.0000000000
105555  42.104  30.734  32.729 0.0000000000
105556  39.647  30.498  31.481 0.0000000000
105582  41.803  30.503  29.812 0.0000000000
106188  36.888  31.502  37.516 0.0000000000
106222  40.403  31.827  34.998 0.0000000000
106256  42.622  31.420  31.717 0.0000000000
106855  40.473  33.084  35.597 0.0000000000
106857  37.619  32.735  37.192 0.0000000000
106874  41.411  31.962  34.088 0.0000000000
107547  40.950  33.501  33.063 0.0000000000
108139  38.476  34.685  36.894 0.0000000000
108764  36.753  34.875  37.119 0.0000000000
108773  37.035  34.921  37.058 0.0000000000
109410  42.556  35.492  29.200 0.0000000000
109931  41.215  37.124  31.169 0.0000000000
110496  41.811  36.960  29.641 0.0000000000
111060  40.503  38.590  28.154 0.0000000000
111578  37.011  40.442  33.156 0.0000000000
111582  33.983  40.114  33.420 0.0000000000
112221  35.856  41.422  32.911 0.0000000000
112232  35.806  41.479  32.412 0.0000000000
112233  35.452  41.321  32.679 0.0000000000
112800  38.854  43.214  28.822 0.0000000000
112801  38.633  43.331  28.821 0.0000000000
112818  37.843  43.034  28.230 0.0000000000
123495  42.594  27.631  34.301 0.0000000000
123503  41.184  28.253  35.964 0.0000000000
