#!ascii label  , from subject 4123 vox2ras=TkReg
667
58448  20.727  -19.988  0.722 0.1428571492
57473  19.436  -20.613  0.561 0.1428571492
59548  20.175  -18.796  0.305 0.1428571492
59547  20.981  -18.824  0.310 0.2857142985
58480  19.737  -19.742  0.459 0.1428571492
59518  21.557  -19.179  0.777 0.1428571492
60561  20.996  -17.169  -0.397 0.5714285970
60532  21.700  -17.685  0.149 0.1428571492
60531  22.522  -16.988  -0.339 0.2857142985
60506  23.015  -17.551  0.522 0.2857142985
61538  23.604  -16.141  0.118 0.1428571492
61539  23.349  -16.599  -0.193 0.2857142985
65188  24.069  -13.732  -1.679 0.2857142985
63992  23.613  -14.391  -1.622 0.1428571492
63974  23.879  -15.038  -1.043 0.2857142985
67363  24.670  -11.657  -2.396 0.2857142985
65187  24.601  -13.291  -1.770 0.2857142985
68457  24.565  -10.855  -2.819 0.2857142985
70543  25.939  -9.433  -3.506 0.2857142985
70577  26.816  -8.919  -5.072 0.8571428657
71630  26.651  -8.691  -3.989 0.4285714328
69510  26.173  -10.086  -3.417 0.2857142985
70600  26.960  -8.609  -6.782 0.7142857313
68514  28.104  -9.856  -6.459 0.7142857313
68502  27.175  -9.604  -5.901 0.7142857313
70564  26.643  -8.584  -4.606 0.7142857313
71674  27.831  -7.136  -6.701 0.8571428657
71663  27.347  -7.434  -6.384 0.5714285970
71664  26.602  -7.386  -6.303 0.8571428657
69559  26.572  -9.182  -7.043 0.7142857313
69541  26.368  -8.777  -5.926 0.7142857313
74660  27.521  -4.435  -8.220 0.4285714328
73658  27.372  -5.934  -7.186 0.7142857313
72652  27.096  -6.856  -6.414 0.8571428657
76783  28.270  -2.509  -8.151 0.2857142985
77911  26.519  -1.834  -8.318 0.5714285970
73674  26.683  -5.403  -7.291 0.8571428657
123110  26.823  -1.402  -7.270 0.1428571492
77910  27.991  -1.658  -7.996 0.1428571492
76784  26.986  -2.761  -8.709 0.5714285970
75704  26.203  -3.577  -8.854 0.8571428657
81167  26.241  1.451  -5.725 0.1428571492
77882  26.967  -0.690  -6.488 0.1428571492
78994  26.501  0.059  -6.132 0.1428571492
77883  26.034  -1.613  -6.916 0.4285714328
123113  25.966  -2.757  -9.317 0.8571428657
83220  25.960  3.445  -4.784 0.1428571492
82256  26.711  1.870  -5.419 0.1428571492
82229  26.200  2.414  -5.418 0.1428571492
80060  25.984  0.558  -6.026 0.1428571492
80061  25.136  0.285  -6.284 0.4285714328
123115  25.769  -1.525  -8.413 0.7142857313
76785  25.071  -2.136  -9.082 0.8571428657
82230  25.497  2.875  -5.363 0.1428571492
84247  25.705  4.401  -4.889 0.1428571492
81151  25.235  2.138  -5.743 0.1428571492
79000  24.937  -1.033  -6.522 0.8571428657
123112  25.719  -2.000  -8.856 0.8571428657
79009  25.000  -1.292  -8.180 0.8571428657
85275  25.659  5.361  -4.957 0.1428571492
83221  25.315  3.640  -5.349 0.1428571492
83242  24.639  3.689  -5.794 0.8571428657
81180  23.801  0.582  -6.891 0.8571428657
87384  25.196  7.439  -5.195 0.1428571492
88394  25.686  8.436  -4.887 0.1428571492
85276  24.922  5.511  -5.517 0.4285714328
84264  23.545  4.780  -6.260 0.8571428657
83243  23.844  3.708  -6.344 0.8571428657
81170  23.641  1.967  -7.051 0.8571428657
81181  23.426  1.151  -7.520 0.8571428657
86326  24.677  6.494  -5.624 0.4285714328
82258  23.716  2.639  -6.709 0.8571428657
83265  23.205  3.356  -6.842 0.8571428657
88402  24.775  8.363  -5.361 0.1428571492
89338  25.252  9.335  -5.158 0.2857142985
87385  24.411  7.432  -5.814 0.5714285970
86343  23.980  6.566  -6.289 0.8571428657
85292  24.192  5.620  -6.118 0.8571428657
85293  23.308  5.764  -6.369 0.8571428657
83244  23.034  4.066  -6.487 0.8571428657
90278  24.897  10.216  -5.513 0.2857142985
89339  24.362  9.254  -5.616 0.7142857313
88403  24.105  8.305  -6.041 0.8571428657
86344  23.148  6.676  -6.554 0.8571428657
86345  22.587  6.770  -7.074 0.8571428657
84265  22.666  4.899  -6.488 0.8571428657
90283  24.187  10.065  -6.241 0.8571428657
89345  23.679  9.098  -6.315 0.8571428657
87397  23.015  7.491  -6.672 0.8571428657
88412  22.448  8.654  -7.186 0.7142857313
88411  22.962  8.230  -6.721 0.7142857313
91191  24.104  10.969  -6.718 0.8571428657
89346  23.083  8.828  -6.699 0.8571428657
90284  23.150  9.864  -7.123 0.8571428657
91192  23.584  11.066  -7.436 0.8571428657
93025  24.462  13.370  -6.488 0.7142857313
92141  24.132  12.212  -6.950 0.8571428657
93033  23.980  13.343  -7.163 0.8571428657
92150  23.774  12.786  -7.539 0.8571428657
93881  23.091  14.349  -7.879 0.7142857313
92142  23.580  11.681  -7.614 0.8571428657
96437  26.090  17.210  -7.565 0.1428571492
93880  23.721  14.231  -7.251 0.8571428657
94735  23.562  15.227  -7.523 0.7142857313
93034  23.396  13.355  -7.944 0.8571428657
97269  26.505  18.683  -8.849 0.1428571492
95597  24.333  16.145  -7.473 0.5714285970
96439  24.053  17.006  -7.791 0.5714285970
96453  23.580  17.560  -8.373 0.5714285970
97254  24.897  18.034  -7.907 0.1428571492
98104  26.275  19.876  -10.572 0.1428571492
97272  23.465  18.564  -8.839 0.5714285970
98985  25.578  20.696  -10.260 0.1428571492
98984  25.934  20.503  -10.848 0.1428571492
98078  24.730  19.743  -8.698 0.1428571492
98997  25.717  21.020  -11.201 0.1428571492
97271  24.283  18.580  -8.238 0.5714285970
99781  24.950  21.443  -10.088 0.1428571492
99793  25.250  21.685  -10.839 0.1428571492
58449  19.969  -20.490  0.535 0.1428571492
57453  20.050  -21.231  0.986 0.1428571492
59546  21.739  -18.483  0.560 0.2857142985
60507  22.197  -18.084  0.564 0.2857142985
63973  24.420  -14.699  -0.713 0.2857142985
62704  23.424  -15.670  -1.002 0.1428571492
69511  25.220  -10.121  -3.109 0.2857142985
69490  24.517  -10.284  -2.933 0.2857142985
70563  27.092  -9.018  -4.620 0.4285714328
71612  25.898  -8.722  -3.618 0.5714285970
72659  28.110  -6.580  -7.224 0.2857142985
70578  26.381  -8.335  -5.207 0.7142857313
75703  27.850  -3.490  -8.415 0.1428571492
74661  26.195  -4.423  -7.701 0.8571428657
123106  26.150  -2.093  -8.731 0.7142857313
81152  24.659  2.277  -5.890 0.8571428657
81169  24.319  1.492  -6.398 0.8571428657
80070  23.429  -0.173  -7.125 0.8571428657
91182  24.583  11.068  -5.916 0.8571428657
92140  24.629  12.828  -6.215 0.8571428657
93879  24.302  14.050  -6.779 0.8571428657
96438  24.940  17.210  -7.518 0.2857142985
97270  25.397  18.679  -8.263 0.1428571492
98105  25.866  20.042  -9.955 0.1428571492
99806  25.370  21.931  -12.680 0.1428571492
57454  18.790  -20.846  1.125 0.1428571492
61563  22.790  -16.423  -0.857 0.2857142985
60560  21.818  -16.860  -0.616 0.4285714328
63990  24.967  -13.726  -1.474 0.2857142985
66311  24.603  -12.467  -2.043 0.2857142985
65205  24.280  -12.945  -2.235 0.2857142985
65206  23.748  -13.381  -2.217 0.2857142985
66312  24.111  -12.501  -2.602 0.2857142985
71631  26.232  -7.900  -4.079 0.7142857313
81166  26.878  1.349  -5.438 0.1428571492
83201  26.591  3.727  -4.225 0.1428571492
86324  25.941  6.040  -4.552 0.1428571492
86325  25.487  6.423  -4.935 0.2857142985
87377  26.006  7.517  -4.358 0.1428571492
84263  24.403  4.641  -5.966 0.8571428657
79001  23.951  -1.139  -6.953 0.8571428657
79021  24.193  -0.738  -8.822 1.0000000000
90277  25.788  10.301  -5.044 0.1428571492
91181  25.362  11.193  -5.365 0.2857142985
93869  25.000  14.145  -6.546 0.5714285970
94734  24.630  15.035  -6.902 0.7142857313
95596  25.498  16.130  -6.940 0.2857142985
97253  25.487  17.864  -7.840 0.1428571492
98079  23.791  19.433  -8.637 0.2857142985
98090  26.109  19.542  -9.601 0.1428571492
98971  24.802  20.744  -9.394 0.1428571492
98957  24.364  20.453  -8.961 0.1428571492
99782  24.251  21.571  -9.770 0.1428571492
99794  24.527  22.230  -10.534 0.1428571492
99804  24.919  22.514  -11.335 0.1428571492
93008  25.702  12.779  -5.664 0.4285714328
93024  25.375  13.358  -6.086 0.4285714328
93868  25.707  14.266  -6.233 0.4285714328
94719  25.346  14.794  -6.504 0.4285714328
94733  25.449  15.352  -6.635 0.5714285970
58479  20.371  -19.377  0.379 0.1428571492
57474  18.943  -20.126  0.734 0.1428571492
60533  20.652  -17.990  0.020 0.4285714328
70593  25.955  -7.782  -5.988 0.7142857313
73673  27.409  -5.183  -7.580 0.8571428657
73659  26.624  -6.115  -7.117 0.8571428657
81168  25.424  1.284  -5.901 0.2857142985
80059  26.624  0.727  -5.760 0.1428571492
78995  25.924  -0.492  -6.244 0.1428571492
84248  25.153  4.544  -5.487 0.5714285970
80069  24.230  -0.035  -6.647 0.8571428657
82257  24.293  2.761  -6.066 0.8571428657
87396  23.701  7.444  -6.351 0.8571428657
85294  22.547  6.078  -6.899 0.8571428657
92127  24.379  11.636  -6.289 0.8571428657
96451  26.088  18.087  -8.076 0.1428571492
96452  24.356  17.688  -7.953 0.5714285970
98117  26.562  19.897  -11.477 0.1428571492
98091  25.491  20.062  -9.414 0.1428571492
98996  26.156  20.435  -11.355 0.1428571492
98077  25.672  19.389  -8.901 0.1428571492
92126  24.907  12.204  -5.789 0.5714285970
98958  23.868  20.203  -8.820 0.1428571492
66325  22.493  -11.946  -2.568 0.5714285970
66315  21.348  -12.039  -2.137 0.5714285970
67349  20.377  -12.321  -1.645 0.2857142985
68459  22.996  -10.756  -2.668 0.5714285970
67382  21.658  -10.983  -2.466 0.5714285970
65191  20.884  -13.608  -1.343 0.4285714328
67381  22.393  -11.222  -2.511 0.5714285970
67350  19.772  -12.097  -1.562 0.2857142985
67366  20.523  -11.642  -2.061 0.4285714328
69512  24.326  -9.799  -2.998 0.4285714328
69513  23.213  -9.903  -2.839 0.5714285970
69514  22.016  -9.699  -3.021 0.5714285970
69515  20.868  -9.792  -3.237 0.4285714328
70545  23.998  -8.991  -3.163 0.5714285970
70546  22.843  -8.891  -3.181 0.5714285970
71614  23.688  -8.103  -3.373 0.7142857313
71615  22.590  -7.925  -3.515 0.4285714328
72605  24.338  -7.455  -3.493 0.4285714328
67383  20.919  -10.859  -2.515 0.4285714328
67367  19.488  -11.254  -1.969 0.2857142985
71613  24.933  -8.175  -3.484 0.7142857313
71632  25.216  -7.034  -3.864 0.7142857313
73620  23.446  -5.809  -4.456 0.4285714328
72638  25.647  -5.573  -5.352 0.7142857313
74617  24.530  -4.230  -5.422 0.5714285970
74616  25.062  -4.849  -6.166 0.7142857313
123102  24.097  -4.008  -6.248 0.2857142985
71650  26.011  -6.956  -5.011 0.5714285970
71651  25.249  -6.218  -4.500 0.7142857313
71666  24.540  -6.293  -6.821 0.7142857313
73661  23.822  -5.063  -7.249 0.7142857313
123093  23.727  -5.800  -7.781 0.7142857313
73676  23.367  -4.416  -7.881 0.7142857313
74648  23.396  -4.028  -6.382 0.4285714328
74662  22.624  -3.859  -8.468 0.4285714328
70601  26.318  -8.133  -6.487 0.5714285970
71665  25.605  -6.561  -6.087 0.5714285970
71677  25.293  -7.174  -7.043 0.5714285970
123090  24.105  -5.885  -8.096 0.5714285970
123096  24.036  -4.975  -8.268 0.7142857313
73681  23.724  -4.398  -8.274 0.7142857313
75716  24.039  -3.093  -8.491 0.7142857313
74671  22.785  -4.192  -9.015 0.7142857313
76798  22.052  -2.069  -9.186 0.5714285970
75705  26.026  -4.060  -8.293 0.7142857313
74669  24.977  -4.229  -8.149 0.5714285970
123107  24.627  -4.939  -8.127 0.5714285970
123111  24.936  -3.648  -8.319 0.7142857313
123105  24.145  -4.374  -8.268 0.7142857313
76796  24.346  -2.065  -9.176 0.8571428657
74663  21.903  -3.771  -8.655 0.4285714328
77925  23.484  -1.297  -9.339 0.7142857313
77926  22.508  -1.269  -9.397 0.7142857313
79022  23.569  -0.588  -9.154 0.7142857313
77927  21.627  -1.098  -9.319 0.5714285970
79023  22.741  -0.450  -9.528 0.7142857313
74668  25.467  -4.138  -8.180 0.5714285970
123109  24.101  -3.486  -8.385 0.7142857313
77924  24.349  -1.188  -9.113 0.8571428657
80091  22.988  0.157  -9.050 0.7142857313
80092  22.310  0.462  -9.622 0.5714285970
81193  21.899  1.858  -8.682 0.2857142985
123114  24.966  -1.643  -8.991 0.7142857313
80090  23.552  -0.424  -8.772 0.7142857313
83284  22.137  3.148  -8.681 0.7142857313
80079  23.892  -0.736  -8.398 0.7142857313
81205  22.450  0.667  -9.028 0.8571428657
83266  22.624  3.932  -7.339 0.8571428657
82281  22.929  1.863  -8.018 0.8571428657
82282  22.468  2.531  -8.354 0.5714285970
82271  22.665  3.192  -7.948 0.8571428657
83283  22.450  3.752  -8.484 0.8571428657
82270  23.124  2.592  -7.530 0.8571428657
84301  22.380  4.811  -7.976 0.8571428657
84283  22.312  5.098  -7.189 0.8571428657
85310  22.326  5.902  -7.625 0.8571428657
90289  23.032  10.494  -7.959 0.7142857313
123190  22.628  10.037  -7.994 0.7142857313
91196  23.152  11.230  -8.075 0.5714285970
123210  22.225  10.450  -8.906 0.7142857313
91200  22.978  11.462  -8.510 0.7142857313
92151  23.398  12.193  -8.002 0.7142857313
93044  23.030  13.331  -8.993 0.7142857313
92158  22.872  12.016  -8.922 0.7142857313
93894  22.713  14.348  -9.420 0.7142857313
94748  22.296  15.283  -9.543 0.7142857313
93051  22.400  13.457  -9.888 0.5714285970
93888  22.994  14.382  -8.633 0.7142857313
94743  22.699  15.120  -8.862 0.7142857313
93895  22.075  14.388  -10.133 0.5714285970
95610  22.814  15.927  -9.026 0.4285714328
94749  21.737  15.439  -10.337 0.5714285970
94736  22.864  15.171  -8.148 0.5714285970
93901  21.204  14.413  -10.609 0.5714285970
95620  22.225  16.540  -9.764 0.5714285970
93902  20.358  14.600  -10.750 0.5714285970
95629  20.696  16.723  -11.676 0.5714285970
94755  20.890  15.595  -10.877 0.5714285970
95619  22.710  17.213  -9.481 0.5714285970
94756  20.111  15.795  -11.330 0.4285714328
93061  19.406  13.023  -10.287 0.4285714328
95638  19.318  16.958  -11.670 0.4285714328
69528  27.187  -9.262  -5.193 0.2857142985
73675  25.799  -5.604  -7.314 0.5714285970
95643  19.576  17.604  -12.212 0.2857142985
94764  19.508  16.522  -11.591 0.4285714328
94750  19.685  15.501  -10.324 0.2857142985
66314  22.001  -12.730  -2.362 0.5714285970
68458  23.654  -10.951  -2.692 0.2857142985
67365  23.078  -11.519  -2.716 0.4285714328
66297  21.136  -12.674  -1.724 0.5714285970
69491  23.951  -10.372  -2.824 0.2857142985
68480  20.788  -10.363  -2.823 0.4285714328
70547  21.743  -8.868  -3.399 0.4285714328
68461  19.042  -10.515  -2.531 0.2857142985
69493  20.203  -9.809  -2.988 0.2857142985
72619  23.758  -6.413  -4.018 0.5714285970
69550  28.815  -9.301  -5.927 0.2857142985
73621  22.743  -5.670  -4.803 0.2857142985
80080  23.169  -0.089  -8.135 0.8571428657
81192  22.654  1.146  -8.486 0.7142857313
123184  22.216  9.268  -8.095 0.7142857313
87414  22.253  7.902  -8.213 0.7142857313
93052  21.606  13.414  -10.375 0.5714285970
95599  22.896  15.623  -8.535 0.5714285970
95598  23.289  16.231  -8.148 0.5714285970
95609  23.030  16.852  -9.047 0.5714285970
95621  21.562  16.494  -10.810 0.5714285970
96472  21.611  17.562  -11.329 0.2857142985
71616  21.554  -8.085  -3.805 0.4285714328
67364  23.884  -11.692  -2.805 0.2857142985
73660  26.097  -6.291  -7.123 0.7142857313
123117  25.443  -3.375  -8.765 0.7142857313
76786  25.207  -2.882  -9.117 0.7142857313
93035  23.156  13.867  -8.371 0.8571428657
86362  22.316  6.887  -7.802 0.7142857313
70603  25.054  -7.167  -6.765 0.5714285970
66326  21.863  -11.724  -2.335 0.5714285970
66327  21.235  -11.456  -2.325 0.4285714328
68478  22.247  -10.476  -2.682 0.5714285970
68479  21.389  -10.350  -2.789 0.4285714328
68460  20.142  -10.507  -2.700 0.4285714328
70548  20.792  -8.842  -3.536 0.4285714328
72606  23.555  -7.253  -3.528 0.5714285970
72607  22.865  -7.042  -3.716 0.4285714328
72618  24.303  -6.836  -3.644 0.5714285970
71652  24.588  -6.036  -4.354 0.7142857313
72640  24.304  -5.541  -4.478 0.5714285970
73638  23.881  -4.963  -4.810 0.4285714328
72620  22.553  -6.559  -4.207 0.4285714328
72653  25.308  -5.780  -6.196 0.7142857313
73639  23.172  -4.679  -5.634 0.2857142985
71678  24.731  -6.861  -7.112 0.7142857313
123094  23.963  -6.182  -7.307 0.7142857313
73682  23.472  -4.571  -8.172 0.7142857313
72675  25.137  -5.866  -7.546 0.5714285970
74670  23.395  -3.734  -8.443 0.7142857313
75717  22.877  -3.119  -8.996 0.7142857313
76797  23.209  -2.173  -9.157 0.7142857313
81206  21.940  0.993  -8.934 0.5714285970
80093  21.601  0.821  -9.473 0.2857142985
93043  23.231  12.730  -8.487 0.7142857313
96461  22.021  17.242  -10.523 0.7142857313
69516  20.257  -9.364  -3.179 0.1428571492
60534  19.934  -18.033  0.116 0.4285714328
67362  25.556  -11.457  -2.257 0.1428571492
68456  25.370  -11.092  -2.830 0.1428571492
71611  26.364  -9.051  -3.718 0.1428571492
70542  26.863  -9.345  -3.835 0.1428571492
68476  25.783  -10.646  -3.195 0.1428571492
67361  26.186  -11.453  -2.109 0.1428571492
70541  27.637  -8.885  -3.855 0.1428571492
68475  26.315  -10.558  -3.291 0.1428571492
70562  27.640  -9.050  -4.504 0.1428571492
70589  28.989  -8.346  -5.963 0.2857142985
71673  28.671  -7.287  -6.892 0.1428571492
87398  22.505  7.647  -7.214 0.5714285970
100586  23.782  23.834  -11.334 0.1428571492
85311  22.175  6.248  -8.223 0.4285714328
87415  22.143  7.529  -8.957 0.4285714328
123197  22.002  9.477  -9.410 0.4285714328
98974  21.713  20.500  -9.818 0.2857142985
97287  22.313  18.670  -10.360 0.2857142985
96460  22.510  17.699  -9.956 0.2857142985
98092  22.434  19.535  -9.822 0.2857142985
87477  20.654  8.142  -10.549 0.1428571492
123203  21.870  10.618  -9.473 0.5714285970
92159  22.231  12.478  -9.577 0.5714285970
98093  21.483  19.576  -10.656 0.2857142985
123215  20.893  10.566  -10.339 0.4285714328
92172  21.286  12.159  -10.101 0.5714285970
97302  21.761  18.558  -11.024 0.2857142985
123213  20.809  11.431  -10.244 0.4285714328
92177  20.082  11.643  -10.481 0.2857142985
97315  20.509  18.584  -11.839 0.1428571492
97303  21.191  18.498  -11.528 0.1428571492
93059  20.419  13.206  -10.549 0.4285714328
97329  19.354  18.156  -11.953 0.1428571492
98119  19.809  19.297  -11.610 0.1428571492
98986  20.387  20.245  -11.314 0.1428571492
93066  19.504  12.220  -10.462 0.2857142985
96473  19.202  17.706  -11.122 0.2857142985
95623  19.959  16.375  -9.768 0.1428571492
98120  19.609  19.169  -11.425 0.1428571492
99000  19.670  19.877  -11.324 0.1428571492
97289  19.463  18.527  -10.647 0.1428571492
97275  19.729  18.793  -10.054 0.1428571492
98108  19.450  19.356  -11.020 0.1428571492
98083  19.965  19.299  -9.706 0.1428571492
61566  20.428  -16.546  -0.452 0.4285714328
62708  19.706  -15.888  -0.309 0.2857142985
67348  25.045  -11.895  -1.809 0.1428571492
69509  26.854  -10.251  -3.344 0.1428571492
69526  28.063  -9.169  -4.902 0.1428571492
97286  22.891  18.603  -9.592 0.2857142985
98094  20.875  20.072  -11.062 0.2857142985
98987  19.869  20.863  -11.214 0.2857142985
62683  24.002  -15.478  0.184 0.1428571492
62684  23.543  -15.949  -0.212 0.1428571492
65186  25.400  -13.366  -1.409 0.1428571492
66295  25.235  -12.600  -1.640 0.1428571492
71662  28.138  -7.662  -6.326 0.1428571492
69538  28.290  -9.480  -5.393 0.1428571492
123214  19.305  10.588  -10.322 0.1428571492
86363  22.110  6.918  -8.537 0.4285714328
123222  20.299  9.350  -10.487 0.2857142985
92168  21.966  12.849  -10.091 0.5714285970
99785  21.144  21.509  -9.783 0.2857142985
98080  23.196  19.416  -9.192 0.2857142985
98973  23.006  20.452  -9.388 0.2857142985
99784  22.085  21.501  -9.645 0.2857142985
100561  22.346  22.437  -9.890 0.1428571492
99795  23.822  22.234  -10.102 0.1428571492
98988  19.678  20.162  -10.670 0.2857142985
98975  20.750  20.595  -10.440 0.2857142985
100560  23.207  22.595  -9.991 0.1428571492
100573  23.787  23.058  -10.701 0.1428571492
98972  23.925  20.900  -9.215 0.1428571492
99783  23.243  21.678  -9.640 0.1428571492
72658  29.111  -6.791  -7.406 0.2857142985
100562  21.392  22.340  -10.042 0.2857142985
98959  23.470  19.877  -8.958 0.2857142985
60562  20.314  -17.341  -0.089 0.4285714328
69552  27.933  -8.950  -6.383 0.4285714328
96459  23.124  17.734  -9.262 0.2857142985
92160  22.119  11.612  -9.297 0.5714285970
95630  20.052  16.415  -11.966 0.4285714328
95631  19.367  16.668  -10.760 0.2857142985
96482  20.923  17.758  -12.038 0.2857142985
96471  22.238  17.922  -10.761 0.2857142985
68455  26.407  -10.958  -2.782 0.1428571492
87434  21.917  8.492  -9.624 0.2857142985
123192  21.544  9.351  -10.183 0.2857142985
123208  21.608  11.120  -9.684 0.4285714328
98107  20.731  19.423  -11.358 0.1428571492
123212  21.129  11.328  -10.097 0.4285714328
123204  20.411  10.107  -10.483 0.2857142985
123211  21.745  11.884  -9.580 0.5714285970
92176  19.794  12.528  -10.477 0.4285714328
61567  19.909  -16.778  -0.022 0.2857142985
70561  28.499  -8.596  -4.664 0.1428571492
86382  21.869  6.914  -9.208 0.2857142985
100574  22.691  23.216  -10.343 0.1428571492
75718  21.568  -3.113  -9.239 0.4285714328
80099  21.682  0.470  -10.078 0.2857142985
99786  20.830  21.579  -9.670 0.1428571492
100564  19.945  23.373  -9.999 0.1428571492
98961  20.788  20.181  -8.930 0.1428571492
100550  20.274  22.661  -9.225 0.1428571492
100563  20.525  22.459  -10.129 0.1428571492
99773  20.674  21.449  -9.070 0.1428571492
100551  19.904  23.481  -9.450 0.1428571492
98976  20.454  20.630  -10.061 0.1428571492
100539  20.960  22.623  -7.776 0.1428571492
79031  22.099  -0.116  -10.135 0.2857142985
99765  20.945  21.188  -8.141 0.1428571492
101218  20.485  23.116  -8.302 0.1428571492
101238  19.776  24.316  -10.591 0.1428571492
70544  25.076  -9.185  -3.227 0.2857142985
100576  20.857  22.966  -10.669 0.1428571492
100540  20.725  22.220  -8.165 0.1428571492
100526  21.071  21.744  -7.757 0.1428571492
63994  21.572  -14.448  -1.588 0.4285714328
62722  23.079  -15.113  -1.828 0.2857142985
65189  22.320  -13.706  -2.215 0.2857142985
63993  22.561  -14.304  -1.957 0.1428571492
65207  22.785  -13.573  -2.442 0.2857142985
61586  22.053  -15.890  -1.394 0.2857142985
66313  23.143  -12.537  -2.829 0.2857142985
62724  21.307  -15.223  -1.430 0.4285714328
64006  23.284  -13.808  -2.041 0.1428571492
64007  23.048  -14.008  -2.002 0.1428571492
62705  22.723  -16.043  -1.278 0.1428571492
65190  21.761  -13.505  -1.989 0.4285714328
123187  21.741  10.279  -9.778 0.2857142985
62723  22.291  -15.473  -1.542 0.2857142985
62706  21.043  -15.687  -1.229 0.2857142985
62707  20.413  -15.630  -0.874 0.2857142985
63975  20.272  -14.912  -1.046 0.2857142985
63995  20.644  -14.526  -1.264 0.2857142985
71634  22.185  -7.386  -3.900 0.2857142985
74638  22.780  -3.553  -6.443 0.1428571492
74649  23.157  -3.660  -7.403 0.2857142985
75707  21.282  -3.340  -8.757 0.1428571492
79033  20.465  0.498  -10.193 0.1428571492
81207  21.139  1.584  -8.952 0.1428571492
82293  21.325  2.730  -8.862 0.1428571492
83298  22.278  4.190  -9.036 0.1428571492
83300  21.019  3.551  -9.288 0.1428571492
87454  21.523  7.549  -10.174 0.1428571492
123185  21.796  9.109  -9.844 0.1428571492
86413  20.676  7.375  -10.439 0.1428571492
87476  21.288  7.864  -10.413 0.1428571492
93060  19.948  13.878  -10.567 0.1428571492
93903  19.764  14.735  -10.601 0.1428571492
93896  19.155  14.159  -9.967 0.1428571492
94757  19.629  16.117  -11.192 0.1428571492
61587  21.676  -15.841  -1.331 0.1428571492
84318  22.281  4.711  -8.728 0.2857142985
84320  21.325  4.628  -9.375 0.1428571492
123196  21.313  8.655  -10.411 0.1428571492
60563  19.907  -17.397  0.210 0.2857142985
71635  21.500  -7.290  -4.154 0.2857142985
75680  22.288  -2.953  -6.779 0.1428571492
76810  20.379  -2.087  -9.212 0.1428571492
79034  19.808  0.792  -10.149 0.1428571492
81214  20.769  1.270  -9.477 0.1428571492
81208  20.504  1.837  -8.906 0.1428571492
82294  20.762  2.619  -8.916 0.1428571492
85342  21.599  5.727  -9.253 0.1428571492
86412  21.179  7.179  -10.364 0.1428571492
71617  20.653  -8.041  -3.926 0.2857142985
61565  21.194  -16.348  -0.967 0.2857142985
75691  22.047  -3.059  -7.946 0.1428571492
82283  21.829  2.689  -8.699 0.1428571492
93067  19.023  11.615  -10.308 0.1428571492
84319  21.977  4.695  -9.213 0.1428571492
86397  21.500  6.805  -9.922 0.1428571492
72621  21.612  -6.431  -4.581 0.1428571492
83299  21.878  3.610  -9.151 0.1428571492
81216  20.312  1.382  -8.994 0.1428571492
61540  19.632  -16.888  0.575 0.1428571492
62685  19.515  -16.288  0.219 0.1428571492
62662  18.475  -16.125  1.258 0.1428571492
62709  19.314  -15.822  0.160 0.1428571492
65192  19.785  -13.789  -1.187 0.1428571492
73657  28.052  -5.798  -7.415 0.1428571492
72674  28.677  -6.125  -7.531 0.1428571492
93007  26.453  13.357  -5.672 0.1428571492
59549  19.509  -18.672  0.704 0.1428571492
63977  19.064  -15.155  -0.013 0.1428571492
63996  20.072  -14.470  -1.047 0.1428571492
63976  19.650  -14.680  -0.661 0.1428571492
92125  26.089  12.081  -5.274 0.1428571492
93023  26.020  13.845  -5.953 0.1428571492
67351  18.939  -11.834  -1.385 0.1428571492
73672  28.586  -5.292  -7.769 0.1428571492
66298  20.159  -12.899  -1.492 0.1428571492
60535  19.558  -17.730  0.547 0.1428571492
62686  18.884  -15.950  0.714 0.1428571492
59517  22.345  -18.668  1.034 0.1428571492
60559  22.342  -16.677  -0.808 0.1428571492
61514  23.493  -17.003  0.228 0.2857142985
61541  19.191  -16.752  0.917 0.1428571492
62703  23.908  -15.215  -0.639 0.2857142985
62725  20.696  -15.222  -1.245 0.2857142985
63955  24.659  -14.807  0.095 0.1428571492
65208  22.195  -13.403  -2.330 0.5714285970
66296  21.603  -12.988  -2.074 0.4285714328
68500  28.737  -10.080  -5.945 0.2857142985
68501  27.995  -10.095  -5.903 0.1428571492
68503  26.864  -9.499  -6.207 0.7142857313
68513  28.575  -9.702  -6.187 0.2857142985
68515  27.425  -9.843  -6.565 0.7142857313
68516  26.889  -9.611  -6.607 0.7142857313
68517  27.684  -9.651  -6.746 0.7142857313
68518  27.369  -9.744  -7.000 0.7142857313
68519  26.900  -9.807  -6.955 0.7142857313
69492  23.447  -10.490  -2.741 0.5714285970
69527  27.667  -9.269  -5.059 0.2857142985
69537  28.728  -9.359  -5.663 0.2857142985
69539  27.525  -9.589  -5.522 0.2857142985
69540  26.769  -9.227  -5.671 0.7142857313
69551  28.422  -9.221  -6.161 0.4285714328
69553  26.536  -9.188  -6.391 0.7142857313
69554  26.118  -8.688  -6.519 0.7142857313
69557  28.064  -9.401  -6.391 0.4285714328
69558  27.348  -9.120  -6.845 0.7142857313
69560  26.150  -8.502  -6.665 0.5714285970
70590  28.332  -8.378  -6.131 0.1428571492
70591  27.508  -8.344  -6.369 0.5714285970
70592  26.961  -7.960  -6.412 0.5714285970
70594  25.486  -7.107  -6.558 0.5714285970
70602  25.987  -7.708  -6.222 0.5714285970
71633  24.616  -6.491  -4.074 0.7142857313
71675  27.469  -7.047  -6.517 0.8571428657
71676  25.832  -7.134  -6.139 0.5714285970
72639  25.012  -5.584  -4.682 0.5714285970
72651  27.247  -7.005  -6.419 0.8571428657
72660  27.285  -6.606  -6.645 0.8571428657
72661  26.393  -6.606  -6.515 0.8571428657
72662  25.591  -6.513  -7.132 0.7142857313
73618  25.602  -4.762  -5.432 0.7142857313
73619  25.632  -4.007  -5.401 0.7142857313
73637  25.035  -4.816  -4.912 0.7142857313
74672  21.834  -4.055  -8.999 0.4285714328
75715  26.212  -3.113  -9.304 0.8571428657
75731  20.067  -2.045  -9.204 0.1428571492
76795  26.462  -2.810  -9.192 0.8571428657
76799  20.504  -1.596  -9.208 0.1428571492
77923  26.538  -2.406  -8.855 0.5714285970
79010  23.751  -0.852  -7.762 0.8571428657
79024  22.030  -0.582  -9.726 0.2857142985
80100  21.052  0.860  -9.832 0.1428571492
80101  20.433  1.240  -9.951 0.1428571492
80102  20.017  1.293  -9.490 0.1428571492
81150  25.782  1.833  -5.755 0.2857142985
81194  21.508  2.210  -8.727 0.1428571492
81215  20.510  1.445  -9.284 0.1428571492
82231  24.874  2.858  -5.577 0.8571428657
85325  22.188  5.498  -8.386 0.2857142985
85326  21.945  6.093  -8.752 0.1428571492
85341  22.049  5.341  -8.936 0.1428571492
86398  20.694  6.587  -10.159 0.1428571492
88410  23.414  8.228  -6.451 0.8571428657
94763  19.692  16.462  -11.754 0.4285714328
95580  25.794  15.600  -6.631 0.4285714328
95636  20.457  17.330  -12.145 0.2857142985
95637  19.852  17.120  -12.241 0.2857142985
95644  19.417  17.490  -12.060 0.2857142985
96483  20.248  17.893  -12.298 0.2857142985
96484  19.271  17.924  -11.776 0.1428571492
96493  19.706  17.900  -12.277 0.2857142985
96494  19.423  17.894  -12.129 0.1428571492
97274  20.138  18.424  -9.505 0.1428571492
97288  19.765  18.159  -10.083 0.1428571492
97304  19.377  18.574  -11.340 0.1428571492
97316  19.891  18.588  -12.028 0.1428571492
97317  19.540  18.571  -11.762 0.1428571492
97328  19.542  18.236  -12.092 0.1428571492
98106  21.301  19.015  -11.149 0.2857142985
98118  20.158  19.329  -11.661 0.1428571492
98998  20.280  19.804  -11.529 0.1428571492
98999  19.965  20.024  -11.625 0.1428571492
101207  20.780  22.796  -7.968 0.1428571492
101250  19.748  24.568  -11.133 0.1428571492
123089  24.690  -6.253  -7.432 0.5714285970
123091  23.982  -6.265  -7.557 0.7142857313
123092  23.709  -5.248  -8.141 0.7142857313
123095  23.822  -5.935  -7.439 0.7142857313
123097  23.850  -4.956  -8.253 0.7142857313
123098  23.907  -5.949  -7.247 0.7142857313
123099  23.500  -4.911  -7.884 0.7142857313
123100  24.167  -4.772  -8.226 0.7142857313
123101  23.595  -4.205  -6.086 0.2857142985
123103  24.136  -3.952  -8.307 0.7142857313
123104  23.622  -4.969  -8.169 0.7142857313
123108  24.330  -3.540  -8.363 0.7142857313
123116  26.007  -1.874  -8.601 0.7142857313
123118  25.798  -1.784  -8.698 0.8571428657
123119  25.638  -1.616  -8.609 0.8571428657
123120  25.925  -1.684  -8.500 0.7142857313
123121  26.224  -2.292  -8.936 0.8571428657
123186  21.871  9.517  -9.645 0.1428571492
123189  21.618  8.797  -10.133 0.1428571492
