#!ascii label  , from subject 3619 vox2ras=TkReg
1024
105822  47.664  35.523  29.755 0.0000000000
108012  50.788  38.801  28.980 0.0000000000
103706  53.486  32.442  39.627 0.0000000000
105794  42.781  35.919  32.891 0.0000000000
103762  45.935  32.717  35.987 0.0000000000
110084  51.350  41.368  26.469 0.0000000000
109996  46.811  41.089  32.886 0.0000000000
112553  51.513  45.560  34.147 0.0000000000
103045  54.075  31.585  44.808 0.0000000000
99636  50.216  26.670  42.138 0.0000000000
105138  52.824  34.858  26.749 0.0000000000
103779  51.802  33.037  33.986 0.0000000000
105787  53.746  35.025  33.571 0.0000000000
106439  53.366  36.176  39.903 0.0000000000
114517  49.139  47.973  29.206 0.0000000000
111364  54.543  43.336  28.826 0.0000000000
102477  47.240  30.450  39.722 0.0000000000
105804  45.875  35.735  31.605 0.0000000000
105063  44.541  34.114  34.282 0.0000000000
105073  47.209  34.299  33.132 0.0000000000
107305  49.491  36.866  27.251 0.0000000000
106577  46.378  36.557  27.851 0.0000000000
111952  47.378  44.415  33.067 0.0000000000
102374  53.195  30.609  47.944 0.0000000000
99591  52.675  26.517  46.589 0.0000000000
99579  53.968  25.598  47.814 0.0000000000
116514  50.813  51.811  26.665 0.0000000000
106572  53.072  36.878  27.684 0.0000000000
105110  53.681  34.365  30.181 0.0000000000
105810  51.969  35.378  30.951 0.0000000000
107930  49.582  38.286  39.955 0.0000000000
107188  51.825  37.483  38.105 0.0000000000
108641  52.105  39.593  41.273 0.0000000000
106417  52.180  36.837  42.003 0.0000000000
111349  50.666  43.445  30.476 0.0000000000
111338  53.710  43.927  32.499 0.0000000000
110055  53.078  41.391  28.239 0.0000000000
108746  53.574  39.254  26.683 0.0000000000
103736  53.313  32.527  36.568 0.0000000000
103728  50.113  32.822  37.521 0.0000000000
103122  50.762  32.024  39.803 0.0000000000
103143  43.097  31.140  36.402 0.0000000000
101815  44.313  29.291  37.390 0.0000000000
112630  52.246  45.394  26.758 0.0000000000
111999  49.476  44.334  27.399 0.0000000000
109371  48.523  40.735  30.425 0.0000000000
107254  50.284  37.341  32.511 0.0000000000
115121  46.404  49.770  34.178 0.0000000000
115097  50.164  50.651  35.372 0.0000000000
110691  49.441  42.787  33.273 0.0000000000
103099  54.135  31.976  42.154 0.0000000000
103081  51.492  31.133  42.446 0.0000000000
101777  51.587  28.796  45.132 0.0000000000
98889  52.628  25.761  42.366 0.0000000000
105131  50.082  34.528  27.831 0.0000000000
104447  49.604  33.819  31.685 0.0000000000
104444  52.289  33.362  30.728 0.0000000000
103791  54.251  32.730  32.795 0.0000000000
104375  54.647  33.692  36.485 0.0000000000
106488  51.634  36.557  34.299 0.0000000000
106470  54.090  36.028  36.438 0.0000000000
105032  54.519  34.121  38.981 0.0000000000
104999  53.192  34.051  41.915 0.0000000000
104963  52.899  34.279  44.440 0.0000000000
115831  47.961  50.710  27.426 0.0000000000
114527  51.745  48.821  28.344 0.0000000000
113233  52.286  46.090  30.196 0.0000000000
113253  53.679  46.467  27.269 0.0000000000
110773  53.817  42.383  26.132 0.0000000000
108049  51.627  38.289  26.113 0.0000000000
104391  48.940  33.506  34.900 0.0000000000
103136  46.310  31.768  38.246 0.0000000000
101154  45.756  28.164  37.986 0.0000000000
101141  48.240  28.358  41.466 0.0000000000
105813  46.732  35.700  30.581 0.0000000000
105791  46.079  35.087  32.679 0.0000000000
105802  47.551  34.920  31.524 0.0000000000
105842  47.688  35.757  27.662 0.0000000000
106576  47.495  36.436  27.480 0.0000000000
105833  46.826  35.898  28.159 0.0000000000
106552  45.801  36.202  29.407 0.0000000000
102368  52.420  30.027  48.577 0.0000000000
101076  53.140  28.321  48.178 0.0000000000
101077  52.503  28.217  48.537 0.0000000000
100490  42.882  27.248  36.263 0.0000000000
107292  51.796  37.748  28.543 0.0000000000
105830  51.895  36.137  29.355 0.0000000000
107272  51.046  37.090  30.236 0.0000000000
108643  49.670  39.960  40.871 0.0000000000
107915  50.307  39.116  40.531 0.0000000000
110038  50.382  41.255  29.159 0.0000000000
110746  51.694  42.250  28.864 0.0000000000
108735  51.686  39.761  28.453 0.0000000000
108734  52.674  39.472  27.749 0.0000000000
103725  53.552  32.552  37.596 0.0000000000
103716  51.739  32.320  38.336 0.0000000000
103128  52.479  32.231  39.511 0.0000000000
105778  41.961  35.461  33.709 0.0000000000
105065  42.639  34.267  34.748 0.0000000000
104395  44.659  33.087  35.241 0.0000000000
103764  44.157  32.530  35.715 0.0000000000
103744  44.475  31.925  36.221 0.0000000000
102487  44.173  30.787  36.790 0.0000000000
103141  44.649  31.328  36.878 0.0000000000
111400  52.025  43.606  26.338 0.0000000000
111998  50.560  44.387  27.303 0.0000000000
110761  50.492  42.754  26.852 0.0000000000
106528  43.334  36.512  30.913 0.0000000000
106513  42.501  36.411  31.884 0.0000000000
109372  47.642  40.735  30.992 0.0000000000
107991  47.541  39.110  31.703 0.0000000000
108692  46.775  39.562  32.065 0.0000000000
110693  47.556  42.471  33.547 0.0000000000
111327  48.020  43.387  33.360 0.0000000000
109983  47.905  41.925  33.096 0.0000000000
110706  48.828  42.383  31.806 0.0000000000
103061  53.926  31.463  43.435 0.0000000000
102444  53.173  30.600  43.894 0.0000000000
102417  52.912  29.662  45.263 0.0000000000
98852  53.441  25.450  44.745 0.0000000000
99619  52.022  25.904  44.656 0.0000000000
98887  54.324  25.507  42.814 0.0000000000
105140  51.570  34.250  26.970 0.0000000000
105111  51.283  34.002  28.671 0.0000000000
104466  52.404  33.707  28.159 0.0000000000
105091  54.069  34.149  31.638 0.0000000000
105090  54.184  33.616  31.460 0.0000000000
105071  54.529  34.048  33.459 0.0000000000
103776  54.598  32.808  34.932 0.0000000000
105059  54.430  34.452  34.677 0.0000000000
107232  48.984  37.482  34.319 0.0000000000
107242  50.490  36.987  33.425 0.0000000000
107224  50.517  37.021  35.143 0.0000000000
107178  52.635  37.655  39.278 0.0000000000
107201  53.265  36.792  37.263 0.0000000000
106458  54.149  36.371  38.201 0.0000000000
105735  54.569  35.158  37.700 0.0000000000
105726  53.794  35.435  39.512 0.0000000000
105012  53.516  34.019  40.720 0.0000000000
105715  53.364  35.307  40.331 0.0000000000
106402  51.856  35.955  42.624 0.0000000000
105685  52.215  35.042  43.093 0.0000000000
114530  48.585  48.688  28.685 0.0000000000
115157  50.302  49.555  28.213 0.0000000000
114516  50.321  48.049  29.074 0.0000000000
113822  51.181  48.042  35.318 0.0000000000
114481  51.054  48.869  34.273 0.0000000000
113198  51.933  46.591  34.400 0.0000000000
111345  54.206  43.870  30.367 0.0000000000
112597  53.611  45.167  31.492 0.0000000000
111982  54.123  44.655  29.707 0.0000000000
113240  53.167  46.038  29.184 0.0000000000
111996  54.244  44.432  28.092 0.0000000000
112015  54.294  44.316  26.813 0.0000000000
111397  54.552  43.396  27.029 0.0000000000
107316  53.357  37.201  26.589 0.0000000000
108063  52.896  38.613  25.481 0.0000000000
106584  52.428  36.300  26.318 0.0000000000
106585  51.133  36.118  26.680 0.0000000000
104425  51.098  33.257  32.382 0.0000000000
104427  49.352  33.531  33.095 0.0000000000
104390  49.946  33.460  34.519 0.0000000000
103710  48.333  31.883  39.236 0.0000000000
103729  48.729  32.799  37.856 0.0000000000
103131  47.480  31.514  39.148 0.0000000000
102480  46.170  30.381  38.820 0.0000000000
101808  46.462  29.504  39.211 0.0000000000
101784  50.139  29.489  43.302 0.0000000000
102456  49.595  30.209  42.215 0.0000000000
100460  48.906  27.641  41.993 0.0000000000
106511  44.404  36.159  32.105 0.0000000000
105077  43.973  34.582  33.999 0.0000000000
105775  45.319  35.049  33.170 0.0000000000
105061  46.041  34.308  33.930 0.0000000000
104416  46.230  33.791  34.426 0.0000000000
108051  49.845  39.077  27.024 0.0000000000
106527  44.454  36.416  31.152 0.0000000000
103011  54.143  30.998  46.336 0.0000000000
101761  53.044  29.301  46.205 0.0000000000
101742  53.271  29.389  47.166 0.0000000000
99590  53.199  26.177  46.997 0.0000000000
106582  53.404  36.309  27.042 0.0000000000
105118  53.485  34.422  28.018 0.0000000000
105828  53.239  35.174  28.650 0.0000000000
105819  53.080  34.973  29.949 0.0000000000
105800  52.911  34.914  32.352 0.0000000000
107190  49.325  37.389  38.283 0.0000000000
107204  49.788  37.307  37.229 0.0000000000
107180  50.082  37.624  39.240 0.0000000000
107928  52.040  38.227  39.964 0.0000000000
107912  53.158  38.083  40.735 0.0000000000
106428  53.116  36.446  40.862 0.0000000000
107895  52.792  38.706  41.569 0.0000000000
107138  52.190  38.135  42.267 0.0000000000
107139  51.380  37.973  42.706 0.0000000000
113870  48.683  47.418  30.936 0.0000000000
110689  51.413  43.215  33.190 0.0000000000
111933  53.157  44.387  34.511 0.0000000000
111340  52.066  43.497  31.721 0.0000000000
111353  53.479  43.571  29.932 0.0000000000
110744  53.649  42.175  28.526 0.0000000000
110069  54.340  41.431  27.061 0.0000000000
109392  53.359  40.626  27.595 0.0000000000
108033  53.344  38.006  26.843 0.0000000000
103759  51.963  32.684  35.217 0.0000000000
103738  50.848  33.007  36.266 0.0000000000
103727  51.369  32.597  37.391 0.0000000000
103708  50.153  32.198  39.100 0.0000000000
103116  49.112  31.321  40.382 0.0000000000
99646  50.836  26.118  40.489 0.0000000000
99647  49.901  26.542  40.427 0.0000000000
103747  41.734  32.218  36.334 0.0000000000
104419  43.361  33.736  35.037 0.0000000000
103746  42.723  31.964  36.117 0.0000000000
103144  42.143  31.196  36.495 0.0000000000
101819  42.934  29.801  36.788 0.0000000000
101158  43.091  28.515  36.930 0.0000000000
100482  44.297  27.765  37.119 0.0000000000
113266  51.874  46.483  26.697 0.0000000000
112617  50.060  45.291  27.468 0.0000000000
108715  49.807  39.535  29.862 0.0000000000
107273  50.610  37.871  30.343 0.0000000000
107989  49.119  38.837  31.108 0.0000000000
107244  48.451  37.812  33.291 0.0000000000
107233  47.918  37.695  34.375 0.0000000000
107219  47.995  37.415  36.326 0.0000000000
107182  47.690  37.922  39.182 0.0000000000
115109  47.827  50.350  35.023 0.0000000000
113824  49.336  48.488  34.634 0.0000000000
113200  49.999  47.022  33.828 0.0000000000
111949  50.859  44.556  33.859 0.0000000000
110705  49.721  42.840  31.497 0.0000000000
110712  49.400  42.322  30.454 0.0000000000
103700  53.588  32.354  40.663 0.0000000000
103112  52.822  31.763  40.967 0.0000000000
103080  52.472  31.276  42.435 0.0000000000
101783  51.133  29.957  43.789 0.0000000000
100451  50.265  27.261  43.576 0.0000000000
101122  52.243  28.525  46.035 0.0000000000
100446  50.524  27.096  44.556 0.0000000000
99635  50.800  26.473  42.575 0.0000000000
105831  48.549  35.261  29.108 0.0000000000
105105  48.698  34.661  30.729 0.0000000000
105113  49.870  34.486  29.487 0.0000000000
104445  51.427  33.442  30.802 0.0000000000
103794  51.894  33.005  31.943 0.0000000000
104452  53.583  33.602  29.986 0.0000000000
103798  53.401  32.889  31.662 0.0000000000
103786  52.820  32.680  33.225 0.0000000000
103777  53.936  32.313  34.600 0.0000000000
103735  54.111  32.722  36.747 0.0000000000
103723  54.557  33.090  37.569 0.0000000000
106525  50.836  36.930  31.693 0.0000000000
106509  51.742  36.058  32.772 0.0000000000
106497  52.853  36.111  33.972 0.0000000000
107216  51.392  36.833  35.912 0.0000000000
106478  52.601  36.428  35.211 0.0000000000
106485  53.775  36.015  34.948 0.0000000000
105738  54.519  35.204  36.731 0.0000000000
105034  54.651  34.280  38.072 0.0000000000
103705  54.338  32.769  39.081 0.0000000000
104358  53.857  33.255  40.518 0.0000000000
103669  54.062  32.510  42.305 0.0000000000
103659  53.784  32.755  43.420 0.0000000000
106416  52.613  36.042  41.695 0.0000000000
104989  53.125  34.073  42.984 0.0000000000
103046  53.674  32.328  44.795 0.0000000000
103631  53.130  32.515  46.282 0.0000000000
115830  49.108  50.952  27.444 0.0000000000
115171  50.933  50.342  27.793 0.0000000000
115154  52.509  49.137  27.582 0.0000000000
112572  53.053  45.625  33.320 0.0000000000
113243  50.898  46.611  30.078 0.0000000000
113876  52.273  47.321  29.193 0.0000000000
113884  52.920  47.492  28.613 0.0000000000
113889  53.490  47.486  27.501 0.0000000000
113264  53.380  46.498  26.710 0.0000000000
111399  53.316  43.502  26.050 0.0000000000
110083  52.324  41.394  26.125 0.0000000000
110090  53.865  40.581  25.981 0.0000000000
109420  52.633  40.626  25.837 0.0000000000
108757  51.506  39.445  26.128 0.0000000000
108035  50.178  37.499  26.977 0.0000000000
106574  49.968  35.859  27.032 0.0000000000
105084  48.261  34.275  32.189 0.0000000000
104414  48.209  33.538  34.231 0.0000000000
104379  47.018  32.972  36.098 0.0000000000
103739  49.378  33.138  36.675 0.0000000000
103740  48.137  33.056  36.838 0.0000000000
103742  46.163  32.560  36.741 0.0000000000
103134  45.215  31.013  38.221 0.0000000000
101811  45.102  29.430  37.911 0.0000000000
103114  50.971  31.697  40.710 0.0000000000
102473  49.294  31.055  40.848 0.0000000000
102469  47.985  29.800  41.018 0.0000000000
100467  48.626  27.177  40.293 0.0000000000
101145  46.846  28.765  39.663 0.0000000000
98077  53.470  24.649  48.459 0.0000000000
97364  54.363  24.223  46.079 0.0000000000
105812  47.819  35.021  30.919 0.0000000000
105832  47.728  35.623  28.560 0.0000000000
105823  46.670  35.898  29.248 0.0000000000
108011  51.255  38.189  28.978 0.0000000000
107281  51.286  37.482  29.467 0.0000000000
107282  50.806  38.210  29.515 0.0000000000
108726  50.366  39.772  29.164 0.0000000000
109394  51.140  40.610  28.706 0.0000000000
108022  51.079  39.374  28.692 0.0000000000
108021  51.653  38.794  28.428 0.0000000000
103714  53.933  32.536  38.447 0.0000000000
103715  52.875  32.265  38.702 0.0000000000
103707  52.951  32.288  39.481 0.0000000000
105759  42.176  34.856  34.348 0.0000000000
105777  43.075  35.018  33.830 0.0000000000
104394  45.634  33.129  35.230 0.0000000000
103763  45.043  32.557  35.799 0.0000000000
103743  45.306  32.165  36.603 0.0000000000
110776  50.887  42.149  26.601 0.0000000000
111401  51.227  42.902  26.539 0.0000000000
110777  50.303  42.136  26.851 0.0000000000
106512  43.562  36.353  32.014 0.0000000000
110007  47.056  41.147  32.352 0.0000000000
108705  47.243  39.819  31.526 0.0000000000
109358  46.755  40.556  32.149 0.0000000000
109984  47.165  41.642  33.389 0.0000000000
109995  47.351  41.506  32.660 0.0000000000
110006  47.449  41.365  31.760 0.0000000000
102429  54.255  30.965  44.304 0.0000000000
102443  53.895  30.891  43.821 0.0000000000
102430  53.687  30.449  44.542 0.0000000000
98875  53.488  25.598  43.672 0.0000000000
105139  52.153  34.437  26.788 0.0000000000
105129  52.144  33.901  27.401 0.0000000000
104469  52.775  33.822  27.519 0.0000000000
105082  53.979  34.542  32.783 0.0000000000
105081  54.430  33.787  32.376 0.0000000000
105072  54.150  34.692  33.844 0.0000000000
107225  49.544  37.325  35.261 0.0000000000
107231  49.982  37.186  34.298 0.0000000000
107177  53.585  37.074  38.748 0.0000000000
106450  53.940  36.276  39.126 0.0000000000
106403  51.402  35.974  42.829 0.0000000000
114518  48.012  48.098  29.245 0.0000000000
114531  47.524  48.698  28.787 0.0000000000
114529  49.717  48.747  28.620 0.0000000000
113199  51.066  46.568  34.448 0.0000000000
113187  51.495  47.305  35.054 0.0000000000
111974  54.323  44.112  30.214 0.0000000000
111981  54.491  44.047  29.323 0.0000000000
111989  54.157  44.536  28.707 0.0000000000
111988  54.511  43.973  28.398 0.0000000000
111995  54.389  44.257  27.546 0.0000000000
111377  54.615  43.301  27.852 0.0000000000
106583  53.151  36.350  26.483 0.0000000000
107317  53.063  37.265  25.932 0.0000000000
105850  52.100  35.313  26.543 0.0000000000
104411  51.031  33.421  33.267 0.0000000000
104412  50.090  33.493  33.614 0.0000000000
103780  50.772  33.387  34.076 0.0000000000
103125  47.817  31.290  39.730 0.0000000000
103711  47.831  31.730  39.211 0.0000000000
103126  47.224  31.017  39.325 0.0000000000
102478  46.798  30.446  39.226 0.0000000000
101807  46.891  29.973  39.507 0.0000000000
101131  49.535  28.333  43.057 0.0000000000
101138  49.062  28.326  42.508 0.0000000000
100459  49.517  27.325  42.370 0.0000000000
105805  45.044  36.130  31.738 0.0000000000
105792  45.007  35.628  32.537 0.0000000000
105086  46.887  34.696  32.720 0.0000000000
105075  45.818  34.690  33.447 0.0000000000
105074  46.646  34.335  33.577 0.0000000000
104430  46.934  33.941  34.032 0.0000000000
108036  49.424  38.119  27.339 0.0000000000
108748  49.040  39.476  27.327 0.0000000000
107307  47.245  37.374  27.699 0.0000000000
105814  45.869  36.078  30.691 0.0000000000
106541  45.273  36.394  30.196 0.0000000000
106526  45.320  36.216  31.084 0.0000000000
103002  53.470  30.826  47.371 0.0000000000
102373  53.385  30.052  47.631 0.0000000000
100396  52.963  27.263  48.103 0.0000000000
100402  53.103  27.360  47.567 0.0000000000
99589  53.733  25.704  47.340 0.0000000000
98814  53.777  25.437  46.712 0.0000000000
98813  54.179  25.152  47.022 0.0000000000
116536  48.897  52.006  25.982 0.0000000000
116555  49.355  52.608  25.226 0.0000000000
106571  53.258  36.262  27.599 0.0000000000
106561  53.175  35.746  27.975 0.0000000000
106562  52.796  36.200  28.201 0.0000000000
105820  51.944  35.764  29.927 0.0000000000
105809  52.827  34.790  31.351 0.0000000000
105801  52.092  35.299  32.075 0.0000000000
107181  48.836  37.704  39.237 0.0000000000
107914  51.579  39.013  40.613 0.0000000000
107929  50.849  38.263  39.978 0.0000000000
107927  52.687  38.155  39.975 0.0000000000
107913  52.765  38.571  40.641 0.0000000000
107894  53.131  38.371  41.044 0.0000000000
108640  52.686  39.305  41.317 0.0000000000
107877  52.414  39.368  42.306 0.0000000000
107878  51.898  39.068  42.822 0.0000000000
107879  50.989  39.139  43.130 0.0000000000
111335  51.495  43.264  32.238 0.0000000000
111334  52.155  43.375  32.756 0.0000000000
111348  51.758  43.633  30.705 0.0000000000
110745  52.647  42.214  28.699 0.0000000000
111354  52.497  43.539  29.857 0.0000000000
110726  53.139  42.943  29.165 0.0000000000
110725  54.070  42.880  29.186 0.0000000000
110054  54.010  41.494  27.637 0.0000000000
108020  52.359  38.241  27.764 0.0000000000
108034  53.095  38.646  27.266 0.0000000000
107303  52.979  37.664  27.412 0.0000000000
107302  53.446  37.064  27.214 0.0000000000
103758  53.116  32.435  35.464 0.0000000000
103737  52.222  32.616  36.403 0.0000000000
103130  51.038  32.224  38.948 0.0000000000
103123  49.645  31.767  39.812 0.0000000000
105064  43.672  34.148  34.533 0.0000000000
104418  44.186  33.628  34.831 0.0000000000
103745  43.624  31.873  36.056 0.0000000000
103765  43.297  32.599  35.718 0.0000000000
102489  42.598  30.339  36.663 0.0000000000
102485  43.940  29.790  37.016 0.0000000000
101157  43.746  28.338  37.160 0.0000000000
113265  52.708  46.475  26.579 0.0000000000
112616  51.048  45.267  27.332 0.0000000000
112000  48.392  44.306  27.436 0.0000000000
108716  49.161  39.994  30.155 0.0000000000
108001  49.523  39.179  30.439 0.0000000000
108002  48.848  39.433  30.759 0.0000000000
107256  48.407  38.202  32.416 0.0000000000
107220  46.966  37.662  36.340 0.0000000000
107206  47.487  37.508  37.344 0.0000000000
115761  47.329  51.044  34.534 0.0000000000
115110  46.862  50.129  34.419 0.0000000000
113825  48.373  48.486  34.389 0.0000000000
113835  48.942  47.765  33.985 0.0000000000
113834  49.820  47.829  34.404 0.0000000000
111326  49.087  43.486  33.448 0.0000000000
111950  49.759  44.506  33.470 0.0000000000
111325  50.134  43.599  33.628 0.0000000000
110690  50.444  43.019  33.218 0.0000000000
110699  49.618  42.686  32.502 0.0000000000
110020  48.319  41.695  31.015 0.0000000000
110713  48.978  42.401  31.157 0.0000000000
110019  49.080  41.317  30.142 0.0000000000
109382  49.707  40.651  29.590 0.0000000000
103685  53.651  32.004  41.090 0.0000000000
103101  53.038  31.519  41.701 0.0000000000
103079  53.237  31.477  42.528 0.0000000000
102432  52.113  29.749  44.437 0.0000000000
102445  52.073  30.251  43.860 0.0000000000
101780  51.334  29.292  44.458 0.0000000000
101781  50.474  28.834  43.978 0.0000000000
101127  50.466  28.195  44.447 0.0000000000
101101  52.631  28.277  46.609 0.0000000000
101762  52.604  28.850  46.080 0.0000000000
101102  52.014  27.912  46.270 0.0000000000
99627  52.628  25.829  43.668 0.0000000000
99620  51.206  26.421  44.568 0.0000000000
99628  51.842  26.157  43.697 0.0000000000
99629  51.007  26.522  43.621 0.0000000000
99634  51.818  26.083  42.664 0.0000000000
99638  51.646  25.847  41.680 0.0000000000
98902  52.471  25.701  41.726 0.0000000000
105132  49.568  34.658  28.196 0.0000000000
105123  49.315  34.765  28.787 0.0000000000
105122  50.067  34.473  28.614 0.0000000000
104454  51.776  33.473  30.030 0.0000000000
104455  50.995  33.688  30.138 0.0000000000
103800  51.895  33.263  31.312 0.0000000000
105109  53.692  34.350  29.370 0.0000000000
104458  53.563  33.846  28.661 0.0000000000
104434  54.367  33.178  32.097 0.0000000000
104442  53.877  33.313  31.210 0.0000000000
103797  54.039  32.779  31.979 0.0000000000
103792  53.568  32.614  32.537 0.0000000000
103785  53.740  32.464  33.514 0.0000000000
103784  54.419  32.755  33.817 0.0000000000
104389  54.657  33.632  35.357 0.0000000000
103756  54.645  32.957  36.040 0.0000000000
103734  54.538  33.115  36.996 0.0000000000
107264  50.245  37.794  31.498 0.0000000000
106539  50.764  37.204  30.907 0.0000000000
107230  50.828  36.795  34.268 0.0000000000
106499  51.331  36.583  33.496 0.0000000000
106498  52.204  36.199  33.608 0.0000000000
106487  52.394  36.371  34.454 0.0000000000
107203  51.006  37.284  37.077 0.0000000000
106466  53.628  36.391  36.877 0.0000000000
106467  53.098  36.632  36.654 0.0000000000
106471  53.529  36.386  36.158 0.0000000000
106477  53.330  36.298  35.412 0.0000000000
106476  54.036  36.009  35.588 0.0000000000
105742  54.310  35.507  35.548 0.0000000000
106469  54.379  35.606  36.374 0.0000000000
105733  54.530  34.932  38.562 0.0000000000
104371  54.593  33.481  38.550 0.0000000000
104369  54.222  33.356  39.476 0.0000000000
103699  53.840  32.782  40.078 0.0000000000
105025  53.950  33.937  39.820 0.0000000000
104344  53.711  33.378  41.638 0.0000000000
104359  53.768  33.332  41.090 0.0000000000
103670  53.936  32.635  42.858 0.0000000000
104333  53.681  33.205  42.590 0.0000000000
106429  52.738  37.019  41.476 0.0000000000
104980  52.570  34.537  43.919 0.0000000000
105684  52.758  34.586  43.311 0.0000000000
104979  53.144  34.249  43.940 0.0000000000
103648  53.533  32.924  44.281 0.0000000000
104315  53.181  33.782  44.538 0.0000000000
103638  53.171  33.015  45.254 0.0000000000
115174  47.475  49.878  27.721 0.0000000000
115833  46.070  50.398  27.499 0.0000000000
115832  46.929  50.496  27.432 0.0000000000
114528  50.797  48.859  28.564 0.0000000000
115156  51.361  49.532  28.080 0.0000000000
115170  51.914  50.049  27.518 0.0000000000
115155  52.177  49.292  27.750 0.0000000000
111332  53.612  43.999  33.490 0.0000000000
112551  53.164  45.444  34.294 0.0000000000
112571  53.533  45.069  33.634 0.0000000000
112598  52.832  45.641  30.997 0.0000000000
112590  52.301  45.903  31.975 0.0000000000
112599  52.098  45.941  31.043 0.0000000000
113234  51.573  46.242  30.551 0.0000000000
113242  51.814  46.696  29.732 0.0000000000
113248  53.491  46.546  28.260 0.0000000000
113249  53.114  46.723  28.847 0.0000000000
113883  53.407  47.478  28.050 0.0000000000
114525  53.207  48.126  27.761 0.0000000000
111398  54.140  43.443  26.398 0.0000000000
112016  53.749  44.496  26.321 0.0000000000
110774  52.821  42.391  26.109 0.0000000000
109406  53.873  40.638  26.983 0.0000000000
110081  54.073  41.339  26.475 0.0000000000
109419  53.962  40.137  26.246 0.0000000000
107330  52.321  38.189  25.719 0.0000000000
108768  52.717  39.375  25.501 0.0000000000
108769  52.190  39.408  25.667 0.0000000000
109433  52.336  39.927  25.706 0.0000000000
108050  50.538  38.486  26.639 0.0000000000
107319  50.961  37.387  26.500 0.0000000000
105840  50.344  34.865  27.107 0.0000000000
105841  48.958  35.067  27.761 0.0000000000
105094  49.528  34.227  31.058 0.0000000000
105095  48.762  34.265  31.691 0.0000000000
104448  49.127  33.845  32.060 0.0000000000
104413  49.172  33.570  33.959 0.0000000000
104428  48.487  33.620  33.381 0.0000000000
104415  47.264  33.630  34.481 0.0000000000
104392  47.900  33.436  35.180 0.0000000000
104376  49.778  33.322  35.546 0.0000000000
103721  46.948  32.074  38.222 0.0000000000
103730  47.505  32.580  37.667 0.0000000000
103741  47.053  32.849  36.754 0.0000000000
103731  46.461  32.281  37.556 0.0000000000
103137  45.607  31.692  37.882 0.0000000000
103133  45.875  31.137  38.489 0.0000000000
101810  45.768  29.470  38.575 0.0000000000
102481  45.476  30.309  38.359 0.0000000000
101152  45.572  28.782  38.188 0.0000000000
101155  45.165  28.411  37.760 0.0000000000
100480  45.634  27.664  37.456 0.0000000000
103102  52.178  31.394  41.632 0.0000000000
103113  51.958  31.701  40.825 0.0000000000
103103  51.060  31.332  41.588 0.0000000000
101794  48.542  28.866  41.797 0.0000000000
102467  49.458  30.606  41.511 0.0000000000
101800  48.785  29.900  41.637 0.0000000000
102468  48.469  30.154  41.202 0.0000000000
101801  48.268  29.291  41.416 0.0000000000
99656  50.006  26.441  39.382 0.0000000000
99648  49.343  26.736  40.040 0.0000000000
99657  49.200  26.751  39.341 0.0000000000
105803  47.002  35.100  31.854 0.0000000000
105097  47.367  34.677  32.258 0.0000000000
106575  48.586  36.096  27.213 0.0000000000
107306  48.388  37.164  27.484 0.0000000000
105843  47.004  36.042  27.603 0.0000000000
106564  45.980  36.233  28.665 0.0000000000
106540  46.077  36.105  29.996 0.0000000000
102996  52.791  30.631  48.312 0.0000000000
101734  53.381  29.313  47.991 0.0000000000
101735  52.849  29.185  48.507 0.0000000000
99574  53.450  25.855  48.276 0.0000000000
107291  52.487  37.215  28.023 0.0000000000
106563  51.950  36.679  28.844 0.0000000000
106551  51.515  36.569  29.743 0.0000000000
106538  51.249  36.370  30.740 0.0000000000
107916  49.104  39.083  40.435 0.0000000000
108619  51.716  40.496  41.668 0.0000000000
110729  50.475  42.266  29.367 0.0000000000
111355  51.456  43.432  29.735 0.0000000000
110747  51.100  42.262  29.043 0.0000000000
110056  52.019  41.450  28.585 0.0000000000
109393  52.375  40.536  28.257 0.0000000000
103726  52.544  32.453  37.500 0.0000000000
103129  51.811  32.198  39.221 0.0000000000
104417  45.108  33.573  34.599 0.0000000000
103142  43.951  31.208  36.469 0.0000000000
102484  44.409  30.365  37.228 0.0000000000
112018  52.208  44.504  26.577 0.0000000000
111997  51.597  44.471  26.953 0.0000000000
111378  51.577  43.899  26.721 0.0000000000
111379  51.075  43.630  26.864 0.0000000000
111380  50.031  43.426  27.249 0.0000000000
105795  41.698  36.053  32.815 0.0000000000
108717  48.203  39.941  30.723 0.0000000000
108718  47.668  40.036  31.016 0.0000000000
107978  47.071  39.023  32.261 0.0000000000
111328  46.916  43.280  33.554 0.0000000000
110692  48.490  42.604  33.414 0.0000000000
110700  48.632  42.222  32.686 0.0000000000
110005  48.128  41.972  31.918 0.0000000000
110021  47.741  41.303  31.183 0.0000000000
103077  54.145  31.871  42.907 0.0000000000
103062  53.466  31.289  43.338 0.0000000000
101779  52.170  29.539  44.742 0.0000000000
99601  52.854  25.876  46.286 0.0000000000
99602  52.157  26.111  45.897 0.0000000000
98853  52.606  25.610  45.054 0.0000000000
98888  53.270  25.650  42.712 0.0000000000
105839  50.810  34.638  27.068 0.0000000000
105121  50.813  34.255  28.292 0.0000000000
105120  51.585  33.943  28.131 0.0000000000
104460  51.870  33.683  29.064 0.0000000000
104453  52.654  33.396  29.894 0.0000000000
105102  53.547  34.359  30.916 0.0000000000
105101  54.000  33.927  30.610 0.0000000000
104424  54.648  33.260  33.073 0.0000000000
104410  54.709  33.457  34.191 0.0000000000
107243  49.581  37.450  33.366 0.0000000000
107223  51.229  36.740  34.949 0.0000000000
107187  52.967  37.267  37.994 0.0000000000
107186  53.725  36.783  37.799 0.0000000000
106465  54.073  36.153  37.327 0.0000000000
105736  54.397  35.617  37.275 0.0000000000
106457  54.398  35.700  38.390 0.0000000000
106449  54.287  35.451  38.975 0.0000000000
105725  54.203  34.762  39.265 0.0000000000
105026  53.706  34.658  39.853 0.0000000000
105704  53.100  35.151  41.331 0.0000000000
105697  52.223  35.748  42.319 0.0000000000
115160  46.926  49.251  28.362 0.0000000000
115159  48.040  49.354  28.269 0.0000000000
115173  48.589  50.050  27.715 0.0000000000
115158  49.165  49.442  28.219 0.0000000000
113886  51.247  48.283  28.854 0.0000000000
114471  50.841  49.176  35.310 0.0000000000
115117  51.105  50.094  34.856 0.0000000000
114470  51.581  48.424  35.045 0.0000000000
113833  51.582  48.057  34.298 0.0000000000
111346  53.843  43.938  30.988 0.0000000000
111970  53.999  44.544  31.968 0.0000000000
111975  54.133  44.654  30.805 0.0000000000
112605  53.597  45.388  30.165 0.0000000000
112606  52.884  45.888  29.921 0.0000000000
112610  53.609  45.275  28.931 0.0000000000
112614  53.956  45.126  27.761 0.0000000000
112627  54.313  44.812  27.217 0.0000000000
112613  54.270  44.743  27.465 0.0000000000
110772  54.423  42.496  26.640 0.0000000000
108047  53.432  38.247  26.159 0.0000000000
108756  53.763  39.220  25.934 0.0000000000
108048  53.193  38.118  25.706 0.0000000000
107329  52.739  37.894  25.707 0.0000000000
107318  52.041  37.319  26.011 0.0000000000
105852  50.672  34.977  26.901 0.0000000000
104436  50.323  33.448  31.950 0.0000000000
104437  49.542  33.621  32.347 0.0000000000
104426  50.243  33.463  32.773 0.0000000000
103718  49.599  32.510  38.482 0.0000000000
103719  48.711  32.342  38.724 0.0000000000
103720  47.752  32.140  38.675 0.0000000000
103132  46.805  31.338  38.795 0.0000000000
101151  46.157  28.465  38.580 0.0000000000
102455  50.295  30.634  42.388 0.0000000000
101792  49.722  29.996  42.593 0.0000000000
101793  49.113  29.427  42.222 0.0000000000
101139  48.656  28.353  41.958 0.0000000000
105793  43.862  35.722  32.806 0.0000000000
105776  44.354  35.119  33.362 0.0000000000
105076  44.900  34.613  33.714 0.0000000000
105774  45.737  34.958  33.111 0.0000000000
105062  45.438  34.191  34.077 0.0000000000
109422  50.869  40.442  26.536 0.0000000000
110085  50.320  41.401  26.811 0.0000000000
108037  48.171  38.304  27.671 0.0000000000
106553  45.089  36.389  29.231 0.0000000000
106542  44.209  36.465  29.989 0.0000000000
111953  46.258  44.109  33.326 0.0000000000
110694  46.607  42.260  33.851 0.0000000000
103028  54.163  31.312  45.812 0.0000000000
102415  54.090  30.708  45.320 0.0000000000
102395  53.653  30.406  46.456 0.0000000000
101100  53.084  28.707  46.977 0.0000000000
101085  53.001  28.044  47.206 0.0000000000
101084  53.251  28.443  47.595 0.0000000000
100411  52.789  27.272  47.020 0.0000000000
98827  53.512  25.418  45.918 0.0000000000
98851  54.305  25.198  44.837 0.0000000000
105848  53.265  35.614  26.923 0.0000000000
105127  53.276  34.897  27.173 0.0000000000
105838  53.282  35.455  27.600 0.0000000000
105818  53.451  34.813  29.288 0.0000000000
105829  52.439  35.730  29.086 0.0000000000
105092  53.503  34.539  31.925 0.0000000000
105788  53.270  35.147  33.091 0.0000000000
107205  48.620  37.326  37.308 0.0000000000
107189  50.556  37.475  38.197 0.0000000000
107179  51.352  37.648  39.212 0.0000000000
107167  53.003  38.068  39.937 0.0000000000
107166  53.257  37.391  40.054 0.0000000000
107153  53.112  37.739  41.116 0.0000000000
107154  52.652  37.743  41.713 0.0000000000
106418  51.641  36.941  42.500 0.0000000000
106419  50.836  36.575  42.725 0.0000000000
113879  48.400  47.531  29.945 0.0000000000
111948  51.825  44.510  34.290 0.0000000000
112552  52.403  45.392  34.471 0.0000000000
111323  52.336  43.643  33.958 0.0000000000
111333  53.075  43.644  33.185 0.0000000000
111339  52.995  43.656  32.046 0.0000000000
111347  52.823  43.658  30.895 0.0000000000
110743  54.444  42.396  28.083 0.0000000000
110053  54.396  41.929  27.689 0.0000000000
109391  53.789  40.941  27.349 0.0000000000
109407  53.422  39.856  27.228 0.0000000000
108747  53.292  39.295  27.239 0.0000000000
103760  50.866  33.161  34.942 0.0000000000
103717  50.677  32.459  38.304 0.0000000000
103709  49.194  32.068  39.201 0.0000000000
103124  48.748  31.570  39.773 0.0000000000
103117  48.397  31.139  40.312 0.0000000000
99640  50.054  26.583  41.398 0.0000000000
103145  41.136  31.238  36.668 0.0000000000
105078  43.340  34.513  34.286 0.0000000000
104420  42.830  33.756  35.179 0.0000000000
104396  43.794  33.194  35.384 0.0000000000
104397  43.010  33.298  35.435 0.0000000000
103766  42.463  32.767  35.766 0.0000000000
102490  41.616  30.277  36.697 0.0000000000
102488  43.565  30.320  36.746 0.0000000000
101816  43.318  29.272  36.996 0.0000000000
101160  43.178  27.917  36.804 0.0000000000
113254  51.514  45.890  27.078 0.0000000000
113255  50.716  46.290  27.256 0.0000000000
110070  49.517  41.165  27.119 0.0000000000
110762  49.598  42.226  27.200 0.0000000000
108000  50.221  38.810  29.861 0.0000000000
107988  49.931  38.520  30.848 0.0000000000
107265  49.486  38.314  31.532 0.0000000000
107976  48.710  38.445  31.742 0.0000000000
107255  49.319  37.912  32.347 0.0000000000
107191  48.136  37.533  38.314 0.0000000000
115100  48.401  50.922  35.413 0.0000000000
114474  47.404  49.146  34.364 0.0000000000
114473  48.614  49.331  34.837 0.0000000000
114472  49.699  49.234  35.197 0.0000000000
113823  50.311  48.222  35.023 0.0000000000
113188  50.739  47.402  34.875 0.0000000000
112556  48.184  45.103  32.946 0.0000000000
112554  50.514  45.673  33.649 0.0000000000
111324  51.177  43.666  33.822 0.0000000000
110698  50.707  43.031  32.348 0.0000000000
110704  50.409  43.158  31.660 0.0000000000
110711  50.142  42.771  30.057 0.0000000000
110039  49.759  41.708  29.691 0.0000000000
109381  50.368  40.565  29.105 0.0000000000
103119  53.257  32.171  40.520 0.0000000000
103063  52.744  31.058  43.248 0.0000000000
103064  51.972  30.945  43.110 0.0000000000
102446  51.071  30.618  43.335 0.0000000000
101130  50.019  28.299  43.643 0.0000000000
100452  49.816  27.633  43.119 0.0000000000
102416  53.371  29.984  45.418 0.0000000000
101776  52.340  29.191  45.397 0.0000000000
100432  51.687  27.143  45.929 0.0000000000
100433  51.071  27.132  45.307 0.0000000000
101124  50.844  27.818  45.070 0.0000000000
99639  50.825  26.107  41.487 0.0000000000
105821  48.364  35.085  30.157 0.0000000000
105114  49.035  34.754  29.754 0.0000000000
105104  49.581  34.443  30.329 0.0000000000
105093  49.981  34.180  30.675 0.0000000000
105112  50.840  34.096  29.260 0.0000000000
105103  50.310  34.162  30.172 0.0000000000
104446  50.403  33.733  31.006 0.0000000000
104435  51.161  33.276  31.553 0.0000000000
103787  51.903  32.984  32.834 0.0000000000
104465  53.108  33.737  27.944 0.0000000000
104459  52.929  33.561  28.909 0.0000000000
104451  53.868  33.617  30.712 0.0000000000
104443  53.136  33.313  30.829 0.0000000000
103793  52.730  32.789  32.250 0.0000000000
103778  52.942  32.551  34.320 0.0000000000
103757  54.057  32.469  35.724 0.0000000000
103724  54.246  32.823  37.588 0.0000000000
106510  51.046  36.709  32.623 0.0000000000
106524  51.438  36.097  31.819 0.0000000000
105789  52.484  35.525  32.927 0.0000000000
105772  53.407  35.633  33.889 0.0000000000
107217  50.201  37.139  36.160 0.0000000000
106479  51.871  36.569  35.093 0.0000000000
107202  52.308  36.993  36.896 0.0000000000
107215  52.118  36.726  36.147 0.0000000000
106486  53.188  36.150  34.600 0.0000000000
105757  53.727  35.719  34.480 0.0000000000
105771  53.896  35.227  34.185 0.0000000000
105756  54.135  35.382  34.889 0.0000000000
105755  54.402  35.042  35.396 0.0000000000
105043  54.579  34.537  35.942 0.0000000000
105036  54.635  34.410  37.078 0.0000000000
104373  54.638  33.565  37.555 0.0000000000
103684  53.944  32.420  41.259 0.0000000000
104343  53.950  33.009  41.519 0.0000000000
103658  54.101  32.252  43.204 0.0000000000
103647  54.014  32.253  44.052 0.0000000000
105696  52.699  34.944  42.386 0.0000000000
104324  53.443  33.507  43.639 0.0000000000
103029  53.724  32.076  45.630 0.0000000000
103012  53.661  31.529  46.691 0.0000000000
103003  52.789  31.392  47.785 0.0000000000
116515  49.642  51.635  26.717 0.0000000000
115172  49.750  50.244  27.776 0.0000000000
115829  50.339  51.122  27.391 0.0000000000
115828  51.626  51.041  27.071 0.0000000000
115827  52.251  50.356  27.105 0.0000000000
115169  52.658  49.441  27.174 0.0000000000
113869  49.546  47.168  31.361 0.0000000000
113878  49.806  47.111  30.067 0.0000000000
113197  52.573  46.009  33.911 0.0000000000
112589  52.982  45.506  32.232 0.0000000000
113244  50.438  46.689  30.510 0.0000000000
113877  51.218  47.472  29.412 0.0000000000
113885  52.055  48.071  28.773 0.0000000000
113241  52.656  46.685  29.314 0.0000000000
113875  52.653  47.195  29.045 0.0000000000
114526  52.606  48.686  27.938 0.0000000000
114538  52.985  48.716  27.445 0.0000000000
114537  53.226  48.510  27.029 0.0000000000
113898  53.402  47.507  26.843 0.0000000000
112629  53.201  45.482  26.567 0.0000000000
112628  53.977  45.398  26.815 0.0000000000
112017  52.840  44.518  26.363 0.0000000000
110775  51.781  42.303  26.352 0.0000000000
110080  54.581  41.916  26.932 0.0000000000
110082  53.359  41.145  25.964 0.0000000000
109431  53.721  39.945  25.779 0.0000000000
110091  53.586  40.420  25.803 0.0000000000
109421  51.823  40.542  26.083 0.0000000000
108758  50.363  39.576  26.659 0.0000000000
107304  50.357  36.636  26.876 0.0000000000
105106  48.272  34.632  31.285 0.0000000000
105096  47.841  34.636  31.797 0.0000000000
105085  47.728  34.255  32.646 0.0000000000
104438  48.648  33.844  32.534 0.0000000000
104439  48.067  33.805  32.993 0.0000000000
104429  47.536  33.848  33.532 0.0000000000
104393  46.774  33.217  35.459 0.0000000000
104377  48.622  33.295  35.873 0.0000000000
104378  47.591  33.123  36.031 0.0000000000
103761  46.603  32.834  36.195 0.0000000000
103140  45.221  31.717  37.260 0.0000000000
103138  44.861  31.173  37.658 0.0000000000
102482  44.909  30.374  37.882 0.0000000000
101814  44.776  28.877  37.646 0.0000000000
101156  44.514  28.379  37.471 0.0000000000
103120  52.723  32.189  40.157 0.0000000000
103121  51.800  32.109  40.058 0.0000000000
102466  50.291  30.939  41.669 0.0000000000
103104  50.331  31.227  41.235 0.0000000000
103115  49.924  31.425  40.633 0.0000000000
102475  47.800  30.376  40.533 0.0000000000
100462  49.307  27.046  41.394 0.0000000000
100463  48.640  27.556  41.296 0.0000000000
100464  48.138  27.776  40.901 0.0000000000
100470  48.359  27.122  39.375 0.0000000000
100468  47.822  27.646  40.227 0.0000000000
101142  47.739  28.435  40.922 0.0000000000
101802  47.535  29.326  40.768 0.0000000000
101804  47.049  29.499  39.906 0.0000000000
101805  46.669  29.110  39.544 0.0000000000
101148  46.571  28.665  39.232 0.0000000000
99575  52.607  26.251  48.491 0.0000000000
98796  53.734  25.057  48.524 0.0000000000
98092  54.108  24.050  47.086 0.0000000000
98812  54.332  24.645  47.126 0.0000000000
97355  54.096  23.938  46.714 0.0000000000
97379  54.486  24.185  45.506 0.0000000000
98074  54.180  24.411  48.205 0.0000000000
98075  54.049  24.543  48.323 0.0000000000
98076  53.864  24.544  48.438 0.0000000000
98081  54.194  24.471  48.006 0.0000000000
98082  54.077  24.288  47.929 0.0000000000
98083  53.685  24.266  47.965 0.0000000000
98084  52.872  24.467  48.065 0.0000000000
98091  54.264  24.371  47.431 0.0000000000
98102  54.343  24.270  46.352 0.0000000000
98103  54.286  24.110  46.616 0.0000000000
98794  54.195  24.650  48.153 0.0000000000
98795  54.153  24.841  48.302 0.0000000000
98797  52.978  25.236  48.644 0.0000000000
98801  54.283  24.649  47.842 0.0000000000
98802  54.297  25.046  47.801 0.0000000000
98828  52.888  25.595  45.610 0.0000000000
98909  52.405  25.596  41.001 0.0000000000
99573  54.015  25.290  48.227 0.0000000000
99580  53.443  26.325  47.733 0.0000000000
99603  51.495  26.430  45.361 0.0000000000
99618  52.828  25.682  44.345 0.0000000000
99633  52.420  25.913  43.012 0.0000000000
100395  53.152  27.825  48.169 0.0000000000
100401  53.269  27.858  47.963 0.0000000000
100412  52.270  27.199  46.519 0.0000000000
100458  50.120  27.089  42.751 0.0000000000
100466  49.134  26.976  40.708 0.0000000000
100481  44.918  27.690  37.318 0.0000000000
101123  51.543  28.170  45.614 0.0000000000
101126  51.124  28.472  44.980 0.0000000000
101775  52.961  29.552  45.567 0.0000000000
101785  49.447  28.913  42.786 0.0000000000
101812  44.697  29.872  37.595 0.0000000000
102366  53.377  29.796  48.015 0.0000000000
102367  53.181  29.983  48.279 0.0000000000
102394  54.145  30.822  45.987 0.0000000000
102431  52.779  29.920  44.687 0.0000000000
102442  54.156  31.186  43.798 0.0000000000
102474  48.740  30.790  40.818 0.0000000000
103060  54.178  31.617  43.769 0.0000000000
103078  53.792  31.701  42.698 0.0000000000
103100  53.709  31.803  41.774 0.0000000000
103111  53.337  31.858  41.103 0.0000000000
103713  54.528  32.968  38.130 0.0000000000
103732  45.735  32.122  37.226 0.0000000000
103799  52.604  33.109  31.457 0.0000000000
104316  52.723  34.057  44.925 0.0000000000
104332  53.909  33.073  42.125 0.0000000000
104461  51.374  33.704  29.619 0.0000000000
104464  53.560  33.912  28.022 0.0000000000
104470  52.637  33.758  27.720 0.0000000000
104962  53.125  34.161  44.364 0.0000000000
105011  53.758  33.683  40.320 0.0000000000
105060  54.162  34.932  34.401 0.0000000000
105083  53.453  34.768  32.538 0.0000000000
105087  46.360  34.720  33.118 0.0000000000
105100  53.970  33.620  31.005 0.0000000000
105119  53.412  33.980  27.742 0.0000000000
105128  53.036  34.111  27.253 0.0000000000
105130  51.017  34.312  27.388 0.0000000000
105137  53.127  35.191  26.794 0.0000000000
105739  54.295  35.712  36.825 0.0000000000
105741  54.483  35.295  35.974 0.0000000000
105758  42.627  34.722  34.315 0.0000000000
105773  52.843  35.727  33.502 0.0000000000
105790  46.657  34.970  32.421 0.0000000000
105811  48.286  34.914  30.604 0.0000000000
105849  52.869  35.577  26.574 0.0000000000
105851  51.135  34.864  26.849 0.0000000000
106464  54.418  35.840  37.778 0.0000000000
106472  52.727  36.586  36.028 0.0000000000
106473  52.123  36.614  35.684 0.0000000000
106475  54.326  35.723  35.967 0.0000000000
106573  50.479  36.183  26.878 0.0000000000
106586  50.631  35.308  26.898 0.0000000000
107200  53.700  36.533  37.329 0.0000000000
107977  47.884  38.621  31.962 0.0000000000
107990  48.146  39.196  31.281 0.0000000000
108062  53.409  38.684  25.694 0.0000000000
108064  52.192  38.877  25.632 0.0000000000
108704  47.794  39.726  31.102 0.0000000000
108706  46.629  39.887  31.975 0.0000000000
108727  49.756  39.977  29.684 0.0000000000
108736  51.043  39.872  28.688 0.0000000000
108767  53.351  39.311  25.579 0.0000000000
109357  47.221  40.635  31.568 0.0000000000
109370  49.094  40.672  30.041 0.0000000000
109432  53.163  40.105  25.638 0.0000000000
109994  47.841  41.835  32.417 0.0000000000
110057  51.098  41.702  28.868 0.0000000000
110068  54.491  41.938  27.429 0.0000000000
110697  51.462  43.156  32.676 0.0000000000
110727  52.117  42.943  29.154 0.0000000000
110728  51.230  42.751  29.239 0.0000000000
110730  49.906  42.292  29.860 0.0000000000
110760  54.624  42.554  27.300 0.0000000000
111315  53.100  43.915  34.324 0.0000000000
111316  52.910  44.000  34.401 0.0000000000
111321  53.535  44.085  33.877 0.0000000000
111322  53.280  43.922  34.079 0.0000000000
111341  51.021  43.456  31.520 0.0000000000
111342  50.306  43.256  31.180 0.0000000000
111350  50.008  42.960  30.721 0.0000000000
111352  54.172  43.700  29.831 0.0000000000
111356  50.705  43.053  29.670 0.0000000000
111932  53.391  44.706  34.382 0.0000000000
111934  52.605  44.457  34.506 0.0000000000
111946  53.565  44.448  33.926 0.0000000000
111947  53.387  44.348  34.269 0.0000000000
111964  53.791  44.504  33.071 0.0000000000
112537  53.397  44.984  34.505 0.0000000000
112538  53.287  44.923  34.604 0.0000000000
112539  52.949  44.957  34.715 0.0000000000
112550  53.454  45.163  34.235 0.0000000000
112588  53.548  45.079  32.648 0.0000000000
112615  51.637  45.259  27.087 0.0000000000
113189  50.274  47.613  34.574 0.0000000000
113212  52.530  46.023  33.341 0.0000000000
113236  50.241  46.744  31.115 0.0000000000
113267  51.309  46.491  26.945 0.0000000000
113821  51.616  47.881  35.145 0.0000000000
113832  51.702  47.731  34.731 0.0000000000
114480  51.622  48.310  34.641 0.0000000000
115098  49.840  50.705  35.407 0.0000000000
115099  49.109  50.824  35.448 0.0000000000
115106  50.436  50.365  35.351 0.0000000000
115107  49.894  50.076  35.538 0.0000000000
115108  48.917  50.114  35.417 0.0000000000
115122  45.868  49.858  33.838 0.0000000000
115748  49.944  50.879  35.243 0.0000000000
