#!ascii label  , from subject 4071 vox2ras=TkReg
2062
55153  -36.446  -18.284  40.913 0.0000000000
78442  -51.225  1.548  27.420 0.0000000000
76041  -38.129  -0.770  39.161 0.0000000000
48684  -8.298  -25.814  36.933 0.0000000000
56325  -22.484  -16.446  43.549 0.0000000000
55184  -9.196  -19.027  39.299 0.0000000000
51710  -10.233  -22.511  47.049 0.0000000000
76176  -44.780  -0.098  31.799 0.0000000000
62043  -5.845  -13.875  34.560 0.0000000000
44134  -6.143  -29.320  43.958 0.0000000000
63069  -36.453  -13.771  35.368 0.0000000000
55192  -31.713  -18.993  38.923 0.0000000000
53925  -29.377  -19.177  42.863 0.0000000000
84794  -52.468  7.386  27.224 0.0000000000
76100  -41.639  0.102  35.643 0.0000000000
52824  -17.996  -20.543  40.240 0.0000000000
61997  -7.851  -13.593  39.736 0.0000000000
51763  -11.105  -22.121  38.050 0.0000000000
54067  -10.898  -20.308  32.496 0.0000000000
48736  -10.022  -25.913  32.138 0.0000000000
42998  -13.155  -28.472  48.376 0.0000000000
45220  -10.247  -28.573  48.943 0.0000000000
71574  -36.924  -4.681  40.215 0.0000000000
55069  -28.029  -18.136  46.422 0.0000000000
57568  -24.454  -16.947  39.734 0.0000000000
52783  -9.377  -21.268  43.500 0.0000000000
49661  -11.272  -24.110  41.901 0.0000000000
76236  -48.478  -0.558  28.571 0.0000000000
45267  -15.857  -27.143  45.767 0.0000000000
48600  -16.974  -24.109  42.940 0.0000000000
57614  -6.546  -17.190  36.290 0.0000000000
56516  -4.892  -19.196  31.646 0.0000000000
51691  -11.087  -22.831  50.168 0.0000000000
47458  -9.581  -26.693  46.142 0.0000000000
47511  -6.500  -27.382  40.385 0.0000000000
59784  -37.302  -15.556  41.069 0.0000000000
55208  -35.605  -18.349  38.082 0.0000000000
59803  -37.204  -15.931  38.179 0.0000000000
53965  -33.955  -18.441  39.675 0.0000000000
54009  -34.132  -18.930  37.063 0.0000000000
52817  -32.923  -20.393  41.657 0.0000000000
80560  -51.830  4.034  27.129 0.0000000000
78461  -47.462  1.452  24.622 0.0000000000
80567  -48.411  3.812  25.167 0.0000000000
82629  -48.954  5.962  25.400 0.0000000000
76064  -40.400  -0.533  37.626 0.0000000000
73786  -35.997  -2.948  36.951 0.0000000000
76112  -37.176  -0.460  35.327 0.0000000000
76137  -39.141  0.288  34.108 0.0000000000
50763  -9.944  -24.533  37.365 0.0000000000
50803  -10.524  -23.661  34.860 0.0000000000
48712  -9.532  -26.031  34.607 0.0000000000
45459  -8.837  -28.612  31.787 0.0000000000
45398  -8.030  -28.009  34.797 0.0000000000
43069  -13.148  -29.602  44.653 0.0000000000
43051  -11.164  -30.652  46.137 0.0000000000
69432  -36.457  -6.850  41.190 0.0000000000
64090  -36.817  -11.822  38.568 0.0000000000
65266  -36.135  -10.964  36.046 0.0000000000
66306  -36.084  -9.174  38.771 0.0000000000
68395  -36.220  -7.061  38.348 0.0000000000
55041  -30.452  -18.612  47.659 0.0000000000
55166  -28.579  -17.942  39.467 0.0000000000
56356  -27.225  -17.728  41.363 0.0000000000
86981  -52.670  10.046  24.480 0.0000000000
88062  -54.235  10.556  23.227 0.0000000000
51728  -9.645  -21.880  45.337 0.0000000000
51736  -12.117  -22.084  43.265 0.0000000000
50706  -11.957  -23.478  45.500 0.0000000000
76194  -46.407  -0.390  30.511 0.0000000000
77332  -41.693  0.271  30.692 0.0000000000
76231  -43.901  -0.525  28.499 0.0000000000
73844  -45.568  -1.845  26.993 0.0000000000
46353  -17.644  -26.371  49.889 0.0000000000
47440  -17.648  -24.701  47.844 0.0000000000
56358  -6.791  -17.792  40.990 0.0000000000
57577  -6.970  -16.923  39.929 0.0000000000
56414  -8.107  -18.156  37.465 0.0000000000
51859  -7.513  -22.410  31.458 0.0000000000
55296  -7.453  -19.519  31.629 0.0000000000
52898  -5.050  -21.797  31.237 0.0000000000
52703  -11.504  -22.641  52.366 0.0000000000
45256  -7.110  -28.798  46.237 0.0000000000
47444  -9.216  -27.484  47.227 0.0000000000
45271  -7.746  -27.622  44.881 0.0000000000
48568  -7.565  -26.617  43.390 0.0000000000
46405  -6.179  -28.031  42.163 0.0000000000
62019  -37.781  -14.004  37.901 0.0000000000
53862  -31.515  -19.637  46.315 0.0000000000
52778  -32.100  -20.669  44.309 0.0000000000
55130  -30.921  -18.988  41.466 0.0000000000
86965  -53.375  9.958  27.274 0.0000000000
84798  -49.600  8.759  25.055 0.0000000000
76141  -43.029  0.379  33.742 0.0000000000
77302  -40.289  0.807  32.445 0.0000000000
56381  -20.434  -17.299  39.563 0.0000000000
55125  -18.858  -18.161  41.835 0.0000000000
62024  -7.422  -13.954  36.677 0.0000000000
56400  -11.763  -19.144  39.101 0.0000000000
56457  -11.471  -18.318  36.347 0.0000000000
54017  -12.088  -20.747  35.434 0.0000000000
50841  -10.830  -23.373  32.034 0.0000000000
48769  -6.651  -25.491  30.814 0.0000000000
46340  -14.440  -26.937  52.294 0.0000000000
47414  -11.980  -26.652  52.438 0.0000000000
42995  -11.439  -29.089  49.172 0.0000000000
43032  -8.279  -30.353  46.819 0.0000000000
73764  -37.204  -2.392  39.395 0.0000000000
71634  -36.046  -4.498  37.275 0.0000000000
56314  -24.953  -16.753  45.109 0.0000000000
53891  -28.915  -18.424  44.625 0.0000000000
56328  -26.616  -17.301  43.293 0.0000000000
56352  -22.828  -17.120  41.839 0.0000000000
55118  -6.214  -18.788  42.152 0.0000000000
55100  -7.059  -19.457  43.489 0.0000000000
53934  -9.582  -19.768  41.909 0.0000000000
52813  -12.433  -20.975  41.569 0.0000000000
50726  -11.312  -22.750  40.428 0.0000000000
49711  -9.827  -25.126  38.917 0.0000000000
76257  -49.675  0.376  27.845 0.0000000000
73880  -46.987  -1.204  25.785 0.0000000000
46346  -16.112  -26.602  50.948 0.0000000000
44106  -14.936  -27.788  46.935 0.0000000000
45293  -14.025  -28.239  43.087 0.0000000000
52787  -18.562  -20.291  43.617 0.0000000000
50712  -17.858  -21.952  45.264 0.0000000000
49609  -18.723  -23.902  46.708 0.0000000000
47482  -16.817  -25.725  44.190 0.0000000000
46425  -14.922  -26.767  41.679 0.0000000000
60883  -6.410  -14.428  40.666 0.0000000000
58713  -7.370  -15.871  37.853 0.0000000000
58741  -6.103  -15.948  35.291 0.0000000000
57669  -9.538  -17.987  34.083 0.0000000000
57666  -6.723  -17.565  33.384 0.0000000000
59856  -4.583  -16.015  32.512 0.0000000000
50691  -9.859  -22.807  48.501 0.0000000000
49590  -11.071  -25.559  50.827 0.0000000000
49598  -10.839  -24.629  48.992 0.0000000000
49602  -11.338  -24.168  47.707 0.0000000000
48571  -10.043  -25.674  44.489 0.0000000000
48609  -8.869  -26.383  41.535 0.0000000000
48658  -7.178  -26.279  38.556 0.0000000000
43104  -5.380  -30.672  41.213 0.0000000000
44199  -5.193  -30.229  39.946 0.0000000000
45380  -6.795  -28.702  36.171 0.0000000000
57555  -37.450  -17.067  40.838 0.0000000000
56334  -37.231  -17.806  42.527 0.0000000000
55174  -36.099  -18.240  39.266 0.0000000000
57588  -37.287  -17.485  39.027 0.0000000000
53958  -34.864  -18.554  41.233 0.0000000000
53981  -35.156  -18.385  39.076 0.0000000000
52811  -35.765  -19.488  42.098 0.0000000000
52827  -34.465  -19.376  41.550 0.0000000000
80552  -52.131  2.953  27.455 0.0000000000
78459  -49.417  1.794  26.306 0.0000000000
79510  -48.029  2.592  24.896 0.0000000000
79507  -49.874  2.619  26.203 0.0000000000
81602  -50.825  3.991  26.700 0.0000000000
76063  -39.322  -0.612  37.881 0.0000000000
76043  -40.253  -0.756  38.648 0.0000000000
76023  -40.113  -0.817  39.851 0.0000000000
74929  -36.123  -1.511  36.003 0.0000000000
76079  -37.498  -0.774  37.550 0.0000000000
76097  -38.436  -0.112  36.163 0.0000000000
49759  -9.336  -24.966  37.143 0.0000000000
49777  -9.330  -24.911  35.951 0.0000000000
48697  -8.848  -25.890  35.320 0.0000000000
46536  -9.003  -27.530  34.253 0.0000000000
47630  -8.070  -26.714  35.689 0.0000000000
44152  -12.848  -29.266  43.169 0.0000000000
43084  -11.618  -29.960  44.029 0.0000000000
65216  -37.085  -10.689  40.534 0.0000000000
65248  -36.311  -10.655  38.112 0.0000000000
66288  -36.850  -9.727  39.909 0.0000000000
67334  -36.219  -8.059  39.619 0.0000000000
88040  -53.299  10.819  25.736 0.0000000000
86987  -53.071  9.935  23.882 0.0000000000
91007  -53.902  13.397  25.648 0.0000000000
51719  -9.561  -22.036  46.124 0.0000000000
51729  -10.398  -22.128  45.074 0.0000000000
51720  -10.666  -22.677  46.101 0.0000000000
76177  -45.853  -0.189  31.576 0.0000000000
76178  -46.992  -0.251  31.492 0.0000000000
76191  -43.482  0.064  31.458 0.0000000000
77355  -42.326  0.385  28.979 0.0000000000
77349  -44.323  0.131  30.111 0.0000000000
76212  -44.981  -0.314  29.401 0.0000000000
47431  -18.279  -25.066  49.274 0.0000000000
48536  -18.468  -23.703  48.567 0.0000000000
57520  -22.741  -17.248  45.436 0.0000000000
56324  -21.167  -17.342  44.407 0.0000000000
63056  -6.885  -13.027  35.129 0.0000000000
55158  -7.250  -18.835  39.888 0.0000000000
56374  -6.833  -18.240  39.747 0.0000000000
56396  -8.388  -18.761  38.658 0.0000000000
50867  -6.201  -23.606  31.048 0.0000000000
51858  -6.516  -22.559  31.347 0.0000000000
51883  -4.849  -23.255  30.635 0.0000000000
53801  -12.526  -21.808  51.340 0.0000000000
52705  -12.444  -22.424  52.649 0.0000000000
46382  -4.900  -28.324  46.006 0.0000000000
45264  -7.013  -28.530  45.528 0.0000000000
45277  -6.243  -28.581  44.314 0.0000000000
45278  -6.513  -27.775  43.877 0.0000000000
45288  -6.247  -28.383  43.043 0.0000000000
59805  -36.636  -15.060  39.593 0.0000000000
60913  -37.331  -14.670  37.647 0.0000000000
62011  -37.485  -14.215  39.643 0.0000000000
63033  -37.526  -13.203  40.175 0.0000000000
55150  -32.809  -19.369  40.879 0.0000000000
53943  -31.972  -20.058  41.672 0.0000000000
55169  -31.115  -18.741  39.781 0.0000000000
55190  -30.341  -17.986  38.855 0.0000000000
85905  -52.517  8.514  26.987 0.0000000000
83706  -51.090  6.440  26.723 0.0000000000
83704  -49.313  7.409  25.595 0.0000000000
84800  -51.065  7.485  26.324 0.0000000000
85904  -51.962  9.129  26.240 0.0000000000
76140  -42.269  0.125  34.027 0.0000000000
76102  -43.487  0.357  35.129 0.0000000000
76084  -42.226  0.015  36.481 0.0000000000
76114  -40.011  0.065  34.804 0.0000000000
77284  -39.636  0.709  33.308 0.0000000000
77262  -40.761  0.286  34.159 0.0000000000
77303  -41.283  0.486  32.559 0.0000000000
63028  -8.131  -12.707  39.494 0.0000000000
62009  -8.737  -13.199  37.854 0.0000000000
62008  -8.364  -13.578  38.240 0.0000000000
53974  -12.044  -20.286  38.865 0.0000000000
54002  -12.462  -20.066  36.839 0.0000000000
52850  -11.516  -21.710  36.158 0.0000000000
49814  -10.177  -24.884  33.697 0.0000000000
50821  -10.974  -23.731  33.470 0.0000000000
49834  -10.427  -24.461  32.407 0.0000000000
49884  -8.692  -23.977  30.938 0.0000000000
48755  -9.340  -25.493  31.265 0.0000000000
46615  -8.462  -27.278  30.805 0.0000000000
45223  -13.862  -28.146  50.236 0.0000000000
44050  -12.510  -27.816  50.464 0.0000000000
42996  -12.428  -28.690  48.912 0.0000000000
43065  -9.756  -30.497  44.739 0.0000000000
43033  -9.501  -30.443  46.932 0.0000000000
43049  -8.943  -30.308  45.767 0.0000000000
43048  -7.740  -30.463  45.639 0.0000000000
71573  -36.922  -3.927  39.958 0.0000000000
69458  -36.856  -5.862  38.864 0.0000000000
69489  -36.216  -5.645  37.976 0.0000000000
70555  -36.620  -4.891  38.376 0.0000000000
71601  -36.789  -4.187  38.488 0.0000000000
55055  -27.338  -17.639  47.601 0.0000000000
57508  -26.232  -17.547  46.647 0.0000000000
56296  -26.875  -17.705  46.229 0.0000000000
52776  -30.049  -20.829  44.739 0.0000000000
55083  -30.067  -18.900  45.456 0.0000000000
53906  -29.331  -19.144  43.584 0.0000000000
56365  -25.966  -17.823  40.670 0.0000000000
56343  -26.791  -17.518  42.414 0.0000000000
56354  -25.269  -17.453  41.577 0.0000000000
56341  -24.564  -17.019  42.491 0.0000000000
56363  -23.707  -17.094  41.027 0.0000000000
57552  -22.510  -16.874  40.164 0.0000000000
52781  -7.784  -20.413  44.274 0.0000000000
52782  -8.298  -20.744  43.570 0.0000000000
53918  -8.194  -20.198  42.535 0.0000000000
53919  -9.161  -20.355  42.312 0.0000000000
53935  -10.458  -19.917  41.817 0.0000000000
52799  -10.679  -20.998  42.679 0.0000000000
49650  -11.774  -23.760  42.718 0.0000000000
51740  -12.069  -22.415  41.618 0.0000000000
50721  -10.590  -23.873  41.217 0.0000000000
50728  -9.874  -23.906  39.994 0.0000000000
49674  -9.551  -24.693  40.615 0.0000000000
76237  -49.193  -0.257  28.395 0.0000000000
76218  -51.029  -0.622  29.362 0.0000000000
76197  -49.577  -0.492  30.402 0.0000000000
74998  -47.248  -0.937  27.609 0.0000000000
73857  -46.646  -1.674  26.421 0.0000000000
73847  -47.975  -1.143  27.405 0.0000000000
75046  -48.276  -0.148  26.728 0.0000000000
47421  -16.691  -25.333  50.437 0.0000000000
46369  -16.624  -26.483  47.415 0.0000000000
45249  -16.132  -26.952  47.826 0.0000000000
45258  -15.537  -27.637  46.433 0.0000000000
44130  -14.643  -27.972  45.351 0.0000000000
45274  -14.766  -27.171  45.182 0.0000000000
53953  -18.299  -19.662  40.502 0.0000000000
53922  -18.616  -19.251  42.850 0.0000000000
52815  -17.939  -20.622  41.412 0.0000000000
49664  -17.021  -23.515  42.013 0.0000000000
50719  -17.617  -22.558  43.210 0.0000000000
49638  -17.604  -23.395  43.990 0.0000000000
49626  -17.664  -23.270  45.271 0.0000000000
48574  -17.482  -24.126  44.694 0.0000000000
47460  -17.240  -24.723  45.288 0.0000000000
47484  -17.225  -24.663  43.350 0.0000000000
46443  -15.151  -26.319  40.867 0.0000000000
60881  -6.083  -15.045  41.292 0.0000000000
57596  -6.591  -17.310  37.528 0.0000000000
58697  -7.463  -16.156  38.692 0.0000000000
57595  -6.306  -16.760  36.917 0.0000000000
59811  -6.270  -15.825  36.876 0.0000000000
58729  -6.278  -16.567  35.943 0.0000000000
56485  -11.229  -18.500  34.048 0.0000000000
56468  -10.584  -18.140  34.845 0.0000000000
56503  -10.591  -18.184  33.142 0.0000000000
56517  -5.794  -19.166  31.823 0.0000000000
56500  -7.462  -18.504  32.391 0.0000000000
57682  -5.544  -17.635  32.461 0.0000000000
58783  -5.557  -16.946  32.777 0.0000000000
57681  -4.519  -17.772  32.128 0.0000000000
58781  -3.800  -16.858  32.028 0.0000000000
50681  -10.714  -22.702  48.976 0.0000000000
45207  -10.843  -27.615  50.608 0.0000000000
48510  -11.436  -26.183  51.517 0.0000000000
47428  -10.351  -27.133  49.464 0.0000000000
47451  -9.155  -27.280  46.651 0.0000000000
48538  -9.679  -25.847  48.530 0.0000000000
48543  -10.038  -25.997  47.614 0.0000000000
49601  -11.033  -24.530  48.190 0.0000000000
48544  -10.715  -25.558  47.460 0.0000000000
48550  -11.238  -25.092  46.263 0.0000000000
48557  -9.643  -26.164  45.529 0.0000000000
47497  -7.257  -27.068  41.925 0.0000000000
48595  -8.267  -26.374  42.211 0.0000000000
48607  -7.405  -26.639  41.072 0.0000000000
48621  -8.072  -26.306  40.196 0.0000000000
47554  -6.516  -26.983  39.250 0.0000000000
42067  -4.778  -31.642  40.479 0.0000000000
44178  -5.203  -30.418  40.264 0.0000000000
59785  -37.554  -14.692  41.459 0.0000000000
55222  -35.700  -18.248  36.907 0.0000000000
56446  -36.540  -17.024  36.440 0.0000000000
57586  -36.238  -17.294  37.791 0.0000000000
58704  -37.329  -15.987  39.040 0.0000000000
55194  -33.115  -19.216  39.217 0.0000000000
53993  -34.261  -19.261  37.827 0.0000000000
54010  -34.722  -18.969  37.241 0.0000000000
53955  -33.582  -19.652  41.034 0.0000000000
82624  -52.400  5.435  27.481 0.0000000000
80574  -46.941  3.713  23.741 0.0000000000
81620  -47.586  4.898  24.161 0.0000000000
82638  -47.744  5.756  24.287 0.0000000000
81608  -48.893  4.669  25.545 0.0000000000
81610  -50.530  5.244  26.434 0.0000000000
76099  -40.698  -0.007  35.723 0.0000000000
76066  -41.982  -0.325  37.232 0.0000000000
76044  -41.338  -0.719  38.361 0.0000000000
76002  -41.494  -0.411  40.052 0.0000000000
72720  -35.553  -3.451  36.423 0.0000000000
73808  -35.381  -2.035  35.937 0.0000000000
74938  -34.923  -1.149  35.033 0.0000000000
76135  -36.360  -0.140  34.155 0.0000000000
76156  -36.464  0.614  33.013 0.0000000000
76136  -37.902  0.133  34.194 0.0000000000
76098  -39.639  -0.134  35.861 0.0000000000
51762  -10.839  -23.072  37.786 0.0000000000
51779  -11.078  -22.697  36.361 0.0000000000
50784  -10.173  -23.991  35.870 0.0000000000
49796  -10.026  -24.372  34.671 0.0000000000
48725  -10.166  -25.680  33.542 0.0000000000
46600  -9.166  -27.389  31.631 0.0000000000
46556  -9.437  -27.589  33.497 0.0000000000
45436  -8.906  -28.934  33.544 0.0000000000
44103  -13.311  -29.148  46.503 0.0000000000
43022  -12.483  -29.342  47.414 0.0000000000
42013  -12.401  -30.366  45.545 0.0000000000
70528  -36.730  -5.589  40.580 0.0000000000
64104  -37.090  -12.576  36.603 0.0000000000
65276  -36.278  -12.508  35.264 0.0000000000
65259  -36.504  -11.439  36.856 0.0000000000
65258  -35.925  -10.454  37.061 0.0000000000
66324  -35.229  -9.172  37.806 0.0000000000
67346  -35.832  -8.132  38.372 0.0000000000
69443  -36.500  -7.099  39.532 0.0000000000
53845  -29.132  -18.582  47.225 0.0000000000
55128  -29.013  -18.401  41.524 0.0000000000
55115  -28.569  -18.147  42.199 0.0000000000
56367  -27.661  -18.441  40.390 0.0000000000
56384  -26.719  -17.786  39.664 0.0000000000
86995  -51.437  10.024  22.661 0.0000000000
88065  -51.727  10.322  21.800 0.0000000000
89085  -52.500  10.950  21.907 0.0000000000
90081  -53.217  11.809  21.643 0.0000000000
52771  -9.070  -21.449  44.325 0.0000000000
52784  -10.354  -21.363  43.400 0.0000000000
51733  -10.719  -21.912  44.383 0.0000000000
51734  -11.365  -22.403  44.123 0.0000000000
49637  -11.705  -23.946  43.731 0.0000000000
76215  -48.057  -0.614  29.456 0.0000000000
76179  -48.064  -0.516  31.474 0.0000000000
76249  -41.780  -0.516  27.597 0.0000000000
74993  -42.546  -0.869  26.922 0.0000000000
75043  -43.881  -1.457  25.820 0.0000000000
76252  -44.638  -0.830  27.807 0.0000000000
76233  -45.727  -0.498  28.547 0.0000000000
47422  -17.362  -25.292  50.396 0.0000000000
48530  -18.215  -25.125  50.193 0.0000000000
47439  -17.562  -25.374  48.396 0.0000000000
46370  -16.961  -25.935  47.038 0.0000000000
49690  -17.315  -23.530  39.997 0.0000000000
47516  -16.388  -25.050  41.397 0.0000000000
57548  -5.654  -16.575  41.426 0.0000000000
58686  -6.472  -16.231  40.784 0.0000000000
57564  -6.860  -17.525  40.032 0.0000000000
56394  -6.786  -18.019  38.146 0.0000000000
56433  -7.427  -17.913  36.547 0.0000000000
52902  -8.936  -21.480  31.738 0.0000000000
55298  -9.037  -19.690  31.776 0.0000000000
52901  -7.859  -21.541  31.560 0.0000000000
54079  -6.138  -20.811  31.426 0.0000000000
55293  -4.676  -20.031  31.345 0.0000000000
54996  -11.793  -20.677  50.184 0.0000000000
53800  -12.096  -21.790  50.966 0.0000000000
51685  -11.710  -23.026  50.961 0.0000000000
44073  -8.310  -28.749  47.273 0.0000000000
46360  -10.038  -27.631  47.936 0.0000000000
46368  -8.014  -28.025  46.909 0.0000000000
46377  -8.435  -27.943  46.416 0.0000000000
46384  -8.443  -27.429  45.469 0.0000000000
48556  -8.357  -25.958  45.135 0.0000000000
47467  -7.612  -26.623  44.522 0.0000000000
46406  -6.683  -27.565  42.435 0.0000000000
46421  -6.283  -27.785  41.276 0.0000000000
60935  -36.703  -15.212  35.429 0.0000000000
57626  -36.556  -16.060  36.268 0.0000000000
60921  -36.986  -14.944  36.738 0.0000000000
63060  -37.508  -13.838  36.578 0.0000000000
63047  -37.533  -13.291  38.384 0.0000000000
64079  -37.325  -12.502  40.323 0.0000000000
53908  -30.457  -20.263  43.177 0.0000000000
52790  -32.599  -20.659  43.208 0.0000000000
52804  -31.487  -20.435  42.597 0.0000000000
53941  -30.470  -19.348  42.083 0.0000000000
55146  -29.584  -18.286  40.606 0.0000000000
83715  -48.201  7.829  23.572 0.0000000000
85920  -50.867  9.377  24.733 0.0000000000
86976  -52.543  10.097  25.478 0.0000000000
76158  -43.763  0.461  32.893 0.0000000000
76144  -45.034  0.056  33.483 0.0000000000
77242  -44.096  0.497  34.480 0.0000000000
77300  -38.167  0.948  32.319 0.0000000000
77317  -40.963  0.631  31.539 0.0000000000
77318  -42.017  0.373  31.726 0.0000000000
56351  -21.551  -17.303  41.793 0.0000000000
55112  -20.779  -17.938  42.961 0.0000000000
56360  -19.708  -17.595  40.670 0.0000000000
55165  -18.614  -18.893  39.523 0.0000000000
62025  -8.258  -13.382  36.514 0.0000000000
62031  -6.752  -13.764  35.699 0.0000000000
56378  -10.610  -18.921  39.377 0.0000000000
56416  -10.472  -18.225  37.983 0.0000000000
56438  -12.157  -18.685  37.906 0.0000000000
55241  -12.479  -19.119  35.413 0.0000000000
54050  -11.521  -20.372  33.289 0.0000000000
51803  -11.330  -22.439  34.533 0.0000000000
52866  -11.486  -21.441  33.916 0.0000000000
52886  -11.010  -21.220  32.049 0.0000000000
50870  -9.227  -23.367  31.447 0.0000000000
49572  -13.375  -24.738  54.199 0.0000000000
46331  -13.201  -27.062  53.556 0.0000000000
44048  -11.472  -27.948  50.712 0.0000000000
45231  -10.767  -28.972  49.306 0.0000000000
43020  -11.051  -29.877  47.801 0.0000000000
43019  -10.182  -30.089  47.861 0.0000000000
44075  -9.489  -29.364  47.933 0.0000000000
44101  -7.741  -29.735  46.995 0.0000000000
43030  -6.410  -29.694  45.852 0.0000000000
44135  -6.249  -29.794  44.477 0.0000000000
74894  -37.456  -1.422  38.945 0.0000000000
74880  -38.718  -1.309  40.362 0.0000000000
74858  -38.377  -1.804  40.701 0.0000000000
65286  -35.823  -12.310  34.406 0.0000000000
71652  -35.392  -4.435  36.409 0.0000000000
73775  -36.779  -2.382  38.469 0.0000000000
56305  -24.862  -17.485  45.828 0.0000000000
57521  -23.643  -16.899  45.063 0.0000000000
53848  -31.108  -19.824  47.287 0.0000000000
55058  -29.624  -18.885  46.810 0.0000000000
55081  -28.531  -18.091  45.412 0.0000000000
53923  -28.258  -18.360  43.172 0.0000000000
56317  -27.675  -18.035  43.880 0.0000000000
56307  -27.014  -17.335  45.261 0.0000000000
56315  -26.417  -17.019  44.409 0.0000000000
56326  -23.844  -16.682  43.300 0.0000000000
56340  -23.234  -16.820  42.562 0.0000000000
56361  -21.266  -16.991  40.597 0.0000000000
91037  -52.630  12.472  20.153 0.0000000000
91039  -54.345  13.387  19.788 0.0000000000
92004  -53.687  14.312  19.056 0.0000000000
56349  -6.428  -18.583  41.368 0.0000000000
55137  -7.253  -19.535  40.421 0.0000000000
55109  -6.641  -19.349  42.477 0.0000000000
53932  -7.419  -19.830  41.622 0.0000000000
55138  -9.248  -19.383  40.690 0.0000000000
55140  -11.068  -19.401  40.500 0.0000000000
55142  -12.056  -19.853  40.605 0.0000000000
52831  -12.210  -21.128  39.440 0.0000000000
52801  -12.180  -21.442  42.228 0.0000000000
51745  -12.277  -21.760  41.073 0.0000000000
51754  -11.501  -22.156  38.988 0.0000000000
50732  -10.511  -23.719  38.475 0.0000000000
50747  -10.145  -24.529  38.251 0.0000000000
49737  -8.721  -25.406  37.880 0.0000000000
77364  -50.306  1.037  27.555 0.0000000000
73904  -44.401  -1.533  24.963 0.0000000000
75074  -45.167  -0.996  24.140 0.0000000000
76287  -45.486  -0.207  24.033 0.0000000000
76280  -47.425  0.401  25.698 0.0000000000
76282  -49.056  0.768  27.043 0.0000000000
45217  -14.959  -27.447  51.275 0.0000000000
45232  -14.744  -28.562  49.340 0.0000000000
46352  -16.732  -26.450  50.033 0.0000000000
45233  -15.660  -28.014  49.283 0.0000000000
44091  -14.349  -28.036  47.494 0.0000000000
45272  -13.674  -28.937  44.055 0.0000000000
55101  -20.211  -18.565  44.339 0.0000000000
53903  -19.284  -19.405  43.915 0.0000000000
52774  -19.389  -20.394  45.101 0.0000000000
51742  -17.447  -21.498  42.507 0.0000000000
51735  -18.341  -21.105  44.380 0.0000000000
51732  -18.708  -21.208  45.467 0.0000000000
50705  -19.252  -22.463  46.676 0.0000000000
49610  -18.900  -23.362  46.885 0.0000000000
48541  -18.558  -23.708  47.871 0.0000000000
47448  -17.642  -24.645  47.108 0.0000000000
47459  -17.036  -25.302  45.791 0.0000000000
46394  -16.533  -25.978  44.631 0.0000000000
46399  -16.513  -25.526  43.027 0.0000000000
46411  -15.994  -26.217  42.642 0.0000000000
45283  -15.676  -26.817  43.476 0.0000000000
45294  -14.768  -27.902  43.138 0.0000000000
60884  -6.859  -14.189  40.377 0.0000000000
58687  -6.778  -16.110  40.150 0.0000000000
59796  -7.497  -15.461  39.277 0.0000000000
60902  -7.763  -14.761  38.795 0.0000000000
60911  -7.683  -14.594  37.564 0.0000000000
60918  -6.141  -14.817  36.036 0.0000000000
60932  -5.483  -14.672  34.553 0.0000000000
56435  -9.619  -17.898  36.364 0.0000000000
57634  -8.991  -17.499  35.931 0.0000000000
57632  -7.765  -17.522  35.320 0.0000000000
56501  -8.674  -18.371  32.558 0.0000000000
57667  -7.534  -17.796  33.310 0.0000000000
57631  -7.088  -17.343  35.247 0.0000000000
58754  -5.995  -16.410  34.269 0.0000000000
59834  -5.380  -15.370  34.098 0.0000000000
60941  -4.160  -14.767  32.996 0.0000000000
59866  -2.703  -15.247  32.270 0.0000000000
50653  -12.216  -24.342  52.747 0.0000000000
50666  -11.960  -24.112  51.807 0.0000000000
50671  -11.560  -24.230  51.072 0.0000000000
47433  -9.937  -26.422  49.758 0.0000000000
48529  -10.607  -25.550  49.921 0.0000000000
50683  -11.054  -23.893  49.375 0.0000000000
50688  -11.021  -23.718  48.723 0.0000000000
50693  -11.232  -23.335  48.135 0.0000000000
50699  -10.927  -22.681  47.637 0.0000000000
50700  -11.736  -23.849  46.823 0.0000000000
48573  -11.712  -24.798  44.998 0.0000000000
48598  -10.516  -24.941  43.240 0.0000000000
48570  -8.897  -25.850  44.342 0.0000000000
48596  -9.037  -25.865  42.450 0.0000000000
48610  -9.358  -25.479  41.451 0.0000000000
48622  -9.180  -25.770  39.954 0.0000000000
48659  -7.976  -25.594  38.624 0.0000000000
48673  -7.814  -25.786  37.693 0.0000000000
43079  -5.952  -30.303  43.183 0.0000000000
42046  -5.580  -31.353  41.997 0.0000000000
44148  -5.823  -29.441  42.619 0.0000000000
44163  -5.504  -29.689  41.407 0.0000000000
45323  -5.773  -28.813  40.788 0.0000000000
46441  -6.525  -28.143  40.074 0.0000000000
45352  -6.006  -29.118  38.794 0.0000000000
46460  -6.389  -28.331  39.190 0.0000000000
47575  -6.600  -27.100  38.376 0.0000000000
47593  -6.706  -27.278  37.267 0.0000000000
47613  -7.122  -26.953  36.459 0.0000000000
45397  -7.536  -28.578  35.151 0.0000000000
44290  -7.754  -29.804  34.483 0.0000000000
55135  -36.897  -17.736  41.165 0.0000000000
56345  -37.115  -17.518  41.926 0.0000000000
55117  -36.876  -17.804  41.690 0.0000000000
55176  -36.299  -18.342  40.483 0.0000000000
56389  -37.077  -17.987  40.238 0.0000000000
53968  -35.514  -18.367  40.675 0.0000000000
53967  -35.272  -17.842  40.081 0.0000000000
53930  -36.383  -18.661  41.825 0.0000000000
53959  -35.263  -18.800  41.449 0.0000000000
55106  -36.955  -18.454  42.623 0.0000000000
79495  -51.759  2.411  27.493 0.0000000000
79496  -52.604  2.533  28.071 0.0000000000
78443  -51.896  1.645  28.160 0.0000000000
78452  -50.387  1.626  26.875 0.0000000000
79503  -50.648  2.324  26.555 0.0000000000
79504  -51.192  2.429  26.859 0.0000000000
76042  -39.167  -0.632  38.928 0.0000000000
74908  -37.587  -1.121  38.376 0.0000000000
76062  -38.084  -0.828  38.152 0.0000000000
76080  -38.370  -0.475  37.199 0.0000000000
49758  -8.753  -25.417  37.042 0.0000000000
49776  -8.756  -25.462  36.554 0.0000000000
48696  -8.535  -25.810  36.208 0.0000000000
47631  -8.537  -26.393  35.304 0.0000000000
44151  -12.219  -29.195  42.795 0.0000000000
76160  -45.433  -0.103  32.581 0.0000000000
76192  -44.146  -0.199  31.232 0.0000000000
77334  -43.722  -0.056  30.706 0.0000000000
77335  -44.285  -0.147  30.647 0.0000000000
76193  -45.062  -0.303  30.593 0.0000000000
50684  -19.442  -22.847  49.696 0.0000000000
49600  -18.812  -23.369  49.242 0.0000000000
57530  -22.474  -16.586  44.808 0.0000000000
57529  -21.813  -17.175  45.362 0.0000000000
62044  -6.290  -13.473  33.976 0.0000000000
56376  -7.967  -19.173  39.348 0.0000000000
56375  -7.532  -18.839  39.309 0.0000000000
55183  -8.918  -19.000  39.075 0.0000000000
50866  -5.259  -23.565  30.931 0.0000000000
52706  -13.078  -22.510  52.558 0.0000000000
44124  -5.552  -28.978  44.708 0.0000000000
45269  -5.827  -28.474  45.303 0.0000000000
44133  -5.881  -28.901  44.465 0.0000000000
60897  -37.425  -14.328  40.871 0.0000000000
60905  -37.238  -14.540  39.612 0.0000000000
61992  -37.757  -13.977  41.512 0.0000000000
62002  -37.592  -14.046  40.242 0.0000000000
55193  -32.426  -19.285  39.064 0.0000000000
55170  -31.889  -19.039  39.874 0.0000000000
83700  -51.840  6.663  27.047 0.0000000000
84793  -51.716  8.054  26.716 0.0000000000
76116  -41.993  -0.062  34.777 0.0000000000
76101  -42.546  0.053  35.464 0.0000000000
76115  -41.130  0.105  34.811 0.0000000000
76139  -41.639  0.121  34.293 0.0000000000
63027  -7.522  -12.805  40.113 0.0000000000
61998  -8.336  -13.543  39.030 0.0000000000
52845  -11.760  -20.975  38.007 0.0000000000
53987  -12.092  -20.603  37.107 0.0000000000
52844  -11.660  -21.276  37.361 0.0000000000
48737  -10.258  -25.353  32.797 0.0000000000
49833  -9.909  -25.123  32.037 0.0000000000
47709  -8.299  -26.420  30.891 0.0000000000
47699  -9.450  -26.472  31.577 0.0000000000
42991  -13.154  -28.395  48.965 0.0000000000
42990  -12.841  -28.275  49.266 0.0000000000
42997  -12.775  -28.669  48.646 0.0000000000
71587  -36.938  -4.600  39.504 0.0000000000
62056  -36.524  -14.427  34.605 0.0000000000
70556  -36.755  -5.316  38.711 0.0000000000
71586  -36.905  -4.052  39.200 0.0000000000
55056  -27.832  -18.176  47.280 0.0000000000
56297  -27.483  -17.891  46.459 0.0000000000
53907  -29.737  -19.949  43.378 0.0000000000
53893  -29.701  -19.974  44.186 0.0000000000
56382  -25.032  -17.440  39.902 0.0000000000
56355  -26.485  -17.674  41.572 0.0000000000
56364  -24.813  -17.305  40.643 0.0000000000
57554  -24.148  -17.081  40.465 0.0000000000
52797  -8.889  -20.854  42.868 0.0000000000
52798  -9.728  -21.023  42.757 0.0000000000
49662  -11.765  -23.574  42.039 0.0000000000
50724  -10.023  -23.881  40.718 0.0000000000
50720  -9.957  -24.119  41.171 0.0000000000
74983  -48.543  -0.221  28.176 0.0000000000
76217  -49.987  -0.499  29.374 0.0000000000
76216  -48.998  -0.533  29.418 0.0000000000
74981  -47.597  -0.591  27.918 0.0000000000
74982  -48.147  -0.457  28.020 0.0000000000
75000  -48.469  -0.138  27.723 0.0000000000
46379  -16.614  -26.608  46.438 0.0000000000
45259  -16.122  -27.085  46.854 0.0000000000
53938  -18.533  -19.568  41.631 0.0000000000
49651  -17.398  -23.440  42.996 0.0000000000
48586  -17.419  -24.153  43.664 0.0000000000
47471  -17.392  -24.825  44.206 0.0000000000
47499  -17.040  -24.522  43.053 0.0000000000
60880  -6.087  -15.110  41.701 0.0000000000
57613  -6.276  -16.701  36.395 0.0000000000
55276  -11.173  -19.323  32.906 0.0000000000
56504  -11.241  -18.791  33.353 0.0000000000
55275  -10.364  -19.201  32.457 0.0000000000
56499  -6.192  -18.432  32.215 0.0000000000
56498  -5.190  -18.432  31.973 0.0000000000
57680  -4.060  -18.079  31.603 0.0000000000
56496  -4.196  -18.470  31.413 0.0000000000
52720  -11.385  -22.318  50.294 0.0000000000
50682  -10.893  -23.097  49.508 0.0000000000
45213  -10.530  -28.104  49.337 0.0000000000
47423  -10.783  -27.381  49.717 0.0000000000
46350  -10.411  -27.855  49.065 0.0000000000
47452  -9.628  -26.919  46.706 0.0000000000
47446  -9.674  -26.901  47.357 0.0000000000
48548  -10.116  -26.395  46.672 0.0000000000
48549  -10.663  -25.766  46.399 0.0000000000
47512  -6.647  -26.894  40.958 0.0000000000
48620  -7.083  -26.439  40.180 0.0000000000
47533  -6.561  -26.856  39.973 0.0000000000
41042  -4.280  -32.339  40.562 0.0000000000
42083  -4.808  -31.736  40.104 0.0000000000
56444  -35.996  -17.626  36.858 0.0000000000
56424  -35.888  -17.728  37.522 0.0000000000
58690  -37.540  -16.504  39.956 0.0000000000
58689  -37.487  -16.800  39.382 0.0000000000
59797  -37.015  -15.632  39.774 0.0000000000
55195  -33.632  -18.882  39.407 0.0000000000
53978  -33.715  -19.340  38.521 0.0000000000
53979  -34.226  -18.987  38.741 0.0000000000
53995  -35.154  -18.763  38.321 0.0000000000
54011  -35.229  -18.777  37.512 0.0000000000
54027  -35.203  -18.781  36.683 0.0000000000
53956  -33.682  -18.661  40.955 0.0000000000
52826  -34.006  -19.506  41.381 0.0000000000
55172  -33.138  -18.972  40.107 0.0000000000
81604  -52.039  4.577  27.273 0.0000000000
81599  -52.732  4.367  27.568 0.0000000000
77390  -47.171  0.772  24.283 0.0000000000
78470  -46.461  1.425  23.528 0.0000000000
78471  -46.943  1.621  24.048 0.0000000000
79511  -48.552  2.991  25.290 0.0000000000
80565  -47.298  2.978  24.539 0.0000000000
80566  -47.786  3.753  24.599 0.0000000000
80575  -47.438  4.310  23.911 0.0000000000
81614  -48.607  4.168  25.326 0.0000000000
81613  -48.191  4.766  24.891 0.0000000000
81609  -50.041  4.683  26.291 0.0000000000
81603  -51.174  4.642  26.797 0.0000000000
82623  -51.535  5.560  27.071 0.0000000000
76082  -40.493  -0.236  36.675 0.0000000000
76065  -41.364  -0.511  37.408 0.0000000000
76001  -40.850  -0.636  40.030 0.0000000000
76024  -41.008  -0.625  39.354 0.0000000000
72704  -35.873  -3.152  36.756 0.0000000000
73798  -35.906  -2.481  36.575 0.0000000000
74930  -36.496  -0.874  36.259 0.0000000000
74939  -36.060  -0.852  35.239 0.0000000000
74950  -35.614  -0.625  34.597 0.0000000000
76111  -36.574  -0.545  34.875 0.0000000000
76081  -39.462  -0.349  36.879 0.0000000000
50748  -10.485  -23.919  37.564 0.0000000000
51771  -10.701  -23.227  36.924 0.0000000000
50764  -10.295  -23.945  36.726 0.0000000000
49795  -9.601  -25.224  34.735 0.0000000000
49778  -9.998  -24.220  35.350 0.0000000000
49813  -9.900  -25.547  34.147 0.0000000000
48724  -9.970  -26.063  34.024 0.0000000000
47661  -10.100  -26.309  33.475 0.0000000000
47660  -9.676  -26.791  34.023 0.0000000000
46535  -8.390  -27.541  34.751 0.0000000000
45415  -9.100  -28.042  33.872 0.0000000000
45414  -8.489  -28.502  34.200 0.0000000000
44309  -8.503  -29.471  33.376 0.0000000000
44291  -8.102  -29.349  34.055 0.0000000000
43054  -13.291  -29.281  45.322 0.0000000000
42002  -12.676  -29.621  45.899 0.0000000000
42027  -12.763  -30.159  45.024 0.0000000000
69444  -36.780  -6.438  39.788 0.0000000000
64098  -36.783  -12.026  37.558 0.0000000000
66326  -36.103  -9.851  38.611 0.0000000000
66325  -35.711  -9.612  38.319 0.0000000000
65246  -35.373  -9.591  37.618 0.0000000000
66305  -35.718  -8.698  38.371 0.0000000000
68371  -36.340  -7.685  40.308 0.0000000000
68370  -36.343  -7.538  39.645 0.0000000000
55040  -29.632  -18.222  47.578 0.0000000000
53834  -30.067  -18.794  47.409 0.0000000000
55145  -28.391  -18.354  40.415 0.0000000000
86984  -50.977  9.765  23.193 0.0000000000
86994  -50.728  9.812  22.569 0.0000000000
86985  -51.628  9.997  23.297 0.0000000000
88052  -53.612  10.058  23.620 0.0000000000
88051  -53.223  10.209  23.137 0.0000000000
88060  -52.860  10.488  22.791 0.0000000000
88071  -52.019  10.546  21.659 0.0000000000
89082  -54.240  11.161  22.642 0.0000000000
89073  -54.419  11.315  23.436 0.0000000000
52758  -9.643  -21.720  44.859 0.0000000000
52772  -10.079  -21.589  44.243 0.0000000000
51730  -11.345  -22.898  45.266 0.0000000000
50709  -12.033  -23.455  44.601 0.0000000000
76214  -47.045  -0.561  29.476 0.0000000000
76195  -47.533  -0.461  30.463 0.0000000000
77354  -41.355  0.388  28.896 0.0000000000
77356  -43.207  -0.036  29.187 0.0000000000
76229  -42.038  -0.053  28.285 0.0000000000
76250  -42.775  -0.585  27.663 0.0000000000
76251  -43.717  -0.762  27.773 0.0000000000
74994  -43.483  -1.049  27.114 0.0000000000
76213  -45.971  -0.469  29.491 0.0000000000
76234  -46.645  -0.547  28.597 0.0000000000
48527  -18.199  -24.442  50.241 0.0000000000
47435  -17.922  -24.880  48.687 0.0000000000
47434  -18.077  -25.525  49.003 0.0000000000
46363  -17.039  -25.855  47.993 0.0000000000
47447  -17.276  -25.245  47.516 0.0000000000
48641  -17.106  -23.868  40.359 0.0000000000
48640  -16.812  -24.094  39.931 0.0000000000
57549  -5.856  -16.996  41.433 0.0000000000
57563  -7.063  -16.982  40.859 0.0000000000
56373  -6.873  -17.610  40.422 0.0000000000
56395  -7.433  -18.460  38.395 0.0000000000
56413  -7.380  -18.077  37.347 0.0000000000
56434  -7.830  -17.835  36.790 0.0000000000
52899  -5.861  -21.747  31.439 0.0000000000
54078  -5.248  -20.894  31.369 0.0000000000
52897  -4.610  -21.826  30.729 0.0000000000
53790  -12.092  -22.234  51.874 0.0000000000
54978  -12.175  -21.227  50.790 0.0000000000
52712  -11.847  -22.300  51.559 0.0000000000
53799  -11.824  -22.163  50.861 0.0000000000
52702  -11.473  -22.777  51.984 0.0000000000
44086  -7.891  -29.073  47.031 0.0000000000
45238  -8.851  -28.516  47.496 0.0000000000
45246  -7.908  -28.437  46.998 0.0000000000
45265  -7.990  -28.206  45.344 0.0000000000
46392  -7.734  -27.052  44.923 0.0000000000
46391  -7.236  -27.293  44.315 0.0000000000
45289  -6.549  -27.731  43.180 0.0000000000
46396  -6.912  -27.321  43.412 0.0000000000
59850  -36.818  -15.558  34.036 0.0000000000
59840  -36.722  -15.585  35.343 0.0000000000
57606  -36.801  -16.409  37.137 0.0000000000
57625  -36.622  -16.475  36.511 0.0000000000
58722  -37.080  -15.955  37.286 0.0000000000
60904  -37.352  -14.451  38.535 0.0000000000
62027  -37.832  -14.283  36.874 0.0000000000
63052  -37.673  -13.250  37.086 0.0000000000
54008  -33.463  -19.024  36.850 0.0000000000
52777  -31.037  -21.241  44.565 0.0000000000
52789  -31.357  -20.684  43.325 0.0000000000
52806  -33.208  -20.606  42.223 0.0000000000
55131  -31.732  -19.275  41.443 0.0000000000
53928  -31.510  -20.275  42.165 0.0000000000
53942  -31.234  -19.719  41.894 0.0000000000
55129  -30.006  -18.758  41.436 0.0000000000
55147  -30.550  -18.574  40.652 0.0000000000
82634  -48.272  5.856  24.797 0.0000000000
83709  -48.258  6.552  24.516 0.0000000000
82635  -48.392  6.420  24.861 0.0000000000
84799  -50.237  8.136  25.728 0.0000000000
83710  -48.517  7.239  24.525 0.0000000000
84804  -49.057  8.447  24.449 0.0000000000
85918  -49.694  9.252  24.158 0.0000000000
85914  -50.327  9.153  25.048 0.0000000000
86964  -52.798  9.646  26.588 0.0000000000
86963  -52.244  9.679  25.909 0.0000000000
88028  -53.225  10.611  26.792 0.0000000000
76157  -43.333  0.525  33.271 0.0000000000
77289  -44.112  0.418  33.584 0.0000000000
76118  -43.524  0.403  34.192 0.0000000000
76085  -43.166  0.017  36.267 0.0000000000
76086  -44.156  0.407  35.958 0.0000000000
76045  -42.222  -0.565  38.494 0.0000000000
74898  -42.746  -0.411  38.065 0.0000000000
77282  -37.416  0.590  33.232 0.0000000000
77283  -38.566  0.657  33.287 0.0000000000
77316  -39.921  0.878  31.425 0.0000000000
77287  -42.552  0.401  33.376 0.0000000000
77304  -42.276  0.450  32.680 0.0000000000
77305  -43.133  0.508  32.815 0.0000000000
77320  -43.409  0.490  32.355 0.0000000000
56350  -20.250  -17.491  41.807 0.0000000000
56380  -19.305  -17.961  39.534 0.0000000000
63040  -8.978  -12.457  37.760 0.0000000000
62017  -8.091  -13.700  37.422 0.0000000000
62018  -8.767  -13.041  37.160 0.0000000000
62023  -6.945  -14.055  36.289 0.0000000000
56399  -11.336  -18.951  39.123 0.0000000000
56417  -11.377  -18.527  38.344 0.0000000000
56418  -11.910  -18.966  38.709 0.0000000000
54018  -12.580  -20.014  35.880 0.0000000000
55228  -12.598  -19.237  36.386 0.0000000000
54035  -12.473  -19.913  34.997 0.0000000000
55240  -12.152  -19.159  34.443 0.0000000000
54034  -11.966  -20.395  34.313 0.0000000000
51788  -10.742  -23.391  35.466 0.0000000000
51789  -11.224  -22.673  35.517 0.0000000000
51802  -11.096  -23.149  34.957 0.0000000000
50842  -11.264  -23.222  32.634 0.0000000000
51817  -11.413  -22.546  33.480 0.0000000000
51834  -11.204  -22.429  32.237 0.0000000000
52874  -11.380  -21.381  32.872 0.0000000000
51861  -10.051  -22.463  31.699 0.0000000000
50871  -10.103  -23.268  31.655 0.0000000000
49883  -7.895  -24.418  30.768 0.0000000000
45480  -9.036  -28.146  31.440 0.0000000000
46616  -9.137  -27.680  31.029 0.0000000000
45479  -9.007  -28.770  31.171 0.0000000000
47411  -13.952  -26.212  53.367 0.0000000000
45206  -13.702  -27.527  52.810 0.0000000000
42985  -12.165  -27.978  49.979 0.0000000000
44045  -12.576  -27.780  51.210 0.0000000000
44049  -11.941  -28.040  50.297 0.0000000000
44055  -11.210  -28.345  50.005 0.0000000000
44064  -11.161  -28.992  49.293 0.0000000000
43021  -11.824  -29.628  47.662 0.0000000000
43035  -11.376  -30.013  46.898 0.0000000000
43018  -9.178  -30.134  47.708 0.0000000000
43006  -10.090  -29.613  48.463 0.0000000000
44088  -8.947  -29.516  47.720 0.0000000000
43017  -8.479  -29.983  47.473 0.0000000000
43047  -6.647  -30.157  45.430 0.0000000000
43031  -7.270  -29.919  46.154 0.0000000000
44126  -6.191  -29.833  45.025 0.0000000000
74879  -37.797  -1.539  39.978 0.0000000000
73749  -37.563  -2.371  40.286 0.0000000000
65267  -36.538  -12.004  35.877 0.0000000000
64120  -36.047  -12.665  34.694 0.0000000000
65275  -36.100  -11.728  35.055 0.0000000000
70567  -36.346  -5.132  38.001 0.0000000000
69488  -35.824  -5.902  37.626 0.0000000000
70581  -35.600  -5.130  37.041 0.0000000000
71633  -35.775  -4.526  36.864 0.0000000000
72682  -36.934  -3.332  38.846 0.0000000000
72692  -36.619  -3.422  37.989 0.0000000000
56295  -25.831  -17.621  46.308 0.0000000000
56313  -24.105  -17.343  45.505 0.0000000000
53877  -29.482  -18.817  44.961 0.0000000000
55071  -29.840  -18.752  46.209 0.0000000000
55082  -29.271  -18.647  45.566 0.0000000000
55070  -28.959  -18.628  46.263 0.0000000000
53876  -29.003  -18.521  45.119 0.0000000000
55127  -27.968  -17.846  41.373 0.0000000000
53924  -28.726  -18.533  42.944 0.0000000000
55114  -27.896  -17.879  42.641 0.0000000000
56329  -27.388  -17.800  43.448 0.0000000000
57534  -27.027  -17.526  43.583 0.0000000000
56316  -27.358  -17.538  44.277 0.0000000000
57523  -26.974  -17.354  44.083 0.0000000000
57566  -22.371  -16.717  39.433 0.0000000000
57551  -21.893  -16.704  39.950 0.0000000000
90076  -54.397  12.090  22.173 0.0000000000
90087  -53.100  12.028  20.916 0.0000000000
90077  -54.822  12.521  21.521 0.0000000000
91043  -53.643  13.748  19.546 0.0000000000
91040  -55.145  13.664  19.361 0.0000000000
56337  -5.791  -18.438  42.370 0.0000000000
55119  -6.584  -19.151  41.460 0.0000000000
55090  -7.039  -19.367  43.864 0.0000000000
55099  -6.638  -19.252  43.351 0.0000000000
53917  -7.255  -19.925  42.584 0.0000000000
53933  -8.615  -19.685  41.510 0.0000000000
55121  -9.319  -19.498  41.395 0.0000000000
55139  -10.244  -19.335  40.545 0.0000000000
55122  -9.933  -19.487  41.300 0.0000000000
53936  -11.446  -20.086  41.653 0.0000000000
53951  -11.936  -19.859  41.035 0.0000000000
53952  -12.336  -20.261  40.721 0.0000000000
53963  -12.223  -20.351  39.802 0.0000000000
52823  -12.483  -21.063  40.442 0.0000000000
52785  -11.359  -21.523  43.263 0.0000000000
51737  -12.362  -21.909  42.576 0.0000000000
51744  -11.878  -22.388  40.749 0.0000000000
51749  -11.739  -22.346  39.883 0.0000000000
51748  -11.038  -22.768  39.643 0.0000000000
51753  -10.881  -22.875  38.713 0.0000000000
50729  -10.414  -23.417  39.390 0.0000000000
49688  -9.798  -24.762  39.729 0.0000000000
50731  -10.127  -24.265  39.161 0.0000000000
49738  -9.505  -25.067  38.036 0.0000000000
49710  -8.935  -25.391  38.724 0.0000000000
76258  -50.714  -0.124  27.966 0.0000000000
77357  -51.636  0.165  28.181 0.0000000000
74860  -39.993  -1.354  40.892 0.0000000000
75020  -44.990  -1.697  26.853 0.0000000000
75060  -43.935  -1.514  25.180 0.0000000000
73855  -44.800  -1.682  26.159 0.0000000000
73907  -46.218  -1.137  25.520 0.0000000000
73906  -45.522  -1.183  25.031 0.0000000000
75061  -45.338  -0.467  24.069 0.0000000000
75063  -46.272  -0.548  25.209 0.0000000000
76278  -46.629  0.147  24.714 0.0000000000
75044  -46.946  -0.580  25.535 0.0000000000
75022  -48.729  0.198  27.428 0.0000000000
75047  -48.745  0.348  27.073 0.0000000000
76269  -49.067  0.717  27.268 0.0000000000
77376  -49.629  1.197  27.171 0.0000000000
47419  -15.260  -25.870  51.573 0.0000000000
45218  -15.636  -27.074  51.092 0.0000000000
45224  -14.611  -28.096  50.102 0.0000000000
45225  -15.698  -27.164  50.388 0.0000000000
46348  -17.279  -26.212  50.226 0.0000000000
46357  -16.794  -26.382  49.356 0.0000000000
45248  -15.623  -27.503  47.316 0.0000000000
45240  -15.881  -27.769  48.170 0.0000000000
44092  -15.120  -27.987  47.724 0.0000000000
44079  -14.580  -28.279  48.191 0.0000000000
44105  -14.335  -28.247  46.638 0.0000000000
44141  -14.279  -27.791  44.394 0.0000000000
44129  -14.022  -28.319  44.807 0.0000000000
45280  -13.622  -28.802  43.634 0.0000000000
55111  -19.813  -18.177  43.058 0.0000000000
53890  -19.808  -19.775  44.877 0.0000000000
52775  -19.048  -20.452  44.607 0.0000000000
51747  -17.523  -21.169  41.412 0.0000000000
51746  -17.261  -21.748  41.538 0.0000000000
50715  -17.499  -22.432  44.334 0.0000000000
51738  -17.568  -21.652  43.429 0.0000000000
50716  -17.658  -21.508  44.197 0.0000000000
50708  -18.739  -22.061  46.006 0.0000000000
49615  -18.417  -23.718  46.209 0.0000000000
49606  -19.066  -23.175  47.690 0.0000000000
48547  -18.777  -23.888  47.234 0.0000000000
48546  -18.166  -24.243  47.407 0.0000000000
48551  -18.303  -24.205  46.753 0.0000000000
47470  -17.011  -25.419  44.719 0.0000000000
46387  -16.794  -25.797  45.285 0.0000000000
47468  -16.737  -25.972  44.536 0.0000000000
46445  -15.780  -25.376  40.937 0.0000000000
46412  -16.345  -25.296  42.281 0.0000000000
46427  -15.991  -25.535  41.622 0.0000000000
46426  -15.531  -26.291  41.726 0.0000000000
46410  -15.442  -26.859  42.414 0.0000000000
45295  -15.544  -27.511  42.978 0.0000000000
46409  -14.853  -27.279  42.474 0.0000000000
61984  -6.041  -13.589  41.189 0.0000000000
61985  -6.640  -13.556  40.744 0.0000000000
58695  -6.967  -16.537  40.286 0.0000000000
59794  -6.288  -15.731  40.545 0.0000000000
58688  -7.224  -16.036  39.602 0.0000000000
60895  -7.358  -14.520  39.791 0.0000000000
59802  -7.627  -15.437  38.307 0.0000000000
59813  -7.448  -15.365  37.691 0.0000000000
59820  -5.986  -15.424  35.980 0.0000000000
59821  -6.209  -15.120  36.628 0.0000000000
60925  -5.908  -14.817  35.365 0.0000000000
59825  -5.823  -15.229  35.049 0.0000000000
56436  -10.472  -18.167  36.888 0.0000000000
56415  -9.219  -18.023  37.518 0.0000000000
56467  -9.845  -18.071  34.632 0.0000000000
56455  -9.756  -18.035  35.441 0.0000000000
57652  -9.150  -17.765  35.090 0.0000000000
57633  -8.276  -17.569  35.687 0.0000000000
57651  -8.520  -17.617  34.696 0.0000000000
55297  -8.403  -19.721  31.604 0.0000000000
55274  -9.428  -19.243  32.167 0.0000000000
55273  -8.491  -19.136  32.085 0.0000000000
57684  -7.040  -17.949  32.997 0.0000000000
57649  -7.003  -17.348  34.141 0.0000000000
58755  -6.592  -16.990  34.576 0.0000000000
57648  -6.216  -17.207  33.903 0.0000000000
59857  -5.320  -16.428  32.769 0.0000000000
59846  -5.418  -15.885  33.233 0.0000000000
59833  -4.786  -15.129  33.686 0.0000000000
59845  -4.448  -15.203  33.066 0.0000000000
60940  -3.615  -15.003  32.781 0.0000000000
59855  -3.406  -15.352  32.446 0.0000000000
50697  -9.432  -23.047  48.148 0.0000000000
48506  -12.831  -25.776  53.062 0.0000000000
50654  -12.330  -24.070  53.337 0.0000000000
49575  -12.515  -25.156  52.575 0.0000000000
49583  -11.177  -25.746  50.991 0.0000000000
49579  -11.662  -25.100  51.772 0.0000000000
49584  -11.481  -25.096  51.454 0.0000000000
49591  -11.059  -25.004  50.610 0.0000000000
47437  -9.458  -27.753  47.418 0.0000000000
46361  -9.772  -27.177  48.351 0.0000000000
47438  -9.523  -27.137  47.904 0.0000000000
48534  -10.357  -25.389  49.217 0.0000000000
49595  -10.932  -24.792  49.763 0.0000000000
49604  -11.129  -24.776  47.497 0.0000000000
50694  -11.513  -23.724  47.415 0.0000000000
51705  -11.607  -23.488  47.143 0.0000000000
48558  -10.724  -25.509  45.448 0.0000000000
48559  -11.502  -24.976  45.470 0.0000000000
48572  -11.184  -25.079  44.499 0.0000000000
49623  -11.521  -24.706  44.375 0.0000000000
48584  -10.315  -25.220  43.690 0.0000000000
48569  -7.868  -26.196  44.011 0.0000000000
47514  -9.312  -26.243  40.921 0.0000000000
48623  -9.388  -25.622  40.634 0.0000000000
47535  -9.226  -26.180  40.366 0.0000000000
48638  -7.512  -26.051  39.404 0.0000000000
48672  -7.240  -26.198  37.953 0.0000000000
42036  -5.813  -31.048  42.744 0.0000000000
43114  -5.248  -31.027  40.683 0.0000000000
42058  -5.092  -31.491  41.242 0.0000000000
43093  -5.649  -30.411  42.191 0.0000000000
44179  -5.405  -29.768  40.467 0.0000000000
45340  -5.867  -29.239  39.809 0.0000000000
46478  -6.292  -28.105  38.500 0.0000000000
47574  -6.459  -27.746  38.826 0.0000000000
46493  -6.520  -27.961  36.888 0.0000000000
47612  -6.734  -27.443  36.716 0.0000000000
46508  -6.787  -27.697  36.300 0.0000000000
46509  -7.076  -27.396  35.972 0.0000000000
58677  -37.472  -16.396  41.293 0.0000000000
58676  -37.612  -16.191  41.867 0.0000000000
58672  -37.526  -16.659  42.007 0.0000000000
58668  -37.471  -16.847  42.552 0.0000000000
55196  -35.694  -18.253  38.992 0.0000000000
56406  -36.197  -17.847  38.481 0.0000000000
56408  -37.135  -17.972  39.387 0.0000000000
57572  -37.492  -17.374  40.140 0.0000000000
53966  -34.363  -17.927  39.934 0.0000000000
52809  -35.376  -20.461  41.927 0.0000000000
52821  -35.151  -19.794  41.820 0.0000000000
53957  -34.338  -18.411  41.081 0.0000000000
53914  -36.582  -19.337  42.606 0.0000000000
80559  -51.518  3.399  27.024 0.0000000000
80553  -52.463  3.549  27.457 0.0000000000
78464  -49.087  1.522  26.213 0.0000000000
78462  -48.027  1.757  25.047 0.0000000000
78458  -49.137  2.052  25.920 0.0000000000
79506  -49.158  2.445  25.811 0.0000000000
80562  -49.030  3.459  25.618 0.0000000000
80563  -49.652  3.722  26.101 0.0000000000
80558  -50.560  3.282  26.515 0.0000000000
73799  -36.193  -1.658  36.685 0.0000000000
74919  -36.602  -1.064  37.219 0.0000000000
76096  -37.325  -0.362  36.662 0.0000000000
50783  -9.790  -24.462  36.604 0.0000000000
47645  -8.724  -26.682  34.848 0.0000000000
47644  -8.222  -27.072  35.093 0.0000000000
44139  -13.131  -29.557  43.815 0.0000000000
43085  -12.368  -29.865  44.072 0.0000000000
44138  -12.296  -29.615  43.493 0.0000000000
44137  -11.475  -29.556  43.245 0.0000000000
65232  -36.941  -10.845  39.323 0.0000000000
66307  -36.511  -9.841  38.999 0.0000000000
67348  -36.348  -8.945  39.422 0.0000000000
67335  -36.496  -8.789  40.248 0.0000000000
56268  -30.779  -18.197  47.798 0.0000000000
56404  -28.069  -17.121  39.283 0.0000000000
88047  -52.866  10.343  24.930 0.0000000000
88048  -53.525  10.515  24.669 0.0000000000
89070  -54.066  10.981  24.786 0.0000000000
90994  -53.779  13.426  26.610 0.0000000000
51721  -11.494  -23.140  46.143 0.0000000000
76161  -46.471  -0.238  32.483 0.0000000000
77333  -42.811  -0.016  30.915 0.0000000000
77347  -42.518  0.351  29.908 0.0000000000
77348  -43.492  0.364  30.004 0.0000000000
76211  -44.096  -0.222  29.304 0.0000000000
49596  -18.384  -23.874  50.163 0.0000000000
49599  -18.397  -23.845  49.688 0.0000000000
48535  -18.233  -24.248  49.095 0.0000000000
56304  -23.735  -17.656  46.066 0.0000000000
63057  -7.858  -12.823  34.997 0.0000000000
63066  -7.157  -13.227  34.117 0.0000000000
50868  -7.210  -23.192  31.119 0.0000000000
51857  -5.627  -22.653  31.172 0.0000000000
51856  -4.946  -22.572  30.874 0.0000000000
53791  -12.355  -22.290  52.100 0.0000000000
52704  -11.929  -22.385  52.641 0.0000000000
45255  -6.006  -28.851  46.004 0.0000000000
45263  -6.030  -28.664  45.759 0.0000000000
45270  -6.984  -28.112  44.741 0.0000000000
59804  -36.766  -15.219  38.649 0.0000000000
59815  -37.010  -15.498  37.439 0.0000000000
62010  -37.562  -13.942  39.176 0.0000000000
63041  -37.537  -13.192  39.472 0.0000000000
62001  -37.616  -13.586  39.988 0.0000000000
54025  -34.051  -18.850  36.255 0.0000000000
53944  -32.705  -19.960  41.337 0.0000000000
52816  -32.415  -20.337  41.699 0.0000000000
55132  -32.371  -19.550  41.296 0.0000000000
55148  -31.424  -18.810  40.717 0.0000000000
55168  -30.318  -18.306  39.736 0.0000000000
86950  -53.318  9.524  27.289 0.0000000000
82630  -50.057  5.955  25.998 0.0000000000
83705  -50.403  6.839  26.191 0.0000000000
85915  -51.102  8.957  25.640 0.0000000000
76117  -42.818  0.126  34.526 0.0000000000
76138  -40.025  0.476  34.011 0.0000000000
77285  -40.586  0.473  33.354 0.0000000000
77286  -41.577  0.284  33.592 0.0000000000
63039  -8.680  -12.734  38.607 0.0000000000
60912  -7.944  -13.938  37.956 0.0000000000
55202  -12.202  -19.489  38.331 0.0000000000
53988  -12.050  -20.337  37.797 0.0000000000
54001  -12.094  -20.740  36.450 0.0000000000
51816  -11.165  -23.167  34.286 0.0000000000
49860  -10.121  -23.819  31.692 0.0000000000
49859  -9.612  -24.439  31.388 0.0000000000
48771  -8.765  -24.764  30.854 0.0000000000
48770  -8.018  -25.488  30.781 0.0000000000
47708  -7.390  -26.413  30.679 0.0000000000
45216  -14.079  -28.005  50.868 0.0000000000
45211  -14.040  -27.879  52.073 0.0000000000
44051  -12.938  -27.771  50.300 0.0000000000
42989  -12.319  -28.310  49.300 0.0000000000
41981  -11.975  -29.038  49.095 0.0000000000
43050  -10.143  -30.478  45.919 0.0000000000
43034  -10.549  -30.332  46.967 0.0000000000
72669  -37.188  -3.233  39.686 0.0000000000
72658  -37.302  -3.108  40.531 0.0000000000
69472  -36.509  -5.913  38.335 0.0000000000
70568  -36.556  -5.381  38.383 0.0000000000
71616  -36.498  -4.333  37.832 0.0000000000
56285  -26.935  -17.621  47.045 0.0000000000
57509  -26.385  -17.653  46.406 0.0000000000
56306  -25.949  -17.504  45.488 0.0000000000
53880  -31.121  -19.930  45.436 0.0000000000
55073  -31.148  -19.358  45.631 0.0000000000
53879  -30.567  -20.084  45.281 0.0000000000
53878  -30.001  -19.748  44.949 0.0000000000
53892  -29.425  -19.043  44.316 0.0000000000
55126  -27.318  -17.539  41.951 0.0000000000
56342  -25.794  -17.324  42.466 0.0000000000
56353  -24.116  -16.996  41.686 0.0000000000
56362  -22.587  -17.192  40.957 0.0000000000
57553  -23.491  -17.010  40.341 0.0000000000
57567  -23.327  -16.743  39.574 0.0000000000
88079  -50.436  10.399  20.438 0.0000000000
53901  -7.417  -19.859  43.507 0.0000000000
53916  -6.934  -19.660  43.044 0.0000000000
53902  -7.723  -20.281  43.033 0.0000000000
53920  -10.066  -20.474  42.246 0.0000000000
53921  -10.875  -20.468  42.179 0.0000000000
52800  -11.636  -20.969  42.256 0.0000000000
50713  -12.327  -23.049  43.459 0.0000000000
50714  -12.456  -22.463  42.812 0.0000000000
50717  -12.155  -23.009  42.305 0.0000000000
50722  -11.479  -23.194  41.331 0.0000000000
50725  -10.636  -23.355  40.408 0.0000000000
76256  -48.958  0.225  28.095 0.0000000000
76238  -50.376  -0.392  28.481 0.0000000000
74997  -46.352  -1.226  27.461 0.0000000000
73856  -45.704  -1.978  26.413 0.0000000000
73846  -47.170  -1.527  27.105 0.0000000000
73858  -47.409  -1.483  26.462 0.0000000000
73881  -47.996  -1.077  26.210 0.0000000000
73860  -48.494  -0.673  27.086 0.0000000000
47425  -16.502  -25.964  50.613 0.0000000000
46362  -16.684  -26.381  48.412 0.0000000000
44119  -14.975  -28.146  46.107 0.0000000000
45266  -15.211  -27.688  45.717 0.0000000000
44142  -14.373  -27.670  44.779 0.0000000000
52803  -17.989  -20.475  42.586 0.0000000000
50727  -17.298  -22.713  41.277 0.0000000000
50723  -17.291  -22.598  42.273 0.0000000000
49627  -17.890  -22.705  45.393 0.0000000000
48560  -17.702  -24.113  45.830 0.0000000000
47483  -17.011  -25.357  43.675 0.0000000000
46444  -15.494  -25.772  41.077 0.0000000000
46424  -13.997  -27.036  41.802 0.0000000000
60882  -6.061  -14.690  40.986 0.0000000000
57578  -6.813  -17.304  39.151 0.0000000000
58696  -7.131  -16.635  39.393 0.0000000000
58712  -6.903  -16.505  37.745 0.0000000000
59812  -6.881  -15.313  37.265 0.0000000000
58711  -6.297  -16.344  36.998 0.0000000000
58728  -6.150  -16.230  36.367 0.0000000000
56469  -11.680  -18.325  35.198 0.0000000000
56456  -10.604  -18.167  35.823 0.0000000000
56484  -10.253  -18.144  34.102 0.0000000000
57687  -10.009  -17.903  33.515 0.0000000000
56518  -6.753  -19.051  31.880 0.0000000000
56519  -7.226  -19.000  31.939 0.0000000000
57683  -6.508  -17.864  32.754 0.0000000000
57665  -6.091  -17.266  33.087 0.0000000000
58782  -4.833  -16.937  32.488 0.0000000000
46339  -11.344  -26.981  51.577 0.0000000000
47412  -11.514  -26.246  51.745 0.0000000000
47416  -11.247  -26.625  51.289 0.0000000000
47424  -10.936  -26.733  50.323 0.0000000000
48524  -10.951  -26.059  50.503 0.0000000000
47445  -9.641  -27.098  47.504 0.0000000000
48537  -9.488  -26.472  48.429 0.0000000000
48542  -9.608  -26.486  47.972 0.0000000000
48539  -10.461  -25.412  48.392 0.0000000000
48545  -11.044  -25.143  46.951 0.0000000000
49605  -11.434  -24.460  47.006 0.0000000000
48581  -7.723  -26.520  42.809 0.0000000000
48594  -7.749  -26.778  41.869 0.0000000000
48608  -8.143  -26.788  41.238 0.0000000000
48637  -6.898  -26.537  39.374 0.0000000000
42068  -4.995  -31.388  40.662 0.0000000000
43103  -5.247  -30.616  40.532 0.0000000000
43113  -5.171  -30.938  40.225 0.0000000000
44198  -5.143  -30.611  40.037 0.0000000000
43131  -5.237  -30.580  39.708 0.0000000000
45353  -5.991  -28.604  38.051 0.0000000000
55233  -35.584  -18.492  36.071 0.0000000000
55250  -35.912  -18.101  35.466 0.0000000000
55223  -36.001  -17.858  36.576 0.0000000000
57604  -36.159  -17.270  37.159 0.0000000000
58720  -36.960  -16.760  38.118 0.0000000000
57587  -36.828  -17.209  38.341 0.0000000000
58703  -37.312  -16.715  38.738 0.0000000000
59798  -36.997  -14.941  40.428 0.0000000000
53977  -33.039  -19.661  38.338 0.0000000000
53992  -33.650  -19.449  37.594 0.0000000000
53980  -34.659  -18.643  38.967 0.0000000000
53994  -34.779  -19.049  38.076 0.0000000000
54043  -35.130  -18.823  36.019 0.0000000000
52807  -34.052  -21.033  42.002 0.0000000000
52819  -34.419  -20.344  41.517 0.0000000000
52818  -33.745  -20.381  41.343 0.0000000000
53945  -33.258  -20.144  41.210 0.0000000000
55151  -33.289  -19.238  40.788 0.0000000000
55171  -32.601  -19.124  39.979 0.0000000000
83701  -52.575  6.389  27.414 0.0000000000
84795  -53.004  6.891  27.598 0.0000000000
83702  -52.875  6.146  27.650 0.0000000000
79509  -47.410  2.146  24.567 0.0000000000
79518  -46.784  2.614  24.207 0.0000000000
80573  -46.211  3.091  23.984 0.0000000000
81607  -48.438  5.185  25.141 0.0000000000
82628  -48.593  5.425  25.241 0.0000000000
82631  -50.756  5.753  26.623 0.0000000000
76083  -41.376  -0.059  36.565 0.0000000000
74896  -41.971  -0.719  37.927 0.0000000000
76025  -41.894  -0.441  39.199 0.0000000000
74949  -35.272  -0.742  33.833 0.0000000000
76134  -35.669  -0.194  33.773 0.0000000000
76113  -38.724  -0.051  35.060 0.0000000000
63015  -6.963  -12.799  40.573 0.0000000000
51772  -10.998  -22.296  37.082 0.0000000000
51778  -10.714  -23.361  36.134 0.0000000000
47681  -10.220  -26.040  32.927 0.0000000000
47680  -9.872  -26.865  32.708 0.0000000000
46581  -9.348  -27.728  32.673 0.0000000000
45437  -9.173  -28.424  33.256 0.0000000000
44326  -9.028  -28.816  32.679 0.0000000000
43221  -8.211  -29.833  32.735 0.0000000000
43011  -13.258  -28.651  47.706 0.0000000000
43010  -12.854  -28.945  47.937 0.0000000000
43037  -12.788  -29.391  46.468 0.0000000000
42001  -12.442  -29.912  46.043 0.0000000000
42012  -11.814  -30.681  45.473 0.0000000000
43067  -11.975  -30.364  44.556 0.0000000000
42025  -11.820  -30.655  44.961 0.0000000000
43066  -11.110  -30.590  44.906 0.0000000000
70541  -36.976  -5.338  39.446 0.0000000000
63059  -37.037  -13.500  36.301 0.0000000000
64111  -36.598  -12.935  35.732 0.0000000000
65265  -35.718  -9.985  36.415 0.0000000000
66340  -35.232  -9.207  36.953 0.0000000000
67380  -35.047  -8.336  37.429 0.0000000000
67362  -35.526  -8.062  38.035 0.0000000000
67347  -36.100  -8.128  38.799 0.0000000000
68381  -36.425  -7.412  39.123 0.0000000000
69457  -36.716  -6.639  38.922 0.0000000000
55039  -28.800  -18.190  47.494 0.0000000000
55057  -28.812  -18.609  47.013 0.0000000000
53940  -29.678  -18.941  42.207 0.0000000000
53939  -29.092  -18.570  42.386 0.0000000000
55144  -27.740  -18.272  40.708 0.0000000000
56385  -27.639  -18.350  39.759 0.0000000000
56366  -27.128  -18.107  40.683 0.0000000000
56383  -25.642  -17.657  39.939 0.0000000000
87009  -50.387  10.120  21.316 0.0000000000
86996  -52.062  10.265  22.790 0.0000000000
87002  -51.357  10.085  22.029 0.0000000000
88069  -50.796  10.375  20.968 0.0000000000
88070  -51.342  10.397  21.320 0.0000000000
89090  -51.476  10.898  20.748 0.0000000000
89091  -52.180  11.108  21.135 0.0000000000
89092  -52.785  11.482  21.629 0.0000000000
89087  -53.861  11.528  22.226 0.0000000000
90056  -54.351  12.457  24.514 0.0000000000
52773  -10.817  -21.730  43.913 0.0000000000
49649  -10.963  -24.602  42.884 0.0000000000
76196  -48.567  -0.603  30.434 0.0000000000
75018  -43.212  -1.343  26.423 0.0000000000
75019  -44.147  -1.416  26.621 0.0000000000
74996  -45.392  -1.395  27.354 0.0000000000
76232  -44.808  -0.542  28.524 0.0000000000
76253  -45.552  -0.782  27.813 0.0000000000
76254  -46.425  -0.637  27.868 0.0000000000
76255  -47.073  -0.521  28.022 0.0000000000
49592  -17.686  -24.114  50.751 0.0000000000
47427  -17.882  -25.780  50.458 0.0000000000
47430  -18.305  -25.703  49.738 0.0000000000
48531  -18.345  -24.653  49.799 0.0000000000
46358  -17.556  -26.054  48.986 0.0000000000
51765  -17.557  -21.289  38.950 0.0000000000
51756  -17.637  -22.095  39.639 0.0000000000
50730  -17.521  -22.813  40.312 0.0000000000
49676  -17.296  -23.495  40.945 0.0000000000
49675  -17.070  -23.794  41.522 0.0000000000
48611  -16.851  -24.061  41.963 0.0000000000
48599  -16.835  -24.188  42.544 0.0000000000
47538  -16.703  -24.709  40.868 0.0000000000
47537  -16.202  -25.089  40.913 0.0000000000
58675  -5.429  -16.304  41.596 0.0000000000
59792  -5.862  -15.987  41.141 0.0000000000
57562  -6.189  -16.492  41.230 0.0000000000
56412  -6.908  -17.795  36.967 0.0000000000
56432  -7.061  -17.833  36.074 0.0000000000
54083  -9.947  -20.598  31.832 0.0000000000
54066  -10.128  -20.013  32.115 0.0000000000
54082  -9.151  -20.493  31.623 0.0000000000
54081  -8.175  -20.582  31.453 0.0000000000
52900  -6.821  -21.636  31.463 0.0000000000
54080  -7.144  -20.665  31.400 0.0000000000
55295  -6.441  -19.854  31.540 0.0000000000
55294  -5.489  -20.001  31.546 0.0000000000
56515  -4.214  -18.984  31.164 0.0000000000
53815  -11.741  -21.122  50.436 0.0000000000
53814  -11.382  -21.480  50.022 0.0000000000
45228  -9.879  -28.898  47.949 0.0000000000
46355  -10.172  -28.134  48.202 0.0000000000
45227  -9.445  -28.510  47.623 0.0000000000
47436  -8.988  -27.926  47.487 0.0000000000
47443  -8.743  -27.763  47.314 0.0000000000
45257  -8.127  -28.831  46.076 0.0000000000
47450  -8.851  -27.436  46.864 0.0000000000
46378  -8.797  -27.596  46.276 0.0000000000
46385  -8.907  -27.441  45.994 0.0000000000
47457  -9.008  -26.936  45.717 0.0000000000
47456  -7.972  -26.578  45.238 0.0000000000
47466  -7.406  -26.821  43.767 0.0000000000
47480  -7.348  -27.052  42.954 0.0000000000
46422  -6.713  -27.298  41.635 0.0000000000
60934  -36.800  -15.122  34.908 0.0000000000
62045  -36.606  -14.467  35.489 0.0000000000
56462  -36.491  -17.707  35.719 0.0000000000
58749  -36.520  -15.857  35.863 0.0000000000
59822  -36.757  -15.525  36.601 0.0000000000
59830  -36.587  -15.393  36.112 0.0000000000
60927  -36.663  -15.068  35.928 0.0000000000
62036  -36.837  -14.360  36.349 0.0000000000
63051  -37.479  -13.091  36.495 0.0000000000
64099  -37.173  -12.659  37.956 0.0000000000
64091  -37.333  -12.535  38.990 0.0000000000
65233  -36.961  -11.882  39.450 0.0000000000
65217  -36.996  -11.492  40.056 0.0000000000
52748  -32.132  -19.573  45.982 0.0000000000
52788  -30.324  -20.613  43.895 0.0000000000
52805  -32.156  -20.567  42.284 0.0000000000
53926  -30.038  -19.719  42.671 0.0000000000
55167  -29.417  -17.915  39.736 0.0000000000
83721  -47.696  7.744  23.340 0.0000000000
85923  -50.174  9.559  23.300 0.0000000000
86980  -51.536  9.776  24.304 0.0000000000
86975  -51.942  9.668  25.321 0.0000000000
88027  -52.919  10.350  25.967 0.0000000000
89042  -53.578  11.456  27.562 0.0000000000
76159  -44.506  0.195  32.686 0.0000000000
76143  -44.252  0.346  33.302 0.0000000000
77265  -44.541  0.297  34.106 0.0000000000
76067  -42.743  -0.222  37.486 0.0000000000
77319  -43.058  0.387  31.957 0.0000000000
76175  -43.824  0.363  32.046 0.0000000000
56339  -21.686  -17.360  42.897 0.0000000000
56338  -20.742  -17.537  42.586 0.0000000000
55143  -18.896  -18.687  40.619 0.0000000000
53964  -18.074  -19.691  39.434 0.0000000000
52832  -17.810  -20.513  39.206 0.0000000000
62032  -7.572  -13.265  35.811 0.0000000000
63055  -6.503  -13.479  35.010 0.0000000000
55161  -9.774  -19.069  39.682 0.0000000000
56397  -9.578  -18.660  38.771 0.0000000000
56398  -10.605  -18.619  38.808 0.0000000000
56437  -11.425  -18.310  37.396 0.0000000000
55216  -12.530  -19.345  37.396 0.0000000000
56458  -12.224  -18.593  36.901 0.0000000000
56470  -12.159  -18.656  36.016 0.0000000000
55255  -11.637  -19.401  33.647 0.0000000000
52857  -11.590  -21.572  34.972 0.0000000000
52903  -9.853  -21.312  31.708 0.0000000000
51860  -8.610  -22.403  31.627 0.0000000000
50869  -8.154  -23.070  31.289 0.0000000000
50899  -7.087  -23.930  30.743 0.0000000000
46599  -8.866  -27.154  31.185 0.0000000000
47410  -13.591  -26.129  53.743 0.0000000000
46330  -12.554  -26.984  53.081 0.0000000000
44042  -12.944  -28.064  51.924 0.0000000000
44040  -12.334  -27.593  51.915 0.0000000000
45203  -12.019  -27.393  51.922 0.0000000000
45208  -11.194  -27.611  51.124 0.0000000000
45214  -10.600  -28.008  50.015 0.0000000000
45221  -10.360  -28.526  49.191 0.0000000000
43009  -12.360  -29.256  48.415 0.0000000000
41987  -12.098  -29.268  48.737 0.0000000000
43008  -11.664  -29.481  48.558 0.0000000000
43007  -10.808  -29.471  48.639 0.0000000000
44077  -10.420  -29.390  48.818 0.0000000000
42992  -9.881  -29.264  48.644 0.0000000000
44061  -9.890  -29.130  48.432 0.0000000000
44074  -9.105  -29.068  47.653 0.0000000000
44087  -8.387  -29.448  47.480 0.0000000000
44100  -6.897  -29.326  46.303 0.0000000000
44098  -5.377  -29.194  45.726 0.0000000000
44125  -5.866  -29.386  44.811 0.0000000000
76022  -38.984  -0.823  39.854 0.0000000000
76021  -38.199  -1.060  39.868 0.0000000000
73734  -37.951  -2.314  41.112 0.0000000000
64121  -36.175  -13.147  34.986 0.0000000000
64131  -35.857  -13.132  34.068 0.0000000000
72719  -35.122  -3.948  36.101 0.0000000000
73787  -36.340  -2.379  37.392 0.0000000000
56284  -25.887  -17.450  47.137 0.0000000000
56294  -24.737  -17.699  46.636 0.0000000000
57515  -23.424  -17.417  45.568 0.0000000000
53835  -30.774  -19.314  47.654 0.0000000000
53861  -30.718  -19.577  46.782 0.0000000000
53847  -30.322  -19.262  47.179 0.0000000000
53846  -29.592  -18.781  47.138 0.0000000000
53905  -28.677  -18.444  43.745 0.0000000000
55104  -28.018  -18.292  43.702 0.0000000000
55094  -28.160  -18.011  44.362 0.0000000000
55093  -27.957  -17.246  45.027 0.0000000000
55080  -27.659  -17.688  45.809 0.0000000000
56327  -25.130  -16.678  43.596 0.0000000000
57522  -24.288  -16.616  44.353 0.0000000000
90092  -51.946  11.953  19.611 0.0000000000
91038  -53.374  13.114  20.203 0.0000000000
91042  -52.835  13.182  19.260 0.0000000000
92005  -54.308  14.412  18.754 0.0000000000
57546  -5.694  -17.541  41.630 0.0000000000
56359  -6.653  -18.477  40.975 0.0000000000
55159  -7.583  -19.345  39.925 0.0000000000
53961  -7.985  -19.643  40.051 0.0000000000
55110  -6.885  -19.674  41.939 0.0000000000
55120  -6.873  -19.682  41.587 0.0000000000
53931  -6.899  -19.683  41.339 0.0000000000
53950  -8.460  -19.545  40.563 0.0000000000
55160  -8.554  -19.288  39.740 0.0000000000
55162  -10.702  -19.201  39.896 0.0000000000
55163  -11.465  -19.340  39.783 0.0000000000
55123  -10.781  -19.555  41.186 0.0000000000
55141  -11.684  -19.646  40.507 0.0000000000
55186  -11.991  -19.539  39.260 0.0000000000
52838  -11.920  -20.940  38.562 0.0000000000
52830  -11.880  -21.515  38.947 0.0000000000
50718  -12.307  -22.324  42.260 0.0000000000
51741  -12.248  -21.808  41.900 0.0000000000
51750  -12.241  -21.815  40.153 0.0000000000
51755  -11.991  -21.828  39.461 0.0000000000
78441  -50.756  1.193  27.498 0.0000000000
77366  -51.529  1.030  28.030 0.0000000000
76120  -45.539  -0.104  33.845 0.0000000000
74881  -39.567  -1.169  40.451 0.0000000000
74882  -40.137  -1.073  40.556 0.0000000000
73903  -43.286  -1.918  24.581 0.0000000000
73930  -44.249  -1.593  24.279 0.0000000000
73878  -45.361  -1.734  25.639 0.0000000000
72871  -44.931  -1.404  24.537 0.0000000000
73947  -44.075  -1.588  23.788 0.0000000000
75072  -44.529  -0.540  23.542 0.0000000000
76298  -44.577  -0.213  23.517 0.0000000000
76315  -44.701  0.235  23.399 0.0000000000
76300  -45.771  0.119  23.837 0.0000000000
77389  -46.687  0.305  24.307 0.0000000000
77391  -47.645  1.059  25.315 0.0000000000
75064  -47.803  0.309  26.234 0.0000000000
75075  -47.955  0.668  26.164 0.0000000000
77401  -48.334  1.130  25.928 0.0000000000
77387  -49.176  1.164  26.698 0.0000000000
45212  -14.658  -27.303  51.918 0.0000000000
44065  -13.618  -28.376  48.882 0.0000000000
46347  -16.646  -26.291  50.367 0.0000000000
46351  -16.296  -26.663  50.410 0.0000000000
45241  -16.242  -27.062  48.792 0.0000000000
45234  -16.224  -26.970  49.686 0.0000000000
44067  -14.986  -28.687  48.761 0.0000000000
44066  -14.243  -28.473  48.760 0.0000000000
44078  -13.726  -28.155  48.120 0.0000000000
44090  -13.725  -28.485  47.259 0.0000000000
44117  -13.627  -28.901  45.820 0.0000000000
43055  -13.823  -28.686  45.251 0.0000000000
44118  -14.221  -28.455  45.657 0.0000000000
43071  -13.927  -28.541  45.025 0.0000000000
44127  -13.394  -29.369  44.211 0.0000000000
45279  -13.263  -29.113  43.272 0.0000000000
55102  -20.778  -18.022  43.516 0.0000000000
55091  -20.443  -19.068  45.365 0.0000000000
53858  -19.629  -20.576  46.218 0.0000000000
51752  -17.665  -21.254  40.868 0.0000000000
52802  -17.590  -20.846  42.111 0.0000000000
51743  -17.573  -21.044  43.006 0.0000000000
51739  -17.844  -20.901  43.543 0.0000000000
51731  -18.887  -20.855  45.572 0.0000000000
52746  -19.549  -20.864  46.426 0.0000000000
51723  -19.416  -21.570  46.526 0.0000000000
51713  -20.020  -22.069  47.080 0.0000000000
49616  -18.545  -22.888  45.861 0.0000000000
50695  -19.691  -22.621  48.308 0.0000000000
47454  -17.372  -24.615  46.418 0.0000000000
47453  -17.114  -25.244  46.728 0.0000000000
46380  -16.900  -25.941  46.140 0.0000000000
46386  -16.389  -26.355  45.505 0.0000000000
47498  -16.819  -24.705  42.757 0.0000000000
46398  -16.295  -25.968  43.806 0.0000000000
45275  -15.612  -26.552  44.646 0.0000000000
45282  -14.919  -27.471  44.033 0.0000000000
46408  -14.222  -27.687  42.611 0.0000000000
46407  -13.775  -28.019  42.687 0.0000000000
61986  -7.257  -13.610  40.321 0.0000000000
59793  -6.033  -15.892  40.947 0.0000000000
59781  -6.295  -15.130  40.599 0.0000000000
59795  -6.768  -15.367  40.061 0.0000000000
60894  -6.720  -14.706  40.241 0.0000000000
60903  -8.022  -14.106  38.480 0.0000000000
60920  -7.206  -14.441  36.953 0.0000000000
60910  -7.078  -14.705  37.078 0.0000000000
60919  -6.691  -14.462  36.509 0.0000000000
60926  -6.224  -14.360  35.523 0.0000000000
60933  -5.886  -14.430  34.986 0.0000000000
57598  -8.517  -17.765  37.144 0.0000000000
57616  -8.771  -17.562  36.704 0.0000000000
57597  -8.224  -17.727  36.870 0.0000000000
56454  -7.847  -17.739  36.266 0.0000000000
56453  -7.609  -17.748  35.950 0.0000000000
56452  -7.369  -17.661  35.677 0.0000000000
56502  -9.694  -18.299  32.496 0.0000000000
57685  -9.128  -17.922  32.827 0.0000000000
56482  -7.979  -18.144  32.955 0.0000000000
57668  -8.594  -17.827  33.491 0.0000000000
57650  -7.762  -17.483  34.377 0.0000000000
58742  -6.522  -16.695  35.285 0.0000000000
58769  -5.790  -16.679  33.346 0.0000000000
60931  -4.702  -14.796  33.772 0.0000000000
62041  -4.653  -14.487  33.780 0.0000000000
62065  -2.893  -14.591  32.371 0.0000000000
60965  -2.663  -14.880  31.869 0.0000000000
59867  -3.321  -15.617  31.799 0.0000000000
51709  -8.996  -22.143  47.387 0.0000000000
51670  -12.776  -23.515  53.667 0.0000000000
51673  -11.937  -23.252  53.333 0.0000000000
51672  -11.365  -23.199  52.895 0.0000000000
48511  -11.704  -25.709  51.984 0.0000000000
50659  -11.939  -23.973  52.446 0.0000000000
51671  -11.543  -23.388  52.405 0.0000000000
50670  -11.732  -23.558  51.455 0.0000000000
50676  -11.405  -23.477  50.613 0.0000000000
46356  -9.961  -27.588  48.786 0.0000000000
47429  -10.409  -26.566  49.878 0.0000000000
48528  -10.333  -26.051  50.090 0.0000000000
48533  -9.605  -26.026  49.460 0.0000000000
48525  -10.831  -25.672  50.422 0.0000000000
50677  -11.186  -24.085  50.215 0.0000000000
50687  -10.798  -23.079  48.804 0.0000000000
50692  -10.413  -23.031  48.396 0.0000000000
50698  -10.123  -22.931  47.808 0.0000000000
51711  -11.157  -22.787  46.898 0.0000000000
50703  -11.974  -23.722  46.149 0.0000000000
49607  -11.798  -24.429  46.157 0.0000000000
49608  -12.134  -24.158  45.739 0.0000000000
49614  -12.208  -24.173  45.281 0.0000000000
49624  -11.898  -24.373  44.656 0.0000000000
49636  -11.372  -24.603  43.972 0.0000000000
48582  -8.440  -25.950  43.230 0.0000000000
48583  -9.460  -25.714  43.483 0.0000000000
48597  -10.048  -25.196  42.671 0.0000000000
49660  -10.247  -24.589  41.797 0.0000000000
49687  -9.368  -25.435  39.429 0.0000000000
47534  -8.758  -26.286  40.126 0.0000000000
48639  -8.421  -25.674  39.402 0.0000000000
47595  -7.788  -26.053  37.203 0.0000000000
43080  -6.412  -30.294  43.955 0.0000000000
45306  -5.827  -28.632  41.888 0.0000000000
44162  -5.284  -30.216  40.729 0.0000000000
44216  -5.496  -30.046  39.380 0.0000000000
47532  -6.572  -27.381  39.758 0.0000000000
47553  -6.537  -27.595  39.233 0.0000000000
46479  -6.313  -27.940  37.718 0.0000000000
47576  -7.013  -26.480  38.094 0.0000000000
47594  -7.219  -26.469  37.463 0.0000000000
47614  -7.865  -26.300  36.688 0.0000000000
47629  -7.371  -27.091  35.898 0.0000000000
46522  -7.485  -27.529  35.628 0.0000000000
44308  -7.969  -29.960  33.735 0.0000000000
41978  -12.051  -28.619  49.246 0.0000000000
41979  -12.159  -28.725  49.068 0.0000000000
41982  -12.239  -29.051  48.842 0.0000000000
41988  -12.288  -29.194  48.644 0.0000000000
42014  -12.758  -29.792  45.422 0.0000000000
42015  -13.028  -29.629  45.071 0.0000000000
42026  -12.321  -30.598  44.981 0.0000000000
42028  -12.908  -29.838  45.017 0.0000000000
42986  -12.373  -27.921  49.809 0.0000000000
42987  -12.683  -27.920  49.630 0.0000000000
42988  -11.991  -28.461  49.527 0.0000000000
42993  -10.027  -29.426  48.641 0.0000000000
42994  -11.030  -29.163  49.099 0.0000000000
43005  -9.763  -29.416  48.350 0.0000000000
43023  -13.104  -29.135  47.184 0.0000000000
43024  -13.363  -28.814  47.318 0.0000000000
43036  -12.028  -29.601  46.717 0.0000000000
43038  -13.084  -29.263  46.747 0.0000000000
43046  -6.243  -29.796  45.572 0.0000000000
43052  -11.940  -30.367  46.225 0.0000000000
43053  -12.930  -29.444  45.830 0.0000000000
43056  -14.082  -28.462  45.206 0.0000000000
43068  -12.584  -30.109  44.584 0.0000000000
43070  -13.655  -28.886  44.881 0.0000000000
43086  -12.831  -29.825  44.271 0.0000000000
43130  -5.137  -30.984  39.943 0.0000000000
44041  -12.607  -27.788  51.964 0.0000000000
44043  -11.551  -27.781  51.098 0.0000000000
44044  -12.042  -27.705  51.292 0.0000000000
44046  -13.126  -27.961  51.307 0.0000000000
44047  -13.496  -27.963  50.968 0.0000000000
44052  -13.459  -27.938  50.284 0.0000000000
44053  -9.838  -29.030  48.954 0.0000000000
44054  -9.917  -29.124  49.135 0.0000000000
44056  -11.405  -28.610  49.543 0.0000000000
44057  -13.089  -27.897  49.782 0.0000000000
44058  -13.537  -28.225  49.628 0.0000000000
44059  -14.095  -28.450  49.368 0.0000000000
44060  -9.577  -29.102  48.043 0.0000000000
44062  -10.025  -29.138  48.879 0.0000000000
44063  -11.008  -28.999  49.278 0.0000000000
44076  -10.177  -29.333  48.834 0.0000000000
44080  -15.353  -28.344  48.360 0.0000000000
44089  -13.485  -28.895  46.991 0.0000000000
44099  -5.922  -29.275  45.964 0.0000000000
44102  -13.095  -29.321  46.277 0.0000000000
44104  -13.795  -28.695  46.464 0.0000000000
44112  -5.340  -29.113  45.251 0.0000000000
44113  -5.882  -29.516  45.448 0.0000000000
44114  -6.209  -29.809  45.339 0.0000000000
44115  -12.967  -29.394  46.100 0.0000000000
44116  -13.218  -29.254  45.961 0.0000000000
44128  -13.619  -29.007  44.391 0.0000000000
44140  -13.545  -29.185  44.018 0.0000000000
44310  -9.032  -29.109  33.024 0.0000000000
45200  -12.727  -27.430  52.943 0.0000000000
45201  -12.891  -27.402  53.221 0.0000000000
45202  -11.594  -27.297  51.612 0.0000000000
45204  -12.502  -27.501  52.453 0.0000000000
45205  -13.177  -27.752  52.755 0.0000000000
45209  -11.666  -27.561  51.399 0.0000000000
45210  -13.365  -28.089  52.101 0.0000000000
45215  -10.933  -28.063  50.463 0.0000000000
45219  -10.286  -28.575  48.556 0.0000000000
45222  -11.050  -28.468  49.931 0.0000000000
45226  -16.232  -26.804  50.151 0.0000000000
45229  -10.152  -28.971  48.561 0.0000000000
45230  -10.320  -29.269  49.065 0.0000000000
45239  -9.348  -28.744  47.635 0.0000000000
45247  -8.179  -28.286  46.627 0.0000000000
45254  -5.327  -28.868  46.055 0.0000000000
45262  -5.006  -28.844  45.692 0.0000000000
45268  -5.217  -28.587  45.310 0.0000000000
45273  -13.736  -28.591  44.180 0.0000000000
45276  -5.708  -28.724  44.834 0.0000000000
45281  -14.009  -27.943  43.895 0.0000000000
45296  -15.723  -26.926  42.863 0.0000000000
45460  -8.943  -28.313  32.267 0.0000000000
45495  -8.960  -28.073  30.762 0.0000000000
46329  -12.327  -26.820  52.751 0.0000000000
46332  -13.694  -26.788  53.417 0.0000000000
46333  -11.726  -27.054  52.044 0.0000000000
46334  -12.137  -26.980  52.522 0.0000000000
46335  -12.503  -27.241  52.791 0.0000000000
46336  -13.610  -27.317  53.200 0.0000000000
46337  -13.927  -27.017  52.887 0.0000000000
46338  -10.933  -27.185  51.026 0.0000000000
46341  -15.075  -26.781  51.784 0.0000000000
46343  -10.680  -27.757  49.698 0.0000000000
46344  -10.867  -27.323  50.371 0.0000000000
46345  -15.559  -26.926  51.398 0.0000000000
46349  -9.878  -27.825  49.036 0.0000000000
46354  -9.786  -28.454  47.687 0.0000000000
46359  -9.416  -28.140  47.583 0.0000000000
46367  -8.503  -28.068  47.370 0.0000000000
46374  -5.367  -28.542  46.104 0.0000000000
46375  -5.466  -28.332  46.050 0.0000000000
46376  -8.232  -27.762  47.084 0.0000000000
46383  -5.336  -27.935  45.938 0.0000000000
46389  -4.945  -28.001  45.516 0.0000000000
46390  -5.279  -27.915  45.577 0.0000000000
46393  -16.649  -25.963  44.358 0.0000000000
46395  -16.818  -25.732  44.796 0.0000000000
46397  -16.638  -25.888  44.129 0.0000000000
46428  -16.325  -25.147  41.775 0.0000000000
46523  -7.906  -27.538  35.167 0.0000000000
47405  -12.997  -25.855  53.380 0.0000000000
47406  -13.186  -25.857  53.535 0.0000000000
47407  -11.931  -26.342  52.417 0.0000000000
47408  -12.225  -26.464  52.648 0.0000000000
47409  -12.900  -26.159  53.269 0.0000000000
47413  -11.680  -26.522  52.117 0.0000000000
47417  -11.415  -26.688  51.649 0.0000000000
47426  -17.086  -25.848  50.342 0.0000000000
47432  -9.708  -26.940  49.216 0.0000000000
47449  -8.549  -27.574  47.027 0.0000000000
47469  -16.843  -25.780  44.532 0.0000000000
47481  -16.876  -25.889  44.344 0.0000000000
47513  -8.752  -26.633  40.627 0.0000000000
47515  -9.386  -25.835  40.912 0.0000000000
47517  -16.609  -24.699  41.725 0.0000000000
47536  -9.391  -25.991  40.669 0.0000000000
47698  -8.842  -26.802  31.200 0.0000000000
48500  -12.730  -25.344  52.868 0.0000000000
48501  -12.947  -25.533  53.205 0.0000000000
48502  -13.335  -25.473  53.932 0.0000000000
48504  -12.025  -25.989  52.448 0.0000000000
48505  -12.573  -25.602  52.771 0.0000000000
48512  -11.816  -25.210  51.884 0.0000000000
48516  -11.318  -25.954  51.257 0.0000000000
48517  -11.651  -25.334  51.735 0.0000000000
48518  -11.425  -24.962  52.051 0.0000000000
48526  -17.845  -24.745  50.432 0.0000000000
48532  -9.403  -26.625  48.852 0.0000000000
48540  -18.068  -24.216  48.221 0.0000000000
48552  -18.877  -23.987  46.909 0.0000000000
48555  -7.745  -26.140  44.803 0.0000000000
48585  -10.846  -24.858  43.674 0.0000000000
48612  -16.882  -23.935  42.388 0.0000000000
48625  -17.211  -23.759  40.557 0.0000000000
48657  -6.787  -26.731  38.890 0.0000000000
48754  -8.801  -26.141  31.110 0.0000000000
49569  -12.396  -24.692  52.563 0.0000000000
49570  -12.623  -24.896  52.797 0.0000000000
49571  -12.925  -24.772  53.569 0.0000000000
49574  -12.324  -25.011  52.348 0.0000000000
49578  -11.957  -24.897  51.909 0.0000000000
49585  -11.549  -24.901  51.933 0.0000000000
49613  -11.947  -24.516  45.392 0.0000000000
49625  -12.244  -24.145  45.019 0.0000000000
49648  -10.425  -24.819  42.425 0.0000000000
49663  -16.956  -23.765  41.804 0.0000000000
49673  -9.605  -25.182  39.953 0.0000000000
50655  -12.939  -23.947  53.875 0.0000000000
50658  -11.801  -23.697  52.228 0.0000000000
50660  -11.774  -23.790  53.055 0.0000000000
50661  -12.988  -23.504  53.799 0.0000000000
50665  -11.726  -23.516  52.033 0.0000000000
50686  -10.479  -22.679  48.693 0.0000000000
50704  -12.212  -23.870  45.583 0.0000000000
50707  -12.245  -23.851  45.149 0.0000000000
50710  -12.240  -23.973  44.835 0.0000000000
50711  -17.516  -22.580  45.172 0.0000000000
50822  -11.420  -23.041  32.947 0.0000000000
50901  -8.488  -23.507  31.166 0.0000000000
51669  -12.526  -23.553  53.525 0.0000000000
51674  -12.678  -23.171  53.515 0.0000000000
51678  -11.514  -23.062  51.945 0.0000000000
51679  -11.320  -23.036  52.481 0.0000000000
51695  -10.942  -22.698  49.494 0.0000000000
51704  -11.429  -23.157  47.401 0.0000000000
51712  -11.621  -23.323  46.796 0.0000000000
51722  -18.857  -20.873  46.135 0.0000000000
51724  -20.148  -21.646  46.927 0.0000000000
51833  -10.787  -22.773  31.880 0.0000000000
51862  -10.574  -21.705  31.778 0.0000000000
52698  -11.209  -22.747  52.923 0.0000000000
52699  -11.483  -22.627  53.150 0.0000000000
52700  -12.111  -22.638  53.204 0.0000000000
52701  -12.701  -22.692  53.100 0.0000000000
52711  -11.631  -22.651  51.470 0.0000000000
52745  -19.320  -20.600  46.118 0.0000000000
52759  -19.201  -20.545  45.624 0.0000000000
52760  -19.066  -20.746  45.224 0.0000000000
52761  -30.201  -20.556  45.188 0.0000000000
52786  -12.017  -21.544  42.767 0.0000000000
52794  -35.862  -20.464  42.402 0.0000000000
52796  -36.130  -19.490  42.296 0.0000000000
52810  -35.498  -19.914  42.127 0.0000000000
52812  -11.969  -20.543  41.774 0.0000000000
52814  -17.407  -21.110  41.809 0.0000000000
52820  -34.871  -20.074  41.678 0.0000000000
52822  -35.351  -19.418  41.851 0.0000000000
52825  -33.799  -19.652  41.193 0.0000000000
52828  -34.824  -19.329  41.665 0.0000000000
52829  -35.064  -19.345  41.751 0.0000000000
52837  -11.632  -21.484  38.314 0.0000000000
52904  -10.421  -21.076  31.787 0.0000000000
53792  -12.784  -22.184  51.931 0.0000000000
53832  -29.084  -18.415  47.352 0.0000000000
53833  -29.384  -18.498  47.349 0.0000000000
53859  -20.009  -20.488  46.307 0.0000000000
53873  -19.667  -20.365  45.922 0.0000000000
53900  -7.030  -19.545  43.263 0.0000000000
53904  -28.204  -18.372  43.442 0.0000000000
53915  -36.564  -18.757  42.303 0.0000000000
53927  -30.961  -20.034  42.605 0.0000000000
53929  -36.200  -19.138  42.152 0.0000000000
53937  -12.131  -20.269  41.418 0.0000000000
53946  -35.821  -18.976  41.693 0.0000000000
53947  -36.264  -18.574  41.351 0.0000000000
53948  -7.018  -19.657  40.913 0.0000000000
53949  -7.790  -19.760  40.623 0.0000000000
53954  -33.176  -19.756  41.026 0.0000000000
53960  -35.933  -18.613  41.095 0.0000000000
53962  -8.191  -19.611  40.233 0.0000000000
53969  -35.683  -18.507  40.910 0.0000000000
54065  -9.568  -20.005  31.845 0.0000000000
54084  -10.497  -20.648  32.036 0.0000000000
55059  -30.256  -19.130  46.715 0.0000000000
55068  -27.521  -17.833  46.245 0.0000000000
55072  -30.769  -18.954  46.145 0.0000000000
55084  -30.622  -19.386  45.389 0.0000000000
55085  -30.880  -19.679  45.390 0.0000000000
55103  -27.882  -18.210  43.280 0.0000000000
55107  -36.923  -17.925  42.232 0.0000000000
55113  -27.322  -17.612  42.462 0.0000000000
55116  -36.702  -18.265  42.056 0.0000000000
55124  -11.419  -19.643  41.008 0.0000000000
55133  -32.646  -19.660  41.205 0.0000000000
55134  -36.633  -18.166  41.390 0.0000000000
55136  -6.959  -19.055  40.457 0.0000000000
55149  -32.203  -19.012  40.781 0.0000000000
55152  -33.473  -19.041  40.898 0.0000000000
55154  -36.807  -17.946  40.793 0.0000000000
55164  -12.046  -19.785  40.115 0.0000000000
55173  -33.488  -18.727  40.344 0.0000000000
55175  -36.112  -18.372  39.913 0.0000000000
55177  -36.686  -18.143  40.569 0.0000000000
55185  -11.680  -19.212  39.327 0.0000000000
55234  -36.033  -18.046  36.183 0.0000000000
55272  -7.956  -19.214  31.923 0.0000000000
56266  -29.513  -17.673  47.692 0.0000000000
56286  -27.443  -17.951  46.701 0.0000000000
56330  -27.719  -18.130  43.551 0.0000000000
56344  -27.196  -17.675  42.835 0.0000000000
56357  -37.146  -17.429  41.314 0.0000000000
56368  -37.162  -17.579  40.724 0.0000000000
56377  -10.141  -18.769  39.172 0.0000000000
56379  -11.045  -19.086  39.547 0.0000000000
56386  -36.528  -18.108  38.955 0.0000000000
56387  -36.666  -18.169  39.357 0.0000000000
56388  -36.806  -18.177  39.837 0.0000000000
56407  -36.861  -17.853  38.878 0.0000000000
56409  -37.182  -18.011  39.762 0.0000000000
56445  -36.363  -17.511  36.448 0.0000000000
56463  -36.617  -17.050  36.003 0.0000000000
56477  -36.571  -17.128  35.371 0.0000000000
56481  -7.653  -18.141  32.897 0.0000000000
56483  -9.877  -18.088  34.282 0.0000000000
56497  -4.450  -18.473  31.636 0.0000000000
57497  -26.436  -17.505  46.867 0.0000000000
57498  -26.587  -17.619  46.627 0.0000000000
57524  -27.126  -17.563  43.841 0.0000000000
57531  -23.492  -16.512  44.132 0.0000000000
57532  -24.186  -16.625  43.810 0.0000000000
57533  -26.874  -17.336  43.824 0.0000000000
57543  -37.354  -17.219  42.280 0.0000000000
57547  -37.418  -17.058  41.615 0.0000000000
57561  -5.907  -16.335  41.261 0.0000000000
57571  -37.480  -17.119  39.472 0.0000000000
57589  -37.371  -17.698  39.654 0.0000000000
57605  -36.588  -16.801  37.417 0.0000000000
57615  -8.264  -17.632  36.358 0.0000000000
57623  -36.232  -17.362  36.805 0.0000000000
57624  -36.378  -17.052  36.770 0.0000000000
57642  -36.506  -16.151  36.013 0.0000000000
57670  -10.131  -18.012  33.717 0.0000000000
57686  -9.623  -17.839  33.197 0.0000000000
58684  -5.729  -16.185  41.314 0.0000000000
58685  -6.045  -16.164  41.110 0.0000000000
58702  -37.106  -16.924  38.364 0.0000000000
58721  -37.064  -16.319  37.671 0.0000000000
58736  -36.909  -16.191  37.050 0.0000000000
58737  -36.805  -15.931  36.728 0.0000000000
58748  -36.747  -16.046  35.310 0.0000000000
59779  -5.808  -15.721  41.319 0.0000000000
59780  -6.057  -15.406  40.941 0.0000000000
59782  -6.489  -14.937  40.388 0.0000000000
59783  -37.613  -15.816  41.654 0.0000000000
59814  -37.153  -15.909  37.627 0.0000000000
59839  -36.880  -15.639  34.753 0.0000000000
59844  -3.771  -15.126  32.717 0.0000000000
59854  -2.787  -15.144  32.502 0.0000000000
60896  -7.982  -14.171  39.224 0.0000000000
60951  -2.651  -14.898  32.430 0.0000000000
60952  -3.238  -14.831  32.613 0.0000000000
60953  -3.678  -14.773  32.715 0.0000000000
62016  -7.688  -14.055  37.257 0.0000000000
62035  -36.618  -14.038  35.964 0.0000000000
62042  -4.886  -14.299  34.028 0.0000000000
62046  -36.675  -14.875  35.618 0.0000000000
62052  -4.512  -14.431  33.437 0.0000000000
62064  -2.533  -14.691  32.388 0.0000000000
62079  -2.459  -14.544  32.219 0.0000000000
63065  -6.535  -13.406  34.594 0.0000000000
63077  -35.901  -13.605  33.892 0.0000000000
64055  -7.159  -12.333  40.276 0.0000000000
64105  -37.241  -12.624  37.280 0.0000000000
64132  -36.050  -13.163  34.476 0.0000000000
65247  -35.541  -9.912  37.730 0.0000000000
65257  -35.491  -9.697  37.271 0.0000000000
67363  -35.919  -7.733  38.319 0.0000000000
69473  -36.660  -5.595  38.533 0.0000000000
70582  -36.023  -5.220  37.681 0.0000000000
72841  -44.677  -1.471  24.681 0.0000000000
72842  -44.966  -1.495  24.971 0.0000000000
72843  -45.249  -1.413  25.017 0.0000000000
72870  -44.662  -1.455  24.404 0.0000000000
72872  -45.183  -1.357  24.782 0.0000000000
73845  -46.193  -1.798  27.059 0.0000000000
73848  -48.353  -0.750  27.524 0.0000000000
73859  -48.053  -1.383  26.856 0.0000000000
73877  -44.623  -1.556  25.496 0.0000000000
73879  -46.164  -1.654  25.720 0.0000000000
73882  -48.386  -0.890  26.685 0.0000000000
73905  -45.098  -1.539  25.193 0.0000000000
73931  -44.776  -1.387  24.163 0.0000000000
73932  -45.066  -1.257  24.345 0.0000000000
73948  -44.616  -1.450  23.956 0.0000000000
73949  -44.750  -1.288  23.938 0.0000000000
74895  -37.744  -0.962  38.616 0.0000000000
74897  -42.459  -0.579  38.092 0.0000000000
74909  -41.908  -0.556  37.584 0.0000000000
74910  -42.292  -0.515  37.725 0.0000000000
74911  -42.584  -0.462  37.888 0.0000000000
74940  -36.402  -0.866  35.687 0.0000000000
74995  -44.404  -1.235  27.273 0.0000000000
74999  -48.010  -0.734  27.722 0.0000000000
75001  -48.834  0.347  27.852 0.0000000000
75021  -48.496  -0.195  27.234 0.0000000000
75045  -47.515  -0.371  25.917 0.0000000000
75062  -45.531  -0.558  24.395 0.0000000000
75065  -48.201  0.519  26.436 0.0000000000
75073  -44.941  -0.532  23.831 0.0000000000
75076  -48.025  0.798  26.129 0.0000000000
75089  -44.083  -0.851  23.376 0.0000000000
75090  -44.671  -1.151  23.783 0.0000000000
75091  -44.976  -1.196  23.973 0.0000000000
76020  -37.917  -1.233  39.846 0.0000000000
76040  -37.838  -1.150  39.588 0.0000000000
76046  -42.737  -0.292  38.315 0.0000000000
76061  -37.603  -1.009  37.883 0.0000000000
76119  -45.236  -0.054  33.838 0.0000000000
76142  -43.719  0.471  33.540 0.0000000000
76174  -43.456  0.311  31.797 0.0000000000
76230  -43.004  -0.262  28.380 0.0000000000
76235  -47.597  -0.626  28.518 0.0000000000
76239  -51.475  -0.250  28.453 0.0000000000
76279  -46.858  0.020  25.311 0.0000000000
76281  -48.608  0.522  26.765 0.0000000000
76288  -46.157  -0.065  24.331 0.0000000000
76289  -46.484  -0.116  24.905 0.0000000000
76290  -47.795  0.768  25.893 0.0000000000
76291  -48.486  0.922  26.268 0.0000000000
76292  -48.798  0.849  26.640 0.0000000000
76299  -45.218  0.220  23.653 0.0000000000
76301  -48.001  0.968  25.929 0.0000000000
76302  -48.202  0.974  26.067 0.0000000000
77263  -41.269  0.195  34.230 0.0000000000
77264  -44.065  0.429  33.901 0.0000000000
77288  -43.013  0.500  33.317 0.0000000000
77290  -44.446  0.285  33.687 0.0000000000
77291  -44.776  0.132  33.851 0.0000000000
77306  -43.562  0.513  32.560 0.0000000000
77346  -41.494  0.401  29.707 0.0000000000
77365  -51.114  0.508  27.815 0.0000000000
77384  -46.771  0.284  24.573 0.0000000000
77385  -46.894  0.379  24.739 0.0000000000
77386  -47.175  0.558  25.100 0.0000000000
77392  -48.392  1.299  25.738 0.0000000000
77393  -48.880  1.191  26.302 0.0000000000
77399  -46.890  1.039  23.584 0.0000000000
77400  -48.075  1.107  25.750 0.0000000000
78453  -50.948  1.893  26.797 0.0000000000
78463  -48.868  2.080  25.659 0.0000000000
82619  -52.816  4.834  27.694 0.0000000000
82625  -52.700  5.841  27.582 0.0000000000
85889  -53.247  8.934  27.439 0.0000000000
85913  -49.972  9.312  24.607 0.0000000000
85919  -50.565  9.579  24.091 0.0000000000
86979  -51.184  9.769  23.650 0.0000000000
86982  -53.289  9.999  24.154 0.0000000000
86986  -52.598  10.096  23.494 0.0000000000
87003  -51.763  10.195  22.392 0.0000000000
87010  -50.915  10.122  21.644 0.0000000000
88039  -52.974  10.473  25.319 0.0000000000
88053  -54.266  10.611  23.988 0.0000000000
88061  -53.694  10.410  22.853 0.0000000000
88066  -52.150  10.424  22.213 0.0000000000
88080  -51.022  10.630  20.726 0.0000000000
89086  -53.157  11.474  22.150 0.0000000000
90082  -53.929  12.171  21.563 0.0000000000
90086  -52.304  11.769  20.463 0.0000000000
91044  -54.532  14.007  19.144 0.0000000000
92003  -53.133  14.021  19.318 0.0000000000
