#!ascii label  , from subject 4071 vox2ras=TkReg
620
17719  -48.553  -54.637  -24.711 0.0000000000
25653  -51.857  -47.609  -28.294 0.0000000000
18760  -47.324  -53.309  -21.834 0.0000000000
21098  -53.927  -51.192  -27.010 0.0000000000
25566  -46.812  -47.914  -23.132 0.0000000000
13274  -49.059  -58.523  -19.494 0.0000000000
19814  -45.322  -52.675  -17.989 0.0000000000
24368  -50.294  -48.386  -18.783 0.0000000000
21037  -41.994  -51.139  -21.303 0.0000000000
22171  -47.169  -50.690  -22.710 0.0000000000
24404  -42.993  -48.886  -21.214 0.0000000000
15507  -46.023  -56.167  -18.848 0.0000000000
18673  -47.851  -53.705  -17.430 0.0000000000
27870  -49.808  -45.621  -18.847 0.0000000000
25493  -46.871  -47.269  -17.167 0.0000000000
16753  -48.497  -55.275  -28.271 0.0000000000
24516  -53.261  -48.380  -28.078 0.0000000000
22295  -51.524  -50.533  -30.914 0.0000000000
25750  -52.068  -48.742  -33.059 0.0000000000
17668  -50.278  -54.560  -22.084 0.0000000000
19919  -51.675  -53.351  -26.072 0.0000000000
22193  -50.743  -50.006  -25.674 0.0000000000
25611  -50.613  -47.057  -25.280 0.0000000000
15544  -48.044  -56.234  -21.423 0.0000000000
17652  -43.846  -53.769  -20.710 0.0000000000
22109  -42.387  -50.680  -18.763 0.0000000000
20981  -50.359  -51.597  -17.646 0.0000000000
22093  -47.570  -50.411  -17.284 0.0000000000
23201  -44.195  -49.338  -16.566 0.0000000000
25470  -41.086  -46.887  -15.419 0.0000000000
19954  -49.618  -52.349  -29.399 0.0000000000
24464  -47.385  -47.584  -26.110 0.0000000000
23409  -48.968  -49.805  -29.301 0.0000000000
24617  -47.044  -48.034  -33.202 0.0000000000
23250  -40.387  -49.400  -19.996 0.0000000000
23274  -42.073  -49.480  -21.346 0.0000000000
17745  -48.686  -54.195  -26.361 0.0000000000
25655  -52.836  -47.471  -27.994 0.0000000000
24529  -52.418  -48.535  -30.082 0.0000000000
24548  -51.634  -48.438  -30.977 0.0000000000
25727  -51.440  -48.027  -32.512 0.0000000000
24578  -50.901  -48.034  -31.499 0.0000000000
18740  -48.708  -53.602  -21.784 0.0000000000
19902  -49.359  -52.274  -22.440 0.0000000000
23304  -46.898  -49.297  -22.928 0.0000000000
22185  -48.883  -50.266  -24.301 0.0000000000
23312  -49.023  -49.224  -24.701 0.0000000000
24467  -51.157  -47.964  -25.500 0.0000000000
25592  -49.097  -47.533  -24.687 0.0000000000
15546  -49.759  -56.738  -21.838 0.0000000000
14399  -47.835  -57.201  -20.040 0.0000000000
17629  -45.072  -54.670  -18.659 0.0000000000
16624  -45.232  -55.759  -19.506 0.0000000000
18704  -44.207  -53.741  -19.517 0.0000000000
18702  -42.921  -52.636  -19.826 0.0000000000
20998  -43.492  -51.632  -18.481 0.0000000000
22111  -50.420  -49.868  -18.352 0.0000000000
20980  -49.296  -51.592  -17.462 0.0000000000
23224  -48.208  -49.366  -17.382 0.0000000000
26648  -45.334  -45.870  -16.460 0.0000000000
24338  -45.400  -48.315  -16.278 0.0000000000
25473  -43.943  -47.215  -15.601 0.0000000000
24335  -42.711  -48.661  -16.154 0.0000000000
21086  -52.460  -52.330  -26.369 0.0000000000
19931  -50.594  -52.751  -27.607 0.0000000000
21111  -51.992  -51.551  -28.269 0.0000000000
21158  -49.684  -51.312  -32.445 0.0000000000
23342  -46.735  -49.287  -26.408 0.0000000000
22224  -48.586  -49.607  -27.745 0.0000000000
23453  -47.304  -49.302  -31.520 0.0000000000
19897  -44.355  -52.256  -22.167 0.0000000000
19900  -47.517  -52.205  -22.232 0.0000000000
21052  -44.815  -51.256  -21.999 0.0000000000
22153  -44.895  -49.678  -21.713 0.0000000000
24406  -44.933  -48.442  -21.680 0.0000000000
13256  -47.462  -57.695  -18.725 0.0000000000
16603  -46.848  -55.514  -17.430 0.0000000000
18672  -46.906  -53.542  -17.575 0.0000000000
26666  -50.076  -46.537  -18.997 0.0000000000
25508  -48.358  -47.417  -17.921 0.0000000000
26657  -47.959  -46.486  -17.758 0.0000000000
27848  -46.769  -45.533  -16.906 0.0000000000
28955  -45.611  -44.559  -16.296 0.0000000000
22252  -53.512  -50.083  -27.893 0.0000000000
21123  -52.398  -50.931  -28.868 0.0000000000
22275  -52.648  -50.162  -29.466 0.0000000000
23455  -51.407  -49.390  -32.184 0.0000000000
23488  -50.393  -49.240  -33.674 0.0000000000
24644  -50.392  -48.086  -34.236 0.0000000000
25774  -49.538  -47.113  -34.757 0.0000000000
26904  -48.700  -46.205  -35.353 0.0000000000
17705  -50.613  -54.583  -23.536 0.0000000000
18788  -50.144  -53.567  -25.486 0.0000000000
16656  -52.328  -53.021  -24.723 0.0000000000
137646  -52.470  -51.380  -25.589 0.0000000000
21056  -48.760  -51.615  -22.870 0.0000000000
21076  -50.840  -51.111  -24.271 0.0000000000
22195  -52.739  -50.487  -25.789 0.0000000000
23346  -52.566  -48.833  -26.483 0.0000000000
25628  -52.860  -47.199  -26.744 0.0000000000
26795  -52.487  -46.355  -27.143 0.0000000000
16677  -49.716  -55.538  -22.428 0.0000000000
16652  -48.651  -55.477  -21.783 0.0000000000
17688  -47.427  -54.389  -21.906 0.0000000000
14398  -46.847  -56.976  -20.049 0.0000000000
16649  -45.557  -55.639  -21.458 0.0000000000
17686  -45.563  -54.057  -22.353 0.0000000000
19884  -42.959  -52.642  -21.384 0.0000000000
21012  -41.796  -50.943  -19.965 0.0000000000
23197  -40.602  -49.085  -17.628 0.0000000000
19798  -49.523  -53.411  -17.269 0.0000000000
19816  -47.485  -52.636  -17.459 0.0000000000
20977  -45.859  -51.580  -17.454 0.0000000000
23223  -47.089  -49.214  -16.852 0.0000000000
22073  -45.623  -49.838  -16.852 0.0000000000
22090  -44.346  -50.854  -17.278 0.0000000000
22070  -42.815  -50.178  -17.050 0.0000000000
24334  -41.504  -48.438  -16.146 0.0000000000
18801  -50.517  -53.739  -27.207 0.0000000000
17769  -49.037  -54.106  -28.787 0.0000000000
21131  -51.368  -51.388  -30.363 0.0000000000
19983  -49.711  -52.634  -31.276 0.0000000000
26764  -49.471  -46.375  -24.812 0.0000000000
27967  -50.811  -45.717  -25.780 0.0000000000
26793  -50.927  -46.419  -27.277 0.0000000000
24496  -49.398  -48.153  -27.405 0.0000000000
23411  -50.676  -48.712  -29.325 0.0000000000
24546  -50.149  -48.635  -30.817 0.0000000000
24597  -48.814  -48.200  -32.691 0.0000000000
24366  -40.194  -48.355  -18.876 0.0000000000
23264  -40.732  -49.272  -20.481 0.0000000000
17744  -47.730  -54.222  -26.443 0.0000000000
17737  -49.028  -54.183  -25.448 0.0000000000
25654  -52.255  -47.531  -28.195 0.0000000000
24528  -51.950  -48.262  -29.748 0.0000000000
24579  -51.365  -48.231  -31.232 0.0000000000
24547  -51.142  -48.445  -30.385 0.0000000000
19885  -48.871  -52.791  -22.117 0.0000000000
18761  -48.172  -52.810  -22.010 0.0000000000
24425  -46.641  -48.466  -22.813 0.0000000000
23310  -47.503  -49.263  -23.849 0.0000000000
24445  -47.771  -48.377  -24.052 0.0000000000
24446  -48.634  -48.362  -24.493 0.0000000000
25578  -47.838  -47.488  -23.960 0.0000000000
13285  -49.340  -58.247  -20.305 0.0000000000
14400  -48.944  -57.558  -20.033 0.0000000000
14386  -48.656  -58.024  -19.527 0.0000000000
18691  -45.320  -53.752  -18.313 0.0000000000
18690  -44.634  -53.745  -18.823 0.0000000000
19837  -44.569  -52.895  -18.494 0.0000000000
18689  -44.048  -53.084  -19.101 0.0000000000
19813  -44.450  -52.211  -18.065 0.0000000000
24376  -50.822  -48.050  -19.317 0.0000000000
24377  -51.559  -48.232  -19.516 0.0000000000
24369  -50.960  -48.709  -19.196 0.0000000000
23238  -50.712  -49.343  -18.739 0.0000000000
23237  -50.002  -49.313  -18.304 0.0000000000
23225  -49.202  -49.396  -17.802 0.0000000000
24367  -49.540  -48.421  -18.143 0.0000000000
27846  -45.070  -45.356  -16.359 0.0000000000
26637  -44.729  -46.346  -16.058 0.0000000000
26636  -43.602  -46.208  -15.198 0.0000000000
27834  -43.404  -45.327  -15.224 0.0000000000
21087  -52.935  -51.553  -26.438 0.0000000000
21097  -52.529  -51.540  -27.287 0.0000000000
22249  -47.683  -50.565  -28.313 0.0000000000
23429  -47.559  -49.729  -30.404 0.0000000000
23428  -46.593  -49.928  -30.882 0.0000000000
21050  -42.812  -51.145  -21.852 0.0000000000
21051  -43.756  -51.284  -22.063 0.0000000000
24403  -42.439  -49.064  -21.329 0.0000000000
23291  -43.945  -49.799  -21.878 0.0000000000
23277  -44.418  -49.415  -21.707 0.0000000000
23278  -45.204  -49.236  -21.723 0.0000000000
24405  -44.013  -48.423  -21.182 0.0000000000
17616  -46.523  -54.215  -17.773 0.0000000000
26665  -49.287  -46.483  -18.717 0.0000000000
26658  -48.553  -46.472  -18.364 0.0000000000
27869  -49.013  -45.661  -18.475 0.0000000000
28956  -46.632  -44.520  -16.814 0.0000000000
16784  -47.947  -55.168  -29.315 0.0000000000
23366  -53.414  -49.301  -27.440 0.0000000000
23390  -53.383  -49.580  -28.005 0.0000000000
23389  -52.967  -49.163  -29.040 0.0000000000
24549  -51.872  -48.712  -31.195 0.0000000000
23456  -51.670  -49.244  -31.680 0.0000000000
23475  -52.120  -49.007  -32.701 0.0000000000
23516  -51.982  -49.191  -33.696 0.0000000000
23515  -50.266  -48.609  -34.082 0.0000000000
25726  -50.638  -47.853  -32.427 0.0000000000
25775  -49.992  -47.571  -34.360 0.0000000000
25747  -49.660  -47.356  -33.779 0.0000000000
26886  -49.119  -46.672  -34.537 0.0000000000
26864  -49.131  -46.907  -34.006 0.0000000000
17690  -50.511  -54.694  -22.733 0.0000000000
17706  -51.495  -54.276  -23.898 0.0000000000
137645  -52.380  -51.916  -24.912 0.0000000000
21078  -52.082  -51.694  -24.699 0.0000000000
21054  -46.878  -51.331  -22.466 0.0000000000
21055  -47.809  -51.366  -22.703 0.0000000000
21066  -48.249  -51.083  -23.286 0.0000000000
21075  -50.162  -50.834  -24.160 0.0000000000
22188  -50.954  -50.805  -25.118 0.0000000000
21081  -51.993  -51.220  -25.445 0.0000000000
22194  -51.635  -50.449  -25.710 0.0000000000
23327  -53.076  -49.618  -26.159 0.0000000000
24482  -51.788  -47.935  -25.972 0.0000000000
25612  -51.775  -46.974  -25.524 0.0000000000
26779  -52.549  -46.492  -26.555 0.0000000000
26766  -51.783  -46.171  -25.990 0.0000000000
15545  -48.998  -56.378  -21.535 0.0000000000
16653  -49.539  -55.549  -21.993 0.0000000000
17666  -48.280  -54.574  -21.674 0.0000000000
16651  -47.557  -55.350  -21.763 0.0000000000
14384  -47.096  -57.354  -19.221 0.0000000000
14383  -46.522  -56.827  -19.550 0.0000000000
17653  -44.392  -54.457  -20.628 0.0000000000
16636  -45.437  -55.994  -20.691 0.0000000000
16648  -44.718  -54.850  -21.363 0.0000000000
16673  -45.125  -54.732  -22.040 0.0000000000
16672  -44.649  -54.411  -21.805 0.0000000000
18757  -44.066  -53.191  -22.002 0.0000000000
17664  -43.629  -53.536  -21.230 0.0000000000
20997  -42.892  -51.259  -18.868 0.0000000000
19869  -42.536  -52.146  -20.155 0.0000000000
22127  -41.936  -50.630  -19.439 0.0000000000
22108  -41.547  -50.253  -18.867 0.0000000000
19818  -49.974  -52.669  -17.369 0.0000000000
22094  -48.695  -50.468  -17.611 0.0000000000
20979  -48.108  -51.583  -17.455 0.0000000000
20978  -46.957  -51.514  -17.416 0.0000000000
25507  -47.545  -47.352  -17.486 0.0000000000
24359  -47.849  -48.296  -17.363 0.0000000000
24358  -47.045  -48.095  -17.167 0.0000000000
24337  -44.588  -48.608  -16.199 0.0000000000
23203  -46.097  -49.080  -16.549 0.0000000000
23202  -45.111  -49.206  -16.537 0.0000000000
22091  -45.291  -50.712  -17.184 0.0000000000
22072  -44.723  -50.003  -16.925 0.0000000000
22071  -43.788  -50.133  -16.968 0.0000000000
23200  -43.240  -49.402  -16.588 0.0000000000
25471  -41.715  -47.306  -15.413 0.0000000000
24315  -42.293  -48.010  -15.641 0.0000000000
25490  -41.304  -47.817  -15.731 0.0000000000
24333  -40.441  -48.534  -16.835 0.0000000000
18789  -50.864  -53.575  -25.483 0.0000000000
17747  -50.148  -53.715  -26.337 0.0000000000
18802  -51.069  -53.540  -26.668 0.0000000000
19943  -49.758  -52.391  -28.754 0.0000000000
18810  -49.575  -53.341  -28.534 0.0000000000
18824  -49.057  -53.351  -29.484 0.0000000000
18823  -48.529  -53.855  -29.885 0.0000000000
18835  -48.933  -53.148  -30.409 0.0000000000
21132  -52.272  -50.992  -29.779 0.0000000000
21140  -51.054  -51.036  -31.056 0.0000000000
21157  -48.878  -51.632  -32.700 0.0000000000
20002  -49.359  -52.255  -32.225 0.0000000000
26733  -48.193  -46.547  -24.104 0.0000000000
26732  -47.519  -46.112  -23.499 0.0000000000
27972  -50.492  -45.571  -26.113 0.0000000000
26777  -51.125  -45.832  -26.799 0.0000000000
26776  -50.110  -46.135  -26.787 0.0000000000
23386  -49.414  -49.574  -28.229 0.0000000000
23363  -48.978  -48.902  -27.357 0.0000000000
23364  -49.775  -48.681  -27.817 0.0000000000
23365  -50.313  -48.333  -28.133 0.0000000000
23410  -49.994  -49.399  -29.247 0.0000000000
23432  -50.355  -48.913  -29.991 0.0000000000
23431  -49.610  -49.211  -30.077 0.0000000000
24596  -47.502  -48.585  -32.418 0.0000000000
24618  -48.011  -47.916  -33.182 0.0000000000
21036  -41.454  -50.592  -20.992 0.0000000000
22150  -42.534  -50.320  -21.576 0.0000000000
24389  -41.188  -48.725  -20.522 0.0000000000
24375  -41.437  -48.154  -20.197 0.0000000000
28975  -48.839  -45.149  -18.156 0.0000000000
28969  -49.246  -44.233  -17.876 0.0000000000
16748  -48.787  -55.045  -27.588 0.0000000000
24515  -52.604  -48.126  -28.874 0.0000000000
25705  -51.693  -48.294  -31.935 0.0000000000
25704  -51.434  -48.009  -31.704 0.0000000000
25703  -51.118  -47.729  -31.847 0.0000000000
24599  -50.453  -48.005  -31.926 0.0000000000
18741  -49.956  -53.747  -21.749 0.0000000000
19887  -50.360  -53.172  -22.067 0.0000000000
19903  -50.680  -52.429  -22.594 0.0000000000
22180  -47.133  -50.059  -22.836 0.0000000000
22181  -47.634  -50.491  -23.206 0.0000000000
23306  -47.749  -49.894  -23.688 0.0000000000
23311  -48.218  -49.429  -24.174 0.0000000000
22192  -50.149  -49.717  -25.336 0.0000000000
23324  -50.573  -48.919  -25.583 0.0000000000
23323  -49.719  -48.881  -25.289 0.0000000000
24465  -49.719  -47.944  -25.207 0.0000000000
25610  -49.938  -47.306  -25.165 0.0000000000
15531  -49.424  -56.982  -20.915 0.0000000000
15530  -48.529  -56.719  -20.664 0.0000000000
16613  -45.673  -55.666  -18.769 0.0000000000
16625  -45.554  -55.956  -19.208 0.0000000000
16612  -44.985  -55.286  -19.025 0.0000000000
17642  -44.582  -54.683  -19.562 0.0000000000
17641  -44.179  -53.940  -20.096 0.0000000000
18703  -43.481  -53.325  -19.928 0.0000000000
19856  -43.383  -52.428  -19.223 0.0000000000
22110  -43.012  -50.933  -18.357 0.0000000000
22112  -51.060  -50.373  -18.440 0.0000000000
22096  -50.658  -51.000  -18.021 0.0000000000
22095  -49.957  -50.443  -17.918 0.0000000000
26649  -45.813  -46.428  -16.565 0.0000000000
25492  -46.286  -47.273  -16.770 0.0000000000
26638  -45.245  -47.056  -16.161 0.0000000000
25474  -44.720  -47.385  -15.887 0.0000000000
24317  -44.199  -48.002  -15.877 0.0000000000
24336  -43.710  -48.676  -16.178 0.0000000000
24316  -43.298  -47.979  -15.789 0.0000000000
25472  -42.912  -47.234  -15.370 0.0000000000
26635  -42.552  -46.454  -15.079 0.0000000000
137649  -51.994  -52.816  -26.642 0.0000000000
19924  -51.486  -53.312  -26.541 0.0000000000
19933  -51.915  -52.410  -27.213 0.0000000000
21096  -51.609  -52.083  -27.597 0.0000000000
21121  -50.497  -51.749  -29.431 0.0000000000
21139  -50.660  -51.072  -31.496 0.0000000000
23343  -47.685  -48.904  -26.617 0.0000000000
23344  -48.339  -48.615  -26.849 0.0000000000
22223  -47.859  -49.887  -27.713 0.0000000000
22250  -48.493  -50.076  -28.362 0.0000000000
23430  -48.695  -49.279  -30.334 0.0000000000
19898  -45.422  -52.237  -22.255 0.0000000000
19899  -46.510  -52.259  -22.220 0.0000000000
21053  -45.894  -51.224  -22.203 0.0000000000
22167  -43.267  -50.396  -21.887 0.0000000000
22168  -44.228  -50.266  -21.954 0.0000000000
22170  -46.550  -50.138  -22.224 0.0000000000
23292  -45.955  -49.268  -21.943 0.0000000000
23293  -46.447  -49.149  -22.431 0.0000000000
24424  -46.219  -48.559  -22.352 0.0000000000
13273  -48.420  -58.241  -19.072 0.0000000000
15509  -47.195  -56.965  -18.107 0.0000000000
16588  -46.876  -56.011  -16.833 0.0000000000
16614  -46.322  -55.409  -18.132 0.0000000000
17630  -45.943  -54.584  -18.210 0.0000000000
18671  -46.039  -53.573  -17.838 0.0000000000
25518  -50.460  -47.399  -19.102 0.0000000000
25517  -49.647  -47.445  -18.634 0.0000000000
25509  -49.057  -47.739  -18.137 0.0000000000
25516  -48.883  -47.163  -18.524 0.0000000000
26651  -47.323  -46.528  -17.281 0.0000000000
27861  -48.365  -45.632  -18.062 0.0000000000
27860  -47.582  -45.533  -17.429 0.0000000000
27849  -47.233  -46.024  -16.935 0.0000000000
27847  -45.844  -45.367  -16.635 0.0000000000
28954  -44.947  -44.845  -16.163 0.0000000000
22226  -53.822  -50.349  -27.398 0.0000000000
22225  -53.364  -50.837  -27.444 0.0000000000
22251  -52.997  -50.350  -28.138 0.0000000000
22296  -52.202  -50.284  -30.522 0.0000000000
22316  -51.218  -50.185  -31.579 0.0000000000
23473  -50.774  -49.690  -33.047 0.0000000000
25748  -50.676  -47.979  -33.404 0.0000000000
26923  -49.294  -46.895  -36.052 0.0000000000
26905  -49.284  -46.620  -35.404 0.0000000000
28070  -48.637  -46.074  -35.860 0.0000000000
17720  -49.720  -54.271  -24.407 0.0000000000
17738  -49.596  -53.816  -25.340 0.0000000000
17721  -50.844  -53.996  -24.241 0.0000000000
18779  -51.123  -53.566  -24.819 0.0000000000
18780  -51.580  -53.497  -24.927 0.0000000000
16679  -52.115  -53.868  -24.226 0.0000000000
137647  -52.044  -53.150  -25.582 0.0000000000
137643  -52.504  -52.349  -25.807 0.0000000000
19925  -52.870  -51.702  -25.936 0.0000000000
19926  -54.441  -51.620  -26.762 0.0000000000
19901  -48.414  -52.183  -22.376 0.0000000000
21057  -49.691  -51.684  -22.966 0.0000000000
21067  -48.981  -51.222  -23.720 0.0000000000
21068  -49.905  -51.216  -23.539 0.0000000000
137648  -53.297  -50.965  -26.040 0.0000000000
21082  -54.765  -50.731  -26.474 0.0000000000
22210  -53.975  -50.116  -27.011 0.0000000000
23347  -53.172  -49.236  -26.859 0.0000000000
23345  -52.044  -48.644  -26.250 0.0000000000
24484  -52.682  -47.990  -26.732 0.0000000000
24499  -53.121  -48.057  -27.220 0.0000000000
25643  -52.945  -47.148  -27.117 0.0000000000
25641  -52.333  -46.903  -27.608 0.0000000000
17704  -49.847  -54.886  -23.531 0.0000000000
16698  -49.903  -55.557  -23.031 0.0000000000
17689  -49.951  -54.803  -22.425 0.0000000000
15547  -49.842  -56.226  -22.152 0.0000000000
17667  -49.286  -54.602  -21.824 0.0000000000
18739  -47.938  -53.974  -21.740 0.0000000000
17687  -46.575  -54.154  -22.291 0.0000000000
14385  -48.099  -57.782  -19.518 0.0000000000
15529  -47.410  -56.693  -20.743 0.0000000000
15527  -45.387  -56.160  -20.079 0.0000000000
15528  -46.165  -56.438  -20.633 0.0000000000
15543  -46.994  -56.189  -21.442 0.0000000000
16675  -46.862  -54.928  -22.154 0.0000000000
18759  -46.059  -53.210  -22.267 0.0000000000
18758  -44.985  -53.179  -22.394 0.0000000000
19896  -43.270  -52.315  -21.791 0.0000000000
19895  -42.622  -51.727  -21.546 0.0000000000
18720  -42.849  -52.818  -20.485 0.0000000000
19883  -42.558  -52.199  -21.075 0.0000000000
21023  -41.494  -50.817  -20.553 0.0000000000
22126  -41.140  -50.354  -19.760 0.0000000000
23219  -40.431  -49.134  -18.454 0.0000000000
19817  -48.730  -52.885  -17.309 0.0000000000
19815  -46.409  -52.593  -17.573 0.0000000000
24360  -48.763  -48.401  -17.659 0.0000000000
23204  -46.605  -48.464  -16.755 0.0000000000
23222  -46.430  -49.580  -16.818 0.0000000000
22092  -46.363  -50.306  -17.129 0.0000000000
20976  -44.871  -51.638  -17.559 0.0000000000
20975  -44.057  -51.582  -17.786 0.0000000000
22089  -43.445  -50.836  -17.673 0.0000000000
22088  -42.562  -50.535  -17.869 0.0000000000
23199  -42.231  -49.344  -16.715 0.0000000000
23221  -41.926  -49.995  -17.409 0.0000000000
23198  -41.228  -49.308  -17.036 0.0000000000
17746  -49.640  -53.790  -26.161 0.0000000000
17754  -49.490  -54.472  -27.194 0.0000000000
16754  -49.157  -55.015  -27.805 0.0000000000
18800  -49.875  -53.983  -27.821 0.0000000000
17758  -48.747  -54.734  -28.641 0.0000000000
17768  -48.517  -54.429  -29.237 0.0000000000
21112  -52.549  -51.103  -28.170 0.0000000000
21122  -51.575  -51.355  -29.171 0.0000000000
21130  -50.689  -51.851  -30.200 0.0000000000
19984  -50.607  -51.858  -31.407 0.0000000000
19966  -50.576  -52.150  -30.702 0.0000000000
25523  -41.232  -47.494  -19.765 0.0000000000
24392  -43.712  -47.818  -20.871 0.0000000000
25543  -45.411  -47.745  -22.107 0.0000000000
25565  -46.251  -47.481  -22.787 0.0000000000
25577  -47.259  -47.302  -23.506 0.0000000000
137707  -49.527  -45.313  -24.443 0.0000000000
26765  -50.747  -46.133  -25.400 0.0000000000
27973  -51.271  -45.781  -26.283 0.0000000000
26794  -51.780  -46.225  -27.335 0.0000000000
25640  -51.536  -47.200  -27.756 0.0000000000
24480  -48.903  -47.893  -26.836 0.0000000000
25624  -49.305  -46.893  -26.856 0.0000000000
25625  -49.949  -46.968  -27.243 0.0000000000
24498  -50.781  -47.792  -28.002 0.0000000000
23388  -50.840  -48.367  -28.587 0.0000000000
24598  -49.854  -48.168  -32.205 0.0000000000
25724  -49.053  -47.654  -33.098 0.0000000000
25746  -48.777  -47.247  -33.610 0.0000000000
13272  -47.697  -58.000  -18.998 0.0000000000
14397  -46.255  -56.791  -19.923 0.0000000000
15478  -46.916  -56.323  -16.916 0.0000000000
15479  -47.223  -56.502  -16.805 0.0000000000
15493  -46.824  -56.313  -17.266 0.0000000000
15508  -46.587  -56.449  -18.376 0.0000000000
15517  -45.473  -56.107  -19.666 0.0000000000
15518  -45.863  -56.366  -19.402 0.0000000000
15519  -46.509  -56.752  -19.136 0.0000000000
15542  -46.299  -56.013  -21.396 0.0000000000
16635  -44.865  -55.486  -20.498 0.0000000000
16650  -46.550  -55.584  -21.862 0.0000000000
16654  -49.724  -55.984  -21.991 0.0000000000
16674  -46.017  -54.966  -22.299 0.0000000000
16676  -49.668  -54.975  -22.223 0.0000000000
16767  -48.240  -55.080  -28.849 0.0000000000
17631  -46.583  -54.843  -17.845 0.0000000000
17665  -44.185  -53.976  -21.472 0.0000000000
17671  -52.449  -52.455  -24.394 0.0000000000
17685  -44.695  -53.972  -22.146 0.0000000000
17722  -51.471  -53.853  -24.396 0.0000000000
17723  -51.906  -53.632  -24.639 0.0000000000
17753  -48.408  -54.690  -27.079 0.0000000000
17755  -50.126  -53.937  -26.651 0.0000000000
17759  -49.361  -54.578  -28.212 0.0000000000
18721  -43.227  -53.339  -20.830 0.0000000000
18736  -42.895  -52.873  -21.077 0.0000000000
18737  -43.275  -53.059  -21.428 0.0000000000
18738  -43.737  -53.369  -21.599 0.0000000000
18756  -43.581  -52.994  -21.726 0.0000000000
18778  -50.534  -53.635  -24.806 0.0000000000
18790  -51.425  -53.471  -25.476 0.0000000000
18792  -47.277  -53.986  -26.215 0.0000000000
18793  -47.472  -53.991  -26.060 0.0000000000
18794  -50.143  -53.594  -26.095 0.0000000000
18795  -50.564  -53.655  -26.267 0.0000000000
18796  -51.226  -53.592  -26.088 0.0000000000
18811  -50.127  -53.316  -27.860 0.0000000000
19812  -43.993  -51.958  -18.211 0.0000000000
19836  -43.970  -52.390  -18.568 0.0000000000
19838  -44.975  -53.256  -18.428 0.0000000000
19855  -42.821  -52.094  -19.559 0.0000000000
19886  -49.681  -52.987  -22.024 0.0000000000
19920  -53.926  -50.956  -26.380 0.0000000000
19932  -51.316  -52.939  -27.159 0.0000000000
19934  -54.326  -51.959  -26.514 0.0000000000
19935  -54.879  -52.182  -26.283 0.0000000000
19944  -50.071  -52.543  -28.191 0.0000000000
19955  -50.131  -51.976  -30.110 0.0000000000
19965  -49.629  -52.532  -30.280 0.0000000000
19967  -50.985  -51.655  -30.983 0.0000000000
19985  -50.847  -51.437  -31.241 0.0000000000
20003  -50.124  -51.849  -31.930 0.0000000000
20004  -50.428  -51.484  -31.696 0.0000000000
21013  -42.454  -51.361  -19.563 0.0000000000
21014  -43.006  -51.760  -19.133 0.0000000000
21024  -42.078  -51.476  -20.452 0.0000000000
21074  -49.507  -50.802  -24.150 0.0000000000
21077  -51.488  -51.387  -24.656 0.0000000000
21088  -54.005  -51.641  -26.556 0.0000000000
21089  -55.050  -51.284  -26.278 0.0000000000
21095  -51.053  -52.338  -27.556 0.0000000000
21099  -55.035  -52.008  -26.917 0.0000000000
21100  -55.147  -51.783  -26.458 0.0000000000
21109  -50.105  -51.956  -28.683 0.0000000000
21110  -50.812  -51.748  -28.158 0.0000000000
21120  -49.888  -51.994  -29.081 0.0000000000
21159  -50.257  -51.101  -32.012 0.0000000000
22074  -46.136  -49.707  -16.818 0.0000000000
22087  -41.886  -50.301  -18.168 0.0000000000
22125  -40.684  -49.895  -20.076 0.0000000000
22138  -40.657  -49.676  -20.311 0.0000000000
22139  -40.986  -50.086  -20.640 0.0000000000
22149  -41.665  -50.176  -21.212 0.0000000000
22151  -42.992  -49.963  -21.674 0.0000000000
22152  -44.700  -49.881  -21.771 0.0000000000
22166  -42.843  -50.627  -21.807 0.0000000000
22169  -45.296  -50.146  -21.740 0.0000000000
22182  -48.232  -50.451  -23.787 0.0000000000
22187  -50.347  -50.524  -24.953 0.0000000000
22196  -53.744  -50.429  -26.451 0.0000000000
22197  -54.623  -50.456  -26.740 0.0000000000
22198  -55.101  -50.550  -26.712 0.0000000000
22211  -54.832  -50.490  -27.089 0.0000000000
22212  -55.280  -50.916  -26.778 0.0000000000
22227  -55.020  -51.119  -27.380 0.0000000000
22228  -55.227  -51.455  -26.764 0.0000000000
22317  -51.762  -49.894  -31.117 0.0000000000
23220  -41.209  -49.679  -18.086 0.0000000000
23235  -40.281  -49.185  -19.317 0.0000000000
23236  -40.814  -49.760  -19.011 0.0000000000
23251  -40.626  -49.734  -19.632 0.0000000000
23265  -41.366  -49.357  -20.950 0.0000000000
23275  -42.732  -49.545  -21.504 0.0000000000
23276  -43.493  -49.550  -21.667 0.0000000000
23290  -43.712  -49.999  -21.914 0.0000000000
23305  -47.304  -49.711  -23.345 0.0000000000
23309  -47.103  -49.133  -23.543 0.0000000000
23361  -47.454  -49.525  -27.074 0.0000000000
23362  -48.109  -49.223  -27.268 0.0000000000
23387  -50.294  -48.998  -28.473 0.0000000000
23472  -46.724  -49.025  -31.993 0.0000000000
23476  -52.870  -49.065  -32.734 0.0000000000
23489  -51.397  -49.133  -33.363 0.0000000000
23490  -52.123  -49.226  -33.264 0.0000000000
23491  -52.872  -49.208  -33.209 0.0000000000
23517  -52.457  -49.173  -33.707 0.0000000000
23518  -52.907  -49.066  -33.751 0.0000000000
24314  -41.680  -47.961  -15.651 0.0000000000
24318  -44.851  -48.019  -15.969 0.0000000000
24339  -46.118  -48.080  -16.579 0.0000000000
24340  -46.556  -47.849  -16.928 0.0000000000
24390  -42.156  -48.542  -20.779 0.0000000000
24407  -45.683  -48.450  -22.035 0.0000000000
24435  -47.091  -48.400  -23.483 0.0000000000
24436  -47.470  -47.883  -23.767 0.0000000000
24444  -47.278  -48.803  -23.820 0.0000000000
24447  -49.282  -48.224  -24.884 0.0000000000
24466  -50.299  -47.977  -25.383 0.0000000000
24479  -47.977  -47.939  -26.453 0.0000000000
24481  -49.467  -47.514  -27.242 0.0000000000
24483  -52.241  -47.914  -26.337 0.0000000000
24497  -49.964  -47.750  -27.728 0.0000000000
24513  -51.446  -47.895  -28.416 0.0000000000
24514  -51.987  -47.905  -28.808 0.0000000000
24527  -51.438  -48.363  -29.198 0.0000000000
24545  -49.403  -48.914  -30.641 0.0000000000
24577  -50.161  -48.265  -31.578 0.0000000000
24580  -51.718  -48.757  -32.242 0.0000000000
24600  -52.550  -48.762  -32.839 0.0000000000
24601  -53.098  -48.923  -32.952 0.0000000000
24620  -51.888  -48.807  -33.607 0.0000000000
24621  -52.534  -48.677  -33.474 0.0000000000
24622  -53.038  -48.797  -33.357 0.0000000000
24645  -52.117  -49.119  -34.015 0.0000000000
24646  -52.466  -48.856  -33.994 0.0000000000
24647  -52.857  -48.707  -33.812 0.0000000000
24671  -49.853  -47.746  -34.891 0.0000000000
25475  -45.198  -47.656  -16.101 0.0000000000
25491  -45.689  -47.472  -16.382 0.0000000000
25591  -48.492  -47.412  -24.384 0.0000000000
25593  -49.523  -47.444  -24.936 0.0000000000
25613  -52.193  -46.611  -25.878 0.0000000000
25626  -52.158  -47.444  -25.911 0.0000000000
25627  -52.530  -47.085  -26.090 0.0000000000
25639  -50.588  -47.111  -27.517 0.0000000000
25642  -52.759  -46.977  -27.363 0.0000000000
25656  -53.046  -47.541  -27.546 0.0000000000
25680  -51.451  -48.234  -31.463 0.0000000000
25681  -51.610  -48.338  -31.548 0.0000000000
25725  -49.503  -47.703  -32.987 0.0000000000
25728  -51.784  -48.586  -32.564 0.0000000000
25745  -47.756  -47.430  -33.809 0.0000000000
25796  -49.705  -47.416  -34.899 0.0000000000
26634  -41.611  -46.372  -15.131 0.0000000000
26650  -46.722  -46.510  -16.924 0.0000000000
26667  -50.806  -46.569  -19.395 0.0000000000
26767  -52.339  -46.521  -26.098 0.0000000000
26778  -51.945  -45.901  -26.698 0.0000000000
26780  -52.844  -46.818  -26.848 0.0000000000
26792  -50.385  -46.604  -27.220 0.0000000000
26796  -52.804  -46.659  -27.014 0.0000000000
26863  -48.886  -46.761  -34.150 0.0000000000
27859  -47.170  -45.087  -17.219 0.0000000000
28078  -48.509  -46.065  -36.102 0.0000000000
28966  -46.967  -44.887  -17.115 0.0000000000
28976  -49.494  -44.709  -18.296 0.0000000000
30051  -49.581  -44.013  -18.002 0.0000000000
137642  -52.405  -52.352  -25.006 0.0000000000
137650  -53.714  -50.803  -26.270 0.0000000000
